9.995607137680053711e-01
9.906253814697265625e-01
9.906926751136779785e-01
9.870906472206115723e-01
9.989277124404907227e-01
9.937140941619873047e-01
9.962485432624816895e-01
9.946164488792419434e-01
9.980025887489318848e-01
9.986001849174499512e-01
9.864029288291931152e-01
9.764952063560485840e-01
9.873114824295043945e-01
9.951241612434387207e-01
9.833060503005981445e-01
9.956958293914794922e-01
8.880549669265747070e-01
9.995334744453430176e-01
9.884073138236999512e-01
9.802291393280029297e-01
9.992494583129882812e-01
9.974322319030761719e-01
9.899393320083618164e-01
9.979045391082763672e-01
9.987155199050903320e-01
9.984322190284729004e-01
9.999730587005615234e-01
9.940571188926696777e-01
9.903540015220642090e-01
8.256254196166992188e-01
9.665597677230834961e-01
9.825376272201538086e-01
9.965571165084838867e-01
9.965924620628356934e-01
9.977794289588928223e-01
9.987400770187377930e-01
9.986440539360046387e-01
9.973204135894775391e-01
9.948765635490417480e-01
9.977694153785705566e-01
9.673992991447448730e-01
9.911225438117980957e-01
9.868085980415344238e-01
9.988314509391784668e-01
9.998095631599426270e-01
9.942935705184936523e-01
9.994219541549682617e-01
9.997305274009704590e-01
9.992297291755676270e-01
9.940432906150817871e-01
9.820581078529357910e-01
9.703802466392517090e-01
9.943776726722717285e-01
9.977510571479797363e-01
9.584439396858215332e-01
9.908513426780700684e-01
9.980832934379577637e-01
9.970650076866149902e-01
9.979993700981140137e-01
9.981460571289062500e-01
9.985364079475402832e-01
9.626232981681823730e-01
9.971509575843811035e-01
9.948238730430603027e-01
9.946779012680053711e-01
9.936684370040893555e-01
9.928610920906066895e-01
9.941071271896362305e-01
9.930730462074279785e-01
9.817757606506347656e-01
9.984340667724609375e-01
9.924636483192443848e-01
9.848061203956604004e-01
9.896812438964843750e-01
9.978814721107482910e-01
9.976507425308227539e-01
9.867919683456420898e-01
9.998549818992614746e-01
9.993830919265747070e-01
9.958223104476928711e-01
9.839051365852355957e-01
9.994367361068725586e-01
9.143275022506713867e-01
9.985380172729492188e-01
9.978127479553222656e-01
9.950143694877624512e-01
9.997805953025817871e-01
9.976738691329956055e-01
9.913336634635925293e-01
9.957754015922546387e-01
9.948555827140808105e-01
9.971417784690856934e-01
9.963979721069335938e-01
9.959227442741394043e-01
9.998478889465332031e-01
9.986920356750488281e-01
9.981297254562377930e-01
9.996124505996704102e-01
9.933304190635681152e-01
9.990741610527038574e-01
9.940842390060424805e-01
9.977836012840270996e-01
9.931005239486694336e-01
9.910079240798950195e-01
9.950552582740783691e-01
9.963468909263610840e-01
9.982375502586364746e-01
9.979584813117980957e-01
9.948022961616516113e-01
9.829666018486022949e-01
9.980415701866149902e-01
9.967348575592041016e-01
9.960207939147949219e-01
9.921735525131225586e-01
9.931393265724182129e-01
9.910187721252441406e-01
9.954465627670288086e-01
9.996038079261779785e-01
9.588087797164916992e-01
9.961544275283813477e-01
9.941451549530029297e-01
9.625731706619262695e-01
9.907021522521972656e-01
9.943637847900390625e-01
9.962163567543029785e-01
9.916262030601501465e-01
9.988700151443481445e-01
9.952511191368103027e-01
9.936220645904541016e-01
9.974257349967956543e-01
9.995222687721252441e-01
9.968737363815307617e-01
9.992849826812744141e-01
9.934090375900268555e-01
9.970591068267822266e-01
9.715677499771118164e-01
9.948405623435974121e-01
9.721228480339050293e-01
9.918075203895568848e-01
9.878398180007934570e-01
9.974540472030639648e-01
9.455577135086059570e-01
9.964744448661804199e-01
9.984535574913024902e-01
9.959438443183898926e-01
9.454149603843688965e-01
9.560208320617675781e-01
9.755611419677734375e-01
9.961850643157958984e-01
9.985551238059997559e-01
9.979057312011718750e-01
9.940077662467956543e-01
9.985775947570800781e-01
9.664487838745117188e-01
9.976376891136169434e-01
9.861503243446350098e-01
8.924413919448852539e-01
9.846194982528686523e-01
9.288227558135986328e-01
9.977356195449829102e-01
9.982214570045471191e-01
9.886491298675537109e-01
9.975497722625732422e-01
9.988766312599182129e-01
9.887943267822265625e-01
9.799993634223937988e-01
9.909275174140930176e-01
9.966713786125183105e-01
9.944171309471130371e-01
9.982978701591491699e-01
9.940056800842285156e-01
9.987587928771972656e-01
9.850439429283142090e-01
9.973210692405700684e-01
9.996829628944396973e-01
9.974979758262634277e-01
9.903162717819213867e-01
9.987224340438842773e-01
9.945837259292602539e-01
9.984139800071716309e-01
9.981096386909484863e-01
9.897155761718750000e-01
9.970491528511047363e-01
9.946085810661315918e-01
9.961789846420288086e-01
9.916293025016784668e-01
9.997367858886718750e-01
9.984539151191711426e-01
9.976240992546081543e-01
9.963106513023376465e-01
9.965895414352416992e-01
9.893018007278442383e-01
9.970489740371704102e-01
9.865729212760925293e-01
9.955661892890930176e-01
9.981186389923095703e-01
9.973142743110656738e-01
9.988820552825927734e-01
9.980827569961547852e-01
9.997684359550476074e-01
9.505642652511596680e-01
9.963747262954711914e-01
9.945579171180725098e-01
9.984579682350158691e-01
9.979651570320129395e-01
9.866065979003906250e-01
9.937725663185119629e-01
9.998892545700073242e-01
9.997524619102478027e-01
9.967241883277893066e-01
9.954972863197326660e-01
9.996927976608276367e-01
9.985391497611999512e-01
9.930323362350463867e-01
9.997385144233703613e-01
9.999607801437377930e-01
9.937179088592529297e-01
9.979746341705322266e-01
9.979474544525146484e-01
9.638554453849792480e-01
9.961289167404174805e-01
9.992470741271972656e-01
9.943988919258117676e-01
9.969858527183532715e-01
9.972345232963562012e-01
9.978223443031311035e-01
9.985228180885314941e-01
9.961772561073303223e-01
9.950869083404541016e-01
9.984082579612731934e-01
9.982993006706237793e-01
9.637159705162048340e-01
9.543621540069580078e-01
9.949172735214233398e-01
9.796301126480102539e-01
9.982717633247375488e-01
9.989838600158691406e-01
9.941277503967285156e-01
9.882944226264953613e-01
9.970853924751281738e-01
9.962331056594848633e-01
9.989640116691589355e-01
9.983804225921630859e-01
9.979329109191894531e-01
9.993960857391357422e-01
9.858429431915283203e-01
9.959845542907714844e-01
9.979055523872375488e-01
9.975669384002685547e-01
9.997515678405761719e-01
9.955629706382751465e-01
9.984641075134277344e-01
9.940278530120849609e-01
9.876462817192077637e-01
9.971296191215515137e-01
9.987306594848632812e-01
9.979664087295532227e-01
9.975060820579528809e-01
9.730109572410583496e-01
9.987865090370178223e-01
9.810138940811157227e-01
9.975724220275878906e-01
9.982999563217163086e-01
9.833717346191406250e-01
9.990007877349853516e-01
9.873784184455871582e-01
9.980184435844421387e-01
9.881904721260070801e-01
9.983802437782287598e-01
9.672368168830871582e-01
9.856139421463012695e-01
9.966126084327697754e-01
9.998651146888732910e-01
9.935531616210937500e-01
9.712453484535217285e-01
9.987511038780212402e-01
9.890871047973632812e-01
9.979308843612670898e-01
9.949018359184265137e-01
9.974519014358520508e-01
9.976823329925537109e-01
9.950135350227355957e-01
9.714341759681701660e-01
9.966418743133544922e-01
9.984020590782165527e-01
9.950248599052429199e-01
9.941992163658142090e-01
9.974690675735473633e-01
9.840151071548461914e-01
9.989951252937316895e-01
9.886276125907897949e-01
9.923658370971679688e-01
9.927617907524108887e-01
9.996706247329711914e-01
9.979064464569091797e-01
9.983730912208557129e-01
9.920637607574462891e-01
9.777259826660156250e-01
9.981649518013000488e-01
9.934047460556030273e-01
9.889385700225830078e-01
9.887902736663818359e-01
9.951015710830688477e-01
9.974660277366638184e-01
9.956310987472534180e-01
9.985750317573547363e-01
9.916504025459289551e-01
9.903862476348876953e-01
9.992951750755310059e-01
9.233815073966979980e-01
9.774573445320129395e-01
9.964963793754577637e-01
9.976583123207092285e-01
9.960646629333496094e-01
9.992759227752685547e-01
9.979479908943176270e-01
9.979998469352722168e-01
9.998292326927185059e-01
9.724402427673339844e-01
9.981402158737182617e-01
9.989866614341735840e-01
9.937497377395629883e-01
9.901593923568725586e-01
9.999237656593322754e-01
9.950750470161437988e-01
9.977469444274902344e-01
9.767767786979675293e-01
9.954532980918884277e-01
9.913151860237121582e-01
9.828602075576782227e-01
9.867191314697265625e-01
9.964095950126647949e-01
9.889184832572937012e-01
9.984877705574035645e-01
9.569717049598693848e-01
9.983227252960205078e-01
9.945279955863952637e-01
9.902903437614440918e-01
9.946026802062988281e-01
9.939979910850524902e-01
9.910749197006225586e-01
9.400094747543334961e-01
9.906296730041503906e-01
9.997562766075134277e-01
9.934331774711608887e-01
9.854750633239746094e-01
9.985262155532836914e-01
9.952219724655151367e-01
9.968135952949523926e-01
9.985346198081970215e-01
9.981978535652160645e-01
9.965547919273376465e-01
9.985842108726501465e-01
9.975136518478393555e-01
9.984555244445800781e-01
9.745594263076782227e-01
9.881415367126464844e-01
9.952999949455261230e-01
9.990555644035339355e-01
9.822462201118469238e-01
9.957585930824279785e-01
9.980137944221496582e-01
9.942510724067687988e-01
9.974231123924255371e-01
9.984931349754333496e-01
9.981718659400939941e-01
9.982407093048095703e-01
9.951956868171691895e-01
9.981391429901123047e-01
9.859049320220947266e-01
9.957256317138671875e-01
9.872388243675231934e-01
9.979863166809082031e-01
9.893605113029479980e-01
9.969186186790466309e-01
9.866979718208312988e-01
9.800946712493896484e-01
9.793322086334228516e-01
9.887806177139282227e-01
9.954833984375000000e-01
9.980047941207885742e-01
9.969454407691955566e-01
9.940399527549743652e-01
9.925597906112670898e-01
9.820749163627624512e-01
9.954916834831237793e-01
9.832656383514404297e-01
9.984393715858459473e-01
9.810049533843994141e-01
9.991337656974792480e-01
9.933241009712219238e-01
9.884646534919738770e-01
9.980728626251220703e-01
9.940060973167419434e-01
9.966408014297485352e-01
9.944298267364501953e-01
9.976422190666198730e-01
9.963370561599731445e-01
9.915810823440551758e-01
9.992507100105285645e-01
9.903191924095153809e-01
9.931442141532897949e-01
9.928582906723022461e-01
9.991146922111511230e-01
9.978455305099487305e-01
9.982930421829223633e-01
9.911865592002868652e-01
9.796237945556640625e-01
9.916940331459045410e-01
9.999723434448242188e-01
9.667225480079650879e-01
9.878141283988952637e-01
9.810655713081359863e-01
9.864434599876403809e-01
9.857038259506225586e-01
9.949526786804199219e-01
9.926897287368774414e-01
9.912721514701843262e-01
9.983107447624206543e-01
9.863004684448242188e-01
9.957220554351806641e-01
9.939152002334594727e-01
9.977320432662963867e-01
9.962627291679382324e-01
9.904502630233764648e-01
9.798061251640319824e-01
9.969618320465087891e-01
9.944318532943725586e-01
9.983705878257751465e-01
9.875361323356628418e-01
9.684676527976989746e-01
9.958544373512268066e-01
9.876841902732849121e-01
9.829244613647460938e-01
9.996389746665954590e-01
9.995896816253662109e-01
9.928215742111206055e-01
9.659428000450134277e-01
9.898303151130676270e-01
9.965218305587768555e-01
9.916926026344299316e-01
9.949398636817932129e-01
9.831558465957641602e-01
9.939591288566589355e-01
9.847490787506103516e-01
9.957733750343322754e-01
9.853148460388183594e-01
9.838521480560302734e-01
9.993691444396972656e-01
9.945369362831115723e-01
9.999408125877380371e-01
9.997332096099853516e-01
9.960076808929443359e-01
9.964145421981811523e-01
9.941701292991638184e-01
9.916309714317321777e-01
9.998180866241455078e-01
9.932979941368103027e-01
9.997229576110839844e-01
9.991346001625061035e-01
9.633904099464416504e-01
9.985407590866088867e-01
9.837170243263244629e-01
9.921023845672607422e-01
9.819059967994689941e-01
9.993302226066589355e-01
9.946067929267883301e-01
9.998123645782470703e-01
9.905380606651306152e-01
9.972467422485351562e-01
9.934437870979309082e-01
9.982174634933471680e-01
9.954900741577148438e-01
9.982686638832092285e-01
9.968518614768981934e-01
9.889370203018188477e-01
9.877780675888061523e-01
9.964363574981689453e-01
9.983573555946350098e-01
9.963599443435668945e-01
9.987248182296752930e-01
9.978742599487304688e-01
9.948926568031311035e-01
9.928787946701049805e-01
9.343656897544860840e-01
9.882490634918212891e-01
9.996176362037658691e-01
9.994749426841735840e-01
9.998652935028076172e-01
9.746910333633422852e-01
9.922342896461486816e-01
9.983873367309570312e-01
9.991025924682617188e-01
9.988927841186523438e-01
9.947689771652221680e-01
9.899023771286010742e-01
9.869008064270019531e-01
9.987775683403015137e-01
9.926711320877075195e-01
9.959215521812438965e-01
9.987327456474304199e-01
9.975688457489013672e-01
9.961866736412048340e-01
9.949546456336975098e-01
9.870977997779846191e-01
9.655882716178894043e-01
9.786697626113891602e-01
9.954210519790649414e-01
9.846310019493103027e-01
9.870238900184631348e-01
9.965839982032775879e-01
9.974428415298461914e-01
9.964383244514465332e-01
9.976490139961242676e-01
9.976682066917419434e-01
9.969350099563598633e-01
8.696262240409851074e-01
9.600400924682617188e-01
9.902272224426269531e-01
9.990348219871520996e-01
9.872099161148071289e-01
9.918668270111083984e-01
9.663621187210083008e-01
9.897250533103942871e-01
9.997848868370056152e-01
9.970614314079284668e-01
9.966020584106445312e-01
9.979330301284790039e-01
9.979500174522399902e-01
9.918291568756103516e-01
9.897986650466918945e-01
9.785768389701843262e-01
9.822936654090881348e-01
9.963971972465515137e-01
9.283366799354553223e-01
9.899601936340332031e-01
9.941373467445373535e-01
9.957947731018066406e-01
9.981434345245361328e-01
9.974190592765808105e-01
9.974411129951477051e-01
9.984793663024902344e-01
9.997281432151794434e-01
9.996621012687683105e-01
9.901152849197387695e-01
9.981349110603332520e-01
9.910731911659240723e-01
9.924870133399963379e-01
9.996330142021179199e-01
9.974360466003417969e-01
9.967561960220336914e-01
9.976978302001953125e-01
9.941249489784240723e-01
9.924836158752441406e-01
9.982272386550903320e-01
9.985435605049133301e-01
9.622569084167480469e-01
9.977835416793823242e-01
9.953250885009765625e-01
9.988060593605041504e-01
9.965504407882690430e-01
9.998511075973510742e-01
9.948529005050659180e-01
9.873871803283691406e-01
9.959293603897094727e-01
9.904215931892395020e-01
9.790765643119812012e-01
9.866107702255249023e-01
9.876664280891418457e-01
9.982750415802001953e-01
9.983898997306823730e-01
9.656661748886108398e-01
9.982434511184692383e-01
9.981104731559753418e-01
9.998093843460083008e-01
9.748738408088684082e-01
9.875946640968322754e-01
9.901838302612304688e-01
9.829604029655456543e-01
9.947301149368286133e-01
9.747903347015380859e-01
9.937604069709777832e-01
9.997234344482421875e-01
9.841406345367431641e-01
9.955522418022155762e-01
9.972057342529296875e-01
9.979221224784851074e-01
9.994829297065734863e-01
9.987714290618896484e-01
9.917120933532714844e-01
9.965820908546447754e-01
9.948908686637878418e-01
9.743127822875976562e-01
9.989639520645141602e-01
9.828180074691772461e-01
9.878868460655212402e-01
9.973739385604858398e-01
9.925956130027770996e-01
9.985439181327819824e-01
9.988339543342590332e-01
9.982420802116394043e-01
9.950109124183654785e-01
9.981757402420043945e-01
9.959329962730407715e-01
9.884683489799499512e-01
9.704216122627258301e-01
9.997170567512512207e-01
9.952670931816101074e-01
9.908161163330078125e-01
9.949148893356323242e-01
9.980347752571105957e-01
9.979285001754760742e-01
9.992809295654296875e-01
9.944756627082824707e-01
9.970799684524536133e-01
9.920309782028198242e-01
9.874816536903381348e-01
9.943719506263732910e-01
9.892560243606567383e-01
9.946613907814025879e-01
9.810113906860351562e-01
9.978846907615661621e-01
9.523514509201049805e-01
9.920515418052673340e-01
9.977982640266418457e-01
9.934205412864685059e-01
9.978705048561096191e-01
9.962568879127502441e-01
9.917781949043273926e-01
9.988773465156555176e-01
9.987608790397644043e-01
9.959618449211120605e-01
9.887544512748718262e-01
9.986318349838256836e-01
9.989087581634521484e-01
9.972739219665527344e-01
9.966753721237182617e-01
9.962658286094665527e-01
9.830797314643859863e-01
9.686976671218872070e-01
9.994745254516601562e-01
9.959763884544372559e-01
9.947017431259155273e-01
9.981772899627685547e-01
9.894855618476867676e-01
9.946829080581665039e-01
9.983298182487487793e-01
9.994563460350036621e-01
9.963797330856323242e-01
9.960505366325378418e-01
9.925796389579772949e-01
9.927595853805541992e-01
9.929426312446594238e-01
9.854394793510437012e-01
9.992411136627197266e-01
9.981759190559387207e-01
9.979977011680603027e-01
9.978119134902954102e-01
9.998818635940551758e-01
9.982653260231018066e-01
9.999299049377441406e-01
9.608651995658874512e-01
9.975414872169494629e-01
9.779210090637207031e-01
9.983418583869934082e-01
9.959493875503540039e-01
9.954791069030761719e-01
9.973716735839843750e-01
9.884284138679504395e-01
9.959675669670104980e-01
9.976268410682678223e-01
9.939994812011718750e-01
9.982390999794006348e-01
9.928224682807922363e-01
9.975658655166625977e-01
9.841161966323852539e-01
9.956195950508117676e-01
9.924592375755310059e-01
9.918368458747863770e-01
9.991552233695983887e-01
9.230217337608337402e-01
9.907184243202209473e-01
9.997799396514892578e-01
9.989726543426513672e-01
9.940406084060668945e-01
9.979211091995239258e-01
9.797827601432800293e-01
9.933488368988037109e-01
9.960360527038574219e-01
9.935860633850097656e-01
9.975588321685791016e-01
9.903225302696228027e-01
9.952805638313293457e-01
9.995619654655456543e-01
9.748717546463012695e-01
9.983143806457519531e-01
9.956535696983337402e-01
9.948703646659851074e-01
9.983279109001159668e-01
9.875004291534423828e-01
9.977780580520629883e-01
9.998385310173034668e-01
9.947478771209716797e-01
9.926697015762329102e-01
9.966282248497009277e-01
9.999074339866638184e-01
9.904836416244506836e-01
9.931446313858032227e-01
9.895986318588256836e-01
9.957935214042663574e-01
9.980887770652770996e-01
9.973562359809875488e-01
9.821414351463317871e-01
9.977636337280273438e-01
9.976311326026916504e-01
9.937096238136291504e-01
9.958203434944152832e-01
9.965654611587524414e-01
9.926683306694030762e-01
9.965178370475769043e-01
9.808295369148254395e-01
9.810235500335693359e-01
9.971041083335876465e-01
9.978556036949157715e-01
9.277570247650146484e-01
9.943240284919738770e-01
9.972400665283203125e-01
9.911109209060668945e-01
9.965256452560424805e-01
9.862709045410156250e-01
9.876711368560791016e-01
9.792144894599914551e-01
9.973312616348266602e-01
9.970458149909973145e-01
9.992110729217529297e-01
9.974386096000671387e-01
9.911867976188659668e-01
9.975538849830627441e-01
9.987985491752624512e-01
9.905546307563781738e-01
9.646996855735778809e-01
9.998471140861511230e-01
9.984642863273620605e-01
9.943990111351013184e-01
9.998626708984375000e-01
9.999138116836547852e-01
9.881716966629028320e-01
9.958500862121582031e-01
9.686827063560485840e-01
9.940859675407409668e-01
9.908202290534973145e-01
9.615556597709655762e-01
9.905152320861816406e-01
9.940963387489318848e-01
9.946612119674682617e-01
9.996731877326965332e-01
9.989959597587585449e-01
9.785004854202270508e-01
9.998966455459594727e-01
9.901899099349975586e-01
9.944908618927001953e-01
9.980132579803466797e-01
9.966519474983215332e-01
9.970805644989013672e-01
9.960327148437500000e-01
9.726511836051940918e-01
9.933772683143615723e-01
9.960279464721679688e-01
9.878040552139282227e-01
9.906486272811889648e-01
9.916415214538574219e-01
9.892227053642272949e-01
9.907810688018798828e-01
9.868742823600769043e-01
9.833114743232727051e-01
9.873588681221008301e-01
9.903606772422790527e-01
9.966383576393127441e-01
9.998114109039306641e-01
9.902852177619934082e-01
9.983654022216796875e-01
9.973726272583007812e-01
9.916558861732482910e-01
9.981229305267333984e-01
9.966893196105957031e-01
9.863694906234741211e-01
9.965977072715759277e-01
9.988207817077636719e-01
9.994616508483886719e-01
9.968619346618652344e-01
9.990143179893493652e-01
9.979929924011230469e-01
9.934197664260864258e-01
9.978031516075134277e-01
9.949587583541870117e-01
9.978840947151184082e-01
9.987669587135314941e-01
9.985526204109191895e-01
9.987355470657348633e-01
9.962389469146728516e-01
9.960064291954040527e-01
9.960275888442993164e-01
9.962425231933593750e-01
9.977384209632873535e-01
9.966511130332946777e-01
9.955620169639587402e-01
9.956170916557312012e-01
9.986848831176757812e-01
9.920276999473571777e-01
9.999394416809082031e-01
9.912479519844055176e-01
9.964954257011413574e-01
9.977380633354187012e-01
9.979683160781860352e-01
9.830489754676818848e-01
9.932509064674377441e-01
9.915499687194824219e-01
9.193034768104553223e-01
9.967507123947143555e-01
9.927848577499389648e-01
9.769523143768310547e-01
9.943982958793640137e-01
9.883327484130859375e-01
9.926927089691162109e-01
9.989977478981018066e-01
9.967430830001831055e-01
9.994966983795166016e-01
9.860156178474426270e-01
9.924901127815246582e-01
9.743356108665466309e-01
9.954037070274353027e-01
9.800424575805664062e-01
9.994599223136901855e-01
9.915355443954467773e-01
9.989752769470214844e-01
9.829539656639099121e-01
9.934218525886535645e-01
9.904237389564514160e-01
9.994358420372009277e-01
9.996384382247924805e-01
9.894932508468627930e-01
9.979938864707946777e-01
9.696102142333984375e-01
9.987270832061767578e-01
9.930807948112487793e-01
9.465349316596984863e-01
9.967275857925415039e-01
9.887741208076477051e-01
9.983805418014526367e-01
9.326214194297790527e-01
9.885270595550537109e-01
9.966494441032409668e-01
9.860851168632507324e-01
9.992977976799011230e-01
9.953928589820861816e-01
9.953700900077819824e-01
9.890081882476806641e-01
9.966765046119689941e-01
9.995350837707519531e-01
9.980881810188293457e-01
9.982805252075195312e-01
9.940676689147949219e-01
9.867751598358154297e-01
9.937771558761596680e-01
9.985906481742858887e-01
9.924414753913879395e-01
9.863759279251098633e-01
9.938932657241821289e-01
9.946269392967224121e-01
9.929453134536743164e-01
9.942305684089660645e-01
9.977636337280273438e-01
9.942095875740051270e-01
8.916119933128356934e-01
9.929208159446716309e-01
9.969743490219116211e-01
9.770845770835876465e-01
9.976047277450561523e-01
9.966282248497009277e-01
9.954964518547058105e-01
9.994748830795288086e-01
9.999758601188659668e-01
9.997832179069519043e-01
9.996088147163391113e-01
9.926624298095703125e-01
9.964731335639953613e-01
9.982520341873168945e-01
9.884275197982788086e-01
9.853595495223999023e-01
9.775438904762268066e-01
9.980735182762145996e-01
9.983228445053100586e-01
9.974358081817626953e-01
9.950180053710937500e-01
9.679887890815734863e-01
9.892015457153320312e-01
9.916902184486389160e-01
9.992502331733703613e-01
9.984557628631591797e-01
9.983202815055847168e-01
9.658952951431274414e-01
9.985284805297851562e-01
9.874536395072937012e-01
9.978981614112854004e-01
9.963744282722473145e-01
9.903700947761535645e-01
9.900079965591430664e-01
9.977840185165405273e-01
9.976459741592407227e-01
9.975430369377136230e-01
9.967466592788696289e-01
9.997249841690063477e-01
9.983580708503723145e-01
9.986425638198852539e-01
9.978752136230468750e-01
9.906117320060729980e-01
9.580608606338500977e-01
9.277990460395812988e-01
9.951093196868896484e-01
9.892429709434509277e-01
9.873837232589721680e-01
9.971441626548767090e-01
9.948574900627136230e-01
9.942469596862792969e-01
9.960477352142333984e-01
9.974651932716369629e-01
9.997189640998840332e-01
9.814324975013732910e-01
9.991082549095153809e-01
9.947004318237304688e-01
9.963369369506835938e-01
9.985312223434448242e-01
9.892711043357849121e-01
9.991438388824462891e-01
9.648893475532531738e-01
9.904462099075317383e-01
9.870089292526245117e-01
9.965645074844360352e-01
9.967159628868103027e-01
9.964785575866699219e-01
9.925802946090698242e-01
9.979676604270935059e-01
9.958826899528503418e-01
9.961968064308166504e-01
9.795549511909484863e-01
9.844167828559875488e-01
9.905967712402343750e-01
9.991611242294311523e-01
9.950758814811706543e-01
9.990738034248352051e-01
9.971824884414672852e-01
9.989459514617919922e-01
9.983801841735839844e-01
9.987280964851379395e-01
9.941410422325134277e-01
9.976251721382141113e-01
9.860897660255432129e-01
9.971931576728820801e-01
9.958422183990478516e-01
9.945341348648071289e-01
9.963402152061462402e-01
9.784920215606689453e-01
9.938404560089111328e-01
9.986467957496643066e-01
9.980373382568359375e-01
9.956669211387634277e-01
9.996185302734375000e-01
9.959301948547363281e-01
9.976641535758972168e-01
9.964328408241271973e-01
9.973225593566894531e-01
9.677621126174926758e-01
9.994892477989196777e-01
9.984064102172851562e-01
9.317476153373718262e-01
9.969801306724548340e-01
9.973837137222290039e-01
9.723451733589172363e-01
9.912264347076416016e-01
9.995656013488769531e-01
9.979456663131713867e-01
9.957507252693176270e-01
9.863043427467346191e-01
9.968183040618896484e-01
9.909592866897583008e-01
9.916217923164367676e-01
8.473082780838012695e-01
9.976656436920166016e-01
9.933321475982666016e-01
9.981300234794616699e-01
9.164655208587646484e-01
9.974447488784790039e-01
9.988043308258056641e-01
9.994786977767944336e-01
9.979457855224609375e-01
9.935700297355651855e-01
9.900767803192138672e-01
9.964569211006164551e-01
9.881249666213989258e-01
9.980167150497436523e-01
9.794238805770874023e-01
9.857140779495239258e-01
9.747409224510192871e-01
9.960996508598327637e-01
9.995395541191101074e-01
9.891603589057922363e-01
9.914135336875915527e-01
9.953186511993408203e-01
9.911354780197143555e-01
9.978832006454467773e-01
9.914439916610717773e-01
9.978958964347839355e-01
9.881425499916076660e-01
9.400733709335327148e-01
9.955291152000427246e-01
9.964067339897155762e-01
9.787218570709228516e-01
9.935624599456787109e-01
9.916999340057373047e-01
9.928103685379028320e-01
9.688526391983032227e-01
9.875624775886535645e-01
9.986061453819274902e-01
9.947796463966369629e-01
9.900429248809814453e-01
9.925577044486999512e-01
9.942635893821716309e-01
9.972265362739562988e-01
9.901911616325378418e-01
9.971170425415039062e-01
9.908635020256042480e-01
9.802382588386535645e-01
9.987573027610778809e-01
9.874424934387207031e-01
9.977884292602539062e-01
9.994958043098449707e-01
9.987598061561584473e-01
9.962496757507324219e-01
9.906044006347656250e-01
9.976124763488769531e-01
9.763692021369934082e-01
9.985100030899047852e-01
9.664806723594665527e-01
9.911280274391174316e-01
9.954988360404968262e-01
9.957668781280517578e-01
9.972018599510192871e-01
9.984059333801269531e-01
9.991398453712463379e-01
9.892472624778747559e-01
9.970840215682983398e-01
9.902065396308898926e-01
9.967794418334960938e-01
9.956235289573669434e-01
9.292417764663696289e-01
9.753534197807312012e-01
9.969751834869384766e-01
9.979031085968017578e-01
9.975659847259521484e-01
9.734287858009338379e-01
9.980513453483581543e-01
9.964941740036010742e-01
9.985017180442810059e-01
9.926691651344299316e-01
9.967238306999206543e-01
9.685157537460327148e-01
9.960795640945434570e-01
9.954900741577148438e-01
9.975511431694030762e-01
9.894410371780395508e-01
9.924897551536560059e-01
9.890782237052917480e-01
9.998802542686462402e-01
9.670226573944091797e-01
9.993437528610229492e-01
9.991773366928100586e-01
9.842134714126586914e-01
9.991909861564636230e-01
9.938371777534484863e-01
9.993680715560913086e-01
9.788726568222045898e-01
9.987289905548095703e-01
9.963406920433044434e-01
9.851132631301879883e-01
9.976835250854492188e-01
9.955657124519348145e-01
9.975519180297851562e-01
9.932258725166320801e-01
9.968609809875488281e-01
9.965509176254272461e-01
9.927442073822021484e-01
9.912039637565612793e-01
9.917719960212707520e-01
9.923268556594848633e-01
9.978372454643249512e-01
9.954901337623596191e-01
9.963847994804382324e-01
9.920796155929565430e-01
9.702864885330200195e-01
9.928635954856872559e-01
9.993217587471008301e-01
9.999461770057678223e-01
9.962893128395080566e-01
9.953179955482482910e-01
9.974184036254882812e-01
9.988070130348205566e-01
9.956049323081970215e-01
9.925697445869445801e-01
9.974297285079956055e-01
9.975214004516601562e-01
9.999800920486450195e-01
9.900239706039428711e-01
9.964269399642944336e-01
9.978292584419250488e-01
9.975979924201965332e-01
9.985530376434326172e-01
9.923050999641418457e-01
9.880791306495666504e-01
8.304550647735595703e-01
9.969583749771118164e-01
9.943446516990661621e-01
9.685931801795959473e-01
9.997422695159912109e-01
9.589270949363708496e-01
9.791324138641357422e-01
9.706301093101501465e-01
9.788915514945983887e-01
8.515493273735046387e-01
9.891521334648132324e-01
9.992966651916503906e-01
9.462282657623291016e-01
9.615860581398010254e-01
9.947625398635864258e-01
9.974473714828491211e-01
9.989175200462341309e-01
9.974772930145263672e-01
9.986515641212463379e-01
9.575232267379760742e-01
9.993968605995178223e-01
9.981136918067932129e-01
9.803446531295776367e-01
9.824685454368591309e-01
9.926859736442565918e-01
9.972286820411682129e-01
9.999108314514160156e-01
9.966899752616882324e-01
9.940221905708312988e-01
9.975160360336303711e-01
9.979870915412902832e-01
9.802218079566955566e-01
9.985673427581787109e-01
9.997526407241821289e-01
9.975543022155761719e-01
9.520744681358337402e-01
9.847074747085571289e-01
9.977893829345703125e-01
9.972852468490600586e-01
9.964236021041870117e-01
9.977490305900573730e-01
9.990992546081542969e-01
9.826917052268981934e-01
9.974306821823120117e-01
9.964327812194824219e-01
9.566361904144287109e-01
9.968385100364685059e-01
9.982337355613708496e-01
8.458827137947082520e-01
9.968646764755249023e-01
9.951739311218261719e-01
9.638166427612304688e-01
9.926897287368774414e-01
9.953252673149108887e-01
9.666897058486938477e-01
9.992383122444152832e-01
9.924086332321166992e-01
9.946958422660827637e-01
9.995242357254028320e-01
9.916108250617980957e-01
9.932306408882141113e-01
9.977061152458190918e-01
9.936593174934387207e-01
9.936369061470031738e-01
9.989095926284790039e-01
9.932459592819213867e-01
9.932214617729187012e-01
9.939886331558227539e-01
9.986901879310607910e-01
9.981904625892639160e-01
9.993723630905151367e-01
9.929770231246948242e-01
9.983024001121520996e-01
9.964318275451660156e-01
9.989144802093505859e-01
9.992167353630065918e-01
9.979840517044067383e-01
9.976677298545837402e-01
9.974609613418579102e-01
9.964849352836608887e-01
9.912738204002380371e-01
9.978516101837158203e-01
9.843435287475585938e-01
9.862925410270690918e-01
9.903337359428405762e-01
9.996692538261413574e-01
9.928124547004699707e-01
9.960024952888488770e-01
9.730477929115295410e-01
9.980136752128601074e-01
9.957364797592163086e-01
9.919402599334716797e-01
9.980245232582092285e-01
9.956567287445068359e-01
9.933577179908752441e-01
9.998329281806945801e-01
9.984183311462402344e-01
9.774934053421020508e-01
9.998157620429992676e-01
9.977720975875854492e-01
9.898197054862976074e-01
9.912726283073425293e-01
9.811301231384277344e-01
9.893826246261596680e-01
9.949589967727661133e-01
9.753682017326354980e-01
9.982132315635681152e-01
9.953379034996032715e-01
9.819597005844116211e-01
9.837626218795776367e-01
9.992840290069580078e-01
9.831343889236450195e-01
9.986658096313476562e-01
9.992922544479370117e-01
9.826282262802124023e-01
9.876681566238403320e-01
9.914932847023010254e-01
9.980913400650024414e-01
9.924358725547790527e-01
9.965157508850097656e-01
9.977300167083740234e-01
9.995332956314086914e-01
9.843456149101257324e-01
9.737768769264221191e-01
9.985166192054748535e-01
9.338166713714599609e-01
9.960918426513671875e-01
9.975576400756835938e-01
9.821477532386779785e-01
9.559484720230102539e-01
9.991262555122375488e-01
9.907922148704528809e-01
9.980120062828063965e-01
9.971181750297546387e-01
9.928530454635620117e-01
9.911426901817321777e-01
9.964902997016906738e-01
9.960044622421264648e-01
9.880513548851013184e-01
9.885399937629699707e-01
9.914820194244384766e-01
9.993125200271606445e-01
9.902656674385070801e-01
9.960036873817443848e-01
9.902624487876892090e-01
9.987810254096984863e-01
9.267160296440124512e-01
9.951662421226501465e-01
9.984520077705383301e-01
9.982927441596984863e-01
9.948242306709289551e-01
9.988160729408264160e-01
9.992731809616088867e-01
9.995975494384765625e-01
9.940978884696960449e-01
9.990183115005493164e-01
9.976904392242431641e-01
9.983819723129272461e-01
8.713118433952331543e-01
9.997391104698181152e-01
9.955396652221679688e-01
9.992898702621459961e-01
9.814729690551757812e-01
9.963045120239257812e-01
9.927455782890319824e-01
9.957026839256286621e-01
9.996561408042907715e-01
9.949731230735778809e-01
9.951998591423034668e-01
9.980003833770751953e-01
9.780489802360534668e-01
9.969425201416015625e-01
9.835686087608337402e-01
9.981161355972290039e-01
9.977656602859497070e-01
9.932188391685485840e-01
9.958976507186889648e-01
9.988161921501159668e-01
9.905396699905395508e-01
9.975098371505737305e-01
9.959294795989990234e-01
9.957749247550964355e-01
9.933908581733703613e-01
9.868524074554443359e-01
9.498407244682312012e-01
9.920457601547241211e-01
9.671612977981567383e-01
9.860940575599670410e-01
9.979230761528015137e-01
9.968106150627136230e-01
9.551351070404052734e-01
