1.865671598352491856e-03
1.666666753590106964e-02
1.162790693342685699e-02
2.500000000000000000e-01
1.124859438277781010e-03
1.111111119389533997e-01
2.247191034257411957e-03
1.024590106680989265e-03
1.098901126533746719e-02
1.000000000000000000e+00
1.592356711626052856e-03
1.084598712623119354e-03
1.470588240772485733e-02
2.500000000000000000e-01
4.329004324972629547e-03
2.173913083970546722e-02
1.709401723928749561e-03
9.090909361839294434e-02
1.999999955296516418e-02
3.597122384235262871e-03
1.694915257394313812e-02
2.702702768146991730e-02
1.666666716337203979e-01
3.154574194923043251e-03
1.428571492433547974e-01
1.428571492433547974e-01
3.333333507180213928e-02
5.000000000000000000e-01
9.090909361839294434e-02
3.333333432674407959e-01
2.173913083970546722e-02
5.000000000000000000e-01
4.166666790843009949e-02
3.031221567653119564e-04
5.555555596947669983e-02
1.000000000000000000e+00
2.500000000000000000e-01
2.500000000000000000e-01
1.470588264055550098e-03
1.029866165481507778e-03
2.272727340459823608e-02
1.470588240772485733e-02
5.405405536293983459e-03
3.333333432674407959e-01
3.333333432674407959e-01
1.587301678955554962e-02
2.610966097563505173e-03
8.973438525572419167e-05
2.500000000000000000e-01
1.000000000000000000e+00
1.219512149691581726e-02
5.000000000000000000e-01
2.463054144755005836e-03
2.083333395421504974e-02
3.225806355476379395e-02
1.000000000000000000e+00
6.839945563115179539e-04
5.000000000000000000e-01
3.174603218212723732e-03
1.984127098694443703e-03
2.476473455317318439e-04
1.227596367243677378e-04
3.273322363384068012e-04
2.219755842816084623e-04
1.000000000000000000e+00
2.890173345804214478e-03
2.217294881120324135e-03
5.000000000000000000e-01
1.923076994717121124e-02
8.012820617295801640e-04
7.462686393409967422e-03
5.263157933950424194e-02
1.776198972947895527e-03
1.000000000000000000e+00
6.246096454560756683e-04
1.000000000000000000e+00
3.846153989434242249e-02
1.428571492433547974e-01
5.000000000000000000e-01
2.500000037252902985e-02
1.488981506554409862e-04
5.555555690079927444e-03
7.692307978868484497e-02
5.000000000000000000e-01
3.333333507180213928e-02
1.666666753590106964e-02
1.428571492433547974e-01
1.111111138015985489e-02
9.433962404727935791e-03
6.250000000000000000e-02
7.142857462167739868e-02
1.250000000000000000e-01
5.000000000000000000e-01
5.000000000000000000e-01
2.857142873108386993e-02
3.125000000000000000e-02
6.666667014360427856e-02
3.571428731083869934e-02
2.857142873108386993e-02
3.703703731298446655e-02
5.390835576690733433e-04
5.000000000000000000e-01
3.030303120613098145e-02
1.000000000000000000e+00
1.428571492433547974e-01
5.263157933950424194e-02
5.263157933950424194e-02
4.761904850602149963e-02
1.000000000000000000e+00
2.777777798473834991e-02
3.333333432674407959e-01
3.039513714611530304e-03
7.692307978868484497e-02
1.886792480945587158e-02
2.000000029802322388e-01
7.092198356986045837e-03
3.333333432674407959e-01
1.562500000000000000e-02
1.000000000000000000e+00
8.568980265408754349e-04
1.000000000000000000e+00
2.325581386685371399e-02
1.000000000000000000e+00
3.846153989434242249e-02
2.606202906463295221e-04
1.529052038677036762e-03
9.157509193755686283e-04
1.000000000000000000e+00
6.250000000000000000e-02
1.000000000000000000e+00
5.000000000000000000e-01
6.578947417438030243e-03
3.333333432674407959e-01
1.666666753590106964e-02
1.000000000000000000e+00
1.000000000000000000e+00
1.592356711626052856e-03
5.494505632668733597e-03
1.000000000000000000e+00
2.000000029802322388e-01
4.347826167941093445e-02
1.091703074052929878e-03
5.882352963089942932e-02
1.250000000000000000e-01
3.333333432674407959e-01
3.532320843078196049e-04
1.003009034320712090e-03
9.090909361839294434e-02
1.000000014901161194e-01
1.020408142358064651e-02
6.329114083200693130e-03
8.333333581686019897e-02
1.666666716337203979e-01
1.956947147846221924e-03
2.500000000000000000e-01
3.333333432674407959e-01
1.428571492433547974e-01
3.731343196704983711e-03
6.250000000000000000e-02
1.000000000000000000e+00
5.000000000000000000e-01
5.288207321427762508e-04
1.000000000000000000e+00
1.612903177738189697e-02
1.879699295386672020e-03
3.333333507180213928e-02
1.000000000000000000e+00
2.322340878890827298e-04
5.025125574320554733e-03
5.000000000000000000e-01
1.831501838751137257e-03
1.470588240772485733e-02
1.666666716337203979e-01
5.319148767739534378e-03
1.000000000000000000e+00
1.000000000000000000e+00
4.716981202363967896e-03
8.333333581686019897e-02
1.353179919533431530e-03
5.882352963089942932e-02
1.000000000000000000e+00
2.564102597534656525e-02
1.666666716337203979e-01
3.671071899589151144e-04
3.333333432674407959e-01
2.040816284716129303e-02
5.555555596947669983e-02
1.960784383118152618e-02
5.076142027974128723e-03
4.166666790843009949e-02
2.500000000000000000e-01
5.000000000000000000e-01
6.666667014360427856e-02
5.000000000000000000e-01
7.874015718698501587e-03
1.560062402859330177e-03
3.333333432674407959e-01
1.000000000000000000e+00
2.000000029802322388e-01
1.236093929037451744e-03
1.000000000000000000e+00
1.000000000000000000e+00
8.333333581686019897e-02
3.703703731298446655e-02
2.000000029802322388e-01
1.063829753547906876e-02
1.111111119389533997e-01
5.000000000000000000e-01
5.555555596947669983e-02
5.000000000000000000e-01
2.500000037252902985e-02
6.666667014360427856e-02
1.000000000000000000e+00
2.415458904579281807e-03
4.118616052437573671e-04
3.333333432674407959e-01
5.000000000000000000e-01
3.333333432674407959e-01
2.380952425301074982e-02
1.250000000000000000e-01
1.000000000000000000e+00
1.000000000000000000e+00
1.000000000000000000e+00
1.449275389313697815e-02
3.448275849223136902e-03
1.000000000000000000e+00
1.666666716337203979e-01
3.333333432674407959e-01
3.412969177588820457e-03
1.000000000000000000e+00
1.111111119389533997e-01
1.677852356806397438e-03
1.381215522997081280e-03
6.172839552164077759e-03
1.388888899236917496e-02
1.000000000000000000e+00
1.111111119389533997e-01
1.234567910432815552e-02
2.808988792821764946e-03
1.000000000000000000e+00
7.692307978868484497e-02
3.484320593997836113e-03
3.746721486095339060e-04
5.000000000000000000e-01
4.347826167941093445e-02
2.083333395421504974e-02
1.000000000000000000e+00
1.000000000000000000e+00
2.994012087583541870e-03
3.472222248092293739e-03
5.714285653084516525e-03
1.298701297491788864e-02
1.000000000000000000e+00
2.089427434839308262e-04
1.388888899236917496e-02
1.116071478463709354e-03
7.142857462167739868e-02
3.999999910593032837e-02
7.692307978868484497e-02
6.451612804085016251e-03
7.812500000000000000e-03
1.000000000000000000e+00
5.000000000000000000e-01
8.517887326888740063e-04
3.333333432674407959e-01
5.882353056222200394e-03
5.000000000000000000e-01
3.333333432674407959e-01
1.000000000000000000e+00
1.666666716337203979e-01
1.428571492433547974e-01
3.125000000000000000e-02
1.111111138015985489e-02
2.793296007439494133e-03
7.692307978868484497e-02
1.388888899236917496e-02
4.878048785030841827e-03
1.111111119389533997e-01
8.873114711605012417e-04
3.225806355476379395e-02
8.695651777088642120e-03
6.443298771046102047e-04
6.605020025745034218e-04
5.000000000000000000e-01
1.367989112623035908e-03
2.985074650496244431e-03
2.659574383869767189e-03
7.936508394777774811e-03
1.200480153784155846e-03
1.333333365619182587e-02
3.333333432674407959e-01
1.000000000000000000e+00
1.000000000000000000e+00
1.098901126533746719e-02
2.315886958967894316e-04
5.263157933950424194e-02
2.028397517278790474e-03
3.703703731298446655e-02
5.000000000000000000e-01
1.000000000000000000e+00
1.000000000000000000e+00
1.760563347488641739e-03
5.000000000000000000e-01
5.882352963089942932e-02
3.333333432674407959e-01
1.000000000000000000e+00
4.385964944958686829e-03
5.000000000000000000e-01
2.197802299633622169e-03
8.264462463557720184e-03
4.926108289510011673e-03
2.083333395421504974e-02
1.262626261450350285e-03
1.000000000000000000e+00
1.000000000000000000e+00
4.761904850602149963e-02
5.370569415390491486e-04
5.000000000000000000e-01
2.500000000000000000e-01
2.500000000000000000e-01
8.547008968889713287e-03
1.149425283074378967e-02
4.867601091973483562e-05
7.521059160353615880e-05
5.882352963089942932e-02
8.333333581686019897e-02
5.555555596947669983e-02
3.333333432674407959e-01
1.923076994717121124e-02
1.000000000000000000e+00
7.751937955617904663e-03
2.500000000000000000e-01
1.592356711626052856e-03
1.250000000000000000e-01
1.543209888041019440e-03
6.720430101267993450e-04
1.000000000000000000e+00
2.020202111452817917e-03
7.142857462167739868e-02
1.360544236376881599e-03
8.333333767950534821e-03
2.040816284716129303e-02
5.000000074505805969e-02
2.777777798473834991e-02
1.000000000000000000e+00
1.449275412596762180e-03
3.184713423252105713e-03
1.000000000000000000e+00
1.000000000000000000e+00
1.129943528212606907e-03
1.000000000000000000e+00
1.000000000000000000e+00
5.263157933950424194e-02
4.347826167941093445e-02
5.000000000000000000e-01
7.042253389954566956e-03
5.000000000000000000e-01
2.000000029802322388e-01
1.000000000000000000e+00
5.319148767739534378e-03
7.692307978868484497e-02
3.921568859368562698e-03
4.347826167941093445e-02
2.702702768146991730e-02
1.000000000000000000e+00
1.000000000000000000e+00
7.692307978868484497e-02
1.369863003492355347e-02
2.083333395421504974e-02
1.408450677990913391e-02
1.538461539894342422e-02
3.333333432674407959e-01
1.000000000000000000e+00
9.199631749652326107e-04
2.500000000000000000e-01
2.000000029802322388e-01
7.993605104275047779e-04
1.000000000000000000e+00
3.289473708719015121e-03
2.500000000000000000e-01
2.631579060107469559e-03
1.000000000000000000e+00
1.000000014901161194e-01
4.273504484444856644e-03
3.333333432674407959e-01
7.961783558130264282e-04
6.993006914854049683e-03
1.000000000000000000e+00
1.000000000000000000e+00
4.545454401522874832e-03
4.950494971126317978e-03
9.708737954497337341e-03
3.333333432674407959e-01
7.092198356986045837e-03
1.000000000000000000e+00
2.000000029802322388e-01
3.333333432674407959e-01
1.356852124445140362e-03
3.396739193703979254e-04
7.142857462167739868e-02
1.086956472136080265e-03
2.156566770281642675e-04
4.761904850602149963e-02
1.639344263821840286e-03
1.369863003492355347e-02
1.111111119389533997e-01
1.587301678955554962e-02
1.000000000000000000e+00
6.711409427225589752e-03
1.030927803367376328e-02
2.973535447381436825e-04
2.702702768146991730e-02
1.000000000000000000e+00
3.225806355476379395e-02
6.993006914854049683e-03
1.851851865649223328e-02
1.000000000000000000e+00
7.867820677347481251e-04
9.345794096589088440e-03
7.812500000000000000e-03
8.333333581686019897e-02
1.751313451677560806e-03
1.000000000000000000e+00
5.000000000000000000e-01
1.064962707459926605e-03
9.090909361839294434e-02
1.000000000000000000e+00
1.000000000000000000e+00
5.555555596947669983e-02
1.098901126533746719e-02
5.000000000000000000e-01
1.000000000000000000e+00
7.142857462167739868e-02
5.000000000000000000e-01
2.500000000000000000e-01
1.000000000000000000e+00
2.272727340459823608e-02
1.428571492433547974e-01
2.364066196605563164e-03
1.000000000000000000e+00
2.941176481544971466e-02
1.666666716337203979e-01
1.041666697710752487e-02
1.000000000000000000e+00
3.333333432674407959e-01
2.906976733356714249e-03
1.136363600380718708e-03
3.333333432674407959e-01
5.000000000000000000e-01
3.333333432674407959e-01
1.298701274208724499e-03
3.333333432674407959e-01
1.000000000000000000e+00
5.000000000000000000e-01
1.000000000000000000e+00
5.000000000000000000e-01
1.760563347488641739e-03
5.000000000000000000e-01
3.333333432674407959e-01
5.000000000000000000e-01
1.694915257394313812e-02
1.052631624042987823e-02
7.092198356986045837e-03
5.000000000000000000e-01
3.333333432674407959e-01
8.333333581686019897e-02
3.571428731083869934e-02
5.000000000000000000e-01
1.212121220305562019e-03
1.000000000000000000e+00
1.231527072377502918e-03
5.000000000000000000e-01
5.000000000000000000e-01
1.000000000000000000e+00
1.000000000000000000e+00
1.000000000000000000e+00
1.666666648816317320e-04
9.615384973585605621e-03
1.000000000000000000e+00
6.410256493836641312e-03
1.000000000000000000e+00
3.729951567947864532e-04
1.449275389313697815e-02
3.333333432674407959e-01
2.525252522900700569e-03
2.283104928210377693e-03
4.901960957795381546e-03
2.777777798473834991e-02
1.190476212650537491e-02
3.300330135971307755e-03
3.333333432674407959e-01
5.000000000000000000e-01
1.000000000000000000e+00
2.222222276031970978e-03
5.000000000000000000e-01
1.282051298767328262e-02
1.000000000000000000e+00
2.500000000000000000e-01
8.333333581686019897e-02
1.344086020253598690e-03
1.470588240772485733e-02
3.333333432674407959e-01
2.222222276031970978e-02
4.484305158257484436e-03
4.950494971126317978e-03
2.499999944120645523e-03
3.999999910593032837e-02
9.090909361839294434e-02
1.000000000000000000e+00
1.666666716337203979e-01
3.333333432674407959e-01
9.727626456879079342e-04
1.000000000000000000e+00
2.083333395421504974e-02
5.000000000000000000e-01
3.880481235682964325e-04
7.142857462167739868e-02
1.111111119389533997e-01
3.414134553167968988e-04
9.009009227156639099e-03
9.090909361839294434e-02
4.237288143485784531e-03
4.651162773370742798e-03
1.000000000000000000e+00
1.000000000000000000e+00
3.125000000000000000e-02
1.111111119389533997e-01
5.882352963089942932e-02
1.000000000000000000e+00
3.378378460183739662e-03
1.041666697710752487e-02
2.036659978330135345e-03
1.000000000000000000e+00
2.849002834409475327e-03
9.389671613462269306e-04
1.364256488159298897e-03
5.555555596947669983e-02
1.000000000000000000e+00
3.333333432674407959e-01
5.000000074505805969e-02
2.544529270380735397e-03
1.000000000000000000e+00
4.830917809158563614e-03
1.250000000000000000e-01
6.666667014360427856e-02
3.333333432674407959e-01
1.000000014901161194e-01
1.000000000000000000e+00
5.000000000000000000e-01
7.692307978868484497e-02
1.282051298767328262e-02
6.250000000000000000e-02
3.802281338721513748e-03
1.742160296998918056e-03
5.000000000000000000e-01
1.000000000000000000e+00
3.787878900766372681e-03
5.405405536293983459e-03
3.205128246918320656e-03
5.000000000000000000e-01
1.000000000000000000e+00
2.325581386685371399e-02
2.325581386685371399e-03
9.345794096589088440e-03
5.000000000000000000e-01
1.000000000000000000e+00
1.250000000000000000e-01
1.000000000000000000e+00
3.333333432674407959e-01
1.000000000000000000e+00
5.000000000000000000e-01
6.060605868697166443e-03
1.000000000000000000e+00
1.000000000000000000e+00
3.999999910593032837e-02
1.000000000000000000e+00
4.166666790843009949e-02
7.142857462167739868e-02
4.761904850602149963e-02
1.000000000000000000e+00
3.204101230949163437e-04
2.439024299383163452e-02
2.710027154535055161e-03
3.333333432674407959e-01
5.882352963089942932e-02
7.776049897074699402e-04
2.000000029802322388e-01
1.428571492433547974e-01
1.000000000000000000e+00
2.821670495904982090e-04
1.000000000000000000e+00
5.000000000000000000e-01
1.818181760609149933e-02
6.250000000000000000e-02
9.082652395591139793e-04
1.111111119389533997e-01
5.000000000000000000e-01
1.000000000000000000e+00
1.315789483487606049e-02
5.464480724185705185e-03
1.000000000000000000e+00
2.857142873108386993e-02
9.433962404727935791e-03
1.000000000000000000e+00
5.000000000000000000e-01
1.000000000000000000e+00
5.263157933950424194e-02
1.000000000000000000e+00
1.249999972060322762e-03
1.000000000000000000e+00
2.410800370853394270e-04
2.278423344250768423e-04
1.000000000000000000e+00
5.694761057384312153e-04
1.000000000000000000e+00
1.000000000000000000e+00
9.803921915590763092e-03
2.040816284716129303e-02
5.780346691608428955e-03
9.090909361839294434e-02
1.000000000000000000e+00
1.398601452820003033e-03
1.000000000000000000e+00
1.000000000000000000e+00
7.949125720188021660e-04
3.333333432674407959e-01
4.761904850602149963e-02
5.000000000000000000e-01
1.265822816640138626e-02
1.000000000000000000e+00
3.999999910593032837e-02
1.326259924098849297e-03
2.511931816115975380e-04
1.000000000000000000e+00
1.000000000000000000e+00
9.813542710617184639e-04
3.999999910593032837e-02
2.262443536892533302e-03
1.111111119389533997e-01
5.000000000000000000e-01
1.428571492433547974e-01
2.000000029802322388e-01
1.000000000000000000e+00
2.127659507095813751e-02
7.692307978868484497e-02
4.329004324972629547e-03
6.561679765582084656e-04
2.500000037252902985e-02
1.000000014901161194e-01
1.000000000000000000e+00
1.000000000000000000e+00
4.255319014191627502e-03
2.631578966975212097e-02
1.041666697710752487e-02
1.111111119389533997e-01
1.449275389313697815e-02
1.886792480945587158e-02
1.000000000000000000e+00
3.333333432674407959e-01
2.000000029802322388e-01
2.500000000000000000e-01
1.000000000000000000e+00
2.500000000000000000e-01
1.666666716337203979e-01
1.996007980778813362e-03
2.631578966975212097e-02
2.564102597534656525e-02
1.000000000000000000e+00
8.333333581686019897e-02
5.000000000000000000e-01
1.000000000000000000e+00
3.333333432674407959e-01
1.000000000000000000e+00
1.572326989844441414e-03
1.000000000000000000e+00
1.369863003492355347e-02
1.412429381161928177e-03
1.798561192117631435e-03
5.330490530468523502e-04
4.347826167941093445e-02
1.000000000000000000e+00
1.250000000000000000e-01
1.000000014901161194e-01
1.639344170689582825e-02
8.000000379979610443e-03
5.555555596947669983e-02
1.666666716337203979e-01
2.500000000000000000e-01
5.555555596947669983e-02
1.000000000000000000e+00
2.710027154535055161e-03
1.666666716337203979e-01
2.949852496385574341e-03
2.325581386685371399e-02
7.692307978868484497e-02
1.923076994717121124e-02
2.173913083970546722e-02
1.666666716337203979e-01
1.366120181046426296e-03
4.791566752828657627e-04
1.666666716337203979e-01
1.000000000000000000e+00
6.329114083200693130e-03
1.000000000000000000e+00
3.225806355476379395e-02
8.084074361249804497e-04
7.142857462167739868e-02
1.298701297491788864e-02
1.000000000000000000e+00
1.666666716337203979e-01
4.545454680919647217e-02
2.500000000000000000e-01
5.000000000000000000e-01
1.000000000000000000e+00
5.000000000000000000e-01
1.344086020253598690e-03
1.428571492433547974e-01
8.658008882775902748e-04
5.000000000000000000e-01
4.347826167941093445e-02
1.000000000000000000e+00
2.500000000000000000e-01
1.000000000000000000e+00
1.000000000000000000e+00
1.333333365619182587e-02
1.000000000000000000e+00
5.000000000000000000e-01
7.812500000000000000e-03
1.250000000000000000e-01
5.000000000000000000e-01
9.259259328246116638e-03
5.000000000000000000e-01
1.000000000000000000e+00
2.000000029802322388e-01
3.999999910593032837e-02
7.251631468534469604e-04
5.000000000000000000e-01
1.000000000000000000e+00
1.000000000000000000e+00
1.000000000000000000e+00
1.818181760609149933e-02
5.000000000000000000e-01
7.874015718698501587e-03
2.500000037252902985e-02
5.000000000000000000e-01
1.666666716337203979e-01
1.219512149691581726e-02
1.000000000000000000e+00
1.386962598189711571e-03
1.666666716337203979e-01
2.564102597534656525e-02
2.881844295188784599e-03
5.000000000000000000e-01
5.000000000000000000e-01
1.020408142358064651e-02
1.000000000000000000e+00
1.960784383118152618e-02
1.000000000000000000e+00
1.111111119389533997e-01
5.000000000000000000e-01
1.000000000000000000e+00
1.000000000000000000e+00
1.000000000000000000e+00
6.666667014360427856e-02
5.045408615842461586e-04
2.564102597534656525e-02
5.181347019970417023e-03
2.500000000000000000e-01
5.000000000000000000e-01
1.865671598352491856e-03
1.000000000000000000e+00
4.166666790843009949e-02
5.263157933950424194e-02
8.849557489156723022e-03
2.500000000000000000e-01
1.000000000000000000e+00
1.000000014901161194e-01
7.692307699471712112e-03
9.090909361839294434e-02
1.000000000000000000e+00
1.428571492433547974e-01
7.692307699471712112e-03
1.428571492433547974e-01
5.882352963089942932e-02
2.066969755105674267e-04
5.000000000000000000e-01
1.615508925169706345e-03
5.000000000000000000e-01
1.000000000000000000e+00
1.000000014901161194e-01
4.629629664123058319e-03
4.201680887490510941e-03
1.666666716337203979e-01
3.333333432674407959e-01
1.250000000000000000e-01
5.000000000000000000e-01
3.030303120613098145e-02
1.000000000000000000e+00
5.000000000000000000e-01
4.672897048294544220e-03
5.000000000000000000e-01
1.000000000000000000e+00
7.692307978868484497e-02
2.750275016296654940e-04
5.000000000000000000e-01
3.115264698863029480e-03
5.000000000000000000e-01
2.941176481544971466e-02
1.428571492433547974e-01
6.666667014360427856e-02
1.449275389313697815e-02
1.515840558568015695e-04
1.000000000000000000e+00
8.333333581686019897e-02
1.098901126533746719e-02
2.000000029802322388e-01
2.500000000000000000e-01
1.388888922519981861e-03
1.149425283074378967e-02
1.000000000000000000e+00
2.564102597534656525e-02
5.000000000000000000e-01
2.000000029802322388e-01
1.000000000000000000e+00
1.273885369300842285e-03
7.692307978868484497e-02
8.196720853447914124e-03
2.000000029802322388e-01
1.000000000000000000e+00
2.000000029802322388e-01
2.500000000000000000e-01
3.333333432674407959e-01
4.016064107418060303e-03
2.114164875820279121e-03
1.111111119389533997e-01
3.346720186527818441e-04
1.000000000000000000e+00
7.142857462167739868e-02
3.999999910593032837e-02
1.000000000000000000e+00
3.311258275061845779e-03
1.000000000000000000e+00
2.500000000000000000e-01
3.333333432674407959e-01
2.040816284716129303e-02
1.564945210702717304e-03
7.142857462167739868e-02
2.000000029802322388e-01
3.858024720102548599e-04
2.000000029802322388e-01
5.263157933950424194e-02
2.500000000000000000e-01
2.439024299383163452e-02
2.000000029802322388e-01
1.666666716337203979e-01
1.250000018626451492e-02
1.000000000000000000e+00
9.090909361839294434e-02
5.000000000000000000e-01
1.078748609870672226e-03
1.000000000000000000e+00
1.666666716337203979e-01
8.695651777088642120e-03
1.111111119389533997e-01
4.132231231778860092e-03
2.564102597534656525e-02
1.000000000000000000e+00
3.787878900766372681e-03
3.333333432674407959e-01
3.225806355476379395e-02
1.000000000000000000e+00
1.000000000000000000e+00
1.930501894094049931e-03
1.666666716337203979e-01
3.424657508730888367e-03
1.088139251805841923e-03
5.208333488553762436e-03
4.444444552063941956e-03
2.857142873108386993e-02
5.555555596947669983e-02
7.352941203862428665e-03
2.500000000000000000e-01
8.333333581686019897e-02
4.046944668516516685e-04
1.000000000000000000e+00
3.676470601931214333e-03
3.448275849223136902e-02
3.333333432674407959e-01
2.873563207685947418e-03
2.941176481544971466e-02
1.000000000000000000e+00
5.813953466713428497e-03
5.555555596947669983e-02
1.086956541985273361e-02
1.000000000000000000e+00
1.666666716337203979e-01
6.849315017461776733e-03
1.000000000000000000e+00
3.333333432674407959e-01
1.666666716337203979e-01
1.000000000000000000e+00
4.166666790843009949e-02
1.000000000000000000e+00
5.000000000000000000e-01
1.000000000000000000e+00
4.065040498971939087e-03
5.000000000000000000e-01
5.555555596947669983e-02
7.692307978868484497e-02
1.000000000000000000e+00
4.761904850602149963e-02
2.000000029802322388e-01
5.000000000000000000e-01
4.761904850602149963e-02
3.968254197388887405e-03
2.604166744276881218e-03
1.000000000000000000e+00
1.666666716337203979e-01
6.666667014360427856e-02
1.000000000000000000e+00
1.000000000000000000e+00
1.315789530053734779e-03
1.098901126533746719e-02
6.666667014360427856e-02
5.000000000000000000e-01
1.000000000000000000e+00
2.040816284716129303e-02
4.347826167941093445e-02
7.692307978868484497e-02
6.666666828095912933e-03
1.000000000000000000e+00
2.680965233594179153e-03
1.250000000000000000e-01
1.000000000000000000e+00
5.882352963089942932e-02
1.000000000000000000e+00
1.000000000000000000e+00
1.000000000000000000e+00
5.000000074505805969e-02
1.000000000000000000e+00
1.219512149691581726e-02
8.333333581686019897e-02
3.333333507180213928e-02
2.500000000000000000e-01
3.846153989434242249e-02
1.724137924611568451e-02
2.564102597534656525e-02
1.000000000000000000e+00
3.773584961891174316e-03
1.057082437910139561e-03
1.000000000000000000e+00
1.000000000000000000e+00
1.000000000000000000e+00
2.500000000000000000e-01
3.999999910593032837e-02
5.780346691608428955e-03
1.000000000000000000e+00
5.263157933950424194e-02
3.333333507180213928e-02
2.000000029802322388e-01
1.000000000000000000e+00
5.780346691608428955e-03
5.000000074505805969e-02
1.113585778512060642e-03
5.000000074505805969e-02
3.333333432674407959e-01
1.000000000000000000e+00
1.432664808817207813e-03
2.500000000000000000e-01
3.367003286257386208e-03
1.000000000000000000e+00
1.000000000000000000e+00
1.351351384073495865e-02
3.333333432674407959e-01
1.000000000000000000e+00
1.000000000000000000e+00
1.000000000000000000e+00
9.090909361839294434e-02
5.000000000000000000e-01
2.100840443745255470e-03
9.990009712055325508e-04
2.500000000000000000e-01
1.000000000000000000e+00
2.380952471867203712e-03
4.115226212888956070e-03
3.571428591385483742e-03
8.333333581686019897e-02
1.000000000000000000e+00
1.250000000000000000e-01
1.000000000000000000e+00
1.111111138015985489e-02
1.612903177738189697e-02
5.102040711790323257e-03
1.000000000000000000e+00
1.000000000000000000e+00
1.000000000000000000e+00
3.333333432674407959e-01
5.882352963089942932e-02
1.000000000000000000e+00
1.000000000000000000e+00
5.000000000000000000e-01
2.450980478897690773e-03
2.325581386685371399e-02
1.611084298929199576e-04
2.000000029802322388e-01
2.439024299383163452e-02
1.000000000000000000e+00
1.250000000000000000e-01
1.000000000000000000e+00
4.566209856420755386e-03
5.000000000000000000e-01
6.666667014360427856e-02
4.566209856420755386e-03
1.766784465871751308e-03
1.000000000000000000e+00
2.000000029802322388e-01
1.428571492433547974e-01
2.135839313268661499e-04
2.222222276031970978e-02
1.111111119389533997e-01
1.111111119389533997e-01
1.000000000000000000e+00
1.754385977983474731e-02
2.923976629972457886e-03
1.250000000000000000e-01
5.263157933950424194e-02
3.333333432674407959e-01
5.000000000000000000e-01
5.000000000000000000e-01
3.649635007604956627e-03
1.000000000000000000e+00
2.000000029802322388e-01
5.555555596947669983e-02
1.000000000000000000e+00
5.076142260804772377e-04
4.761904850602149963e-02
1.000000000000000000e+00
1.210360715049318969e-04
1.000000000000000000e+00
8.695651777088642120e-03
1.000000000000000000e+00
1.666666716337203979e-01
4.587155766785144806e-03
6.666667014360427856e-02
1.666666716337203979e-01
5.000000000000000000e-01
1.000000000000000000e+00
1.000000000000000000e+00
5.000000074505805969e-02
5.000000000000000000e-01
3.333333432674407959e-01
2.590673509985208511e-03
1.000000000000000000e+00
5.882352963089942932e-02
1.250000000000000000e-01
1.228048640768975019e-04
4.967710119672119617e-04
3.333333432674407959e-01
1.250000000000000000e-01
3.846153989434242249e-02
3.448275849223136902e-02
3.333333507180213928e-02
6.097560748457908630e-03
1.000000000000000000e+00
6.666667014360427856e-02
5.000000000000000000e-01
7.692307978868484497e-02
1.250000000000000000e-01
5.000000000000000000e-01
6.901310989633202553e-04
1.000000000000000000e+00
1.960784383118152618e-02
8.952551288530230522e-04
4.761904850602149963e-02
2.500000000000000000e-01
1.000000000000000000e+00
1.351351384073495865e-02
3.333333507180213928e-02
1.000000000000000000e+00
1.219512149691581726e-02
3.333333432674407959e-01
1.000000000000000000e+00
7.142857462167739868e-02
1.709401723928749561e-03
4.716981202363967896e-03
1.666666716337203979e-01
5.000000000000000000e-01
5.184033070690929890e-04
1.851851865649223328e-02
4.347826167941093445e-02
8.333333767950534821e-03
3.412969177588820457e-03
5.555555596947669983e-02
6.422607693821191788e-04
5.000000000000000000e-01
1.000000000000000000e+00
3.448275849223136902e-02
1.111111119389533997e-01
1.176470611244440079e-02
1.250000000000000000e-01
1.000000000000000000e+00
3.333333432674407959e-01
1.082251081243157387e-03
1.329787191934883595e-03
9.090909361839294434e-02
1.000000000000000000e+00
5.555555596947669983e-02
1.000000000000000000e+00
4.524887073785066605e-03
4.347826167941093445e-02
1.000000000000000000e+00
3.333333432674407959e-01
1.000000000000000000e+00
5.000000000000000000e-01
3.333333432674407959e-01
9.174311533570289612e-03
1.000000000000000000e+00
1.000000000000000000e+00
1.000000000000000000e+00
5.567928892560303211e-04
5.000000000000000000e-01
1.166861155070364475e-03
3.333333432674407959e-01
3.333333432674407959e-01
1.408450677990913391e-02
2.500000000000000000e-01
2.941176481544971466e-02
1.886792480945587158e-02
1.000000000000000000e+00
3.333333432674407959e-01
1.000000000000000000e+00
1.000000000000000000e+00
2.500000000000000000e-01
8.474576286971569061e-03
5.154639016836881638e-03
1.000000000000000000e+00
3.891050582751631737e-03
2.074688905850052834e-03
9.090909361839294434e-02
1.000000000000000000e+00
2.000000029802322388e-01
1.000000000000000000e+00
3.111387777607887983e-04
3.333333432674407959e-01
5.000000000000000000e-01
7.692307978868484497e-02
1.000000000000000000e+00
1.000000000000000000e+00
1.408450677990913391e-02
1.000000000000000000e+00
1.477104844525456429e-03
1.000000000000000000e+00
4.950495203956961632e-04
1.000000000000000000e+00
6.410256493836641312e-03
3.267973894253373146e-03
1.000000000000000000e+00
5.000000000000000000e-01
2.127659507095813751e-02
5.263157933950424194e-02
1.000000000000000000e+00
1.538461539894342422e-02
4.166666790843009949e-02
5.000000074505805969e-02
4.273504484444856644e-03
5.000000000000000000e-01
5.000000000000000000e-01
2.500000000000000000e-01
3.703703731298446655e-02
6.250000000000000000e-02
5.000000000000000000e-01
1.000000000000000000e+00
1.666666716337203979e-01
3.257328877225518227e-03
1.000000000000000000e+00
1.000000000000000000e+00
6.666666595265269279e-04
2.577319508418440819e-03
9.999999776482582092e-03
2.849002834409475327e-03
1.000000000000000000e+00
2.762431045994162560e-03
5.263157933950424194e-02
1.117318402975797653e-03
8.403361774981021881e-03
2.325581386685371399e-02
5.000000000000000000e-01
6.666667014360427856e-02
7.575757801532745361e-03
3.448275849223136902e-02
1.111111119389533997e-01
2.049180213361978531e-03
1.000000000000000000e+00
9.090909361839294434e-02
1.000000000000000000e+00
7.692307978868484497e-02
9.090908803045749664e-03
1.000000000000000000e+00
1.000000000000000000e+00
5.000000000000000000e-01
2.747252816334366798e-03
1.324503333307802677e-03
1.000000014901161194e-01
1.000000000000000000e+00
1.282051298767328262e-02
1.000000000000000000e+00
5.000000000000000000e-01
2.000000029802322388e-01
1.379310386255383492e-03
1.851851865649223328e-02
1.000000000000000000e+00
9.803921915590763092e-03
9.259259328246116638e-03
4.909179988317191601e-04
7.692307978868484497e-02
1.098901126533746719e-02
4.545454680919647217e-02
1.282051298767328262e-02
5.000000000000000000e-01
6.250000000000000000e-02
5.257623270153999329e-04
3.333333432674407959e-01
1.000000000000000000e+00
1.808318309485912323e-03
1.666666716337203979e-01
1.111111119389533997e-01
2.000000029802322388e-01
3.125000000000000000e-02
8.264462463557720184e-03
1.371742109768092632e-03
5.000000000000000000e-01
3.030303120613098145e-02
1.000000000000000000e+00
1.000000000000000000e+00
1.666666716337203979e-01
7.246376946568489075e-03
1.000000000000000000e+00
1.000000000000000000e+00
1.538461539894342422e-02
5.000000000000000000e-01
1.000000000000000000e+00
7.692307978868484497e-02
2.873563207685947418e-03
8.006404968909919262e-04
2.500000000000000000e-01
3.448275849223136902e-03
1.234567910432815552e-02
1.000000000000000000e+00
3.846153989434242249e-02
8.333333581686019897e-02
3.846153989434242249e-02
4.038772312924265862e-04
1.433691795682534575e-04
1.063829753547906876e-02
5.555555690079927444e-03
9.090909361839294434e-02
5.102040711790323257e-03
1.000000000000000000e+00
3.300330135971307755e-03
1.250000000000000000e-01
5.000000000000000000e-01
1.000000000000000000e+00
1.715265912935137749e-03
1.000000000000000000e+00
3.333333432674407959e-01
2.040816284716129303e-02
3.333333432674407959e-01
4.393673152662813663e-04
4.739336669445037842e-03
1.000000000000000000e+00
3.030303120613098145e-02
1.923076994717121124e-02
5.000000000000000000e-01
1.754385977983474731e-02
1.250000000000000000e-01
6.666667014360427856e-02
1.000000000000000000e+00
3.333333432674407959e-01
5.000000000000000000e-01
9.107468067668378353e-04
7.692307978868484497e-02
1.000000000000000000e+00
1.219512149691581726e-02
2.083333395421504974e-02
1.000000000000000000e+00
1.098901126533746719e-02
6.250000000000000000e-02
1.282873708987608552e-04
4.032258002553135157e-04
1.915708766318857670e-03
7.142857462167739868e-02
5.000000000000000000e-01
1.000000000000000000e+00
2.906976733356714249e-03
4.761904850602149963e-02
4.490345891099423170e-04
1.000000000000000000e+00
1.492537278681993484e-02
1.041666697710752487e-02
3.333333507180213928e-02
1.010101009160280228e-02
2.493765670806169510e-03
1.000000000000000000e+00
1.111111119389533997e-01
3.247807617299258709e-04
1.004016026854515076e-03
1.000000000000000000e+00
2.173913083970546722e-02
1.004016026854515076e-03
1.049317885190248489e-03
1.000000000000000000e+00
1.428571413271129131e-03
1.000000000000000000e+00
1.639344170689582825e-02
8.880994864739477634e-04
1.000000000000000000e+00
1.666666716337203979e-01
1.351351384073495865e-02
7.241129642352461815e-04
3.333333432674407959e-01
1.999999955296516418e-02
1.000000000000000000e+00
3.333333432674407959e-01
2.109704539179801941e-03
1.461988314986228943e-03
2.631578966975212097e-02
1.287001301534473896e-03
9.090909361839294434e-02
1.000000000000000000e+00
8.779631461948156357e-04
3.333333432674407959e-01
1.000000000000000000e+00
8.319467306137084961e-04
5.882352963089942932e-02
