9.988334774971008301e-01
9.965101480484008789e-01
9.967700839042663574e-01
9.939214587211608887e-01
9.994247555732727051e-01
9.968672394752502441e-01
9.963568449020385742e-01
9.988037347793579102e-01
9.989435076713562012e-01
9.979523420333862305e-01
9.934506416320800781e-01
9.841311573982238770e-01
9.933990836143493652e-01
9.925558567047119141e-01
9.970172047615051270e-01
9.957617521286010742e-01
9.948564767837524414e-01
9.992368817329406738e-01
9.959375858306884766e-01
9.911437630653381348e-01
9.995614290237426758e-01
9.984012246131896973e-01
9.945061802864074707e-01
9.981570243835449219e-01
9.993197917938232422e-01
9.983628988265991211e-01
9.999925494194030762e-01
9.960213303565979004e-01
9.955591559410095215e-01
9.865550398826599121e-01
9.890655279159545898e-01
9.880537390708923340e-01
9.986144900321960449e-01
9.977541565895080566e-01
9.986858963966369629e-01
9.992773532867431641e-01
9.988955259323120117e-01
9.987024664878845215e-01
9.938004016876220703e-01
9.983805418014526367e-01
9.838066697120666504e-01
9.941966533660888672e-01
9.979066252708435059e-01
9.998979568481445312e-01
9.999591708183288574e-01
9.951635599136352539e-01
9.994920492172241211e-01
9.995355010032653809e-01
9.992413520812988281e-01
9.972373247146606445e-01
9.923505783081054688e-01
9.701972007751464844e-01
9.974337816238403320e-01
9.975767731666564941e-01
9.962942004203796387e-01
9.983557462692260742e-01
9.992151260375976562e-01
9.975183606147766113e-01
9.590523838996887207e-01
9.989348649978637695e-01
9.989399909973144531e-01
9.896894097328186035e-01
9.975473284721374512e-01
9.956785440444946289e-01
9.973589181900024414e-01
9.974199533462524414e-01
9.949202537536621094e-01
9.958809614181518555e-01
9.954679012298583984e-01
9.920117259025573730e-01
9.929449558258056641e-01
9.959015846252441406e-01
9.930597543716430664e-01
9.976822137832641602e-01
9.980618953704833984e-01
9.984596967697143555e-01
9.819223880767822266e-01
9.998998045921325684e-01
9.995761513710021973e-01
9.970080852508544922e-01
9.939603805541992188e-01
9.988803267478942871e-01
9.928032755851745605e-01
9.995251893997192383e-01
9.974130988121032715e-01
9.965613484382629395e-01
9.985091090202331543e-01
9.982953667640686035e-01
9.958994984626770020e-01
9.983989000320434570e-01
9.967010617256164551e-01
9.977907538414001465e-01
9.940434694290161133e-01
9.991703629493713379e-01
9.999392032623291016e-01
9.986277818679809570e-01
9.977388978004455566e-01
9.914232492446899414e-01
9.981693029403686523e-01
9.983667731285095215e-01
9.942505955696105957e-01
9.989265799522399902e-01
9.951392412185668945e-01
9.934231042861938477e-01
9.967261552810668945e-01
9.976078271865844727e-01
9.981747269630432129e-01
9.986773133277893066e-01
9.990286231040954590e-01
9.968448281288146973e-01
9.991254210472106934e-01
9.976305365562438965e-01
9.981244802474975586e-01
9.848628044128417969e-01
9.952263236045837402e-01
9.926834106445312500e-01
9.987079501152038574e-01
9.992036819458007812e-01
9.887024760246276855e-01
9.961075186729431152e-01
9.881930351257324219e-01
9.839178919792175293e-01
9.970571994781494141e-01
9.956413507461547852e-01
9.936914443969726562e-01
9.943106770515441895e-01
9.993130564689636230e-01
9.996069669723510742e-01
9.957704544067382812e-01
9.993452429771423340e-01
9.995469450950622559e-01
9.987835288047790527e-01
9.992707371711730957e-01
9.956656694412231445e-01
9.983963966369628906e-01
9.925048947334289551e-01
9.978144168853759766e-01
9.757719039916992188e-01
9.904838800430297852e-01
9.948518276214599609e-01
9.991381168365478516e-01
9.756765961647033691e-01
9.996350407600402832e-01
9.972382783889770508e-01
9.992104172706604004e-01
9.870753288269042969e-01
9.754238724708557129e-01
9.855377078056335449e-01
9.988995194435119629e-01
9.989954829216003418e-01
9.991341233253479004e-01
9.965731501579284668e-01
9.992365837097167969e-01
9.887896180152893066e-01
9.988865852355957031e-01
9.935709238052368164e-01
9.764233827590942383e-01
9.922310709953308105e-01
9.805095791816711426e-01
9.991453886032104492e-01
9.986158013343811035e-01
9.944030642509460449e-01
9.979294538497924805e-01
9.976752400398254395e-01
9.944775700569152832e-01
9.827121496200561523e-01
9.956731796264648438e-01
9.978330731391906738e-01
9.961121082305908203e-01
9.976082444190979004e-01
9.949964284896850586e-01
9.993053674697875977e-01
9.940737485885620117e-01
9.983694553375244141e-01
9.995770454406738281e-01
9.988691806793212891e-01
9.904156923294067383e-01
9.992264509201049805e-01
9.937920570373535156e-01
9.988998770713806152e-01
9.990501999855041504e-01
9.944465756416320801e-01
9.982025623321533203e-01
9.975626468658447266e-01
9.984281063079833984e-01
9.945181608200073242e-01
9.990832805633544922e-01
9.988884925842285156e-01
9.989185333251953125e-01
9.991313219070434570e-01
9.957132339477539062e-01
9.935467243194580078e-01
9.984420537948608398e-01
9.947381019592285156e-01
9.977116584777832031e-01
9.952937960624694824e-01
9.946494102478027344e-01
9.994583129882812500e-01
9.992906451225280762e-01
9.980493783950805664e-01
9.918406009674072266e-01
9.971383213996887207e-01
9.943164587020874023e-01
9.998874068260192871e-01
9.962863922119140625e-01
9.895463585853576660e-01
9.951651096343994141e-01
9.999386668205261230e-01
9.996854066848754883e-01
9.979303479194641113e-01
9.983998537063598633e-01
9.993054270744323730e-01
9.959739446640014648e-01
9.998021721839904785e-01
9.999808669090270996e-01
9.980243444442749023e-01
9.992814660072326660e-01
9.988430142402648926e-01
9.840098023414611816e-01
9.957854151725769043e-01
9.999256730079650879e-01
9.914898276329040527e-01
9.991040825843811035e-01
9.969546794891357422e-01
9.992527961730957031e-01
9.982390999794006348e-01
9.987851977348327637e-01
9.967087507247924805e-01
9.986478686332702637e-01
9.990425705909729004e-01
9.946522116661071777e-01
9.850584864616394043e-01
9.958468079566955566e-01
9.858710765838623047e-01
9.968581795692443848e-01
9.969866871833801270e-01
9.966540932655334473e-01
9.978339076042175293e-01
9.981714487075805664e-01
9.970814585685729980e-01
9.996023178100585938e-01
9.986048340797424316e-01
9.985914230346679688e-01
9.986593127250671387e-01
9.902141690254211426e-01
9.955961704254150391e-01
9.988462924957275391e-01
9.974444508552551270e-01
9.941232204437255859e-01
9.985373616218566895e-01
9.993308186531066895e-01
9.957737922668457031e-01
9.908277392387390137e-01
9.983415603637695312e-01
9.996950626373291016e-01
9.980803132057189941e-01
9.987731575965881348e-01
9.867954850196838379e-01
9.993169307708740234e-01
9.943143129348754883e-01
9.972233772277832031e-01
9.985024333000183105e-01
9.886942505836486816e-01
9.994395375251770020e-01
9.929021000862121582e-01
9.989568591117858887e-01
9.954526424407958984e-01
9.985536336898803711e-01
9.890268445014953613e-01
9.969383478164672852e-01
9.983665943145751953e-01
9.998228549957275391e-01
9.955821633338928223e-01
9.808143973350524902e-01
9.976980686187744141e-01
9.804459214210510254e-01
9.989955425262451172e-01
9.935535192489624023e-01
9.995633363723754883e-01
9.981008172035217285e-01
9.978961944580078125e-01
9.839524030685424805e-01
9.987498521804809570e-01
9.991347789764404297e-01
9.973454475402832031e-01
9.956013560295104980e-01
9.976071715354919434e-01
9.987007975578308105e-01
9.993734955787658691e-01
9.944633841514587402e-01
9.952847361564636230e-01
9.953047037124633789e-01
9.986632466316223145e-01
9.986427426338195801e-01
9.987522959709167480e-01
9.939320087432861328e-01
9.902901649475097656e-01
9.988943338394165039e-01
9.961199164390563965e-01
9.941228032112121582e-01
9.958030581474304199e-01
9.964849948883056641e-01
9.876534342765808105e-01
9.973400235176086426e-01
9.992773532867431641e-01
9.924084544181823730e-01
9.952684640884399414e-01
9.996561408042907715e-01
9.709247946739196777e-01
9.913176894187927246e-01
9.982686638832092285e-01
9.984228014945983887e-01
9.993630051612854004e-01
9.989064931869506836e-01
9.988489747047424316e-01
9.985554218292236328e-01
9.983319640159606934e-01
9.954605102539062500e-01
9.986903667449951172e-01
9.991426467895507812e-01
9.964762330055236816e-01
9.974746704101562500e-01
9.999052286148071289e-01
9.974938631057739258e-01
9.985808134078979492e-01
9.919962882995605469e-01
9.969804883003234863e-01
9.948222041130065918e-01
9.907497167587280273e-01
9.930269718170166016e-01
9.959099888801574707e-01
9.951125383377075195e-01
9.988842010498046875e-01
9.908899664878845215e-01
9.947161078453063965e-01
9.897404909133911133e-01
9.977539181709289551e-01
9.990079402923583984e-01
9.959318637847900391e-01
9.968855977058410645e-01
9.858920574188232422e-01
9.951221942901611328e-01
9.998556971549987793e-01
9.900224208831787109e-01
9.884248971939086914e-01
9.996426701545715332e-01
9.960313439369201660e-01
9.988816380500793457e-01
9.995858073234558105e-01
9.982281327247619629e-01
9.980959892272949219e-01
9.994728565216064453e-01
9.981127977371215820e-01
9.973993897438049316e-01
9.909619688987731934e-01
9.984616041183471680e-01
9.978276491165161133e-01
9.992273449897766113e-01
9.957846403121948242e-01
9.976592063903808594e-01
9.992262125015258789e-01
9.931865930557250977e-01
9.991975426673889160e-01
9.988731741905212402e-01
9.982687234878540039e-01
9.971179366111755371e-01
9.968997836112976074e-01
9.988812208175659180e-01
9.900606274604797363e-01
9.998617172241210938e-01
9.984501600265502930e-01
9.941201806068420410e-01
9.971069693565368652e-01
9.951459765434265137e-01
9.968684911727905273e-01
9.934188127517700195e-01
9.884075522422790527e-01
9.895635247230529785e-01
9.828405976295471191e-01
9.977630376815795898e-01
9.982818961143493652e-01
9.985006451606750488e-01
9.952410459518432617e-01
9.895278811454772949e-01
9.817067980766296387e-01
9.958592057228088379e-01
9.940376877784729004e-01
9.990955591201782227e-01
9.953410029411315918e-01
9.988480210304260254e-01
9.951864480972290039e-01
9.983859658241271973e-01
9.989704489707946777e-01
9.963229298591613770e-01
9.957798719406127930e-01
9.935221076011657715e-01
9.985512495040893555e-01
9.982405304908752441e-01
9.976068139076232910e-01
9.983459115028381348e-01
9.947540163993835449e-01
9.951022863388061523e-01
9.974564313888549805e-01
9.978878498077392578e-01
9.986842870712280273e-01
9.981034398078918457e-01
9.934629201889038086e-01
9.956431984901428223e-01
9.929512143135070801e-01
9.989896416664123535e-01
9.867869615554809570e-01
9.976990222930908203e-01
9.823574423789978027e-01
9.932009577751159668e-01
9.942721128463745117e-01
9.947916269302368164e-01
9.957907199859619141e-01
9.936400651931762695e-01
9.985040426254272461e-01
9.964922070503234863e-01
9.981256723403930664e-01
9.957855343818664551e-01
9.974560737609863281e-01
9.956321120262145996e-01
9.967498779296875000e-01
9.931448101997375488e-01
9.980232715606689453e-01
9.972594380378723145e-01
9.987291693687438965e-01
9.947606921195983887e-01
9.897010922431945801e-01
9.990655779838562012e-01
9.972691535949707031e-01
9.945210814476013184e-01
9.993655085563659668e-01
9.996561408042907715e-01
9.972845315933227539e-01
9.851623773574829102e-01
9.978054165840148926e-01
9.979954957962036133e-01
9.954460263252258301e-01
9.883101582527160645e-01
9.935140609741210938e-01
9.954502582550048828e-01
9.998843669891357422e-01
9.974640011787414551e-01
9.970631599426269531e-01
9.588209390640258789e-01
9.984770417213439941e-01
9.984170198440551758e-01
9.999116659164428711e-01
9.998814463615417480e-01
9.978176355361938477e-01
9.971028566360473633e-01
9.970660209655761719e-01
9.956154823303222656e-01
9.999224543571472168e-01
9.975797533988952637e-01
9.999912381172180176e-01
9.983183145523071289e-01
9.887686371803283691e-01
9.979003667831420898e-01
9.938842058181762695e-01
9.995122551918029785e-01
9.947451353073120117e-01
9.993237853050231934e-01
9.922079443931579590e-01
9.989169239997863770e-01
9.979919791221618652e-01
9.983133673667907715e-01
9.946355223655700684e-01
9.991291761398315430e-01
9.983254075050354004e-01
9.986104369163513184e-01
9.956588745117187500e-01
9.932801723480224609e-01
9.972409009933471680e-01
9.973304271697998047e-01
9.981055855751037598e-01
9.996275305747985840e-01
9.994775056838989258e-01
9.987811446189880371e-01
9.977651834487915039e-01
9.924349784851074219e-01
9.958446621894836426e-01
9.923899769783020020e-01
9.993317723274230957e-01
9.999160766601562500e-01
9.999305605888366699e-01
9.858085513114929199e-01
9.978271126747131348e-01
9.987588524818420410e-01
9.998979568481445312e-01
9.987686276435852051e-01
9.974120855331420898e-01
9.979033470153808594e-01
9.941470623016357422e-01
9.989898800849914551e-01
9.967243075370788574e-01
9.994096159934997559e-01
9.990813732147216797e-01
9.992161989212036133e-01
9.909637570381164551e-01
9.982068538665771484e-01
9.976068139076232910e-01
9.940798878669738770e-01
9.946566224098205566e-01
9.980159401893615723e-01
9.899577498435974121e-01
9.985591173171997070e-01
9.982566237449645996e-01
9.965330362319946289e-01
9.965814948081970215e-01
9.985746741294860840e-01
9.992666244506835938e-01
9.984105229377746582e-01
9.492093920707702637e-01
9.889850616455078125e-01
9.932965636253356934e-01
9.992569088935852051e-01
9.962303638458251953e-01
9.955855607986450195e-01
9.841045141220092773e-01
9.874651432037353516e-01
9.995746016502380371e-01
9.977612495422363281e-01
9.992086887359619141e-01
9.989324808120727539e-01
9.988014101982116699e-01
9.945445060729980469e-01
9.932429790496826172e-01
9.944351911544799805e-01
9.986289739608764648e-01
9.987735152244567871e-01
9.740378260612487793e-01
9.953005909919738770e-01
9.951947331428527832e-01
9.972874522209167480e-01
9.994705319404602051e-01
9.974040389060974121e-01
9.988751411437988281e-01
9.995964765548706055e-01
9.992818236351013184e-01
9.992871880531311035e-01
9.970364570617675781e-01
9.985759258270263672e-01
9.959337115287780762e-01
9.973259568214416504e-01
9.990511536598205566e-01
9.987540245056152344e-01
9.980929493904113770e-01
9.989914894104003906e-01
9.947673082351684570e-01
9.944560527801513672e-01
9.991518855094909668e-01
9.994370341300964355e-01
9.823012351989746094e-01
9.992371797561645508e-01
9.966090917587280273e-01
9.996114969253540039e-01
9.983889460563659668e-01
9.995927810668945312e-01
9.950476288795471191e-01
9.921700954437255859e-01
9.981580376625061035e-01
9.973599314689636230e-01
9.941120147705078125e-01
9.948043227195739746e-01
9.937594532966613770e-01
9.985037446022033691e-01
9.995356798171997070e-01
9.847038984298706055e-01
9.993502497673034668e-01
9.979787468910217285e-01
9.999648928642272949e-01
9.904684424400329590e-01
9.882557988166809082e-01
9.966370463371276855e-01
9.954666495323181152e-01
9.942374825477600098e-01
9.948981404304504395e-01
9.947795867919921875e-01
9.961683154106140137e-01
9.899222254753112793e-01
9.955970048904418945e-01
9.962376952171325684e-01
9.991971850395202637e-01
9.969421625137329102e-01
9.990084171295166016e-01
9.961357116699218750e-01
9.980620741844177246e-01
9.981372952461242676e-01
9.692423939704895020e-01
9.978718161582946777e-01
9.936780333518981934e-01
9.956851601600646973e-01
9.986206293106079102e-01
9.950004220008850098e-01
9.992768168449401855e-01
9.964491724967956543e-01
9.871687889099121094e-01
9.966472983360290527e-01
9.959321022033691406e-01
9.941889047622680664e-01
9.943755269050598145e-01
9.937881231307983398e-01
9.994509220123291016e-01
9.987419843673706055e-01
9.972653985023498535e-01
9.977288246154785156e-01
9.989534616470336914e-01
9.988265037536621094e-01
9.997264146804809570e-01
9.977255463600158691e-01
9.977526664733886719e-01
9.963892102241516113e-01
9.926738739013671875e-01
9.983350038528442383e-01
9.946106672286987305e-01
9.973836541175842285e-01
9.832580089569091797e-01
9.989306926727294922e-01
9.768533110618591309e-01
9.950985908508300781e-01
9.983783364295959473e-01
9.964146018028259277e-01
9.988798499107360840e-01
9.960525035858154297e-01
9.961473345756530762e-01
9.940995573997497559e-01
9.992656707763671875e-01
9.981448650360107422e-01
9.926145672798156738e-01
9.994096159934997559e-01
9.990704059600830078e-01
9.990403056144714355e-01
9.980152845382690430e-01
9.967824220657348633e-01
9.914968609809875488e-01
9.935167431831359863e-01
9.993815422058105469e-01
9.973800778388977051e-01
9.972997903823852539e-01
9.991710782051086426e-01
9.937062263488769531e-01
9.958708286285400391e-01
9.941347241401672363e-01
9.996689558029174805e-01
9.982876181602478027e-01
9.974797368049621582e-01
9.979867339134216309e-01
9.992216825485229492e-01
9.970670938491821289e-01
9.979814291000366211e-01
9.985809922218322754e-01
9.976416230201721191e-01
9.947410821914672852e-01
9.975484013557434082e-01
9.988849759101867676e-01
9.985596537590026855e-01
9.996285438537597656e-01
9.798882603645324707e-01
9.979568719863891602e-01
9.960336089134216309e-01
9.991194605827331543e-01
9.979294538497924805e-01
9.967567920684814453e-01
9.989364743232727051e-01
9.901734590530395508e-01
9.959996938705444336e-01
9.992570877075195312e-01
9.938043355941772461e-01
9.991953969001770020e-01
9.973286390304565430e-01
9.990701675415039062e-01
9.946513772010803223e-01
9.977414608001708984e-01
9.993253946304321289e-01
9.970581531524658203e-01
9.996004104614257812e-01
9.721097946166992188e-01
9.962183237075805664e-01
9.995325207710266113e-01
9.994276762008666992e-01
9.933396577835083008e-01
9.953431487083435059e-01
9.976731538772583008e-01
9.973627328872680664e-01
9.984446167945861816e-01
9.953668713569641113e-01
9.991047978401184082e-01
9.985272288322448730e-01
9.990819096565246582e-01
9.992772340774536133e-01
9.903976321220397949e-01
9.993023872375488281e-01
9.975444078445434570e-01
9.972587227821350098e-01
9.967318177223205566e-01
9.954741001129150391e-01
9.992247223854064941e-01
9.990013837814331055e-01
9.967066049575805664e-01
9.966233968734741211e-01
9.986425638198852539e-01
9.989703893661499023e-01
9.960668087005615234e-01
9.993171095848083496e-01
9.977325201034545898e-01
9.972878098487854004e-01
9.993652105331420898e-01
9.979888796806335449e-01
9.924988746643066406e-01
9.980074167251586914e-01
9.979411959648132324e-01
9.967021346092224121e-01
9.960126280784606934e-01
9.981507062911987305e-01
9.985576868057250977e-01
9.977855682373046875e-01
9.961088299751281738e-01
9.889140129089355469e-01
9.982824921607971191e-01
9.990485310554504395e-01
9.964767098426818848e-01
9.955777525901794434e-01
9.978811740875244141e-01
9.967437386512756348e-01
9.972877502441406250e-01
9.954855442047119141e-01
9.964365959167480469e-01
9.959402680397033691e-01
9.991642236709594727e-01
9.987982511520385742e-01
9.984905123710632324e-01
9.993492960929870605e-01
9.966005086898803711e-01
9.985309243202209473e-01
9.993828535079956055e-01
9.984768629074096680e-01
9.872168302536010742e-01
9.996205568313598633e-01
9.998845458030700684e-01
9.951791167259216309e-01
9.998802542686462402e-01
9.996868968009948730e-01
9.926032423973083496e-01
9.765293598175048828e-01
9.903578162193298340e-01
9.992960691452026367e-01
9.955056905746459961e-01
9.870559573173522949e-01
9.935758709907531738e-01
9.962655901908874512e-01
9.930381178855895996e-01
9.999191164970397949e-01
9.993537068367004395e-01
9.907195568084716797e-01
9.982872009277343750e-01
9.941370487213134766e-01
9.968376159667968750e-01
9.936413764953613281e-01
9.980190396308898926e-01
9.974129199981689453e-01
9.966059923171997070e-01
9.778913259506225586e-01
9.959964752197265625e-01
9.973920583724975586e-01
9.935405850410461426e-01
9.962639212608337402e-01
9.949095845222473145e-01
9.934500455856323242e-01
9.959814548492431641e-01
9.961802959442138672e-01
9.965724945068359375e-01
9.943253397941589355e-01
9.969297647476196289e-01
9.976799488067626953e-01
9.992962479591369629e-01
9.779024124145507812e-01
9.989927411079406738e-01
9.958793520927429199e-01
9.955484271049499512e-01
9.983186721801757812e-01
9.985901713371276855e-01
9.923643469810485840e-01
9.995254278182983398e-01
9.985306262969970703e-01
9.996219277381896973e-01
9.970365166664123535e-01
9.987703561782836914e-01
9.987471103668212891e-01
9.951630830764770508e-01
9.991070032119750977e-01
9.959677457809448242e-01
9.959470033645629883e-01
9.987711310386657715e-01
9.990929365158081055e-01
9.996492266654968262e-01
9.976648092269897461e-01
9.966084361076354980e-01
9.973828792572021484e-01
9.960993528366088867e-01
9.988918900489807129e-01
9.954534769058227539e-01
9.961771965026855469e-01
9.918954372406005859e-01
9.988619089126586914e-01
9.963830709457397461e-01
9.999477267265319824e-01
9.969218969345092773e-01
9.987055659294128418e-01
9.974994063377380371e-01
9.985751509666442871e-01
9.859853982925415039e-01
9.947649836540222168e-01
9.969329237937927246e-01
9.771132469177246094e-01
9.980105161666870117e-01
9.977381825447082520e-01
9.934797883033752441e-01
9.965296983718872070e-01
9.902029037475585938e-01
9.963672757148742676e-01
9.993094801902770996e-01
9.982592463493347168e-01
9.994407296180725098e-01
9.924646019935607910e-01
9.968858957290649414e-01
9.908457398414611816e-01
9.808395504951477051e-01
9.887207746505737305e-01
9.995447397232055664e-01
9.963333606719970703e-01
9.996609091758728027e-01
9.954139590263366699e-01
9.946897029876708984e-01
9.934003353118896484e-01
9.995202422142028809e-01
9.994061589241027832e-01
9.937608242034912109e-01
9.988679289817810059e-01
9.779365062713623047e-01
9.959158897399902344e-01
9.948731660842895508e-01
9.953194260597229004e-01
9.979300498962402344e-01
9.995485544204711914e-01
9.998995065689086914e-01
9.812223315238952637e-01
9.918141365051269531e-01
9.954968094825744629e-01
9.932448267936706543e-01
9.954810738563537598e-01
9.976115822792053223e-01
9.984086155891418457e-01
9.922322034835815430e-01
9.974106550216674805e-01
9.993374347686767578e-01
9.984581470489501953e-01
9.986349940299987793e-01
9.985665082931518555e-01
9.924868941307067871e-01
9.990652799606323242e-01
9.983699321746826172e-01
9.970561861991882324e-01
9.911448359489440918e-01
9.977452158927917480e-01
9.963978528976440430e-01
9.967048764228820801e-01
9.964832067489624023e-01
9.994480013847351074e-01
9.974904656410217285e-01
9.710226058959960938e-01
9.930168986320495605e-01
9.985041618347167969e-01
9.906420111656188965e-01
9.988184571266174316e-01
9.947885274887084961e-01
9.985145330429077148e-01
9.986329078674316406e-01
9.999554753303527832e-01
9.970718622207641602e-01
9.998961091041564941e-01
9.941849112510681152e-01
9.977743029594421387e-01
9.962858557701110840e-01
9.939815402030944824e-01
9.928752183914184570e-01
9.922232627868652344e-01
9.987305402755737305e-01
9.982507824897766113e-01
9.981358051300048828e-01
9.963864684104919434e-01
9.905967116355895996e-01
9.930891990661621094e-01
9.963134527206420898e-01
9.995571374893188477e-01
9.956580400466918945e-01
9.966331720352172852e-01
9.884540438652038574e-01
9.941458702087402344e-01
9.950633049011230469e-01
9.993068575859069824e-01
9.988057613372802734e-01
9.961796998977661133e-01
9.972108006477355957e-01
9.976031780242919922e-01
9.992285370826721191e-01
9.982109665870666504e-01
9.979541897773742676e-01
9.995712041854858398e-01
9.993225932121276855e-01
9.992541074752807617e-01
9.990332722663879395e-01
9.952758550643920898e-01
9.804871082305908203e-01
9.954217672348022461e-01
9.967182874679565430e-01
9.918493032455444336e-01
9.908510446548461914e-01
9.985894560813903809e-01
9.939504265785217285e-01
9.964180588722229004e-01
9.977281689643859863e-01
9.985564351081848145e-01
9.996479749679565430e-01
9.976422786712646484e-01
9.989194273948669434e-01
9.800189733505249023e-01
9.987663030624389648e-01
9.968158602714538574e-01
9.915031194686889648e-01
9.940491914749145508e-01
9.948768019676208496e-01
9.932686686515808105e-01
9.963022470474243164e-01
9.967602491378784180e-01
9.976860284805297852e-01
9.990364909172058105e-01
9.954338073730468750e-01
9.965930581092834473e-01
9.963036179542541504e-01
9.988920092582702637e-01
9.938620328903198242e-01
9.890089035034179688e-01
9.951974153518676758e-01
9.975911974906921387e-01
9.898350834846496582e-01
9.995270371437072754e-01
9.982620477676391602e-01
9.993226528167724609e-01
9.995461106300354004e-01
9.991368055343627930e-01
9.970090389251708984e-01
9.985833764076232910e-01
9.953796863555908203e-01
9.983573555946350098e-01
9.978727102279663086e-01
9.966203570365905762e-01
9.979870915412902832e-01
9.894027113914489746e-01
9.974775314331054688e-01
9.985158443450927734e-01
9.991203546524047852e-01
9.961572289466857910e-01
9.993306398391723633e-01
9.969552755355834961e-01
9.984042644500732422e-01
9.981268644332885742e-01
9.988428950309753418e-01
9.936436414718627930e-01
9.988538622856140137e-01
9.992672204971313477e-01
9.808300137519836426e-01
9.979768395423889160e-01
9.986469149589538574e-01
9.831718206405639648e-01
9.944142103195190430e-01
9.994796514511108398e-01
9.971145987510681152e-01
9.971255660057067871e-01
9.924991726875305176e-01
9.978889822959899902e-01
9.994964599609375000e-01
9.952918887138366699e-01
9.966603517532348633e-01
9.979966878890991211e-01
9.974094629287719727e-01
9.974064230918884277e-01
9.852345585823059082e-01
9.991787672042846680e-01
9.993357658386230469e-01
9.995511770248413086e-01
9.993116259574890137e-01
9.952108860015869141e-01
9.952061176300048828e-01
9.976598024368286133e-01
9.889301657676696777e-01
9.988215565681457520e-01
9.886719584465026855e-01
9.952058196067810059e-01
9.899035096168518066e-01
9.990906119346618652e-01
9.998055696487426758e-01
9.981859326362609863e-01
9.951187968254089355e-01
9.907700419425964355e-01
9.927546381950378418e-01
9.962895512580871582e-01
9.934399724006652832e-01
9.992566704750061035e-01
9.966391324996948242e-01
9.831159710884094238e-01
9.972388148307800293e-01
9.979045987129211426e-01
9.928261041641235352e-01
9.980782866477966309e-01
9.949671626091003418e-01
9.960461854934692383e-01
9.787332415580749512e-01
9.893580675125122070e-01
9.992564320564270020e-01
9.992427825927734375e-01
9.954432249069213867e-01
9.967126250267028809e-01
9.965108633041381836e-01
9.979590177536010742e-01
9.917029738426208496e-01
9.950887560844421387e-01
9.966181516647338867e-01
9.918213486671447754e-01
9.993242025375366211e-01
9.969316720962524414e-01
9.988926053047180176e-01
9.995986819267272949e-01
9.988407492637634277e-01
9.991728067398071289e-01
9.991297721862792969e-01
9.996481537818908691e-01
9.860242009162902832e-01
9.992758631706237793e-01
9.842825531959533691e-01
9.985618591308593750e-01
9.981330037117004395e-01
9.993708133697509766e-01
9.985146522521972656e-01
9.993226528167724609e-01
9.995036721229553223e-01
9.975986480712890625e-01
9.975934028625488281e-01
9.954898953437805176e-01
9.979774951934814453e-01
9.978426694869995117e-01
9.849280118942260742e-01
9.928563237190246582e-01
9.974429011344909668e-01
9.997100234031677246e-01
9.931554794311523438e-01
9.931813478469848633e-01
9.887840151786804199e-01
9.979664683341979980e-01
9.978227019309997559e-01
9.966993331909179688e-01
9.980954527854919434e-01
9.904592633247375488e-01
9.976859092712402344e-01
9.976558089256286621e-01
9.980612993240356445e-01
9.953442811965942383e-01
9.961069822311401367e-01
9.944608807563781738e-01
9.994956254959106445e-01
9.943428039550781250e-01
9.998740553855895996e-01
9.978247284889221191e-01
9.870936274528503418e-01
9.947366714477539062e-01
9.974306821823120117e-01
9.996191263198852539e-01
9.974645376205444336e-01
9.990267157554626465e-01
9.973637461662292480e-01
9.929083585739135742e-01
9.980084896087646484e-01
9.954456090927124023e-01
9.980775713920593262e-01
9.973559975624084473e-01
9.971917867660522461e-01
9.980610609054565430e-01
9.978629946708679199e-01
9.932590126991271973e-01
9.968118667602539062e-01
9.918550848960876465e-01
9.970042109489440918e-01
9.953541755676269531e-01
9.979996085166931152e-01
9.943277239799499512e-01
9.968066215515136719e-01
9.955775141716003418e-01
9.906672239303588867e-01
9.990839958190917969e-01
9.976580142974853516e-01
9.983907341957092285e-01
9.977559447288513184e-01
9.993958473205566406e-01
9.945730566978454590e-01
9.968171715736389160e-01
9.979041218757629395e-01
9.945132136344909668e-01
9.998834133148193359e-01
9.950351119041442871e-01
9.968467354774475098e-01
9.992625713348388672e-01
9.991145133972167969e-01
9.982657432556152344e-01
9.974574446678161621e-01
9.891602993011474609e-01
9.968583583831787109e-01
9.984739422798156738e-01
9.975466132164001465e-01
9.913499355316162109e-01
9.999763965606689453e-01
9.819332957267761230e-01
9.930568933486938477e-01
9.878302812576293945e-01
9.984725117683410645e-01
9.844854474067687988e-01
9.949008226394653320e-01
9.943718910217285156e-01
9.754063487052917480e-01
9.816620945930480957e-01
9.982876777648925781e-01
9.988719224929809570e-01
9.984847903251647949e-01
9.987260103225708008e-01
9.989520907402038574e-01
9.925408363342285156e-01
9.996594786643981934e-01
9.987229704856872559e-01
9.959794282913208008e-01
9.985268115997314453e-01
9.957867264747619629e-01
9.985868930816650391e-01
9.990923404693603516e-01
9.973976016044616699e-01
9.958721995353698730e-01
9.985209703445434570e-01
9.988143444061279297e-01
9.927781820297241211e-01
9.981403350830078125e-01
9.999131560325622559e-01
9.991702437400817871e-01
9.957002401351928711e-01
9.963427782058715820e-01
9.964285492897033691e-01
9.880410432815551758e-01
9.967997670173645020e-01
9.992599487304687500e-01
9.992583990097045898e-01
9.852306842803955078e-01
9.991701245307922363e-01
9.974477291107177734e-01
9.888888597488403320e-01
9.969947338104248047e-01
9.981515407562255859e-01
9.842096567153930664e-01
9.973491430282592773e-01
9.964033961296081543e-01
9.844093918800354004e-01
9.939032793045043945e-01
9.955899119377136230e-01
9.908455610275268555e-01
9.996410608291625977e-01
9.936489462852478027e-01
9.974029660224914551e-01
9.980648159980773926e-01
9.939219951629638672e-01
9.969448447227478027e-01
9.993643164634704590e-01
9.953757524490356445e-01
9.967520833015441895e-01
9.994907379150390625e-01
9.987771511077880859e-01
9.944491386413574219e-01
9.965283274650573730e-01
9.952584505081176758e-01
9.977632164955139160e-01
9.994381666183471680e-01
9.952647686004638672e-01
9.977506995201110840e-01
9.984944462776184082e-01
9.993169307708740234e-01
9.987422227859497070e-01
9.986150860786437988e-01
9.973719120025634766e-01
9.969289898872375488e-01
9.974570870399475098e-01
9.954662322998046875e-01
9.990016818046569824e-01
9.963017702102661133e-01
9.935620427131652832e-01
9.953170418739318848e-01
9.965015053749084473e-01
9.977704882621765137e-01
9.899796247482299805e-01
9.985821247100830078e-01
9.970949888229370117e-01
9.984395503997802734e-01
9.993259310722351074e-01
9.956169724464416504e-01
9.965535402297973633e-01
9.998203516006469727e-01
9.953218102455139160e-01
9.949518442153930664e-01
9.982685446739196777e-01
9.992626309394836426e-01
9.961162209510803223e-01
9.986283779144287109e-01
9.957764148712158203e-01
9.908778071403503418e-01
9.979494810104370117e-01
9.877402186393737793e-01
9.990692734718322754e-01
9.981067180633544922e-01
9.766364097595214844e-01
9.918765425682067871e-01
9.989787936210632324e-01
9.905638098716735840e-01
9.940266609191894531e-01
9.995790719985961914e-01
9.924954771995544434e-01
9.993866682052612305e-01
9.968066811561584473e-01
9.985260367393493652e-01
9.950345158576965332e-01
9.993864893913269043e-01
9.980776309967041016e-01
9.987900853157043457e-01
9.879633784294128418e-01
9.852830171585083008e-01
9.983924031257629395e-01
9.892724752426147461e-01
9.955744147300720215e-01
9.991682171821594238e-01
9.987300634384155273e-01
9.884636998176574707e-01
9.992559552192687988e-01
9.905948638916015625e-01
9.989188909530639648e-01
9.987947940826416016e-01
9.957870841026306152e-01
9.968619942665100098e-01
9.981576800346374512e-01
9.998617172241210938e-01
9.910614490509033203e-01
9.939254522323608398e-01
9.991929531097412109e-01
9.993713498115539551e-01
9.979832172393798828e-01
9.987151026725769043e-01
9.968754053115844727e-01
9.993001818656921387e-01
9.642347097396850586e-01
9.977701902389526367e-01
9.990010857582092285e-01
9.985333085060119629e-01
9.974378347396850586e-01
9.991220235824584961e-01
9.993590116500854492e-01
9.985778331756591797e-01
9.984133839607238770e-01
9.994426965713500977e-01
9.992527365684509277e-01
9.989636540412902832e-01
9.900034070014953613e-01
9.998279809951782227e-01
9.953601360321044922e-01
9.988808631896972656e-01
9.860461950302124023e-01
9.978417754173278809e-01
9.977324604988098145e-01
9.982975125312805176e-01
9.988999366760253906e-01
9.979051947593688965e-01
9.981246590614318848e-01
9.993987083435058594e-01
9.843721389770507812e-01
9.971449375152587891e-01
9.987997412681579590e-01
9.987906813621520996e-01
9.992707967758178711e-01
9.975920915603637695e-01
9.973703622817993164e-01
9.984202384948730469e-01
9.939464926719665527e-01
9.986870884895324707e-01
9.968401193618774414e-01
9.966205358505249023e-01
9.938936829566955566e-01
9.484992623329162598e-01
9.899729490280151367e-01
9.956228137016296387e-01
9.894579648971557617e-01
9.991534948348999023e-01
9.979354739189147949e-01
9.994790554046630859e-01
9.850831031799316406e-01
