9.723484516143798828e-01
9.970329403877258301e-01
9.962891340255737305e-01
9.936048388481140137e-01
9.961594343185424805e-01
9.811850786209106445e-01
9.926422238349914551e-01
9.700327515602111816e-01
9.958525300025939941e-01
9.989127516746520996e-01
9.879376888275146484e-01
9.993115663528442383e-01
9.934050440788269043e-01
9.993215799331665039e-01
9.916023015975952148e-01
9.947143197059631348e-01
9.983566403388977051e-01
9.977674484252929688e-01
9.988825917243957520e-01
9.798435568809509277e-01
9.995539784431457520e-01
9.960610270500183105e-01
9.988890886306762695e-01
9.989372491836547852e-01
9.998548626899719238e-01
9.969450831413269043e-01
9.944438338279724121e-01
9.973177909851074219e-01
9.999263882637023926e-01
9.996100664138793945e-01
9.954894185066223145e-01
9.975821375846862793e-01
9.987939000129699707e-01
9.948430061340332031e-01
9.967337250709533691e-01
9.991672039031982422e-01
9.986118078231811523e-01
9.967533946037292480e-01
9.927034378051757812e-01
9.965474605560302734e-01
9.968296885490417480e-01
9.993619918823242188e-01
9.981892704963684082e-01
9.976282119750976562e-01
9.985962510108947754e-01
9.997324347496032715e-01
9.958727359771728516e-01
9.686200022697448730e-01
9.979839920997619629e-01
9.828392267227172852e-01
9.914346337318420410e-01
9.955054521560668945e-01
9.933944344520568848e-01
9.980499744415283203e-01
9.999372363090515137e-01
9.985101222991943359e-01
9.964345097541809082e-01
9.978192448616027832e-01
9.979177117347717285e-01
9.996240139007568359e-01
9.893418550491333008e-01
9.939119219779968262e-01
9.945076704025268555e-01
9.964432120323181152e-01
9.986249208450317383e-01
9.966959357261657715e-01
9.893245697021484375e-01
9.993638396263122559e-01
9.993820190429687500e-01
9.746594429016113281e-01
9.911919832229614258e-01
9.995694756507873535e-01
9.986103177070617676e-01
9.963932633399963379e-01
9.881580471992492676e-01
9.938851594924926758e-01
9.965489506721496582e-01
9.993979334831237793e-01
9.988213181495666504e-01
9.999043345451354980e-01
9.782502055168151855e-01
9.912410974502563477e-01
9.962471127510070801e-01
9.993730783462524414e-01
9.977257251739501953e-01
9.944061636924743652e-01
9.997586011886596680e-01
9.876609444618225098e-01
9.949575066566467285e-01
9.963034391403198242e-01
9.981507658958435059e-01
9.964905977249145508e-01
9.986428618431091309e-01
9.990662932395935059e-01
9.803238511085510254e-01
9.922570586204528809e-01
9.978361129760742188e-01
9.965616464614868164e-01
9.987788796424865723e-01
9.976543784141540527e-01
9.895347356796264648e-01
9.972072839736938477e-01
9.900225400924682617e-01
9.991632699966430664e-01
9.999932646751403809e-01
9.983653426170349121e-01
9.987632036209106445e-01
9.985913038253784180e-01
9.991363286972045898e-01
9.935222864151000977e-01
9.994741678237915039e-01
9.940174221992492676e-01
9.935331940650939941e-01
9.946553111076354980e-01
9.980849623680114746e-01
9.950597286224365234e-01
9.941082596778869629e-01
9.990736842155456543e-01
9.967905282974243164e-01
9.985334873199462891e-01
9.989672303199768066e-01
9.950414896011352539e-01
9.987378716468811035e-01
9.983427524566650391e-01
9.913704991340637207e-01
9.907309412956237793e-01
9.885302186012268066e-01
9.961104989051818848e-01
9.987499117851257324e-01
9.989329576492309570e-01
9.988020658493041992e-01
9.979553222656250000e-01
9.989327788352966309e-01
9.972301721572875977e-01
9.993736147880554199e-01
9.983633160591125488e-01
9.975737333297729492e-01
9.969947338104248047e-01
9.991932511329650879e-01
9.974491596221923828e-01
9.937510490417480469e-01
9.993160963058471680e-01
9.978058934211730957e-01
9.997261166572570801e-01
9.966260790824890137e-01
9.945458173751831055e-01
9.639805555343627930e-01
9.992993474006652832e-01
9.966073632240295410e-01
9.935928583145141602e-01
9.917958974838256836e-01
9.983505010604858398e-01
9.996572732925415039e-01
9.870023131370544434e-01
9.933748841285705566e-01
9.971328973770141602e-01
9.970607161521911621e-01
9.996509552001953125e-01
9.978643059730529785e-01
9.999840259552001953e-01
9.974587559700012207e-01
9.952521324157714844e-01
9.700980186462402344e-01
9.940969347953796387e-01
9.965774416923522949e-01
9.959207773208618164e-01
9.985499382019042969e-01
9.870312809944152832e-01
9.959227442741394043e-01
9.988793134689331055e-01
9.984026551246643066e-01
9.997770190238952637e-01
9.993069767951965332e-01
9.969126582145690918e-01
9.935176968574523926e-01
9.953484535217285156e-01
9.989278912544250488e-01
9.978783726692199707e-01
9.986607432365417480e-01
9.976572990417480469e-01
9.982229471206665039e-01
9.924263358116149902e-01
9.981084465980529785e-01
9.979646801948547363e-01
9.980741143226623535e-01
9.975933432579040527e-01
9.907000064849853516e-01
9.940748214721679688e-01
9.987642168998718262e-01
9.991132020950317383e-01
9.930626749992370605e-01
9.962747097015380859e-01
9.910345673561096191e-01
9.914224147796630859e-01
9.967806935310363770e-01
9.992749691009521484e-01
9.983715415000915527e-01
9.989926815032958984e-01
9.971028566360473633e-01
9.980860948562622070e-01
9.984655380249023438e-01
9.986084103584289551e-01
9.985151290893554688e-01
9.960612654685974121e-01
9.980052709579467773e-01
9.978861808776855469e-01
9.998241662979125977e-01
9.986267089843750000e-01
9.973881840705871582e-01
9.994538426399230957e-01
9.978979229927062988e-01
9.948022365570068359e-01
9.973350167274475098e-01
9.964368343353271484e-01
9.896732568740844727e-01
9.986495971679687500e-01
9.991415739059448242e-01
9.976582527160644531e-01
9.963433742523193359e-01
9.954537153244018555e-01
9.961622357368469238e-01
9.977753758430480957e-01
9.955374598503112793e-01
9.957963228225708008e-01
9.991242289543151855e-01
9.981452822685241699e-01
9.983294010162353516e-01
9.982694983482360840e-01
9.985050559043884277e-01
9.950675368309020996e-01
9.894605875015258789e-01
9.983059167861938477e-01
9.979919195175170898e-01
9.946403503417968750e-01
9.775648117065429688e-01
9.942207336425781250e-01
9.985105991363525391e-01
9.897120594978332520e-01
9.931889176368713379e-01
9.980368614196777344e-01
9.974803924560546875e-01
9.997861981391906738e-01
9.520714282989501953e-01
9.866964817047119141e-01
9.979557394981384277e-01
9.988992214202880859e-01
9.929696321487426758e-01
9.969642162322998047e-01
9.977426528930664062e-01
9.912554025650024414e-01
9.947960972785949707e-01
9.953431487083435059e-01
9.993432164192199707e-01
9.901876449584960938e-01
9.981318712234497070e-01
9.922122359275817871e-01
9.979884624481201172e-01
9.991437196731567383e-01
9.946968555450439453e-01
9.977024793624877930e-01
9.712054729461669922e-01
9.992269277572631836e-01
9.932854175567626953e-01
9.862533807754516602e-01
9.991427659988403320e-01
9.937493205070495605e-01
9.975774288177490234e-01
9.978997111320495605e-01
9.991778731346130371e-01
9.933310747146606445e-01
9.973534941673278809e-01
9.988852143287658691e-01
9.992609620094299316e-01
9.967203140258789062e-01
9.992163181304931641e-01
9.978467822074890137e-01
9.950619339942932129e-01
9.966006875038146973e-01
9.946906566619873047e-01
9.963113665580749512e-01
9.952426552772521973e-01
9.954325556755065918e-01
9.972882270812988281e-01
9.987199902534484863e-01
9.816918373107910156e-01
9.988878965377807617e-01
9.951269626617431641e-01
9.984939098358154297e-01
9.913982152938842773e-01
9.976438283920288086e-01
9.995756745338439941e-01
9.990862011909484863e-01
9.989641308784484863e-01
9.939054846763610840e-01
9.938068985939025879e-01
9.963394403457641602e-01
9.995250105857849121e-01
9.999117851257324219e-01
9.989046454429626465e-01
9.966153502464294434e-01
9.947420358657836914e-01
9.940923452377319336e-01
9.918926358222961426e-01
9.991579651832580566e-01
9.744062423706054688e-01
9.970123171806335449e-01
9.981803894042968750e-01
9.945271015167236328e-01
9.939534664154052734e-01
9.975798130035400391e-01
9.873592257499694824e-01
9.943176507949829102e-01
9.898222684860229492e-01
9.962762594223022461e-01
9.985535144805908203e-01
9.961542487144470215e-01
9.970770478248596191e-01
9.987152814865112305e-01
9.993213415145874023e-01
9.881366491317749023e-01
9.993739724159240723e-01
9.998535513877868652e-01
9.835320115089416504e-01
9.875909686088562012e-01
9.933085441589355469e-01
9.971023201942443848e-01
9.966797232627868652e-01
9.990503787994384766e-01
9.986149668693542480e-01
9.995153546333312988e-01
9.771139621734619141e-01
9.973052740097045898e-01
9.865218997001647949e-01
9.999527335166931152e-01
9.979526996612548828e-01
9.982700943946838379e-01
9.979311227798461914e-01
9.979624152183532715e-01
9.961641430854797363e-01
9.994513392448425293e-01
9.981215596199035645e-01
9.837792515754699707e-01
9.973662495613098145e-01
9.874405264854431152e-01
9.969161748886108398e-01
9.910641312599182129e-01
9.936564564704895020e-01
9.986529946327209473e-01
9.974201321601867676e-01
9.899693727493286133e-01
9.953410625457763672e-01
9.991425871849060059e-01
9.990938305854797363e-01
9.974107146263122559e-01
9.970364570617675781e-01
9.757196307182312012e-01
9.992606043815612793e-01
9.994173049926757812e-01
9.958973526954650879e-01
9.962152838706970215e-01
9.987384080886840820e-01
9.948434233665466309e-01
9.941335916519165039e-01
9.986223578453063965e-01
9.991684556007385254e-01
9.937184453010559082e-01
9.998923540115356445e-01
9.859884381294250488e-01
9.994074106216430664e-01
9.999308586120605469e-01
9.924872517585754395e-01
9.997061491012573242e-01
9.973506331443786621e-01
9.989653229713439941e-01
9.980167150497436523e-01
9.967225790023803711e-01
9.988003373146057129e-01
9.991899132728576660e-01
9.959459900856018066e-01
9.970689415931701660e-01
9.996954202651977539e-01
9.988781213760375977e-01
9.940553307533264160e-01
9.968975186347961426e-01
9.991861581802368164e-01
9.964192509651184082e-01
9.974260926246643066e-01
9.990831017494201660e-01
9.870450496673583984e-01
9.928618073463439941e-01
9.972261786460876465e-01
9.937822222709655762e-01
9.995049834251403809e-01
9.940584301948547363e-01
9.989858269691467285e-01
9.985271096229553223e-01
9.977597594261169434e-01
9.981713891029357910e-01
9.869642257690429688e-01
9.914383888244628906e-01
9.909607172012329102e-01
9.965347647666931152e-01
9.967569708824157715e-01
9.991968274116516113e-01
9.985432028770446777e-01
9.965876936912536621e-01
9.960142374038696289e-01
9.938752055168151855e-01
9.928320646286010742e-01
9.930135011672973633e-01
9.974164366722106934e-01
9.971341490745544434e-01
9.985349178314208984e-01
9.941675662994384766e-01
9.960930943489074707e-01
9.971457719802856445e-01
9.993391633033752441e-01
9.368070960044860840e-01
9.980197548866271973e-01
9.887154698371887207e-01
9.963074922561645508e-01
9.964595437049865723e-01
9.989227652549743652e-01
9.992293715476989746e-01
9.938248991966247559e-01
9.970467090606689453e-01
9.983596205711364746e-01
9.993095397949218750e-01
9.951481819152832031e-01
9.895452857017517090e-01
9.985997676849365234e-01
9.980862140655517578e-01
9.979274272918701172e-01
9.975430965423583984e-01
9.988960623741149902e-01
9.944223761558532715e-01
9.974937438964843750e-01
9.985836148262023926e-01
9.963326454162597656e-01
9.990460276603698730e-01
9.946919083595275879e-01
9.988378882408142090e-01
9.993990659713745117e-01
9.976314306259155273e-01
9.965160489082336426e-01
9.996730089187622070e-01
9.990925788879394531e-01
9.946866035461425781e-01
9.883050918579101562e-01
9.979360699653625488e-01
9.967622160911560059e-01
9.973576068878173828e-01
9.999516010284423828e-01
9.988495707511901855e-01
9.974279999732971191e-01
9.985731840133666992e-01
9.934443235397338867e-01
9.994723796844482422e-01
9.985275268554687500e-01
9.999132156372070312e-01
9.996035099029541016e-01
9.950364828109741211e-01
9.997323155403137207e-01
9.999509453773498535e-01
9.999434351921081543e-01
9.856272935867309570e-01
9.961147308349609375e-01
9.989215135574340820e-01
9.888101220130920410e-01
9.997358918190002441e-01
9.954757094383239746e-01
9.995160102844238281e-01
9.996803998947143555e-01
9.993439316749572754e-01
9.979138970375061035e-01
9.987819194793701172e-01
9.911679029464721680e-01
9.981978535652160645e-01
9.940776824951171875e-01
9.981386065483093262e-01
9.990785121917724609e-01
9.978600144386291504e-01
9.912697672843933105e-01
9.945824742317199707e-01
9.995879530906677246e-01
9.919072389602661133e-01
9.946090579032897949e-01
9.997032880783081055e-01
9.951862096786499023e-01
9.993857145309448242e-01
9.990644454956054688e-01
9.977323412895202637e-01
9.991123080253601074e-01
9.953146576881408691e-01
9.928919076919555664e-01
9.940478801727294922e-01
9.986468553543090820e-01
9.986363053321838379e-01
9.971092343330383301e-01
9.824420213699340820e-01
9.975358843803405762e-01
9.988600015640258789e-01
9.947734475135803223e-01
9.955985546112060547e-01
9.967792630195617676e-01
9.997017383575439453e-01
9.872677326202392578e-01
9.999335408210754395e-01
9.992622137069702148e-01
9.972329735755920410e-01
9.996131658554077148e-01
9.979869127273559570e-01
9.920152425765991211e-01
9.945988059043884277e-01
9.986191391944885254e-01
9.939566850662231445e-01
9.948804974555969238e-01
9.960648417472839355e-01
9.912770390510559082e-01
9.879267215728759766e-01
9.988880753517150879e-01
9.947315454483032227e-01
9.924513101577758789e-01
9.960667490959167480e-01
9.986237287521362305e-01
9.977797269821166992e-01
9.989979267120361328e-01
9.913269877433776855e-01
9.952023625373840332e-01
9.965092539787292480e-01
9.898630976676940918e-01
9.963443875312805176e-01
9.956436157226562500e-01
9.996756315231323242e-01
9.957953691482543945e-01
9.978888034820556641e-01
9.958158135414123535e-01
9.914718270301818848e-01
9.973646402359008789e-01
9.998971223831176758e-01
9.964727163314819336e-01
9.986626505851745605e-01
9.936612844467163086e-01
9.987228512763977051e-01
9.959428906440734863e-01
9.980992078781127930e-01
9.990270733833312988e-01
9.968475103378295898e-01
9.928905367851257324e-01
9.957898855209350586e-01
9.967136383056640625e-01
9.960649013519287109e-01
9.998041391372680664e-01
9.952717423439025879e-01
9.984353184700012207e-01
9.986686706542968750e-01
9.998034238815307617e-01
9.957063794136047363e-01
9.842913746833801270e-01
9.969502687454223633e-01
9.973217844963073730e-01
9.938945174217224121e-01
9.978338479995727539e-01
9.880363345146179199e-01
9.990983009338378906e-01
9.991300702095031738e-01
9.984388351440429688e-01
9.990978837013244629e-01
9.949792027473449707e-01
9.990763068199157715e-01
9.973285794258117676e-01
9.945442080497741699e-01
9.995830059051513672e-01
9.990818500518798828e-01
9.954600334167480469e-01
9.990521669387817383e-01
9.980751276016235352e-01
9.996277689933776855e-01
9.921506047248840332e-01
9.970133304595947266e-01
9.956781864166259766e-01
9.965369105339050293e-01
9.965886473655700684e-01
9.984066486358642578e-01
9.996557831764221191e-01
9.878337383270263672e-01
9.876263737678527832e-01
9.986801147460937500e-01
9.987485408782958984e-01
9.761759638786315918e-01
9.992767572402954102e-01
9.992816448211669922e-01
9.945831298828125000e-01
9.983360171318054199e-01
9.983966946601867676e-01
9.987376332283020020e-01
9.994800090789794922e-01
9.934404492378234863e-01
9.995095133781433105e-01
9.973482489585876465e-01
9.974004030227661133e-01
9.864678382873535156e-01
9.975697994232177734e-01
9.985697865486145020e-01
9.993525743484497070e-01
9.970413446426391602e-01
9.911919832229614258e-01
9.984391331672668457e-01
9.979579448699951172e-01
9.997122287750244141e-01
9.917619824409484863e-01
9.963213801383972168e-01
9.886888265609741211e-01
9.934716224670410156e-01
9.992461204528808594e-01
9.994438886642456055e-01
9.996236562728881836e-01
9.805595278739929199e-01
9.997948408126831055e-01
9.967557787895202637e-01
9.971901178359985352e-01
9.919940829277038574e-01
9.976981878280639648e-01
9.974701404571533203e-01
9.954786896705627441e-01
9.988570809364318848e-01
9.990320205688476562e-01
9.975689053535461426e-01
9.996056556701660156e-01
9.994003176689147949e-01
9.986953735351562500e-01
9.965655207633972168e-01
9.922502636909484863e-01
9.998407363891601562e-01
9.982377290725708008e-01
9.962447881698608398e-01
9.956893920898437500e-01
9.982348680496215820e-01
9.986660480499267578e-01
9.985834360122680664e-01
9.969980120658874512e-01
9.978661537170410156e-01
9.988987445831298828e-01
9.918228983879089355e-01
9.999222755432128906e-01
9.955824017524719238e-01
9.579912424087524414e-01
9.981384277343750000e-01
9.845448136329650879e-01
9.986403584480285645e-01
9.969862103462219238e-01
9.986771941184997559e-01
9.966964125633239746e-01
9.974946975708007812e-01
9.931846857070922852e-01
9.976457357406616211e-01
9.973742365837097168e-01
9.977325201034545898e-01
9.970754981040954590e-01
9.970504045486450195e-01
9.969630837440490723e-01
9.992682933807373047e-01
9.988551735877990723e-01
9.976076483726501465e-01
9.923650026321411133e-01
9.992569684982299805e-01
9.999207258224487305e-01
9.990699291229248047e-01
9.986084103584289551e-01
9.971591234207153320e-01
9.990947246551513672e-01
9.993219375610351562e-01
9.977291226387023926e-01
9.960141181945800781e-01
9.993367195129394531e-01
9.981986880302429199e-01
9.911341667175292969e-01
9.973769187927246094e-01
9.967141747474670410e-01
9.988721013069152832e-01
9.932264685630798340e-01
9.975577592849731445e-01
9.955304861068725586e-01
9.961951375007629395e-01
9.992635846138000488e-01
9.894098639488220215e-01
9.972680807113647461e-01
9.998121261596679688e-01
9.923686981201171875e-01
9.972857832908630371e-01
9.991908669471740723e-01
9.961332678794860840e-01
9.967458844184875488e-01
9.954293370246887207e-01
9.917274117469787598e-01
9.896982312202453613e-01
9.984790682792663574e-01
9.987097382545471191e-01
9.907929301261901855e-01
9.952964782714843750e-01
9.973375797271728516e-01
9.976766109466552734e-01
9.923457503318786621e-01
9.988466501235961914e-01
9.971476793289184570e-01
9.955788254737854004e-01
9.962528944015502930e-01
9.972662925720214844e-01
9.987632632255554199e-01
9.953824281692504883e-01
9.994148015975952148e-01
9.999805092811584473e-01
9.956559538841247559e-01
9.943762421607971191e-01
9.977864623069763184e-01
9.963974356651306152e-01
9.984905719757080078e-01
9.981409907341003418e-01
9.941131472587585449e-01
9.983574748039245605e-01
9.987382292747497559e-01
9.977952837944030762e-01
9.983332157135009766e-01
9.997804164886474609e-01
9.655570983886718750e-01
9.970653057098388672e-01
9.993003606796264648e-01
9.963426589965820312e-01
9.991934895515441895e-01
9.994621872901916504e-01
9.993792176246643066e-01
9.970217943191528320e-01
9.982367157936096191e-01
9.979426264762878418e-01
9.975380897521972656e-01
9.907891750335693359e-01
9.981307387351989746e-01
9.962969422340393066e-01
9.990866780281066895e-01
9.989382028579711914e-01
9.972689151763916016e-01
9.971459507942199707e-01
9.992687106132507324e-01
9.968274831771850586e-01
9.989370703697204590e-01
9.989110827445983887e-01
9.971174597740173340e-01
9.960600733757019043e-01
9.884957075119018555e-01
9.984256625175476074e-01
9.972208738327026367e-01
9.915219545364379883e-01
9.988958239555358887e-01
9.944967031478881836e-01
9.977251291275024414e-01
9.987768530845642090e-01
9.974772930145263672e-01
9.931327104568481445e-01
9.997079372406005859e-01
9.933074116706848145e-01
9.924613237380981445e-01
9.988103508949279785e-01
9.993759989738464355e-01
9.974850416183471680e-01
9.731265902519226074e-01
9.952349066734313965e-01
9.985772371292114258e-01
9.819059371948242188e-01
9.990006685256958008e-01
9.979214668273925781e-01
9.989211559295654297e-01
9.961754083633422852e-01
9.949142932891845703e-01
9.993622303009033203e-01
9.902554154396057129e-01
9.953262209892272949e-01
9.947475194931030273e-01
9.904519319534301758e-01
9.977707266807556152e-01
9.966741800308227539e-01
9.976242184638977051e-01
9.918734431266784668e-01
9.971383810043334961e-01
9.997903704643249512e-01
9.904248118400573730e-01
9.995132684707641602e-01
9.882366657257080078e-01
9.987625479698181152e-01
9.962758421897888184e-01
9.965297579765319824e-01
9.993295669555664062e-01
9.997223019599914551e-01
9.958105087280273438e-01
9.989182949066162109e-01
9.920780062675476074e-01
9.988290071487426758e-01
9.999499320983886719e-01
9.973217844963073730e-01
9.993405938148498535e-01
9.979274868965148926e-01
9.966111183166503906e-01
9.996522665023803711e-01
9.957684874534606934e-01
9.911058545112609863e-01
9.971382617950439453e-01
9.965258240699768066e-01
9.971308708190917969e-01
9.954971075057983398e-01
9.973954558372497559e-01
9.966629147529602051e-01
9.952443242073059082e-01
9.950697422027587891e-01
9.992994666099548340e-01
9.997467398643493652e-01
9.896249175071716309e-01
9.962573051452636719e-01
9.736871123313903809e-01
9.906814098358154297e-01
9.981017112731933594e-01
9.953129291534423828e-01
9.989249706268310547e-01
9.990814924240112305e-01
9.980572462081909180e-01
9.996843338012695312e-01
9.876727461814880371e-01
9.939529299736022949e-01
9.890800714492797852e-01
9.981788992881774902e-01
9.943671822547912598e-01
9.993634223937988281e-01
9.974374771118164062e-01
9.988108277320861816e-01
9.897599816322326660e-01
9.960536360740661621e-01
9.976570606231689453e-01
9.961891770362854004e-01
9.990265965461730957e-01
9.968132972717285156e-01
9.961520433425903320e-01
9.972037076950073242e-01
9.988625645637512207e-01
9.994438886642456055e-01
9.989776015281677246e-01
9.996589422225952148e-01
9.999641180038452148e-01
9.944730997085571289e-01
9.970146417617797852e-01
9.989593625068664551e-01
9.969639182090759277e-01
9.954922795295715332e-01
9.977846145629882812e-01
9.977840185165405273e-01
9.970418810844421387e-01
9.988917112350463867e-01
9.987374544143676758e-01
9.971232414245605469e-01
9.968883395195007324e-01
9.994363784790039062e-01
9.993227720260620117e-01
9.992311000823974609e-01
9.982681870460510254e-01
9.970723986625671387e-01
9.972299337387084961e-01
9.970999360084533691e-01
9.986511468887329102e-01
9.987798929214477539e-01
9.985225796699523926e-01
9.879244565963745117e-01
9.922046065330505371e-01
9.941902756690979004e-01
9.953809380531311035e-01
9.962174296379089355e-01
9.990950226783752441e-01
9.934965372085571289e-01
9.847772121429443359e-01
9.985644817352294922e-01
9.993485212326049805e-01
9.983591437339782715e-01
9.932621717453002930e-01
9.918072819709777832e-01
9.976301193237304688e-01
9.985083341598510742e-01
9.982362389564514160e-01
9.948660731315612793e-01
9.986339211463928223e-01
9.959637522697448730e-01
9.996265769004821777e-01
9.987771511077880859e-01
9.938248991966247559e-01
9.992192983627319336e-01
9.991571903228759766e-01
9.946022033691406250e-01
9.955649375915527344e-01
9.910029172897338867e-01
9.992474913597106934e-01
9.999962449073791504e-01
9.983020424842834473e-01
9.996289014816284180e-01
9.969223141670227051e-01
9.977013468742370605e-01
9.962275028228759766e-01
9.925590753555297852e-01
9.987407326698303223e-01
9.937983155250549316e-01
9.995623230934143066e-01
9.857445955276489258e-01
9.982752203941345215e-01
9.945322871208190918e-01
9.976480007171630859e-01
9.983643293380737305e-01
9.943599700927734375e-01
9.978566765785217285e-01
9.972047805786132812e-01
9.977038502693176270e-01
9.991397261619567871e-01
9.913547635078430176e-01
9.983202815055847168e-01
9.951546788215637207e-01
9.981952309608459473e-01
9.990914463996887207e-01
9.994785189628601074e-01
9.968614578247070312e-01
9.943860173225402832e-01
9.976431131362915039e-01
9.977010488510131836e-01
9.982559680938720703e-01
9.975981116294860840e-01
9.955748915672302246e-01
9.989923238754272461e-01
9.995701909065246582e-01
9.990466833114624023e-01
9.908561706542968750e-01
9.981579780578613281e-01
9.928693175315856934e-01
9.983047246932983398e-01
9.844485521316528320e-01
9.987416863441467285e-01
9.925492405891418457e-01
9.980610013008117676e-01
9.989428520202636719e-01
9.895104765892028809e-01
9.988234639167785645e-01
9.781393408775329590e-01
9.981791973114013672e-01
9.995573759078979492e-01
9.959314465522766113e-01
9.931084513664245605e-01
9.960157871246337891e-01
9.954819679260253906e-01
9.889128804206848145e-01
9.995719790458679199e-01
9.988327622413635254e-01
9.987628459930419922e-01
9.976518750190734863e-01
9.924892187118530273e-01
9.982510805130004883e-01
9.995644688606262207e-01
9.836838841438293457e-01
9.998755455017089844e-01
9.993169307708740234e-01
9.994584321975708008e-01
9.998419284820556641e-01
9.961847662925720215e-01
9.967268705368041992e-01
9.973750710487365723e-01
9.932594895362854004e-01
9.995189309120178223e-01
9.937974214553833008e-01
9.993712306022644043e-01
9.958617091178894043e-01
9.991610050201416016e-01
9.982503056526184082e-01
9.998669624328613281e-01
9.947654008865356445e-01
9.968809485435485840e-01
9.980593323707580566e-01
9.990015029907226562e-01
9.996308088302612305e-01
9.999940395355224609e-01
9.971601366996765137e-01
9.948952198028564453e-01
9.991398453712463379e-01
9.980901479721069336e-01
9.963916540145874023e-01
9.982956647872924805e-01
9.963584542274475098e-01
9.964700341224670410e-01
9.978960156440734863e-01
9.972479343414306641e-01
9.938154220581054688e-01
9.962742924690246582e-01
9.932931661605834961e-01
9.997555613517761230e-01
9.989661574363708496e-01
9.991116523742675781e-01
9.991048574447631836e-01
9.989088177680969238e-01
9.983967542648315430e-01
9.987757205963134766e-01
9.991093873977661133e-01
9.906038045883178711e-01
9.992575049400329590e-01
9.975157380104064941e-01
9.859694242477416992e-01
9.955462813377380371e-01
9.972199201583862305e-01
9.954095482826232910e-01
9.886506795883178711e-01
9.989083409309387207e-01
9.943968653678894043e-01
9.985266327857971191e-01
9.997354745864868164e-01
9.848117232322692871e-01
9.914494752883911133e-01
9.983339905738830566e-01
9.982866644859313965e-01
9.992914795875549316e-01
9.924055933952331543e-01
9.999648332595825195e-01
9.983526468276977539e-01
9.956297874450683594e-01
9.989523887634277344e-01
9.959994554519653320e-01
9.971402287483215332e-01
9.978733658790588379e-01
9.969218969345092773e-01
9.962062835693359375e-01
9.991048574447631836e-01
9.981071949005126953e-01
9.947741031646728516e-01
9.966002106666564941e-01
9.982354044914245605e-01
9.971210956573486328e-01
9.996153712272644043e-01
9.849797487258911133e-01
9.957216382026672363e-01
9.967384934425354004e-01
9.935898184776306152e-01
9.973564147949218750e-01
9.986307621002197266e-01
9.981340765953063965e-01
9.975130558013916016e-01
9.966080784797668457e-01
9.968768358230590820e-01
9.990451931953430176e-01
9.990630149841308594e-01
9.975695610046386719e-01
9.989286065101623535e-01
9.998924136161804199e-01
9.991359114646911621e-01
9.967651367187500000e-01
9.978981018066406250e-01
9.993490576744079590e-01
9.992235302925109863e-01
9.992384314537048340e-01
9.908246994018554688e-01
9.984961152076721191e-01
9.972036480903625488e-01
9.987203478813171387e-01
9.973734617233276367e-01
9.992903470993041992e-01
9.969553351402282715e-01
9.971039891242980957e-01
9.969625473022460938e-01
9.964828491210937500e-01
9.983436465263366699e-01
9.986869692802429199e-01
9.981314539909362793e-01
9.991741776466369629e-01
9.864494204521179199e-01
9.991536736488342285e-01
9.965836405754089355e-01
9.986959099769592285e-01
9.974752068519592285e-01
9.984903335571289062e-01
9.981578588485717773e-01
9.969196319580078125e-01
9.958127140998840332e-01
9.962878227233886719e-01
9.967449903488159180e-01
9.998266100883483887e-01
9.991652965545654297e-01
9.969041347503662109e-01
9.992598295211791992e-01
9.998422861099243164e-01
9.979534149169921875e-01
9.986839294433593750e-01
9.809229969978332520e-01
9.962853789329528809e-01
9.997020959854125977e-01
9.900516271591186523e-01
9.993858337402343750e-01
9.952430725097656250e-01
9.979108572006225586e-01
9.991174936294555664e-01
9.973411560058593750e-01
9.882336258888244629e-01
9.981352090835571289e-01
9.998983740806579590e-01
9.995023608207702637e-01
9.992243647575378418e-01
9.997333884239196777e-01
9.980216622352600098e-01
9.994386434555053711e-01
9.978714585304260254e-01
9.948712587356567383e-01
9.884019494056701660e-01
9.987480044364929199e-01
9.934458136558532715e-01
9.985597133636474609e-01
9.981580972671508789e-01
9.989862442016601562e-01
9.936791658401489258e-01
9.971701502799987793e-01
9.967098832130432129e-01
9.984634518623352051e-01
9.993774294853210449e-01
9.983542561531066895e-01
9.955083727836608887e-01
9.947995543479919434e-01
9.995973706245422363e-01
9.979531168937683105e-01
9.989237189292907715e-01
9.979372024536132812e-01
9.995310902595520020e-01
9.950926303863525391e-01
9.996424913406372070e-01
9.949859380722045898e-01
9.994382858276367188e-01
9.938473105430603027e-01
9.958043098449707031e-01
9.999996423721313477e-01
9.961583614349365234e-01
9.885816574096679688e-01
9.942459464073181152e-01
9.980587363243103027e-01
9.957792162895202637e-01
9.954925775527954102e-01
9.942151904106140137e-01
9.949353933334350586e-01
9.923591613769531250e-01
9.986000061035156250e-01
9.907861948013305664e-01
9.989762306213378906e-01
9.962960481643676758e-01
9.977186918258666992e-01
9.956079721450805664e-01
9.985602498054504395e-01
9.956722855567932129e-01
9.962028264999389648e-01
9.982430338859558105e-01
9.985429644584655762e-01
9.450106620788574219e-01
9.958869218826293945e-01
9.983447194099426270e-01
9.984014630317687988e-01
9.971784353256225586e-01
9.962838888168334961e-01
9.959610104560852051e-01
9.989589452743530273e-01
9.984908699989318848e-01
9.979491829872131348e-01
9.910782575607299805e-01
9.938564300537109375e-01
9.993730187416076660e-01
9.988408684730529785e-01
9.960827231407165527e-01
9.961276054382324219e-01
9.941589832305908203e-01
9.929222464561462402e-01
9.986433982849121094e-01
9.991260170936584473e-01
9.953333735466003418e-01
9.931177496910095215e-01
9.983989000320434570e-01
9.971046447753906250e-01
9.791789054870605469e-01
9.952964782714843750e-01
9.688120484352111816e-01
9.982631802558898926e-01
9.959634542465209961e-01
9.946462512016296387e-01
9.966833591461181641e-01
9.969182014465332031e-01
9.990422129631042480e-01
9.927947521209716797e-01
9.970554709434509277e-01
9.962322115898132324e-01
9.960662722587585449e-01
9.907639622688293457e-01
9.923281073570251465e-01
9.942591786384582520e-01
9.990058541297912598e-01
9.996615648269653320e-01
9.986117482185363770e-01
9.952667355537414551e-01
9.941650629043579102e-01
9.980030059814453125e-01
9.986554980278015137e-01
9.989733099937438965e-01
9.981714487075805664e-01
9.983776211738586426e-01
9.994966387748718262e-01
9.982423782348632812e-01
9.936692118644714355e-01
9.985575079917907715e-01
9.989132285118103027e-01
9.895030260086059570e-01
9.994588494300842285e-01
9.992358684539794922e-01
9.952023029327392578e-01
9.940997958183288574e-01
9.880975484848022461e-01
9.956606030464172363e-01
9.981792569160461426e-01
9.985728859901428223e-01
9.937850236892700195e-01
9.986907839775085449e-01
9.983246326446533203e-01
9.883939027786254883e-01
9.936063885688781738e-01
9.947251081466674805e-01
9.979239702224731445e-01
9.961653947830200195e-01
9.993744492530822754e-01
9.999022483825683594e-01
9.980003833770751953e-01
9.908178448677062988e-01
9.961900115013122559e-01
9.954009056091308594e-01
9.990805387496948242e-01
9.955263137817382812e-01
9.927214384078979492e-01
9.988718032836914062e-01
9.994748234748840332e-01
9.890666604042053223e-01
9.986128807067871094e-01
9.963852763175964355e-01
9.989874958992004395e-01
9.954157471656799316e-01
9.955747127532958984e-01
9.996292591094970703e-01
9.990925788879394531e-01
9.918642044067382812e-01
9.992360472679138184e-01
9.981403350830078125e-01
9.952907562255859375e-01
9.987741112709045410e-01
9.955047965049743652e-01
9.982236027717590332e-01
9.971683025360107422e-01
9.905185103416442871e-01
9.947872161865234375e-01
9.998710751533508301e-01
9.973450303077697754e-01
9.945620298385620117e-01
9.968666434288024902e-01
9.989619255065917969e-01
9.974111914634704590e-01
9.983513951301574707e-01
9.979881048202514648e-01
9.989708662033081055e-01
9.929043650627136230e-01
9.986060261726379395e-01
9.925431013107299805e-01
9.891710281372070312e-01
9.999162554740905762e-01
9.982995390892028809e-01
9.975205063819885254e-01
9.968785643577575684e-01
9.917039871215820312e-01
9.998841285705566406e-01
9.963263869285583496e-01
9.999581575393676758e-01
9.999845027923583984e-01
9.952016472816467285e-01
9.971945881843566895e-01
9.988185763359069824e-01
9.924620389938354492e-01
9.980973601341247559e-01
9.976564049720764160e-01
9.925830364227294922e-01
9.886338114738464355e-01
9.981824755668640137e-01
9.991452693939208984e-01
9.985855817794799805e-01
9.928043484687805176e-01
9.821777939796447754e-01
9.964786171913146973e-01
9.944834709167480469e-01
9.968205690383911133e-01
9.987062215805053711e-01
9.989225268363952637e-01
9.964581131935119629e-01
9.932501316070556641e-01
9.983361363410949707e-01
9.989495873451232910e-01
9.963368177413940430e-01
9.857947230339050293e-01
9.971193671226501465e-01
9.944832324981689453e-01
9.895547628402709961e-01
9.990251064300537109e-01
9.962339401245117188e-01
9.930706620216369629e-01
9.654217362403869629e-01
9.990859031677246094e-01
9.949882626533508301e-01
9.897354245185852051e-01
9.990219473838806152e-01
9.986160993576049805e-01
9.970715641975402832e-01
9.902182817459106445e-01
9.956344962120056152e-01
9.904828071594238281e-01
9.960697293281555176e-01
9.924468398094177246e-01
9.730751514434814453e-01
9.784458279609680176e-01
9.956790208816528320e-01
9.965463876724243164e-01
9.935844540596008301e-01
9.943790435791015625e-01
9.990008473396301270e-01
9.945073127746582031e-01
9.996748566627502441e-01
9.991919994354248047e-01
9.988160729408264160e-01
9.927539229393005371e-01
9.906115531921386719e-01
9.949183464050292969e-01
9.983071088790893555e-01
9.914381504058837891e-01
9.994344115257263184e-01
