9.951838850975036621e-01
9.935474991798400879e-01
9.992927312850952148e-01
9.938635826110839844e-01
9.993402361869812012e-01
9.918696880340576172e-01
9.966503381729125977e-01
9.989704489707946777e-01
9.988170266151428223e-01
9.993048906326293945e-01
9.938644766807556152e-01
9.949746727943420410e-01
9.852415323257446289e-01
9.878706336021423340e-01
9.963027834892272949e-01
9.885054230690002441e-01
9.702191948890686035e-01
9.995075464248657227e-01
9.951552748680114746e-01
9.909595847129821777e-01
9.994184374809265137e-01
9.882081151008605957e-01
9.986401200294494629e-01
9.954756498336791992e-01
9.981024861335754395e-01
9.994244575500488281e-01
9.993951320648193359e-01
9.999670982360839844e-01
9.969942569732666016e-01
9.982565641403198242e-01
9.578395485877990723e-01
9.910802841186523438e-01
9.870060682296752930e-01
9.988781809806823730e-01
9.982175230979919434e-01
9.985153079032897949e-01
9.992428421974182129e-01
9.993360042572021484e-01
9.990100860595703125e-01
9.968109726905822754e-01
9.985258579254150391e-01
9.796890616416931152e-01
9.952301979064941406e-01
9.984164834022521973e-01
9.993365406990051270e-01
9.998357295989990234e-01
9.976645708084106445e-01
9.980185031890869141e-01
9.998167157173156738e-01
9.995389580726623535e-01
9.977885484695434570e-01
9.913466572761535645e-01
9.948093295097351074e-01
9.977914690971374512e-01
9.969322085380554199e-01
9.969807863235473633e-01
9.966040253639221191e-01
9.990589618682861328e-01
9.967891573905944824e-01
9.938669204711914062e-01
9.992066025733947754e-01
9.991481304168701172e-01
9.850606322288513184e-01
9.983214735984802246e-01
9.942718744277954102e-01
9.964170455932617188e-01
9.954044222831726074e-01
9.952862262725830078e-01
9.966616034507751465e-01
9.950977563858032227e-01
9.915958046913146973e-01
9.972101449966430664e-01
9.949285984039306641e-01
9.923682808876037598e-01
9.971315264701843262e-01
9.985139966011047363e-01
9.984367489814758301e-01
9.928330183029174805e-01
9.998069405555725098e-01
9.996198415756225586e-01
9.968131184577941895e-01
9.872548580169677734e-01
9.997372031211853027e-01
9.477510452270507812e-01
9.978693127632141113e-01
9.974758625030517578e-01
9.959006905555725098e-01
9.999341964721679688e-01
9.984918832778930664e-01
9.955337047576904297e-01
9.982268214225769043e-01
9.967845678329467773e-01
9.975509643554687500e-01
9.972419142723083496e-01
9.992091059684753418e-01
9.998912215232849121e-01
9.984982609748840332e-01
9.985176324844360352e-01
9.984610080718994141e-01
9.991168379783630371e-01
9.984922409057617188e-01
9.947488903999328613e-01
9.988795518875122070e-01
9.939909577369689941e-01
9.953428506851196289e-01
9.973688125610351562e-01
9.978722333908081055e-01
9.983916878700256348e-01
9.989696145057678223e-01
9.996499419212341309e-01
9.961992502212524414e-01
9.991523027420043945e-01
9.983626604080200195e-01
9.983296990394592285e-01
9.976918697357177734e-01
9.956408143043518066e-01
9.937339425086975098e-01
9.988077282905578613e-01
9.985831975936889648e-01
9.894917607307434082e-01
9.977871775627136230e-01
9.751679301261901855e-01
9.792950153350830078e-01
9.958072900772094727e-01
9.937441945075988770e-01
9.970712065696716309e-01
9.951298832893371582e-01
9.991313815116882324e-01
9.930557608604431152e-01
9.952829480171203613e-01
9.869201779365539551e-01
9.994736909866333008e-01
9.972088336944580078e-01
9.997874498367309570e-01
9.964073896408081055e-01
9.971704483032226562e-01
9.852695465087890625e-01
9.982873201370239258e-01
9.920876026153564453e-01
9.954277873039245605e-01
9.925028085708618164e-01
9.991812705993652344e-01
9.818688035011291504e-01
9.992170333862304688e-01
9.985951781272888184e-01
9.990930557250976562e-01
9.779898524284362793e-01
9.755224585533142090e-01
9.809650778770446777e-01
9.986402988433837891e-01
9.988958239555358887e-01
9.990147352218627930e-01
9.970129728317260742e-01
9.993906021118164062e-01
9.916823506355285645e-01
9.974798560142517090e-01
9.916217327117919922e-01
9.899182319641113281e-01
9.919157624244689941e-01
9.789299964904785156e-01
9.990802407264709473e-01
9.972410798072814941e-01
9.935125112533569336e-01
9.987525343894958496e-01
9.955044388771057129e-01
9.972816109657287598e-01
9.875763654708862305e-01
9.982076287269592285e-01
9.979432821273803711e-01
9.962861537933349609e-01
9.999626278877258301e-01
9.981991052627563477e-01
9.960407018661499023e-01
9.991210103034973145e-01
9.960921406745910645e-01
9.985458254814147949e-01
9.995437860488891602e-01
9.994281530380249023e-01
9.969327449798583984e-01
9.990359544754028320e-01
9.956154227256774902e-01
9.992767572402954102e-01
9.990616440773010254e-01
9.947609305381774902e-01
9.982540607452392578e-01
9.967278838157653809e-01
9.983431100845336914e-01
9.956902861595153809e-01
9.993155002593994141e-01
9.988126158714294434e-01
9.958426356315612793e-01
9.992354512214660645e-01
9.970967173576354980e-01
9.928050637245178223e-01
9.992427229881286621e-01
9.972415566444396973e-01
9.978057742118835449e-01
9.987866282463073730e-01
9.987249970436096191e-01
9.994633793830871582e-01
9.988613128662109375e-01
9.983936548233032227e-01
9.894441366195678711e-01
9.979994893074035645e-01
9.961798787117004395e-01
9.993193149566650391e-01
9.931095838546752930e-01
9.905985593795776367e-01
9.955178499221801758e-01
9.999545216560363770e-01
9.996948242187500000e-01
9.980707764625549316e-01
9.976700544357299805e-01
9.987233281135559082e-01
9.991541504859924316e-01
9.932865500450134277e-01
9.990491867065429688e-01
9.994929432868957520e-01
9.975917339324951172e-01
9.990803003311157227e-01
9.988946914672851562e-01
9.671995639801025391e-01
9.987213015556335449e-01
9.998890161514282227e-01
9.975910186767578125e-01
9.983917474746704102e-01
9.968590140342712402e-01
9.991131424903869629e-01
9.989641904830932617e-01
9.986767768859863281e-01
9.969390630722045898e-01
9.972215294837951660e-01
9.988315105438232422e-01
9.959204792976379395e-01
9.842401146888732910e-01
9.987027049064636230e-01
9.925836920738220215e-01
9.980826377868652344e-01
9.979647397994995117e-01
9.966066479682922363e-01
9.971257448196411133e-01
9.983094334602355957e-01
9.971306920051574707e-01
9.964794516563415527e-01
9.987379908561706543e-01
9.985828995704650879e-01
9.995564222335815430e-01
9.921941161155700684e-01
9.953384995460510254e-01
9.987545013427734375e-01
9.974711537361145020e-01
9.998689293861389160e-01
9.985193014144897461e-01
9.988651871681213379e-01
9.958762526512145996e-01
9.927391409873962402e-01
9.979540705680847168e-01
9.991096258163452148e-01
9.989225268363952637e-01
9.990271925926208496e-01
9.841940402984619141e-01
9.991755485534667969e-01
9.960152506828308105e-01
9.960598945617675781e-01
9.981417059898376465e-01
9.907501935958862305e-01
9.997882246971130371e-01
9.940529465675354004e-01
9.963958263397216797e-01
9.956774115562438965e-01
9.994600415229797363e-01
9.870463013648986816e-01
9.932483434677124023e-01
9.976444244384765625e-01
9.998990893363952637e-01
9.959990978240966797e-01
9.858060479164123535e-01
9.985045194625854492e-01
9.959245324134826660e-01
9.989717006683349609e-01
9.993138313293457031e-01
9.987983107566833496e-01
9.986091852188110352e-01
9.976538419723510742e-01
9.979095458984375000e-01
9.987419247627258301e-01
9.993333816528320312e-01
9.972965121269226074e-01
9.952728748321533203e-01
9.978084564208984375e-01
9.986732006072998047e-01
9.989784359931945801e-01
9.946566224098205566e-01
9.957738518714904785e-01
9.941021800041198730e-01
9.987684488296508789e-01
9.986113309860229492e-01
9.985420107841491699e-01
9.947192668914794922e-01
9.914731383323669434e-01
9.994197487831115723e-01
9.975628256797790527e-01
9.901221990585327148e-01
9.928708672523498535e-01
9.977516531944274902e-01
9.987456202507019043e-01
9.979415535926818848e-01
9.994785189628601074e-01
9.961640238761901855e-01
9.932540059089660645e-01
9.997687935829162598e-01
9.644396901130676270e-01
9.924371242523193359e-01
9.982939362525939941e-01
9.985004067420959473e-01
9.989384412765502930e-01
9.994513988494873047e-01
9.989442229270935059e-01
9.986469745635986328e-01
9.998392462730407715e-01
9.930424690246582031e-01
9.981232285499572754e-01
9.990612864494323730e-01
9.955881834030151367e-01
9.944354295730590820e-01
9.999527335166931152e-01
9.961052536964416504e-01
9.994583129882812500e-01
9.892433285713195801e-01
9.955606460571289062e-01
9.938600659370422363e-01
9.905071258544921875e-01
9.938961863517761230e-01
9.836346507072448730e-01
9.949324727058410645e-01
9.988875985145568848e-01
9.910395741462707520e-01
9.951317906379699707e-01
9.925723075866699219e-01
9.972417354583740234e-01
9.984631538391113281e-01
9.966952800750732422e-01
9.959524273872375488e-01
9.834265708923339844e-01
9.958705902099609375e-01
9.991155862808227539e-01
9.978095889091491699e-01
9.929236769676208496e-01
9.994874596595764160e-01
9.960310459136962891e-01
9.982882142066955566e-01
9.994679689407348633e-01
9.983217120170593262e-01
9.981077909469604492e-01
9.992132186889648438e-01
9.989096522331237793e-01
9.872720837593078613e-01
9.930651783943176270e-01
9.976488351821899414e-01
9.975932240486145020e-01
9.984692335128784180e-01
9.933222532272338867e-01
9.970664978027343750e-01
9.982745051383972168e-01
9.992836713790893555e-01
9.989539980888366699e-01
9.990014433860778809e-01
9.982578754425048828e-01
9.926722645759582520e-01
9.986826181411743164e-01
9.989110827445983887e-01
9.909690022468566895e-01
9.978368282318115234e-01
9.991621971130371094e-01
9.935860037803649902e-01
9.972922205924987793e-01
9.963135123252868652e-01
9.966904520988464355e-01
9.936802387237548828e-01
9.898191094398498535e-01
9.839087128639221191e-01
9.801743626594543457e-01
9.975778460502624512e-01
9.984081983566284180e-01
9.990602135658264160e-01
9.977304935455322266e-01
9.961491227149963379e-01
9.933836460113525391e-01
9.964544177055358887e-01
9.935198426246643066e-01
9.984403252601623535e-01
9.933028817176818848e-01
9.991253018379211426e-01
9.952754378318786621e-01
9.973757863044738770e-01
9.986290931701660156e-01
9.970942735671997070e-01
9.978059530258178711e-01
9.953363537788391113e-01
9.984678030014038086e-01
9.985042214393615723e-01
9.965202212333679199e-01
9.954438209533691406e-01
9.955636858940124512e-01
9.958419203758239746e-01
9.898535609245300293e-01
9.974988102912902832e-01
9.987739920616149902e-01
9.979612827301025391e-01
9.879251718521118164e-01
9.867775440216064453e-01
9.928395748138427734e-01
9.997068047523498535e-01
9.879140257835388184e-01
9.970281124114990234e-01
9.937116503715515137e-01
9.934510588645935059e-01
9.975188970565795898e-01
9.916123747825622559e-01
9.973987936973571777e-01
9.937790632247924805e-01
9.989210963249206543e-01
9.948974251747131348e-01
9.981563091278076172e-01
9.968723654747009277e-01
9.199386239051818848e-01
9.973776936531066895e-01
9.935414195060729980e-01
9.804703593254089355e-01
9.964738488197326660e-01
9.955284595489501953e-01
9.986679553985595703e-01
9.937736988067626953e-01
9.808666110038757324e-01
9.976223707199096680e-01
9.949137568473815918e-01
9.947499632835388184e-01
9.997134208679199219e-01
9.988882541656494141e-01
9.969348311424255371e-01
9.824741482734680176e-01
9.981008768081665039e-01
9.991098642349243164e-01
9.967293143272399902e-01
9.953346252441406250e-01
9.971145987510681152e-01
9.953530430793762207e-01
9.949034452438354492e-01
9.957908391952514648e-01
9.927501082420349121e-01
9.957934617996215820e-01
9.989707469940185547e-01
9.980927705764770508e-01
9.999244809150695801e-01
9.997327327728271484e-01
9.978056550025939941e-01
9.970631599426269531e-01
9.976630210876464844e-01
9.952599406242370605e-01
9.999766349792480469e-01
9.977401494979858398e-01
9.994522333145141602e-01
9.986757040023803711e-01
9.885311722755432129e-01
9.985894560813903809e-01
9.936403632164001465e-01
9.995777010917663574e-01
9.957560300827026367e-01
9.996503591537475586e-01
9.960035085678100586e-01
9.998290538787841797e-01
9.943857192993164062e-01
9.986312985420227051e-01
9.949977397918701172e-01
9.993410706520080566e-01
9.983993172645568848e-01
9.986832737922668457e-01
9.983422160148620605e-01
9.957939386367797852e-01
9.964611530303955078e-01
9.976138472557067871e-01
9.984960556030273438e-01
9.988358020782470703e-01
9.994118213653564453e-01
9.988152384757995605e-01
9.982163310050964355e-01
9.881606101989746094e-01
9.792445898056030273e-01
9.906801581382751465e-01
9.992171525955200195e-01
9.996683597564697266e-01
9.998561739921569824e-01
9.982372522354125977e-01
9.977821707725524902e-01
9.987416863441467285e-01
9.994733929634094238e-01
9.986458420753479004e-01
9.926450252532958984e-01
9.965069293975830078e-01
9.921680688858032227e-01
9.985132217407226562e-01
9.966914057731628418e-01
9.986211657524108887e-01
9.994813203811645508e-01
9.990262985229492188e-01
9.979626536369323730e-01
9.971677064895629883e-01
9.947571754455566406e-01
9.904551506042480469e-01
9.881555438041687012e-01
9.978154301643371582e-01
9.887641668319702148e-01
9.973460435867309570e-01
9.977279305458068848e-01
9.966362118721008301e-01
9.977884292602539062e-01
9.988676905632019043e-01
9.991463422775268555e-01
9.999297261238098145e-01
9.645347595214843750e-01
9.997406601905822754e-01
9.903706908226013184e-01
9.994314312934875488e-01
9.953352212905883789e-01
9.950404763221740723e-01
9.820957183837890625e-01
9.926921129226684570e-01
9.992712736129760742e-01
9.962311983108520508e-01
9.996083378791809082e-01
9.986007809638977051e-01
9.989680051803588867e-01
9.925467967987060547e-01
9.956853985786437988e-01
9.947248101234436035e-01
9.988126754760742188e-01
9.977134466171264648e-01
9.754254817962646484e-01
9.945086836814880371e-01
9.948322176933288574e-01
9.944337010383605957e-01
9.994757771492004395e-01
9.985291957855224609e-01
9.989934563636779785e-01
9.994387626647949219e-01
9.996762275695800781e-01
9.995796084403991699e-01
9.962995648384094238e-01
9.947361946105957031e-01
9.957979917526245117e-01
9.949313998222351074e-01
9.979740381240844727e-01
9.988047480583190918e-01
9.985060095787048340e-01
9.990357756614685059e-01
9.950904846191406250e-01
9.937940835952758789e-01
9.992693662643432617e-01
9.985195994377136230e-01
9.879636764526367188e-01
9.991354942321777344e-01
9.958145022392272949e-01
9.988403320312500000e-01
9.979443550109863281e-01
9.997803568840026855e-01
9.966496229171752930e-01
9.944180250167846680e-01
9.985947608947753906e-01
9.961063861846923828e-01
9.923392534255981445e-01
9.942710995674133301e-01
9.915266633033752441e-01
9.982313513755798340e-01
9.995132684707641602e-01
9.816358685493469238e-01
9.991536736488342285e-01
9.976288676261901855e-01
9.994633197784423828e-01
9.892011880874633789e-01
9.979469180107116699e-01
9.894676804542541504e-01
9.952737689018249512e-01
9.959331750869750977e-01
9.943119883537292480e-01
9.949193000793457031e-01
9.843923449516296387e-01
9.891256093978881836e-01
9.978277087211608887e-01
9.971857666969299316e-01
9.990270137786865234e-01
9.992198944091796875e-01
9.988785982131958008e-01
9.971945285797119141e-01
9.962831735610961914e-01
9.982678890228271484e-01
9.964084625244140625e-01
9.978541135787963867e-01
9.938641190528869629e-01
9.970034956932067871e-01
9.983254075050354004e-01
9.955343008041381836e-01
9.994941949844360352e-01
9.989092946052551270e-01
9.985237121582031250e-01
9.968008995056152344e-01
9.995505809783935547e-01
9.985228180885314941e-01
9.924768805503845215e-01
9.892396330833435059e-01
9.990444183349609375e-01
9.986268877983093262e-01
9.942073225975036621e-01
9.964363574981689453e-01
9.990445971488952637e-01
9.985691905021667480e-01
9.993017911911010742e-01
9.975543022155761719e-01
9.977883696556091309e-01
9.961831569671630859e-01
9.942070841789245605e-01
9.983111619949340820e-01
9.917919635772705078e-01
9.975087046623229980e-01
9.866859912872314453e-01
9.986120462417602539e-01
9.752325415611267090e-01
9.952867031097412109e-01
9.979150891304016113e-01
9.955196380615234375e-01
9.989057183265686035e-01
9.982088804244995117e-01
9.950305819511413574e-01
9.844580888748168945e-01
9.994376301765441895e-01
9.978582859039306641e-01
9.968500137329101562e-01
9.994456768035888672e-01
9.989954233169555664e-01
9.991370439529418945e-01
9.962382912635803223e-01
9.979671239852905273e-01
9.938597083091735840e-01
9.900153279304504395e-01
9.972943663597106934e-01
9.977405071258544922e-01
9.973676204681396484e-01
9.978931546211242676e-01
9.874935746192932129e-01
9.962907433509826660e-01
9.547121524810791016e-01
9.996639490127563477e-01
9.985899925231933594e-01
9.966982603073120117e-01
9.972962141036987305e-01
9.991861581802368164e-01
9.974420070648193359e-01
9.934139847755432129e-01
9.988381266593933105e-01
9.989207983016967773e-01
9.959604144096374512e-01
9.968242049217224121e-01
9.999200105667114258e-01
9.986045956611633301e-01
9.998623132705688477e-01
9.905486106872558594e-01
9.980157613754272461e-01
9.958727359771728516e-01
9.992704987525939941e-01
9.975717663764953613e-01
9.967529773712158203e-01
9.990522265434265137e-01
9.892556667327880859e-01
9.976749420166015625e-01
9.991215467453002930e-01
9.942762255668640137e-01
9.993571639060974121e-01
9.952224493026733398e-01
9.990373253822326660e-01
9.931385517120361328e-01
9.975824952125549316e-01
9.990810155868530273e-01
9.952898025512695312e-01
9.994388222694396973e-01
9.670827388763427734e-01
9.966037273406982422e-01
9.996702075004577637e-01
9.995799660682678223e-01
9.949215650558471680e-01
9.987003803253173828e-01
9.966527223587036133e-01
9.966397285461425781e-01
9.982809424400329590e-01
9.604026079177856445e-01
9.990051388740539551e-01
9.631139636039733887e-01
9.972974658012390137e-01
9.994549751281738281e-01
9.911068081855773926e-01
9.992901086807250977e-01
9.976378679275512695e-01
9.982633590698242188e-01
9.981874823570251465e-01
9.960746169090270996e-01
9.986521005630493164e-01
9.974077939987182617e-01
9.963348507881164551e-01
9.970756769180297852e-01
9.992307424545288086e-01
9.990647435188293457e-01
9.954075813293457031e-01
9.983052611351013184e-01
9.943442940711975098e-01
9.966439008712768555e-01
9.988872408866882324e-01
9.990947842597961426e-01
9.840009212493896484e-01
9.983093738555908203e-01
9.980396628379821777e-01
9.968186616897583008e-01
9.966657757759094238e-01
9.982747435569763184e-01
9.988133311271667480e-01
9.979073405265808105e-01
9.957855939865112305e-01
9.874528646469116211e-01
9.982668161392211914e-01
9.993034005165100098e-01
9.694064259529113770e-01
9.962894320487976074e-01
9.971802830696105957e-01
9.969436526298522949e-01
9.973821640014648438e-01
9.920895695686340332e-01
9.999876618385314941e-01
9.925128817558288574e-01
9.992076158523559570e-01
9.977424740791320801e-01
9.999848008155822754e-01
9.986586570739746094e-01
9.980234503746032715e-01
9.988428354263305664e-01
9.990077018737792969e-01
9.972397685050964355e-01
9.939442873001098633e-01
9.997370839118957520e-01
9.999427795410156250e-01
9.960110783576965332e-01
9.999402761459350586e-01
9.998748302459716797e-01
9.939321279525756836e-01
9.859678149223327637e-01
9.883974194526672363e-01
9.988482594490051270e-01
9.945046901702880859e-01
9.871010780334472656e-01
9.933559298515319824e-01
9.954869747161865234e-01
9.970612525939941406e-01
9.999723434448242188e-01
9.994653463363647461e-01
9.926608204841613770e-01
9.991552233695983887e-01
9.932320713996887207e-01
9.970574378967285156e-01
9.998083114624023438e-01
9.987173676490783691e-01
9.970912337303161621e-01
9.969682693481445312e-01
9.834369421005249023e-01
9.937421083450317383e-01
9.974836111068725586e-01
9.928338527679443359e-01
9.943217039108276367e-01
9.926058650016784668e-01
9.956999421119689941e-01
9.956693053245544434e-01
9.891148805618286133e-01
9.932801723480224609e-01
9.954328536987304688e-01
9.966064691543579102e-01
9.996957778930664062e-01
9.945373535156250000e-01
9.994533061981201172e-01
9.980459809303283691e-01
9.960704445838928223e-01
9.985496401786804199e-01
9.985712170600891113e-01
9.911645054817199707e-01
9.980475902557373047e-01
9.987788796424865723e-01
9.996998310089111328e-01
9.973675012588500977e-01
9.962353706359863281e-01
9.986805319786071777e-01
9.937784075736999512e-01
9.990775585174560547e-01
9.949931502342224121e-01
9.881526827812194824e-01
9.990522265434265137e-01
9.907193183898925781e-01
9.993900656700134277e-01
9.975146055221557617e-01
9.950684309005737305e-01
9.980334639549255371e-01
9.953032135963439941e-01
9.989296197891235352e-01
9.954606890678405762e-01
9.975484609603881836e-01
9.971827864646911621e-01
9.996444582939147949e-01
9.967113137245178223e-01
9.999718070030212402e-01
9.979119896888732910e-01
9.978204965591430664e-01
9.974407553672790527e-01
9.996647238731384277e-01
9.928851127624511719e-01
9.951359033584594727e-01
9.972099661827087402e-01
9.820997118949890137e-01
9.983475208282470703e-01
9.937172532081604004e-01
9.933028817176818848e-01
9.964666962623596191e-01
9.894895553588867188e-01
9.965013861656188965e-01
9.989652037620544434e-01
9.977637529373168945e-01
9.997954964637756348e-01
9.917113184928894043e-01
9.950191974639892578e-01
9.921517968177795410e-01
9.869543313980102539e-01
9.857606291770935059e-01
9.996467828750610352e-01
9.966429471969604492e-01
9.989026784896850586e-01
9.864203929901123047e-01
9.909053444862365723e-01
9.964261054992675781e-01
9.994267821311950684e-01
9.996653795242309570e-01
9.938154220581054688e-01
9.994881749153137207e-01
9.988663792610168457e-01
9.938551187515258789e-01
9.951669573783874512e-01
9.986930489540100098e-01
9.981691241264343262e-01
9.975878596305847168e-01
9.983323812484741211e-01
9.812560081481933594e-01
9.952085018157958984e-01
9.993333816528320312e-01
9.993070960044860840e-01
9.968611598014831543e-01
9.979161620140075684e-01
9.980536103248596191e-01
9.899662733078002930e-01
9.974690675735473633e-01
9.995889663696289062e-01
9.982323050498962402e-01
9.989004135131835938e-01
9.984793663024902344e-01
9.920157790184020996e-01
9.984711408615112305e-01
9.988837838172912598e-01
9.940525293350219727e-01
9.886191487312316895e-01
9.984561204910278320e-01
9.956960678100585938e-01
9.938780069351196289e-01
9.963464736938476562e-01
9.998714327812194824e-01
9.977193474769592285e-01
9.694084525108337402e-01
9.924980401992797852e-01
9.974650144577026367e-01
9.930236339569091797e-01
9.989337921142578125e-01
9.952186942100524902e-01
9.984471797943115234e-01
9.962118864059448242e-01
9.998248219490051270e-01
9.900872111320495605e-01
9.993728995323181152e-01
9.962406158447265625e-01
9.981962442398071289e-01
9.960020184516906738e-01
9.937883019447326660e-01
9.930960536003112793e-01
9.922598004341125488e-01
9.986848831176757812e-01
9.992755055427551270e-01
9.974877834320068359e-01
9.941179752349853516e-01
9.925025701522827148e-01
9.943568706512451172e-01
9.957345128059387207e-01
9.994097352027893066e-01
9.303585290908813477e-01
9.987022876739501953e-01
9.893422126770019531e-01
9.992198944091796875e-01
9.953748583793640137e-01
9.990988969802856445e-01
9.991225004196166992e-01
9.960105419158935547e-01
9.993056654930114746e-01
9.977625012397766113e-01
9.990416169166564941e-01
9.987677931785583496e-01
9.980034232139587402e-01
9.998110532760620117e-01
9.992972016334533691e-01
9.994603991508483887e-01
9.990117549896240234e-01
9.954796433448791504e-01
9.860360026359558105e-01
9.926277995109558105e-01
9.955273270606994629e-01
9.943755269050598145e-01
9.908327460289001465e-01
9.982366561889648438e-01
9.971908330917358398e-01
9.973728656768798828e-01
9.967494606971740723e-01
9.989553093910217285e-01
9.998261928558349609e-01
9.947246909141540527e-01
9.995827674865722656e-01
9.951016902923583984e-01
9.990389347076416016e-01
9.853363633155822754e-01
9.952625036239624023e-01
9.972177743911743164e-01
9.957447648048400879e-01
9.925143122673034668e-01
9.928830862045288086e-01
9.970197677612304688e-01
9.970225691795349121e-01
9.960088729858398438e-01
9.911714196205139160e-01
9.982776045799255371e-01
9.988818168640136719e-01
9.988770484924316406e-01
9.944970011711120605e-01
9.882511496543884277e-01
9.966860413551330566e-01
9.989858865737915039e-01
9.961183667182922363e-01
9.996287226676940918e-01
9.985587000846862793e-01
9.991303682327270508e-01
9.995961189270019531e-01
9.990258216857910156e-01
9.970601201057434082e-01
9.984250068664550781e-01
9.958173632621765137e-01
9.989293813705444336e-01
9.964874982833862305e-01
9.958567023277282715e-01
9.980462789535522461e-01
9.901799559593200684e-01
9.975329637527465820e-01
9.981199502944946289e-01
9.992136359214782715e-01
9.960193037986755371e-01
9.998695254325866699e-01
9.953496456146240234e-01
9.986065030097961426e-01
9.959002733230590820e-01
9.987948536872863770e-01
9.875753521919250488e-01
9.997259974479675293e-01
9.991248250007629395e-01
9.796804785728454590e-01
9.978129267692565918e-01
9.978065490722656250e-01
9.903347492218017578e-01
9.946564435958862305e-01
9.992323517799377441e-01
9.979746341705322266e-01
9.972609281539916992e-01
9.957723021507263184e-01
9.980176687240600586e-01
9.928356409072875977e-01
9.921628236770629883e-01
9.962645173072814941e-01
9.989588856697082520e-01
9.973295331001281738e-01
9.970389604568481445e-01
9.900688529014587402e-01
9.989558458328247070e-01
9.991344213485717773e-01
9.965353012084960938e-01
9.983730316162109375e-01
9.955102205276489258e-01
9.969924092292785645e-01
9.973173141479492188e-01
9.963145852088928223e-01
9.985857605934143066e-01
9.889852404594421387e-01
9.967491030693054199e-01
9.897545576095581055e-01
9.991112351417541504e-01
9.993897080421447754e-01
9.954348802566528320e-01
9.947204589843750000e-01
9.935795068740844727e-01
9.971175789833068848e-01
9.978873133659362793e-01
9.972348213195800781e-01
9.993890523910522461e-01
9.960249066352844238e-01
9.805283546447753906e-01
9.971978664398193359e-01
9.977870583534240723e-01
9.925662279129028320e-01
9.952538609504699707e-01
9.909912347793579102e-01
9.982742667198181152e-01
9.874827265739440918e-01
9.892709255218505859e-01
9.991133809089660645e-01
9.982640743255615234e-01
9.951204657554626465e-01
9.932792782783508301e-01
9.952686429023742676e-01
9.984481930732727051e-01
9.962595105171203613e-01
9.986383914947509766e-01
9.960369467735290527e-01
9.927855134010314941e-01
9.993377327919006348e-01
9.977063536643981934e-01
9.990373849868774414e-01
9.995931386947631836e-01
9.985710382461547852e-01
9.991971850395202637e-01
9.995067119598388672e-01
9.986258149147033691e-01
9.868077635765075684e-01
9.992986917495727539e-01
9.812894463539123535e-01
9.990108609199523926e-01
9.965805411338806152e-01
9.998276233673095703e-01
9.983317852020263672e-01
9.974789023399353027e-01
9.995340704917907715e-01
9.971743822097778320e-01
9.978281259536743164e-01
9.969183802604675293e-01
9.979521632194519043e-01
9.979619383811950684e-01
9.769846796989440918e-01
9.938216805458068848e-01
9.972870349884033203e-01
9.971438646316528320e-01
9.985624551773071289e-01
9.899892210960388184e-01
9.947021603584289551e-01
9.978119730949401855e-01
9.980761408805847168e-01
9.972913265228271484e-01
9.983076453208923340e-01
9.921957850456237793e-01
9.981706142425537109e-01
9.981719851493835449e-01
9.982160329818725586e-01
9.937779307365417480e-01
9.973106384277343750e-01
9.923911690711975098e-01
9.996614456176757812e-01
9.978119134902954102e-01
9.966558814048767090e-01
9.968959093093872070e-01
9.908792972564697266e-01
9.996262788772583008e-01
9.972571134567260742e-01
9.994413256645202637e-01
9.971174597740173340e-01
9.989943504333496094e-01
9.983479976654052734e-01
9.926607608795166016e-01
9.974458217620849609e-01
9.972007870674133301e-01
9.977511167526245117e-01
9.975147247314453125e-01
9.974701404571533203e-01
9.980988502502441406e-01
9.991835951805114746e-01
9.953688979148864746e-01
9.965424537658691406e-01
9.972212910652160645e-01
9.960591197013854980e-01
9.953080415725708008e-01
9.978478550910949707e-01
9.963285326957702637e-01
9.954953193664550781e-01
9.969853162765502930e-01
9.981589913368225098e-01
9.986682534217834473e-01
9.982090592384338379e-01
9.990791082382202148e-01
9.974929690361022949e-01
9.993183016777038574e-01
9.978502988815307617e-01
9.970948100090026855e-01
9.982925653457641602e-01
9.950430989265441895e-01
9.990792274475097656e-01
9.949542880058288574e-01
9.971443414688110352e-01
9.990851283073425293e-01
9.989956617355346680e-01
9.979770183563232422e-01
9.969057440757751465e-01
9.962060451507568359e-01
9.974414110183715820e-01
9.986644387245178223e-01
9.981245994567871094e-01
9.917021989822387695e-01
9.999287128448486328e-01
9.789782166481018066e-01
9.933048486709594727e-01
9.972878694534301758e-01
9.970032572746276855e-01
9.886261820793151855e-01
9.956621527671813965e-01
9.972289800643920898e-01
9.651601314544677734e-01
9.779688715934753418e-01
9.982625842094421387e-01
9.991889595985412598e-01
9.986298084259033203e-01
9.984888434410095215e-01
9.996397495269775391e-01
9.917065501213073730e-01
9.995469450950622559e-01
9.989867806434631348e-01
9.958869814872741699e-01
9.989582896232604980e-01
9.961867332458496094e-01
9.986497163772583008e-01
9.996117949485778809e-01
9.953553080558776855e-01
9.977234601974487305e-01
9.983531832695007324e-01
9.989117980003356934e-01
9.933737516403198242e-01
9.990413784980773926e-01
9.998700618743896484e-01
9.990011453628540039e-01
9.981294870376586914e-01
9.968363046646118164e-01
9.982631802558898926e-01
9.977717995643615723e-01
9.975965023040771484e-01
9.991160631179809570e-01
9.991306066513061523e-01
9.849882125854492188e-01
9.993429780006408691e-01
9.969355463981628418e-01
9.785194993019104004e-01
9.978767037391662598e-01
9.990608096122741699e-01
9.643402695655822754e-01
9.971182942390441895e-01
9.966433048248291016e-01
9.729627370834350586e-01
9.942701458930969238e-01
9.970711469650268555e-01
9.960384368896484375e-01
9.989862442016601562e-01
9.863702654838562012e-01
9.978755712509155273e-01
9.902576208114624023e-01
9.940976500511169434e-01
9.974423646926879883e-01
9.993274807929992676e-01
9.952695369720458984e-01
9.968778491020202637e-01
9.994911551475524902e-01
9.977167248725891113e-01
9.950947165489196777e-01
9.971147179603576660e-01
9.969313144683837891e-01
9.980071783065795898e-01
9.989855289459228516e-01
9.953030347824096680e-01
9.969398975372314453e-01
9.980800151824951172e-01
9.993525147438049316e-01
9.986906051635742188e-01
9.989945888519287109e-01
9.972489476203918457e-01
9.974824190139770508e-01
9.979936480522155762e-01
9.855068325996398926e-01
9.994362592697143555e-01
9.956564307212829590e-01
9.910276532173156738e-01
9.955522418022155762e-01
9.950349926948547363e-01
9.974285960197448730e-01
9.978153109550476074e-01
9.934360384941101074e-01
9.984242320060729980e-01
9.974563717842102051e-01
9.981919527053833008e-01
9.980916976928710938e-01
9.972041249275207520e-01
9.976726174354553223e-01
9.997360706329345703e-01
9.918263554573059082e-01
9.912853240966796875e-01
9.993026256561279297e-01
9.988259077072143555e-01
9.914392232894897461e-01
9.972213506698608398e-01
9.965025186538696289e-01
9.947832822799682617e-01
9.979655742645263672e-01
9.956991076469421387e-01
9.985035657882690430e-01
9.983373284339904785e-01
9.987173676490783691e-01
9.919797182083129883e-01
9.995302557945251465e-01
9.904741644859313965e-01
9.993327260017395020e-01
9.993755817413330078e-01
9.921339750289916992e-01
9.985595345497131348e-01
9.962674975395202637e-01
9.957564473152160645e-01
9.957581758499145508e-01
9.988028407096862793e-01
9.972102642059326172e-01
9.988517165184020996e-01
9.895332455635070801e-01
9.882377386093139648e-01
9.983239769935607910e-01
9.874442815780639648e-01
9.943077564239501953e-01
9.991761445999145508e-01
9.988290071487426758e-01
9.918363690376281738e-01
9.993116855621337891e-01
9.905514121055603027e-01
9.990366101264953613e-01
9.989483952522277832e-01
9.970605373382568359e-01
9.963719844818115234e-01
9.965916872024536133e-01
9.998138546943664551e-01
9.922378063201904297e-01
9.929159283638000488e-01
9.950935840606689453e-01
9.993665814399719238e-01
9.966852068901062012e-01
9.999469518661499023e-01
9.965124130249023438e-01
9.993256330490112305e-01
9.822725653648376465e-01
9.980828166007995605e-01
9.995146393775939941e-01
9.986651539802551270e-01
9.977335333824157715e-01
9.991910457611083984e-01
9.982964992523193359e-01
9.971513152122497559e-01
9.952090382575988770e-01
9.993287920951843262e-01
9.990959167480468750e-01
9.990885853767395020e-01
9.935197234153747559e-01
9.997797012329101562e-01
9.973977208137512207e-01
9.987096786499023438e-01
9.928023815155029297e-01
9.983609914779663086e-01
9.978417754173278809e-01
9.982010722160339355e-01
9.998676776885986328e-01
9.962948560714721680e-01
9.981023669242858887e-01
9.992963075637817383e-01
9.920395016670227051e-01
9.977354407310485840e-01
9.988405108451843262e-01
9.993596076965332031e-01
9.988262653350830078e-01
9.974040389060974121e-01
9.978548288345336914e-01
9.998449087142944336e-01
9.968944787979125977e-01
9.983211159706115723e-01
9.974042177200317383e-01
9.965439438819885254e-01
9.939141273498535156e-01
9.944760203361511230e-01
9.894078373908996582e-01
9.982738494873046875e-01
9.900401234626770020e-01
9.982618093490600586e-01
9.987551569938659668e-01
9.995445609092712402e-01
9.641487598419189453e-01
