0.000000000000000000e+00
0.000000000000000000e+00
0.000000000000000000e+00
0.000000000000000000e+00
0.000000000000000000e+00
1.027221366204417088e-03
0.000000000000000000e+00
0.000000000000000000e+00
0.000000000000000000e+00
9.259259259259258745e-03
0.000000000000000000e+00
0.000000000000000000e+00
0.000000000000000000e+00
3.614457831325301046e-02
0.000000000000000000e+00
0.000000000000000000e+00
0.000000000000000000e+00
0.000000000000000000e+00
1.428571428571428492e-01
0.000000000000000000e+00
0.000000000000000000e+00
0.000000000000000000e+00
0.000000000000000000e+00
0.000000000000000000e+00
5.555555555555555247e-02
0.000000000000000000e+00
1.851851851851851749e-02
9.915014164305948827e-03
0.000000000000000000e+00
2.272727272727272790e-02
0.000000000000000000e+00
5.730659025787965440e-03
0.000000000000000000e+00
0.000000000000000000e+00
0.000000000000000000e+00
1.286173633440514455e-02
0.000000000000000000e+00
0.000000000000000000e+00
0.000000000000000000e+00
0.000000000000000000e+00
0.000000000000000000e+00
0.000000000000000000e+00
0.000000000000000000e+00
6.734006734006733712e-03
2.162162162162162195e-03
0.000000000000000000e+00
0.000000000000000000e+00
0.000000000000000000e+00
0.000000000000000000e+00
3.620564808110064920e-04
0.000000000000000000e+00
6.784260515603798662e-04
0.000000000000000000e+00
0.000000000000000000e+00
5.000000000000000000e-01
1.600000000000000077e-03
0.000000000000000000e+00
1.057082452431289685e-03
0.000000000000000000e+00
0.000000000000000000e+00
0.000000000000000000e+00
0.000000000000000000e+00
0.000000000000000000e+00
0.000000000000000000e+00
0.000000000000000000e+00
0.000000000000000000e+00
0.000000000000000000e+00
8.298755186721991708e-03
0.000000000000000000e+00
0.000000000000000000e+00
0.000000000000000000e+00
0.000000000000000000e+00
0.000000000000000000e+00
8.045052292839902953e-04
0.000000000000000000e+00
0.000000000000000000e+00
0.000000000000000000e+00
0.000000000000000000e+00
2.941176470588235253e-02
3.333333333333333148e-01
0.000000000000000000e+00
0.000000000000000000e+00
0.000000000000000000e+00
6.920415224913495020e-03
0.000000000000000000e+00
1.010101010101010187e-02
2.500000000000000000e-01
0.000000000000000000e+00
0.000000000000000000e+00
1.190476190476190410e-02
2.805049088359046205e-03
0.000000000000000000e+00
3.110419906687402793e-03
8.746355685131195629e-03
0.000000000000000000e+00
0.000000000000000000e+00
0.000000000000000000e+00
0.000000000000000000e+00
0.000000000000000000e+00
0.000000000000000000e+00
0.000000000000000000e+00
2.153846153846153758e-03
0.000000000000000000e+00
9.803921568627450844e-03
0.000000000000000000e+00
0.000000000000000000e+00
0.000000000000000000e+00
0.000000000000000000e+00
9.090909090909090468e-03
0.000000000000000000e+00
1.904761904761904934e-02
0.000000000000000000e+00
5.813953488372092943e-03
0.000000000000000000e+00
2.136752136752136967e-03
0.000000000000000000e+00
1.834862385321101019e-02
0.000000000000000000e+00
0.000000000000000000e+00
0.000000000000000000e+00
3.522898842476094531e-03
0.000000000000000000e+00
1.951219512195121950e-02
0.000000000000000000e+00
0.000000000000000000e+00
0.000000000000000000e+00
0.000000000000000000e+00
2.439024390243902524e-02
0.000000000000000000e+00
3.937007874015747977e-03
2.941176470588235253e-02
0.000000000000000000e+00
1.762114537444934084e-02
0.000000000000000000e+00
1.518438177874186466e-02
2.963841138114996915e-03
0.000000000000000000e+00
0.000000000000000000e+00
2.645502645502645356e-02
2.717391304347826012e-03
1.428571428571428492e-01
0.000000000000000000e+00
6.578947368421052266e-02
0.000000000000000000e+00
7.518796992481202590e-03
0.000000000000000000e+00
0.000000000000000000e+00
3.333333333333333148e-01
4.255319148936170283e-03
0.000000000000000000e+00
0.000000000000000000e+00
0.000000000000000000e+00
0.000000000000000000e+00
1.000000000000000056e-01
0.000000000000000000e+00
0.000000000000000000e+00
9.302325581395349359e-04
0.000000000000000000e+00
0.000000000000000000e+00
0.000000000000000000e+00
3.500583430571762092e-03
0.000000000000000000e+00
1.108237901736239478e-03
0.000000000000000000e+00
0.000000000000000000e+00
0.000000000000000000e+00
1.917545541706615429e-03
0.000000000000000000e+00
1.250000000000000000e-01
3.181818181818181490e-02
0.000000000000000000e+00
0.000000000000000000e+00
3.111111111111111022e-02
0.000000000000000000e+00
1.641137855579868649e-03
1.562500000000000087e-03
0.000000000000000000e+00
8.333333333333332871e-02
0.000000000000000000e+00
0.000000000000000000e+00
1.330798479087452399e-02
0.000000000000000000e+00
0.000000000000000000e+00
0.000000000000000000e+00
3.076923076923077094e-02
0.000000000000000000e+00
0.000000000000000000e+00
0.000000000000000000e+00
0.000000000000000000e+00
0.000000000000000000e+00
0.000000000000000000e+00
0.000000000000000000e+00
0.000000000000000000e+00
1.221001221001221000e-03
0.000000000000000000e+00
0.000000000000000000e+00
1.879699248120300648e-02
1.195219123505976075e-02
0.000000000000000000e+00
0.000000000000000000e+00
1.874414245548266210e-03
2.568218298555377185e-03
0.000000000000000000e+00
0.000000000000000000e+00
0.000000000000000000e+00
0.000000000000000000e+00
0.000000000000000000e+00
6.666666666666666297e-01
2.645502645502645356e-03
0.000000000000000000e+00
0.000000000000000000e+00
4.347826086956521618e-02
1.459854014598540098e-02
4.094631483166515096e-03
0.000000000000000000e+00
0.000000000000000000e+00
4.651162790697674354e-03
8.025682182985553054e-03
6.134969325153374377e-03
0.000000000000000000e+00
4.081632653061224164e-02
8.169934640522876065e-04
0.000000000000000000e+00
2.425712553062462154e-03
0.000000000000000000e+00
0.000000000000000000e+00
7.604562737642585508e-03
4.716981132075471518e-03
7.739938080495356067e-03
0.000000000000000000e+00
8.952551477170993689e-04
2.304147465437788016e-03
0.000000000000000000e+00
0.000000000000000000e+00
0.000000000000000000e+00
0.000000000000000000e+00
0.000000000000000000e+00
1.351351351351351426e-02
5.263157894736841813e-02
0.000000000000000000e+00
4.447739065974795972e-03
2.560819462227912832e-03
0.000000000000000000e+00
0.000000000000000000e+00
0.000000000000000000e+00
0.000000000000000000e+00
0.000000000000000000e+00
9.493670886075949002e-04
1.395348837209302350e-03
0.000000000000000000e+00
0.000000000000000000e+00
0.000000000000000000e+00
0.000000000000000000e+00
1.104972375690607689e-02
0.000000000000000000e+00
0.000000000000000000e+00
0.000000000000000000e+00
0.000000000000000000e+00
0.000000000000000000e+00
0.000000000000000000e+00
0.000000000000000000e+00
0.000000000000000000e+00
0.000000000000000000e+00
5.988023952095808747e-03
0.000000000000000000e+00
8.333333333333332871e-02
0.000000000000000000e+00
0.000000000000000000e+00
0.000000000000000000e+00
1.267828843106180714e-02
0.000000000000000000e+00
5.405405405405405705e-03
7.692307692307692735e-02
0.000000000000000000e+00
0.000000000000000000e+00
1.666666666666666574e-01
0.000000000000000000e+00
0.000000000000000000e+00
3.442340791738382217e-03
0.000000000000000000e+00
0.000000000000000000e+00
0.000000000000000000e+00
0.000000000000000000e+00
0.000000000000000000e+00
2.557544757033248291e-03
0.000000000000000000e+00
0.000000000000000000e+00
0.000000000000000000e+00
0.000000000000000000e+00
0.000000000000000000e+00
0.000000000000000000e+00
0.000000000000000000e+00
9.900990099009901110e-03
2.054794520547945091e-02
1.111111111111111049e-01
0.000000000000000000e+00
8.333333333333333218e-03
0.000000000000000000e+00
0.000000000000000000e+00
3.278688524590163932e-03
1.087547580206633946e-03
4.219409282700421586e-03
0.000000000000000000e+00
0.000000000000000000e+00
7.142857142857142461e-02
0.000000000000000000e+00
1.921229586935638755e-03
0.000000000000000000e+00
1.576665352778872618e-03
0.000000000000000000e+00
0.000000000000000000e+00
0.000000000000000000e+00
0.000000000000000000e+00
0.000000000000000000e+00
5.614823133071308653e-04
3.009027081243730983e-03
0.000000000000000000e+00
0.000000000000000000e+00
2.444240757714634827e-03
5.917159763313609329e-03
0.000000000000000000e+00
0.000000000000000000e+00
0.000000000000000000e+00
0.000000000000000000e+00
0.000000000000000000e+00
8.130081300813008123e-04
2.666666666666666838e-02
9.259259259259258745e-03
0.000000000000000000e+00
0.000000000000000000e+00
6.756756756756757132e-03
0.000000000000000000e+00
0.000000000000000000e+00
0.000000000000000000e+00
0.000000000000000000e+00
0.000000000000000000e+00
0.000000000000000000e+00
2.929687500000000000e-03
0.000000000000000000e+00
0.000000000000000000e+00
0.000000000000000000e+00
0.000000000000000000e+00
0.000000000000000000e+00
0.000000000000000000e+00
0.000000000000000000e+00
1.937984496124030981e-03
0.000000000000000000e+00
0.000000000000000000e+00
3.420752565564424280e-03
0.000000000000000000e+00
0.000000000000000000e+00
0.000000000000000000e+00
1.709401709401709574e-02
0.000000000000000000e+00
0.000000000000000000e+00
0.000000000000000000e+00
0.000000000000000000e+00
2.298850574712643646e-02
8.849557522123893682e-03
1.959503592423252841e-03
0.000000000000000000e+00
0.000000000000000000e+00
0.000000000000000000e+00
3.169572107765451785e-03
4.347826086956521618e-02
2.040816326530612082e-02
9.372071227741331050e-04
7.142857142857142461e-02
0.000000000000000000e+00
0.000000000000000000e+00
0.000000000000000000e+00
0.000000000000000000e+00
1.119402985074626801e-02
5.076142131979695035e-03
0.000000000000000000e+00
1.092896174863387977e-02
3.726708074534161586e-02
0.000000000000000000e+00
1.179941002949852491e-02
0.000000000000000000e+00
0.000000000000000000e+00
0.000000000000000000e+00
1.572327044025157231e-02
1.574803149606299191e-02
0.000000000000000000e+00
0.000000000000000000e+00
0.000000000000000000e+00
0.000000000000000000e+00
1.080246913580246854e-02
3.764115432873274721e-03
0.000000000000000000e+00
0.000000000000000000e+00
0.000000000000000000e+00
5.797101449275362389e-03
0.000000000000000000e+00
8.143322475570032720e-03
0.000000000000000000e+00
4.329004329004329001e-03
0.000000000000000000e+00
0.000000000000000000e+00
4.366812227074235581e-03
0.000000000000000000e+00
0.000000000000000000e+00
1.829268292682926719e-02
0.000000000000000000e+00
0.000000000000000000e+00
0.000000000000000000e+00
5.319148936170212637e-03
0.000000000000000000e+00
0.000000000000000000e+00
2.325581395348837177e-02
0.000000000000000000e+00
0.000000000000000000e+00
2.496878901373283423e-03
6.410256410256410034e-03
0.000000000000000000e+00
0.000000000000000000e+00
8.474576271186440649e-03
0.000000000000000000e+00
0.000000000000000000e+00
0.000000000000000000e+00
0.000000000000000000e+00
0.000000000000000000e+00
6.573541495480689917e-03
1.891891891891891997e-02
0.000000000000000000e+00
0.000000000000000000e+00
3.275109170305676685e-03
1.234567901234567833e-02
0.000000000000000000e+00
0.000000000000000000e+00
5.263157894736841987e-03
1.377410468319559267e-02
0.000000000000000000e+00
0.000000000000000000e+00
0.000000000000000000e+00
1.265822784810126606e-03
0.000000000000000000e+00
0.000000000000000000e+00
0.000000000000000000e+00
1.075268817204301161e-02
0.000000000000000000e+00
0.000000000000000000e+00
0.000000000000000000e+00
4.401408450704225560e-03
0.000000000000000000e+00
0.000000000000000000e+00
0.000000000000000000e+00
9.797517962116264207e-04
4.269854824935952024e-03
8.021390374331551637e-03
0.000000000000000000e+00
1.123595505617977497e-02
5.000000000000000000e-01
9.937888198757764344e-03
6.990562740300593691e-04
3.389830508474576259e-02
0.000000000000000000e+00
0.000000000000000000e+00
0.000000000000000000e+00
2.999999999999999889e-01
0.000000000000000000e+00
1.315789473684210453e-02
1.111111111111111049e-01
0.000000000000000000e+00
9.090909090909091161e-02
0.000000000000000000e+00
0.000000000000000000e+00
1.574803149606299191e-02
0.000000000000000000e+00
2.500000000000000139e-02
0.000000000000000000e+00
3.333333333333333287e-02
0.000000000000000000e+00
2.000000000000000042e-02
0.000000000000000000e+00
5.086469989827060306e-03
0.000000000000000000e+00
0.000000000000000000e+00
0.000000000000000000e+00
0.000000000000000000e+00
1.000000000000000056e-01
0.000000000000000000e+00
0.000000000000000000e+00
0.000000000000000000e+00
0.000000000000000000e+00
0.000000000000000000e+00
0.000000000000000000e+00
0.000000000000000000e+00
0.000000000000000000e+00
0.000000000000000000e+00
1.176470588235294101e-02
2.183406113537117790e-03
1.054216867469879443e-02
2.941176470588235253e-02
1.376146788990825764e-02
4.366812227074235581e-03
4.214963119072707813e-03
2.631578947368420907e-02
0.000000000000000000e+00
0.000000000000000000e+00
4.301075268817204644e-02
0.000000000000000000e+00
2.857142857142857054e-02
0.000000000000000000e+00
0.000000000000000000e+00
0.000000000000000000e+00
0.000000000000000000e+00
0.000000000000000000e+00
4.580152671755725186e-02
0.000000000000000000e+00
2.777777777777777624e-02
0.000000000000000000e+00
0.000000000000000000e+00
0.000000000000000000e+00
0.000000000000000000e+00
0.000000000000000000e+00
0.000000000000000000e+00
1.253132832080200432e-02
0.000000000000000000e+00
0.000000000000000000e+00
0.000000000000000000e+00
0.000000000000000000e+00
0.000000000000000000e+00
2.912904165452956363e-04
0.000000000000000000e+00
2.777777777777777624e-02
3.565062388591800149e-03
8.928571428571428076e-03
2.710027100271002708e-03
0.000000000000000000e+00
0.000000000000000000e+00
0.000000000000000000e+00
4.225352112676056260e-02
0.000000000000000000e+00
0.000000000000000000e+00
0.000000000000000000e+00
1.176470588235294101e-01
3.695491500369549147e-04
0.000000000000000000e+00
0.000000000000000000e+00
0.000000000000000000e+00
1.984126984126984017e-02
0.000000000000000000e+00
0.000000000000000000e+00
1.538461538461538547e-02
0.000000000000000000e+00
7.142857142857142461e-02
4.587155963302752548e-03
4.275331338178708614e-04
1.136363636363636395e-02
0.000000000000000000e+00
0.000000000000000000e+00
0.000000000000000000e+00
0.000000000000000000e+00
6.172839506172839164e-03
4.237288135593220324e-03
0.000000000000000000e+00
0.000000000000000000e+00
0.000000000000000000e+00
3.591954022988505697e-04
9.722222222222222376e-03
0.000000000000000000e+00
0.000000000000000000e+00
0.000000000000000000e+00
9.273570324574960735e-03
1.090342679127725804e-02
0.000000000000000000e+00
3.300330033003300370e-03
6.944444444444444059e-03
0.000000000000000000e+00
0.000000000000000000e+00
0.000000000000000000e+00
9.900990099009901110e-03
4.137931034482758737e-03
0.000000000000000000e+00
1.267828843106180714e-02
2.325581395348837177e-02
6.666666666666666297e-01
6.802721088435373896e-03
2.808988764044943742e-03
0.000000000000000000e+00
0.000000000000000000e+00
0.000000000000000000e+00
0.000000000000000000e+00
0.000000000000000000e+00
0.000000000000000000e+00
0.000000000000000000e+00
8.658008658008658001e-03
0.000000000000000000e+00
0.000000000000000000e+00
8.517887563884156410e-03
2.189781021897810320e-02
0.000000000000000000e+00
2.564102564102564014e-02
0.000000000000000000e+00
0.000000000000000000e+00
1.587301587301587213e-02
1.027749229188078131e-03
0.000000000000000000e+00
0.000000000000000000e+00
1.718213058419243953e-03
0.000000000000000000e+00
0.000000000000000000e+00
8.403361344537814762e-03
1.006711409395973089e-02
2.022653721682847721e-03
1.754385964912280604e-02
3.143418467583496915e-03
0.000000000000000000e+00
5.882352941176470507e-03
0.000000000000000000e+00
0.000000000000000000e+00
1.926782273603082829e-03
0.000000000000000000e+00
8.111239860950173255e-03
0.000000000000000000e+00
0.000000000000000000e+00
0.000000000000000000e+00
0.000000000000000000e+00
0.000000000000000000e+00
1.485884101040118796e-03
0.000000000000000000e+00
3.037974683544303767e-03
0.000000000000000000e+00
0.000000000000000000e+00
1.777777777777777776e-02
2.857142857142857054e-02
2.577319587628865930e-03
0.000000000000000000e+00
0.000000000000000000e+00
0.000000000000000000e+00
0.000000000000000000e+00
0.000000000000000000e+00
0.000000000000000000e+00
3.311258278145695361e-03
0.000000000000000000e+00
1.990049751243781057e-02
0.000000000000000000e+00
2.941176470588235253e-02
8.695652173913043584e-03
0.000000000000000000e+00
0.000000000000000000e+00
2.912621359223301065e-02
0.000000000000000000e+00
0.000000000000000000e+00
0.000000000000000000e+00
0.000000000000000000e+00
0.000000000000000000e+00
0.000000000000000000e+00
3.181818181818181490e-02
3.227888960619754687e-03
0.000000000000000000e+00
0.000000000000000000e+00
1.633986928104575256e-02
0.000000000000000000e+00
0.000000000000000000e+00
0.000000000000000000e+00
3.724394785847299789e-03
0.000000000000000000e+00
0.000000000000000000e+00
3.898635477582845787e-03
3.367003367003366943e-02
1.440329218106995920e-02
4.545454545454545581e-02
0.000000000000000000e+00
0.000000000000000000e+00
5.999999999999999778e-01
4.665629860031104623e-03
0.000000000000000000e+00
0.000000000000000000e+00
1.257861635220125854e-02
4.914004914004913883e-03
6.322444678609062153e-03
0.000000000000000000e+00
1.219512195121951262e-02
0.000000000000000000e+00
0.000000000000000000e+00
0.000000000000000000e+00
0.000000000000000000e+00
0.000000000000000000e+00
1.941747572815533899e-03
0.000000000000000000e+00
1.190476190476190410e-02
0.000000000000000000e+00
0.000000000000000000e+00
0.000000000000000000e+00
0.000000000000000000e+00
3.571428571428571230e-02
0.000000000000000000e+00
0.000000000000000000e+00
0.000000000000000000e+00
0.000000000000000000e+00
0.000000000000000000e+00
0.000000000000000000e+00
0.000000000000000000e+00
0.000000000000000000e+00
0.000000000000000000e+00
1.056338028169014065e-02
0.000000000000000000e+00
0.000000000000000000e+00
2.777777777777777884e-03
0.000000000000000000e+00
0.000000000000000000e+00
6.269592476489027968e-03
0.000000000000000000e+00
0.000000000000000000e+00
2.247191011235954994e-02
0.000000000000000000e+00
4.171011470281543385e-03
3.172085646312450442e-03
0.000000000000000000e+00
0.000000000000000000e+00
1.754385964912280604e-02
0.000000000000000000e+00
6.968641114982578391e-04
0.000000000000000000e+00
2.288329519450800920e-03
0.000000000000000000e+00
1.137009664582148884e-03
2.272727272727272790e-02
1.041666666666666609e-02
2.516356316054353236e-04
0.000000000000000000e+00
5.882352941176470507e-02
0.000000000000000000e+00
0.000000000000000000e+00
0.000000000000000000e+00
0.000000000000000000e+00
0.000000000000000000e+00
8.163265306122449716e-03
0.000000000000000000e+00
0.000000000000000000e+00
2.932551319648093839e-03
3.703703703703703498e-02
0.000000000000000000e+00
0.000000000000000000e+00
5.617977528089887485e-03
1.328021248339973344e-03
6.864988558352402327e-03
3.645200486026731364e-03
4.651162790697674354e-02
0.000000000000000000e+00
0.000000000000000000e+00
0.000000000000000000e+00
4.524886877828054703e-03
3.759398496240601295e-03
0.000000000000000000e+00
0.000000000000000000e+00
0.000000000000000000e+00
9.302325581395348708e-02
0.000000000000000000e+00
1.136363636363636395e-02
1.973684210526315680e-02
2.088554720133667386e-03
0.000000000000000000e+00
0.000000000000000000e+00
0.000000000000000000e+00
1.925545571245186214e-03
1.893939393939393992e-02
5.025125628140703592e-03
1.753616834721613386e-03
1.463414634146341549e-02
2.359882005899704982e-02
0.000000000000000000e+00
0.000000000000000000e+00
0.000000000000000000e+00
0.000000000000000000e+00
1.287001287001286959e-03
4.866180048661800615e-03
0.000000000000000000e+00
6.802721088435373896e-03
1.333333333333333419e-02
0.000000000000000000e+00
0.000000000000000000e+00
1.051156271899089103e-03
1.209921355111917823e-03
1.904761904761904934e-02
0.000000000000000000e+00
0.000000000000000000e+00
8.875739644970414427e-03
0.000000000000000000e+00
0.000000000000000000e+00
5.668934240362811941e-04
5.000000000000000000e-01
0.000000000000000000e+00
7.017543859649122417e-02
0.000000000000000000e+00
5.263157894736841987e-03
2.168674698795180697e-02
1.047120418848167603e-02
0.000000000000000000e+00
0.000000000000000000e+00
0.000000000000000000e+00
0.000000000000000000e+00
0.000000000000000000e+00
0.000000000000000000e+00
4.000000000000000222e-01
0.000000000000000000e+00
2.857142857142857140e-03
0.000000000000000000e+00
0.000000000000000000e+00
5.882352941176470507e-02
0.000000000000000000e+00
0.000000000000000000e+00
0.000000000000000000e+00
0.000000000000000000e+00
9.578544061302681281e-03
0.000000000000000000e+00
0.000000000000000000e+00
0.000000000000000000e+00
0.000000000000000000e+00
0.000000000000000000e+00
1.335877862595419817e-02
1.578947368421052544e-01
0.000000000000000000e+00
1.176470588235294101e-02
3.618817852834740629e-03
0.000000000000000000e+00
3.703703703703703498e-02
4.255319148936170283e-03
0.000000000000000000e+00
1.424501424501424529e-02
1.250000000000000000e-01
1.960784313725490169e-02
0.000000000000000000e+00
0.000000000000000000e+00
0.000000000000000000e+00
0.000000000000000000e+00
6.163328197226502526e-04
2.298850574712643646e-02
8.241758241758241968e-03
6.065200909780136401e-03
0.000000000000000000e+00
0.000000000000000000e+00
1.904761904761904760e-03
0.000000000000000000e+00
1.130856219709208341e-02
0.000000000000000000e+00
0.000000000000000000e+00
3.924646781789639161e-04
0.000000000000000000e+00
0.000000000000000000e+00
5.376344086021505805e-03
2.777777777777777624e-02
0.000000000000000000e+00
2.000000000000000111e-01
0.000000000000000000e+00
0.000000000000000000e+00
0.000000000000000000e+00
0.000000000000000000e+00
0.000000000000000000e+00
3.984063745019920250e-03
0.000000000000000000e+00
3.750000000000000000e-01
1.729106628242075075e-02
0.000000000000000000e+00
3.208065994500458509e-03
0.000000000000000000e+00
1.612903225806451568e-02
0.000000000000000000e+00
4.926108374384236509e-03
4.054054054054054279e-02
0.000000000000000000e+00
0.000000000000000000e+00
0.000000000000000000e+00
0.000000000000000000e+00
5.342831700801424846e-03
0.000000000000000000e+00
1.589825119236884044e-03
0.000000000000000000e+00
2.662609357170026437e-03
1.779359430604982115e-03
0.000000000000000000e+00
0.000000000000000000e+00
0.000000000000000000e+00
0.000000000000000000e+00
5.000000000000000000e-01
0.000000000000000000e+00
0.000000000000000000e+00
0.000000000000000000e+00
0.000000000000000000e+00
1.287553648068669523e-02
0.000000000000000000e+00
0.000000000000000000e+00
7.616974972796518133e-03
0.000000000000000000e+00
0.000000000000000000e+00
2.457002457002456942e-03
0.000000000000000000e+00
0.000000000000000000e+00
9.160305343511450718e-03
0.000000000000000000e+00
0.000000000000000000e+00
0.000000000000000000e+00
1.136363636363636395e-02
1.000000000000000000e+00
0.000000000000000000e+00
1.204819277108433798e-02
8.695652173913043584e-03
0.000000000000000000e+00
0.000000000000000000e+00
0.000000000000000000e+00
2.116402116402116285e-02
7.504690431519699806e-04
0.000000000000000000e+00
0.000000000000000000e+00
0.000000000000000000e+00
8.849557522123893682e-03
9.285051067780872823e-04
1.675977653631284883e-02
0.000000000000000000e+00
8.021390374331551637e-03
0.000000000000000000e+00
3.300330033003300370e-03
0.000000000000000000e+00
0.000000000000000000e+00
2.952340784479122633e-03
5.778676683039584263e-04
5.494505494505494934e-03
5.000000000000000278e-02
1.807228915662650523e-02
0.000000000000000000e+00
3.111111111111111022e-02
9.009009009009008931e-03
2.118644067796610162e-03
1.376146788990825764e-02
0.000000000000000000e+00
0.000000000000000000e+00
0.000000000000000000e+00
0.000000000000000000e+00
6.622516556291390723e-03
0.000000000000000000e+00
0.000000000000000000e+00
4.769475357710651481e-03
1.189060642092746624e-03
0.000000000000000000e+00
0.000000000000000000e+00
0.000000000000000000e+00
0.000000000000000000e+00
8.179959100204499747e-03
0.000000000000000000e+00
0.000000000000000000e+00
8.220304151253596129e-04
6.090133982947624515e-03
0.000000000000000000e+00
0.000000000000000000e+00
0.000000000000000000e+00
8.257638315441783242e-04
0.000000000000000000e+00
0.000000000000000000e+00
1.149425287356321823e-02
7.625272331154684183e-03
1.382488479262672897e-02
5.154639175257731860e-03
0.000000000000000000e+00
0.000000000000000000e+00
1.287553648068669523e-02
0.000000000000000000e+00
3.333333333333333148e-01
1.683501683501683471e-02
1.411290322580645122e-02
0.000000000000000000e+00
0.000000000000000000e+00
0.000000000000000000e+00
0.000000000000000000e+00
3.039513677811550140e-03
2.930402930402930400e-02
0.000000000000000000e+00
1.194029850746268669e-02
0.000000000000000000e+00
5.413766434648105245e-03
1.626772019521264233e-03
0.000000000000000000e+00
1.265822784810126563e-02
4.484304932735425943e-03
5.681818181818181976e-03
6.315789473684210384e-03
0.000000000000000000e+00
0.000000000000000000e+00
0.000000000000000000e+00
0.000000000000000000e+00
1.176470588235294101e-01
4.464285714285714038e-03
0.000000000000000000e+00
0.000000000000000000e+00
0.000000000000000000e+00
6.349206349206349201e-03
1.926782273603082829e-03
0.000000000000000000e+00
8.403361344537814762e-03
0.000000000000000000e+00
0.000000000000000000e+00
0.000000000000000000e+00
0.000000000000000000e+00
3.187250996015936373e-03
8.064516129032257841e-03
5.388760585065434719e-03
5.050505050505050934e-03
1.169590643274853736e-02
4.040404040404040747e-02
1.294079585894532605e-03
0.000000000000000000e+00
0.000000000000000000e+00
0.000000000000000000e+00
0.000000000000000000e+00
0.000000000000000000e+00
3.297609233305853326e-03
0.000000000000000000e+00
6.514657980456026350e-03
0.000000000000000000e+00
1.239669421487603340e-02
0.000000000000000000e+00
0.000000000000000000e+00
0.000000000000000000e+00
3.238341968911916894e-03
0.000000000000000000e+00
0.000000000000000000e+00
0.000000000000000000e+00
0.000000000000000000e+00
0.000000000000000000e+00
0.000000000000000000e+00
0.000000000000000000e+00
0.000000000000000000e+00
0.000000000000000000e+00
1.388888888888888812e-02
6.666666666666666574e-02
0.000000000000000000e+00
9.259259259259258745e-03
8.426966292134831227e-03
0.000000000000000000e+00
3.359086328518642796e-04
7.211538461538461939e-03
0.000000000000000000e+00
2.608695652173912902e-02
0.000000000000000000e+00
1.694915254237288130e-02
8.912655971479500373e-04
0.000000000000000000e+00
0.000000000000000000e+00
0.000000000000000000e+00
2.500000000000000139e-02
5.681818181818181976e-03
0.000000000000000000e+00
1.351351351351351426e-02
7.712082262210796790e-03
1.315789473684210453e-02
4.629629629629629373e-03
8.944543828264758106e-03
0.000000000000000000e+00
5.494505494505494934e-03
9.009009009009008931e-03
0.000000000000000000e+00
2.803738317757009310e-02
0.000000000000000000e+00
0.000000000000000000e+00
0.000000000000000000e+00
0.000000000000000000e+00
8.075370121130551887e-03
5.076142131979695035e-03
0.000000000000000000e+00
0.000000000000000000e+00
0.000000000000000000e+00
0.000000000000000000e+00
1.666666666666666574e-01
2.500000000000000139e-02
1.980198019801980222e-02
0.000000000000000000e+00
0.000000000000000000e+00
1.094091903719912433e-02
0.000000000000000000e+00
1.040118870728083157e-02
0.000000000000000000e+00
0.000000000000000000e+00
1.941747572815533812e-02
0.000000000000000000e+00
1.749271137026239126e-02
0.000000000000000000e+00
0.000000000000000000e+00
1.530221882172915025e-03
0.000000000000000000e+00
6.666666666666666297e-01
2.071005917159763482e-02
0.000000000000000000e+00
0.000000000000000000e+00
0.000000000000000000e+00
1.149425287356321823e-02
2.941176470588235253e-02
0.000000000000000000e+00
0.000000000000000000e+00
2.857142857142856984e-01
0.000000000000000000e+00
0.000000000000000000e+00
0.000000000000000000e+00
0.000000000000000000e+00
1.020408163265306041e-02
2.688172043010752903e-03
0.000000000000000000e+00
0.000000000000000000e+00
0.000000000000000000e+00
1.449275362318840597e-02
2.373887240356083173e-02
0.000000000000000000e+00
0.000000000000000000e+00
0.000000000000000000e+00
3.289473684210526133e-03
0.000000000000000000e+00
1.582278481012658203e-03
1.515151515151515194e-02
0.000000000000000000e+00
0.000000000000000000e+00
1.785714285714285615e-02
2.564102564102564014e-02
9.357454772301933852e-04
0.000000000000000000e+00
5.167958656330749571e-03
0.000000000000000000e+00
7.228915662650602092e-02
0.000000000000000000e+00
7.407407407407407690e-03
0.000000000000000000e+00
1.010101010101010187e-02
0.000000000000000000e+00
0.000000000000000000e+00
0.000000000000000000e+00
0.000000000000000000e+00
8.771929824561403022e-03
0.000000000000000000e+00
3.484320557491289196e-03
0.000000000000000000e+00
9.250693802035153072e-04
2.061855670103092831e-03
0.000000000000000000e+00
9.244992295839754223e-03
0.000000000000000000e+00
0.000000000000000000e+00
0.000000000000000000e+00
0.000000000000000000e+00
0.000000000000000000e+00
0.000000000000000000e+00
5.202913631633715365e-04
3.105590062111801032e-03
3.692307692307692218e-03
0.000000000000000000e+00
6.134969325153374377e-03
0.000000000000000000e+00
0.000000000000000000e+00
1.483050847457627157e-02
2.412545235223160275e-03
0.000000000000000000e+00
3.418803418803419147e-02
0.000000000000000000e+00
0.000000000000000000e+00
0.000000000000000000e+00
2.741872307089698521e-03
0.000000000000000000e+00
0.000000000000000000e+00
1.245330012453300115e-03
1.047668936616029389e-03
0.000000000000000000e+00
0.000000000000000000e+00
2.469135802469135752e-03
1.818181818181818232e-01
0.000000000000000000e+00
0.000000000000000000e+00
0.000000000000000000e+00
1.083032490974729194e-02
2.354326074161271209e-03
0.000000000000000000e+00
0.000000000000000000e+00
3.289473684210526133e-03
2.380952380952381167e-03
1.111111111111111154e-02
1.226993865030674875e-02
0.000000000000000000e+00
0.000000000000000000e+00
3.250975292587776188e-03
0.000000000000000000e+00
0.000000000000000000e+00
0.000000000000000000e+00
0.000000000000000000e+00
7.530120481927711235e-04
0.000000000000000000e+00
0.000000000000000000e+00
0.000000000000000000e+00
0.000000000000000000e+00
0.000000000000000000e+00
5.484460694698354427e-03
0.000000000000000000e+00
0.000000000000000000e+00
0.000000000000000000e+00
0.000000000000000000e+00
0.000000000000000000e+00
1.095461658841940557e-02
0.000000000000000000e+00
0.000000000000000000e+00
0.000000000000000000e+00
0.000000000000000000e+00
2.005012531328320691e-02
6.376195536663123963e-03
1.298701298701298787e-02
0.000000000000000000e+00
0.000000000000000000e+00
1.953125000000000000e-02
6.311360448807853962e-03
0.000000000000000000e+00
4.224502112251056311e-03
0.000000000000000000e+00
1.234567901234567876e-03
0.000000000000000000e+00
0.000000000000000000e+00
3.322259136212624663e-03
0.000000000000000000e+00
0.000000000000000000e+00
0.000000000000000000e+00
0.000000000000000000e+00
1.052631578947368363e-01
0.000000000000000000e+00
3.125000000000000000e-02
9.404388714733542820e-03
2.635046113306982983e-03
0.000000000000000000e+00
0.000000000000000000e+00
3.205128205128205017e-03
0.000000000000000000e+00
0.000000000000000000e+00
0.000000000000000000e+00
5.621135469364811751e-04
0.000000000000000000e+00
0.000000000000000000e+00
0.000000000000000000e+00
2.693602693602693485e-02
0.000000000000000000e+00
0.000000000000000000e+00
2.325581395348837177e-02
0.000000000000000000e+00
0.000000000000000000e+00
2.051282051282051280e-02
3.773584905660377388e-03
0.000000000000000000e+00
3.300330033003300370e-03
2.053388090349076052e-03
0.000000000000000000e+00
0.000000000000000000e+00
0.000000000000000000e+00
3.030303030303030387e-02
0.000000000000000000e+00
0.000000000000000000e+00
1.098901098901098987e-02
3.448275862068965469e-02
2.127659574468085055e-02
0.000000000000000000e+00
0.000000000000000000e+00
5.000000000000000000e-01
0.000000000000000000e+00
0.000000000000000000e+00
7.936507936507936067e-03
0.000000000000000000e+00
3.701418877236273795e-03
0.000000000000000000e+00
2.222222222222222307e-02
0.000000000000000000e+00
7.928642220019821441e-03
0.000000000000000000e+00
1.574803149606299191e-02
0.000000000000000000e+00
0.000000000000000000e+00
3.333333333333333148e-01
0.000000000000000000e+00
0.000000000000000000e+00
2.484472049689441086e-03
1.754385964912280604e-02
0.000000000000000000e+00
1.574803149606299191e-02
0.000000000000000000e+00
0.000000000000000000e+00
6.916996047430830005e-03
3.472222222222222029e-03
8.849557522123893682e-03
0.000000000000000000e+00
0.000000000000000000e+00
0.000000000000000000e+00
0.000000000000000000e+00
0.000000000000000000e+00
1.507537688442210991e-02
0.000000000000000000e+00
0.000000000000000000e+00
0.000000000000000000e+00
0.000000000000000000e+00
0.000000000000000000e+00
7.407407407407406996e-02
1.518438177874186466e-02
9.950248756218905283e-03
0.000000000000000000e+00
1.000000000000000021e-02
0.000000000000000000e+00
1.081916537867078781e-02
1.587301587301587213e-02
0.000000000000000000e+00
0.000000000000000000e+00
1.530612244897959148e-02
0.000000000000000000e+00
6.191950464396285200e-03
3.228410008071024885e-03
0.000000000000000000e+00
0.000000000000000000e+00
4.149377593360995854e-03
0.000000000000000000e+00
0.000000000000000000e+00
0.000000000000000000e+00
6.986027944111776293e-03
0.000000000000000000e+00
0.000000000000000000e+00
0.000000000000000000e+00
0.000000000000000000e+00
5.000000000000000104e-03
2.881844380403458025e-03
0.000000000000000000e+00
0.000000000000000000e+00
0.000000000000000000e+00
3.389830508474576259e-02
1.432664756446991360e-03
3.052503052503052500e-04
0.000000000000000000e+00
0.000000000000000000e+00
5.000000000000000000e-01
0.000000000000000000e+00
0.000000000000000000e+00
0.000000000000000000e+00
0.000000000000000000e+00
0.000000000000000000e+00
1.541850220264317194e-02
0.000000000000000000e+00
0.000000000000000000e+00
