4.653327050618827343e-04
9.469697251915931702e-04
7.485030218958854675e-04
4.032257944345474243e-03
4.755111876875162125e-04
1.000000000000000000e+00
1.162790693342685699e-02
2.329916169401258230e-04
6.756756920367479324e-03
1.000000000000000000e+00
2.515723172109574080e-04
6.373486248776316643e-04
1.821493613533675671e-03
5.000000000000000000e-01
1.273885369300842285e-03
1.324503333307802677e-03
4.460303171072155237e-04
9.090909361839294434e-02
2.000000029802322388e-01
9.267840650863945484e-04
5.882353056222200394e-03
6.535947788506746292e-03
2.500000000000000000e-01
2.097315446007996798e-04
5.000000000000000000e-01
4.807692486792802811e-03
1.000000000000000000e+00
5.000000000000000000e-01
9.433962404727935791e-03
7.142857462167739868e-02
2.386634936556220055e-03
2.500000000000000000e-01
7.692307978868484497e-02
7.958614878589287400e-05
1.052631624042987823e-02
5.000000000000000000e-01
1.000000000000000000e+00
2.846569987013936043e-04
2.403846243396401405e-03
4.901960957795381546e-03
2.439024299383163452e-02
1.098901126533746719e-02
2.429543237667530775e-04
1.428571492433547974e-01
3.333333432674407959e-01
4.545454680919647217e-02
1.428571492433547974e-01
1.163331762654706836e-04
1.531393616460263729e-03
7.142857462167739868e-02
4.237288143485784531e-03
3.333333432674407959e-01
1.615508925169706345e-03
5.747126415371894836e-03
7.518797181546688080e-03
2.500000000000000000e-01
1.158748520538210869e-03
2.500000000000000000e-01
3.246753243729472160e-03
4.803073825314640999e-04
1.264382299268618226e-04
8.949346374720335007e-05
1.615508925169706345e-03
4.923683009110391140e-04
1.666666716337203979e-01
2.538071013987064362e-03
1.122334506362676620e-03
1.000000000000000000e+00
1.000000014901161194e-01
8.000000379979610443e-03
3.225806402042508125e-03
1.639344170689582825e-02
6.329114083200693130e-03
1.250000000000000000e-01
1.788588851923123002e-04
1.000000000000000000e+00
4.830917809158563614e-03
2.777777798473834991e-02
5.263157933950424194e-02
2.941176481544971466e-02
1.406469731591641903e-03
2.857142873108386993e-02
1.408450677990913391e-02
1.428571492433547974e-01
5.000000074505805969e-02
4.545454680919647217e-02
9.615384973585605621e-03
1.538461539894342422e-02
3.571428591385483742e-03
1.250000000000000000e-01
5.000000000000000000e-01
7.462686393409967422e-03
1.000000000000000000e+00
5.000000000000000000e-01
5.555555596947669983e-02
1.250000000000000000e-01
6.329114083200693130e-03
1.666666716337203979e-01
7.812500000000000000e-03
2.222222276031970978e-02
5.768010669271461666e-05
1.000000000000000000e+00
6.451612804085016251e-03
2.000000029802322388e-01
2.949852496385574341e-03
2.083333395421504974e-02
4.132231231778860092e-03
1.149425283074378967e-02
3.333333432674407959e-01
2.439024299383163452e-02
3.333333432674407959e-01
1.968503929674625397e-03
7.142857462167739868e-02
2.136752242222428322e-03
2.500000000000000000e-01
3.389830468222498894e-03
1.000000000000000000e+00
1.328021287918090820e-03
1.000000014901161194e-01
4.166666790843009949e-02
1.000000000000000000e+00
2.604166744276881218e-03
5.000000000000000000e-01
9.090909361839294434e-02
3.047108293685596436e-05
3.571428731083869934e-02
1.408450677990913391e-02
5.000000000000000000e-01
1.751313451677560806e-03
1.428571492433547974e-01
2.222222276031970978e-02
5.882352963089942932e-02
1.000000000000000000e+00
1.538461539894342422e-02
5.000000000000000000e-01
5.000000000000000000e-01
2.992578447447158396e-05
1.709401723928749561e-03
1.000000000000000000e+00
1.000000000000000000e+00
1.298701297491788864e-02
3.225806355476379395e-02
1.162790693342685699e-02
1.369863003492355347e-02
1.666666716337203979e-01
1.368363446090370417e-04
1.756234705680981278e-04
2.000000029802322388e-01
1.666666716337203979e-01
4.184100311249494553e-03
2.702702768146991730e-02
1.428571492433547974e-01
1.428571492433547974e-01
1.724137924611568451e-02
2.564102597534656525e-02
2.000000029802322388e-01
1.000000000000000000e+00
1.369863003492355347e-02
2.000000029802322388e-01
2.272727340459823608e-02
1.250000000000000000e-01
6.375924567691981792e-05
1.666666716337203979e-01
2.639218873810023069e-04
1.538461539894342422e-02
1.666666753590106964e-02
1.000000000000000000e+00
8.828462887322530150e-05
8.000000379979610443e-03
1.000000000000000000e+00
9.433962404727935791e-03
3.703703731298446655e-02
2.500000000000000000e-01
2.745744131971150637e-04
5.000000000000000000e-01
1.428571492433547974e-01
5.313496221788227558e-04
1.333333319053053856e-03
2.040816284716129303e-02
2.000000029802322388e-01
1.000000000000000000e+00
1.351351384073495865e-02
1.851851865649223328e-02
4.484305158257484436e-03
1.666666716337203979e-01
1.052631624042987823e-02
1.669449033215641975e-03
5.333333392627537251e-04
7.178750820457935333e-04
2.500000037252902985e-02
1.666666716337203979e-01
4.830917809158563614e-03
1.020408142358064651e-02
5.000000000000000000e-01
7.575757801532745361e-03
1.923076924867928028e-03
1.000000000000000000e+00
5.000000000000000000e-01
5.000000000000000000e-01
9.140768088400363922e-04
1.000000000000000000e+00
3.333333432674407959e-01
8.333333581686019897e-02
2.777777798473834991e-02
1.190476212650537491e-02
1.000000000000000000e+00
9.433962404727935791e-03
1.428571492433547974e-01
1.250000000000000000e-01
2.000000029802322388e-01
1.111111119389533997e-01
9.999999776482582092e-03
4.761904850602149963e-02
1.000000000000000000e+00
1.709401723928749561e-03
4.784688819199800491e-03
1.428571492433547974e-01
1.000000000000000000e+00
1.000000000000000000e+00
1.912045874632894993e-03
1.851851865649223328e-02
4.545454680919647217e-02
1.000000000000000000e+00
2.500000000000000000e-01
7.299270015209913254e-03
5.173305980861186981e-04
3.333333432674407959e-01
1.428571492433547974e-01
1.666666716337203979e-01
7.812500000000000000e-03
2.500000000000000000e-01
9.708737954497337341e-03
1.605136436410248280e-03
7.727975025773048401e-04
1.851851865649223328e-02
3.333333414047956467e-03
6.944444496184587479e-03
6.250000000000000000e-02
7.874015718698501587e-03
7.692307978868484497e-02
1.000000000000000000e+00
4.166666790843009949e-02
1.818181760609149933e-02
8.605851908214390278e-04
2.083333395421504974e-02
3.333333432674407959e-01
7.142857462167739868e-02
2.000000029802322388e-01
5.000000000000000000e-01
6.165227969177067280e-04
4.608294926583766937e-03
4.926108289510011673e-03
2.000000029802322388e-01
2.500000000000000000e-01
1.438848907127976418e-03
2.000000029802322388e-01
6.896551698446273804e-03
6.250000000000000000e-02
1.351351384073495865e-02
9.345794096589088440e-03
1.666666753590106964e-02
1.133786863647401333e-03
2.000000029802322388e-01
6.666667014360427856e-02
8.176614646799862385e-04
1.666666716337203979e-01
4.649000475183129311e-04
2.439024299383163452e-02
4.545454680919647217e-02
5.000000000000000000e-01
4.385964944958686829e-03
2.000000029802322388e-01
1.149425283074378967e-02
2.631578966975212097e-02
3.496503457427024841e-03
1.250000000000000000e-01
9.999999776482582092e-03
1.727115712128579617e-03
3.333333507180213928e-02
3.436426166445016861e-03
3.999999910593032837e-02
2.083333395421504974e-02
2.272727288072928786e-04
2.341920277103781700e-03
2.500000000000000000e-01
3.186743124388158321e-04
4.761904943734407425e-03
8.787346305325627327e-04
2.840102242771536112e-04
5.154639016836881638e-03
4.761904850602149963e-02
1.000000000000000000e+00
1.000000000000000000e+00
1.000000000000000000e+00
1.886792480945587158e-02
3.921568859368562698e-03
5.000000074505805969e-02
5.854800692759454250e-04
1.428571436554193497e-02
1.428571492433547974e-01
1.000000000000000000e+00
1.250000000000000000e-01
4.967710119672119617e-04
5.000000000000000000e-01
2.380952425301074982e-02
1.250000000000000000e-01
5.000000000000000000e-01
1.599999959580600262e-03
5.000000000000000000e-01
3.623188473284244537e-03
1.190476212650537491e-02
3.436426166445016861e-03
3.333333432674407959e-01
8.547008968889713287e-03
1.666666716337203979e-01
5.000000000000000000e-01
1.086956541985273361e-02
1.321004005149006844e-03
1.000000000000000000e+00
7.142857462167739868e-02
4.761904850602149963e-02
1.228501205332577229e-03
6.666667014360427856e-02
1.087665878003463149e-04
1.611577499716077000e-05
3.333333432674407959e-01
1.000000014901161194e-01
3.333333432674407959e-01
5.000000000000000000e-01
2.777777798473834991e-02
5.000000000000000000e-01
1.587301678955554962e-02
2.564102597534656525e-02
2.538071013987064362e-03
1.666666753590106964e-02
2.375297015532851219e-03
1.709401723928749561e-03
5.000000000000000000e-01
2.506265649572014809e-03
7.692307699471712112e-04
8.952551288530230522e-04
1.886792480945587158e-02
2.538071013987064362e-03
6.250000000000000000e-02
1.455604098737239838e-03
5.000000000000000000e-01
5.128205288201570511e-03
2.202643081545829773e-03
2.500000000000000000e-01
8.928571827709674835e-03
7.710100035183131695e-04
1.000000000000000000e+00
1.666666716337203979e-01
1.250000000000000000e-01
1.111111138015985489e-02
1.250000000000000000e-01
1.000000000000000000e+00
5.000000000000000000e-01
3.333333432674407959e-01
1.000000014901161194e-01
9.999999776482582092e-03
3.125000000000000000e-02
2.923976629972457886e-03
2.500000000000000000e-01
6.250000000000000000e-02
1.250000000000000000e-01
1.111111119389533997e-01
3.333333432674407959e-01
5.208333488553762436e-03
9.407337638549506664e-04
5.000000074505805969e-02
8.176614646799862385e-04
1.000000000000000000e+00
1.000000014901161194e-01
4.284490132704377174e-04
1.000000000000000000e+00
1.428571492433547974e-01
3.225806402042508125e-03
5.000000000000000000e-01
1.960784383118152618e-02
1.000000000000000000e+00
2.183406148105859756e-03
2.500000000000000000e-01
4.761904850602149963e-02
5.571030778810381889e-04
1.639344170689582825e-02
1.694915263215079904e-04
1.428571436554193497e-02
1.428571492433547974e-01
5.000000000000000000e-01
1.102535868994891644e-03
7.587253348901867867e-04
4.000000189989805222e-03
1.000000000000000000e+00
1.666666716337203979e-01
5.000000000000000000e-01
2.000000029802322388e-01
2.083333395421504974e-02
1.960784383118152618e-02
5.065856385044753551e-04
5.000000000000000000e-01
1.088139251805841923e-03
4.651162773370742798e-03
2.000000029802322388e-01
1.355013519059866667e-04
3.225806355476379395e-02
7.751937955617904663e-03
1.250000000000000000e-01
1.000000000000000000e+00
3.676470601931214333e-03
1.428571492433547974e-01
1.583029952598735690e-04
1.369863003492355347e-02
1.000000000000000000e+00
4.545454680919647217e-02
1.000000000000000000e+00
2.747252816334366798e-03
3.333333432674407959e-01
4.755111876875162125e-04
4.926108289510011673e-03
1.666666753590106964e-02
5.000000000000000000e-01
1.158748520538210869e-03
1.000000000000000000e+00
5.000000000000000000e-01
8.084074361249804497e-04
1.000000014901161194e-01
1.000000000000000000e+00
1.000000000000000000e+00
1.451378804631531239e-03
2.288329415023326874e-03
1.666666716337203979e-01
5.000000000000000000e-01
3.759398590773344040e-03
8.333333581686019897e-02
7.692307978868484497e-02
5.000000000000000000e-01
4.739336669445037842e-03
3.333333432674407959e-01
3.999999910593032837e-02
5.000000000000000000e-01
1.851851865649223328e-02
1.000000000000000000e+00
1.715265912935137749e-03
1.000000000000000000e+00
2.403846243396401405e-03
1.250000018626451492e-02
1.367989112623035908e-03
2.500000000000000000e-01
3.333333432674407959e-01
1.000000000000000000e+00
8.467400330118834972e-04
5.000000000000000000e-01
1.612903177738189697e-02
1.000000000000000000e+00
2.000000029802322388e-01
1.000000014901161194e-01
1.136363670229911804e-02
1.000000014901161194e-01
4.545454680919647217e-02
5.000000000000000000e-01
1.562500000000000000e-02
3.703703638166189194e-03
5.000000000000000000e-01
2.941176481544971466e-02
1.000000014901161194e-01
4.545454680919647217e-02
7.142857182770967484e-03
3.333333432674407959e-01
1.443001441657543182e-03
2.500000000000000000e-01
8.210180676542222500e-04
1.000000014901161194e-01
1.492537278681993484e-02
1.000000000000000000e+00
3.448275849223136902e-02
3.333333432674407959e-01
1.062022056430578232e-04
1.000000000000000000e+00
1.000000000000000000e+00
3.110419784206897020e-04
2.000000029802322388e-01
9.225092362612485886e-04
1.388888899236917496e-02
5.882352963089942932e-02
6.993006914854049683e-03
3.043213509954512119e-04
2.631578966975212097e-02
1.515151560306549072e-02
5.434782709926366806e-03
1.394700142554938793e-03
1.250000000000000000e-01
7.692307978868484497e-02
1.000000000000000000e+00
1.111111119389533997e-01
1.000000000000000000e+00
1.000000000000000000e+00
1.000000000000000000e+00
4.545454680919647217e-02
1.111111138015985489e-03
3.654970787465572357e-04
1.666666716337203979e-01
3.703703731298446655e-02
5.000000000000000000e-01
5.000000000000000000e-01
2.127659507095813751e-02
2.173913083970546722e-02
9.433962404727935791e-03
5.000000000000000000e-01
8.333333581686019897e-02
5.000000000000000000e-01
5.128205288201570511e-03
9.090909361839294434e-02
7.462686393409967422e-03
1.562500000000000000e-02
2.833663893397897482e-04
3.921568859368562698e-03
8.333333581686019897e-02
7.535794866271317005e-04
5.000000000000000000e-01
5.555555690079927444e-03
1.999999955296516418e-02
9.000900317914783955e-04
1.250000000000000000e-01
8.333333581686019897e-02
1.000000000000000000e+00
5.000000000000000000e-01
5.000000074505805969e-02
1.000000000000000000e+00
2.178649185225367546e-03
4.032257944345474243e-03
1.533742295578122139e-03
5.000000000000000000e-01
1.733102253638207912e-03
2.257336396723985672e-03
7.936508394777774811e-03
1.250000018626451492e-02
5.000000000000000000e-01
2.857142873108386993e-02
3.999999910593032837e-02
3.087372751906514168e-04
1.250000000000000000e-01
1.960784383118152618e-02
3.333333432674407959e-01
5.000000000000000000e-01
3.333333432674407959e-01
5.000000000000000000e-01
5.000000000000000000e-01
1.111111119389533997e-01
1.000000000000000000e+00
9.999999776482582092e-03
2.631578966975212097e-02
5.959475674899294972e-05
7.057163165882229805e-04
9.090909361839294434e-02
1.000000000000000000e+00
2.840909175574779510e-03
6.369426846504211426e-03
8.658008882775902748e-04
1.250000000000000000e-01
1.000000000000000000e+00
3.401360474526882172e-03
1.862197415903210640e-03
2.777777798473834991e-02
2.000000029802322388e-01
5.000000000000000000e-01
1.250000000000000000e-01
1.666666716337203979e-01
1.388888899236917496e-02
2.000000029802322388e-01
8.620689623057842255e-03
2.016128972172737122e-03
1.000000000000000000e+00
1.000000000000000000e+00
3.448275849223136902e-02
1.000000000000000000e+00
5.000000000000000000e-01
2.500000000000000000e-01
5.555555596947669983e-02
2.000000029802322388e-01
1.319435250479727983e-04
2.857142873108386993e-02
1.355013577267527580e-03
5.917159840464591980e-03
1.666666716337203979e-01
1.808318309485912323e-03
1.999999955296516418e-02
5.000000000000000000e-01
5.005004932172596455e-04
3.984063863754272461e-03
5.000000000000000000e-01
1.000000000000000000e+00
3.802281338721513748e-03
7.142857462167739868e-02
5.263157933950424194e-02
1.052631624042987823e-02
9.090909361839294434e-02
5.000000000000000000e-01
4.291845485568046570e-03
2.222222276031970978e-02
3.448275849223136902e-02
7.692307978868484497e-02
5.555555690079927444e-03
1.000000000000000000e+00
3.333333432674407959e-01
1.000000000000000000e+00
3.333333432674407959e-01
1.000000000000000000e+00
1.540357334306463599e-04
1.000000014901161194e-01
6.250000093132257462e-03
1.305483048781752586e-03
1.000000000000000000e+00
1.177856349386274815e-03
1.000000000000000000e+00
5.882352963089942932e-02
6.389776244759559631e-04
3.460207721218466759e-03
1.694915257394313812e-02
1.000000000000000000e+00
1.190476212650537491e-02
1.000000000000000000e+00
1.000000014901161194e-01
1.106194686144590378e-03
1.000000000000000000e+00
1.000000000000000000e+00
1.000000000000000000e+00
9.708737954497337341e-03
4.761904850602149963e-02
8.298755274154245853e-04
3.921568859368562698e-03
6.802720949053764343e-03
1.666666716337203979e-01
1.000000000000000000e+00
9.174311533570289612e-03
7.692307978868484497e-02
2.427184488624334335e-03
1.111111119389533997e-01
5.000000000000000000e-01
6.666667014360427856e-02
2.857142873108386993e-02
1.000000000000000000e+00
7.142857182770967484e-03
5.555555596947669983e-02
1.805054140277206898e-03
3.951163671445101500e-05
6.134969182312488556e-03
1.428571492433547974e-01
1.000000000000000000e+00
5.000000000000000000e-01
1.149425283074378967e-02
6.896551698446273804e-03
5.555555596947669983e-02
8.064515888690948486e-03
3.333333432674407959e-01
5.882352963089942932e-02
3.333333432674407959e-01
2.272727340459823608e-02
2.000000029802322388e-01
1.666666716337203979e-01
5.000000000000000000e-01
1.000000000000000000e+00
2.380952425301074982e-02
2.476473455317318439e-04
6.250000093132257462e-03
2.380952425301074982e-02
5.000000000000000000e-01
5.000000000000000000e-01
1.851851865649223328e-02
5.000000000000000000e-01
3.333333432674407959e-01
5.000000000000000000e-01
9.132419945672154427e-04
3.333333432674407959e-01
7.751937955617904663e-03
6.246096454560756683e-04
1.111111138015985489e-02
5.518763791769742966e-04
4.273504484444856644e-03
5.000000000000000000e-01
3.703703731298446655e-02
1.000000000000000000e+00
4.347826167941093445e-02
1.666666716337203979e-01
7.692307699471712112e-03
4.545454680919647217e-02
1.000000000000000000e+00
7.955449400469660759e-04
1.000000000000000000e+00
3.691399178933352232e-04
3.225806355476379395e-02
7.479431806132197380e-04
6.993006914854049683e-03
3.125000046566128731e-03
8.130080997943878174e-03
5.263157933950424194e-02
2.500000000000000000e-01
4.651162773370742798e-03
6.203473894856870174e-04
3.846153989434242249e-02
4.484305158257484436e-03
6.553080165758728981e-04
2.500000000000000000e-01
1.724137924611568451e-02
1.351351384073495865e-02
2.500000000000000000e-01
8.312552236020565033e-04
1.000000000000000000e+00
5.000000000000000000e-01
5.263157933950424194e-02
1.428571492433547974e-01
5.494505632668733597e-03
1.886792480945587158e-02
5.000000000000000000e-01
6.281406967900693417e-04
5.263157933950424194e-02
3.424657508730888367e-03
5.000000000000000000e-01
1.428571492433547974e-01
1.000000000000000000e+00
1.000000000000000000e+00
5.555555596947669983e-02
8.333333581686019897e-02
1.515151560306549072e-02
2.000000029802322388e-01
7.142857462167739868e-02
1.000000014901161194e-01
2.500000037252902985e-02
1.000000000000000000e+00
1.351351384073495865e-02
9.090909361839294434e-02
7.692307978868484497e-02
9.523809887468814850e-03
1.000000000000000000e+00
1.369863003492355347e-02
5.000000000000000000e-01
3.030303120613098145e-02
1.000000000000000000e+00
1.000000000000000000e+00
1.204819232225418091e-02
3.802281338721513748e-03
1.960784383118152618e-02
1.999999955296516418e-02
1.250000000000000000e-01
1.000000000000000000e+00
1.351351384073495865e-02
7.142857462167739868e-02
1.305483048781752586e-03
6.666667014360427856e-02
9.999999776482582092e-03
6.250000093132257462e-03
1.000000000000000000e+00
3.333333432674407959e-01
6.666666828095912933e-03
5.000000000000000000e-01
6.211180239915847778e-03
1.000000000000000000e+00
9.090909361839294434e-02
4.166666790843009949e-02
5.000000000000000000e-01
5.000000000000000000e-01
1.000000000000000000e+00
1.408450677990913391e-02
1.494768308475613594e-03
1.030927803367376328e-02
1.375515828840434551e-03
5.882352963089942932e-02
1.428571492433547974e-01
2.283104928210377693e-03
1.000000000000000000e+00
3.144653979688882828e-03
3.115264698863029480e-03
7.142857182770967484e-03
1.000000000000000000e+00
3.333333432674407959e-01
2.500000000000000000e-01
4.524887073785066605e-03
1.250000000000000000e-01
1.000000000000000000e+00
2.941176481544971466e-02
1.000000000000000000e+00
5.000000000000000000e-01
2.631578966975212097e-02
3.877171184285543859e-05
1.000000000000000000e+00
4.149377811700105667e-03
1.000000000000000000e+00
1.000000000000000000e+00
1.666666716337203979e-01
6.756756920367479324e-03
7.936508394777774811e-03
1.666666753590106964e-02
5.747126415371894836e-03
2.500000037252902985e-02
3.333333432674407959e-01
7.812500000000000000e-03
5.291005130857229233e-03
2.500000000000000000e-01
1.369863003492355347e-02
1.176470611244440079e-02
1.250000000000000000e-01
1.250000000000000000e-01
6.662225350737571716e-04
1.666666716337203979e-01
9.980039903894066811e-04
1.000000000000000000e+00
3.030303120613098145e-02
1.000000000000000000e+00
1.587301609106361866e-03
1.388888899236917496e-02
2.564102597534656525e-02
2.000000029802322388e-01
1.724137924611568451e-02
4.830917809158563614e-03
2.000000029802322388e-01
2.500000000000000000e-01
8.196720853447914124e-03
5.882352963089942932e-02
5.000000000000000000e-01
2.000000029802322388e-01
5.000000000000000000e-01
1.176470611244440079e-02
3.333333432674407959e-01
7.905138190835714340e-04
1.257861615158617496e-03
5.000000000000000000e-01
1.000000000000000000e+00
5.000000000000000000e-01
5.263157933950424194e-02
1.000000014901161194e-01
3.333333432674407959e-01
5.000000000000000000e-01
1.124859438277781010e-03
5.000000000000000000e-01
7.727975025773048401e-04
5.000000000000000000e-01
1.999999955296516418e-02
7.142857462167739868e-02
5.882352963089942932e-02
4.219409078359603882e-03
9.090909361839294434e-02
7.142857462167739868e-02
3.846153989434242249e-02
2.500000000000000000e-01
1.212121220305562019e-03
5.000000000000000000e-01
2.777777798473834991e-02
2.857142873108386993e-02
3.984063863754272461e-03
1.000000000000000000e+00
1.428571492433547974e-01
2.564102597534656525e-02
3.333333432674407959e-01
5.000000000000000000e-01
5.000000074505805969e-02
1.000000000000000000e+00
1.000000000000000000e+00
1.250000000000000000e-01
6.954103009775280952e-04
5.882352963089942932e-02
2.500000000000000000e-01
1.537279022159054875e-04
1.428571436554193497e-02
1.776198972947895527e-03
1.666666716337203979e-01
1.000000000000000000e+00
2.127659507095813751e-02
1.250000000000000000e-01
1.841620658524334431e-03
1.000000000000000000e+00
3.333333432674407959e-01
1.883239136077463627e-03
1.443001441657543182e-03
4.522840317804366350e-04
2.499999944120645523e-03
1.666666716337203979e-01
7.692307699471712112e-03
1.408450677990913391e-02
1.886792480945587158e-02
1.265822816640138626e-02
3.333333432674407959e-01
1.724137924611568451e-02
9.738046355778351426e-05
1.000000000000000000e+00
1.522070029750466347e-03
4.999999888241291046e-03
1.000000000000000000e+00
4.484305158257484436e-03
1.111111119389533997e-01
5.000000000000000000e-01
2.040816284716129303e-02
4.219409078359603882e-03
5.813953466713428497e-03
1.000000000000000000e+00
4.166666790843009949e-02
2.118644071742892265e-03
1.428571492433547974e-01
1.000000000000000000e+00
7.812500000000000000e-03
3.125000000000000000e-02
3.333333432674407959e-01
5.000000000000000000e-01
1.000000000000000000e+00
6.666667014360427856e-02
1.666666716337203979e-01
1.666666716337203979e-01
1.408450677990913391e-02
1.000000000000000000e+00
1.000000000000000000e+00
2.941176481544971466e-02
5.000000000000000000e-01
1.000000000000000000e+00
1.000000000000000000e+00
2.159827155992388725e-03
7.352941203862428665e-03
1.000000000000000000e+00
2.000000029802322388e-01
2.702702768146991730e-02
1.000000000000000000e+00
3.333333432674407959e-01
8.019246160984039307e-04
1.000000000000000000e+00
2.000000029802322388e-01
1.000000000000000000e+00
1.000000000000000000e+00
1.196172204799950123e-03
7.407407276332378387e-03
7.575757801532745361e-03
2.178649301640689373e-04
5.000000000000000000e-01
2.702702768146991730e-02
5.000000074505805969e-02
1.250000000000000000e-01
3.333333432674407959e-01
8.333333581686019897e-02
1.000000000000000000e+00
1.666666716337203979e-01
3.448275849223136902e-02
1.000000000000000000e+00
1.390820601955056190e-03
2.000000029802322388e-01
4.545454680919647217e-02
5.000000000000000000e-01
1.204819232225418091e-02
8.333333581686019897e-02
4.149377811700105667e-03
8.333333581686019897e-02
5.780346691608428955e-03
1.275510177947580814e-03
1.111111119389533997e-01
1.000000000000000000e+00
5.000000000000000000e-01
2.040816284716129303e-02
1.135073835030198097e-03
2.638522535562515259e-03
5.000000000000000000e-01
1.000000014901161194e-01
8.333333581686019897e-02
1.000000000000000000e+00
5.000000000000000000e-01
2.535496896598488092e-04
1.639344170689582825e-02
2.444987883791327477e-03
4.784688819199800491e-03
7.142857462167739868e-02
1.000000000000000000e+00
1.727414055494591594e-04
1.000000000000000000e+00
3.623188473284244537e-03
1.000000000000000000e+00
1.000000000000000000e+00
4.587155766785144806e-03
5.000000000000000000e-01
1.000000000000000000e+00
5.000000000000000000e-01
1.000000000000000000e+00
6.666667014360427856e-02
3.571428731083869934e-02
5.154639016836881638e-03
5.494505632668733597e-03
1.000000000000000000e+00
3.333333432674407959e-01
1.760563347488641739e-03
1.577287097461521626e-03
2.257336396723985672e-03
1.666666716337203979e-01
5.000000000000000000e-01
7.874015718698501587e-03
1.111111119389533997e-01
1.265822816640138626e-02
3.225806355476379395e-02
1.000000014901161194e-01
5.000000000000000000e-01
1.000000000000000000e+00
1.000000000000000000e+00
5.000000000000000000e-01
1.000000014901161194e-01
1.000000000000000000e+00
1.000000000000000000e+00
1.000000000000000000e+00
1.919385744258761406e-03
2.564102597534656525e-02
5.408328797784633934e-05
3.333333432674407959e-01
3.333333432674407959e-01
5.000000000000000000e-01
5.376344081014394760e-03
1.000000000000000000e+00
4.000000189989805222e-03
1.000000000000000000e+00
6.816632812842726707e-04
7.142857182770967484e-03
4.901960957795381546e-03
5.000000000000000000e-01
1.250000000000000000e-01
2.702702768146991730e-02
1.480823266319930553e-04
1.298701297491788864e-02
3.846153989434242249e-02
1.666666753590106964e-02
5.000000000000000000e-01
3.846153989434242249e-02
8.539709378965198994e-04
5.000000000000000000e-01
1.639344170689582825e-02
2.000000029802322388e-01
5.000000000000000000e-01
3.333333432674407959e-01
1.265822816640138626e-02
1.666666716337203979e-01
9.090909361839294434e-02
1.733102253638207912e-03
5.000000000000000000e-01
3.390980127733200788e-04
4.761904850602149963e-02
2.000000029802322388e-01
2.080299600493162870e-04
3.496503457427024841e-03
3.623188473284244537e-03
3.125000000000000000e-02
1.000000000000000000e+00
4.347826167941093445e-02
2.000000029802322388e-01
2.000000029802322388e-01
1.000000000000000000e+00
4.761904850602149963e-02
1.000000000000000000e+00
1.086956541985273361e-02
1.000000000000000000e+00
2.500000000000000000e-01
3.496503457427024841e-03
3.333333432674407959e-01
3.333333432674407959e-01
2.777777798473834991e-02
2.417795039946213365e-04
6.493506487458944321e-03
1.000000000000000000e+00
1.666666753590106964e-02
4.405286163091659546e-03
4.166666790843009949e-02
1.785714365541934967e-02
1.307189580984413624e-03
1.886792480945587158e-02
1.000000000000000000e+00
3.333333432674407959e-01
7.692307978868484497e-02
2.083333395421504974e-02
1.000000000000000000e+00
1.721170381642878056e-03
2.000000029802322388e-01
6.191950524225831032e-04
1.639344170689582825e-02
4.347826167941093445e-02
1.000000000000000000e+00
1.666666716337203979e-01
3.937007859349250793e-03
9.090908803045749664e-03
5.000000000000000000e-01
1.098901126533746719e-02
4.955401527695357800e-04
1.000000000000000000e+00
1.250000000000000000e-01
3.267973894253373146e-03
3.462603781372308731e-04
4.545454680919647217e-02
9.090909361839294434e-02
8.333333581686019897e-02
2.358490601181983948e-03
1.000000000000000000e+00
7.352941203862428665e-03
2.169197425246238708e-03
8.928571827709674835e-03
2.583979396149516106e-03
1.000000000000000000e+00
5.000000000000000000e-01
5.586592014878988266e-03
1.000000000000000000e+00
3.401360474526882172e-03
5.000000000000000000e-01
2.000000029802322388e-01
3.787878900766372681e-03
1.629726175451651216e-04
1.315789483487606049e-02
1.000000000000000000e+00
2.000000029802322388e-01
1.428571492433547974e-01
3.333333432674407959e-01
4.401408368721604347e-04
1.470588240772485733e-02
1.000000000000000000e+00
5.000000000000000000e-01
1.000000000000000000e+00
1.000000000000000000e+00
1.000000000000000000e+00
1.724137924611568451e-02
2.500000000000000000e-01
9.090909361839294434e-02
2.000000029802322388e-01
5.924170836806297302e-04
1.000000000000000000e+00
9.523809887468814850e-03
1.000000014901161194e-01
1.666666716337203979e-01
1.204819232225418091e-02
1.666666716337203979e-01
8.000000379979610443e-03
3.225806355476379395e-02
1.666666716337203979e-01
3.333333432674407959e-01
6.250000000000000000e-02
1.449275389313697815e-02
8.333333581686019897e-02
1.567398081533610821e-03
7.158195949159562588e-04
1.111111119389533997e-01
3.999999910593032837e-02
2.392344409599900246e-03
5.555555596947669983e-02
1.000000000000000000e+00
3.333333432674407959e-01
1.000000000000000000e+00
2.469135797582566738e-04
1.000000000000000000e+00
5.000000000000000000e-01
5.181347019970417023e-03
5.000000000000000000e-01
1.000000000000000000e+00
3.703703731298446655e-02
3.333333432674407959e-01
8.084074361249804497e-04
3.999999910593032837e-02
3.360215050633996725e-04
1.000000000000000000e+00
3.389830468222498894e-03
5.707762320525944233e-04
2.000000029802322388e-01
1.000000000000000000e+00
1.785714365541934967e-02
1.165501191280782223e-03
1.000000000000000000e+00
1.000000000000000000e+00
2.525252522900700569e-03
4.926108289510011673e-03
8.333333767950534821e-03
3.333333432674407959e-01
5.000000000000000000e-01
1.000000000000000000e+00
3.125000000000000000e-02
6.666667014360427856e-02
1.000000000000000000e+00
1.000000000000000000e+00
7.142857462167739868e-02
8.333333581686019897e-02
5.000000000000000000e-01
5.000000000000000000e-01
3.184713423252105713e-03
1.472754054702818394e-03
1.052631624042987823e-02
1.030927803367376328e-02
1.000000000000000000e+00
5.882352963089942932e-02
1.111111119389533997e-01
9.242144296877086163e-04
2.949852496385574341e-03
5.555555596947669983e-02
1.000000000000000000e+00
5.000000074505805969e-02
5.649717524647712708e-03
2.967359032481908798e-04
2.857142873108386993e-02
9.082652395591139793e-04
1.000000000000000000e+00
1.428571492433547974e-01
1.666666716337203979e-01
2.358490601181983948e-03
6.333122146315872669e-04
3.333333432674407959e-01
1.000000000000000000e+00
1.000000000000000000e+00
3.968254197388887405e-03
2.304147463291883469e-03
3.448275849223136902e-02
1.000000000000000000e+00
5.000000000000000000e-01
5.000000000000000000e-01
1.000000000000000000e+00
1.000000000000000000e+00
7.692307978868484497e-02
6.666667014360427856e-02
2.272727340459823608e-02
1.103752758353948593e-03
1.515151560306549072e-02
5.659950329572893679e-05
1.275510177947580814e-03
1.000000000000000000e+00
7.142857462167739868e-02
8.333333581686019897e-02
1.000000000000000000e+00
2.000000029802322388e-01
5.000000074505805969e-02
1.351351384073495865e-02
5.000000000000000000e-01
5.681818351149559021e-03
3.472222248092293739e-03
4.761904850602149963e-02
1.000000000000000000e+00
5.263157933950424194e-02
6.369426846504211426e-03
4.014451988041400909e-04
5.000000000000000000e-01
3.333333507180213928e-02
1.250000000000000000e-01
2.500000000000000000e-01
1.298701297491788864e-02
1.666666716337203979e-01
2.500000000000000000e-01
5.000000000000000000e-01
1.587301678955554962e-02
1.000000000000000000e+00
1.000000000000000000e+00
2.557544736191630363e-03
5.347593687474727631e-03
7.936508045531809330e-04
1.000000000000000000e+00
1.307189580984413624e-03
4.545454680919647217e-02
5.000000000000000000e-01
2.816901309415698051e-03
3.225806355476379395e-02
1.111111119389533997e-01
4.374453274067491293e-04
3.154574194923043251e-03
2.915452001616358757e-03
5.347593687474727631e-03
3.030303120613098145e-02
2.512562787160277367e-03
5.000000000000000000e-01
2.431315369904041290e-04
2.500000000000000000e-01
2.000000029802322388e-01
1.666666716337203979e-01
1.386001385981217027e-04
1.111111119389533997e-01
5.000000000000000000e-01
8.333333581686019897e-02
6.250000000000000000e-02
2.597402548417448997e-03
2.590673509985208511e-03
1.000000000000000000e+00
2.702702768146991730e-02
1.031991792842745781e-03
3.030303120613098145e-02
8.960573468357324600e-04
2.500000000000000000e-01
3.703703731298446655e-02
1.000000000000000000e+00
1.000000000000000000e+00
3.333333432674407959e-01
1.246105966856703162e-04
1.098901126533746719e-02
1.000000000000000000e+00
7.692307978868484497e-02
2.500000000000000000e-01
3.333333432674407959e-01
2.863688569050282240e-04
7.142857462167739868e-02
8.443806291325017810e-05
6.357278907671570778e-04
2.777777798473834991e-02
1.162790693342685699e-02
1.000000000000000000e+00
1.000000000000000000e+00
5.291005130857229233e-03
1.250000000000000000e-01
1.959708424692507833e-05
1.000000000000000000e+00
4.081632476300001144e-03
4.545454680919647217e-02
2.173913083970546722e-02
1.492537278681993484e-02
4.340277810115367174e-04
1.000000000000000000e+00
1.000000000000000000e+00
5.491488263942301273e-04
1.036269473843276501e-03
2.000000029802322388e-01
1.515151560306549072e-02
3.895901681971736252e-05
2.583979396149516106e-03
5.000000000000000000e-01
3.132832061965018511e-04
1.428571492433547974e-01
3.333333432674407959e-01
5.926628364250063896e-05
3.333333432674407959e-01
5.882352963089942932e-02
2.040816284716129303e-02
2.645502565428614616e-03
1.333333365619182587e-02
3.999999910593032837e-02
5.000000000000000000e-01
5.000000000000000000e-01
3.816793905571103096e-03
3.269042063038796186e-04
8.620689623057842255e-03
4.445234662853181362e-05
2.272727340459823608e-02
1.000000000000000000e+00
3.003003075718879700e-04
1.666666716337203979e-01
1.000000000000000000e+00
1.892147556645795703e-04
2.127659507095813751e-02
