9.993878602981567383e-01
9.817969799041748047e-01
9.494823813438415527e-01
9.869260191917419434e-01
9.989523887634277344e-01
9.876905083656311035e-01
9.983317852020263672e-01
9.979981780052185059e-01
9.984062314033508301e-01
9.982197284698486328e-01
9.872122406959533691e-01
9.826744794845581055e-01
9.800527095794677734e-01
9.968158006668090820e-01
9.828015565872192383e-01
9.884049296379089355e-01
9.307023882865905762e-01
9.995573163032531738e-01
9.890309572219848633e-01
9.833548665046691895e-01
9.989641904830932617e-01
9.991590976715087891e-01
9.982498288154602051e-01
9.915872812271118164e-01
9.978836178779602051e-01
9.985725879669189453e-01
9.981624484062194824e-01
9.998127818107604980e-01
9.951493144035339355e-01
9.936769008636474609e-01
7.770648002624511719e-01
9.664734005928039551e-01
9.807190299034118652e-01
9.982141256332397461e-01
9.972152113914489746e-01
9.978395700454711914e-01
9.989352822303771973e-01
9.994902014732360840e-01
9.970726370811462402e-01
9.950557947158813477e-01
9.979608058929443359e-01
9.740265011787414551e-01
9.925330281257629395e-01
9.891849756240844727e-01
9.994765520095825195e-01
9.997561573982238770e-01
9.911689758300781250e-01
9.992803931236267090e-01
9.989728331565856934e-01
9.987568259239196777e-01
9.960827827453613281e-01
9.813581109046936035e-01
9.360771179199218750e-01
9.963181018829345703e-01
9.981808066368103027e-01
9.824340939521789551e-01
9.927104115486145020e-01
9.978788495063781738e-01
9.988330602645874023e-01
9.972767829895019531e-01
9.976169466972351074e-01
9.985007643699645996e-01
9.511180520057678223e-01
9.926643371582031250e-01
9.950011372566223145e-01
9.941225647926330566e-01
9.942401647567749023e-01
9.924738407135009766e-01
9.925212264060974121e-01
9.926192164421081543e-01
9.825184941291809082e-01
9.960637092590332031e-01
9.871826171875000000e-01
9.853985905647277832e-01
9.895302057266235352e-01
9.980313181877136230e-01
9.968456625938415527e-01
9.953674674034118652e-01
9.999577403068542480e-01
9.991605281829833984e-01
9.957158565521240234e-01
9.605798125267028809e-01
9.995434284210205078e-01
9.960848689079284668e-01
9.987635016441345215e-01
9.973683357238769531e-01
9.945149421691894531e-01
9.989545345306396484e-01
9.973771572113037109e-01
9.932903647422790527e-01
9.961316585540771484e-01
9.947882890701293945e-01
9.968984127044677734e-01
9.688821434974670410e-01
9.970731139183044434e-01
9.994386434555053711e-01
9.985709190368652344e-01
9.965111017227172852e-01
9.982972741127014160e-01
9.982085227966308594e-01
9.961380958557128906e-01
9.965269565582275391e-01
9.922552108764648438e-01
9.869089722633361816e-01
9.951230883598327637e-01
9.980318546295166016e-01
9.958733916282653809e-01
9.981353282928466797e-01
9.957731366157531738e-01
9.834084510803222656e-01
9.975729584693908691e-01
9.977217316627502441e-01
9.973040223121643066e-01
9.948197007179260254e-01
9.942983984947204590e-01
9.920847415924072266e-01
9.965376853942871094e-01
9.979766011238098145e-01
9.539368748664855957e-01
9.969509243965148926e-01
9.904310107231140137e-01
9.597455859184265137e-01
9.906592369079589844e-01
9.928436279296875000e-01
9.824383854866027832e-01
9.950134754180908203e-01
9.980714917182922363e-01
9.950342774391174316e-01
9.922950267791748047e-01
9.944211840629577637e-01
9.995031356811523438e-01
9.976228475570678711e-01
9.996337890625000000e-01
9.930416941642761230e-01
9.960886836051940918e-01
9.596464037895202637e-01
9.965230822563171387e-01
9.815816879272460938e-01
9.948199391365051270e-01
9.916396737098693848e-01
9.970675706863403320e-01
9.333252906799316406e-01
9.998138546943664551e-01
9.985708594322204590e-01
9.960972070693969727e-01
9.499464035034179688e-01
9.543770551681518555e-01
9.058698415756225586e-01
9.964832663536071777e-01
9.986597895622253418e-01
9.975497126579284668e-01
9.941769838333129883e-01
9.985473155975341797e-01
9.720203280448913574e-01
9.994623661041259766e-01
9.862680435180664062e-01
8.768579959869384766e-01
9.838686585426330566e-01
9.287564754486083984e-01
9.978148937225341797e-01
9.981664419174194336e-01
9.918698072433471680e-01
9.973137974739074707e-01
9.983302950859069824e-01
9.915826916694641113e-01
9.736261963844299316e-01
9.916352033615112305e-01
9.966618418693542480e-01
9.942640662193298340e-01
9.989998936653137207e-01
9.974746108055114746e-01
9.942907691001892090e-01
9.986437559127807617e-01
9.949226379394531250e-01
9.973258972167968750e-01
9.997079968452453613e-01
9.974009990692138672e-01
9.964104294776916504e-01
9.982635974884033203e-01
9.916582703590393066e-01
9.983575344085693359e-01
9.982803463935852051e-01
9.919875860214233398e-01
9.959548711776733398e-01
9.953182339668273926e-01
9.954767823219299316e-01
9.938727617263793945e-01
9.996916055679321289e-01
9.976351261138916016e-01
9.992744326591491699e-01
9.964705705642700195e-01
9.966802000999450684e-01
9.881018400192260742e-01
9.996627569198608398e-01
9.913831353187561035e-01
9.959764480590820312e-01
9.938495159149169922e-01
9.984343051910400391e-01
9.992586374282836914e-01
9.983309507369995117e-01
9.984671473503112793e-01
9.552444219589233398e-01
9.970612525939941406e-01
9.947459101676940918e-01
9.999020695686340332e-01
9.993751049041748047e-01
9.828281402587890625e-01
9.985412359237670898e-01
9.999079108238220215e-01
9.986375570297241211e-01
9.971264600753784180e-01
9.952569603919982910e-01
9.832083582878112793e-01
9.986691474914550781e-01
9.951189160346984863e-01
9.997168779373168945e-01
9.999369978904724121e-01
9.939234256744384766e-01
9.981509447097778320e-01
9.977514743804931641e-01
9.445323944091796875e-01
9.744433760643005371e-01
9.975610375404357910e-01
9.828237295150756836e-01
9.981408119201660156e-01
9.960309863090515137e-01
9.975812435150146484e-01
9.946618676185607910e-01
9.971303939819335938e-01
9.950294494628906250e-01
9.966152310371398926e-01
9.996800422668457031e-01
9.708968997001647949e-01
9.556603431701660156e-01
9.991523623466491699e-01
9.772874116897583008e-01
9.938316941261291504e-01
9.970789551734924316e-01
9.940564036369323730e-01
9.827283024787902832e-01
9.970274567604064941e-01
9.960043430328369141e-01
9.972498416900634766e-01
9.980918169021606445e-01
9.982352852821350098e-01
9.981692433357238770e-01
9.868156909942626953e-01
9.952935576438903809e-01
9.984035491943359375e-01
9.970035552978515625e-01
9.995500445365905762e-01
9.957728385925292969e-01
9.984341859817504883e-01
9.941116571426391602e-01
9.892051815986633301e-01
9.973205327987670898e-01
9.979826211929321289e-01
9.978846907615661621e-01
9.972451329231262207e-01
9.634800553321838379e-01
9.986149072647094727e-01
9.962553977966308594e-01
9.946431517601013184e-01
9.981130957603454590e-01
9.865573644638061523e-01
9.992189407348632812e-01
9.891282916069030762e-01
9.975491762161254883e-01
9.911817312240600586e-01
9.862918257713317871e-01
9.641638398170471191e-01
9.692805409431457520e-01
9.975927472114562988e-01
9.998238086700439453e-01
9.834381937980651855e-01
9.726474285125732422e-01
9.953667521476745605e-01
9.855045080184936523e-01
9.974732398986816406e-01
9.991167187690734863e-01
9.864193797111511230e-01
9.984068870544433594e-01
9.943616390228271484e-01
9.823821783065795898e-01
9.983922839164733887e-01
9.985769391059875488e-01
9.965545535087585449e-01
9.957326650619506836e-01
9.911910295486450195e-01
9.886940717697143555e-01
9.962356686592102051e-01
9.869435429573059082e-01
9.986715316772460938e-01
9.909246563911437988e-01
9.989799261093139648e-01
9.975986480712890625e-01
9.986642003059387207e-01
9.945490956306457520e-01
9.762117862701416016e-01
9.984640479087829590e-01
9.963163137435913086e-01
9.884873628616333008e-01
9.879921078681945801e-01
9.921317696571350098e-01
9.981546401977539062e-01
9.974775314331054688e-01
9.984096288681030273e-01
9.992718100547790527e-01
9.905338287353515625e-01
9.991882443428039551e-01
9.240248799324035645e-01
9.770739674568176270e-01
9.962857961654663086e-01
9.979248046875000000e-01
9.974445700645446777e-01
9.990915060043334961e-01
9.983376264572143555e-01
9.976668357849121094e-01
9.998138546943664551e-01
9.772750735282897949e-01
9.973979592323303223e-01
9.986591339111328125e-01
9.945802092552185059e-01
9.855991601943969727e-01
9.996474385261535645e-01
9.949507713317871094e-01
9.986104369163513184e-01
9.748033285140991211e-01
9.943423271179199219e-01
9.874315261840820312e-01
9.848098754882812500e-01
9.887392520904541016e-01
9.953106045722961426e-01
9.892700910568237305e-01
9.982505440711975098e-01
9.602050185203552246e-01
9.954957962036132812e-01
9.902427196502685547e-01
9.698423743247985840e-01
9.945024847984313965e-01
9.958447217941284180e-01
9.906365871429443359e-01
9.494805932044982910e-01
9.916107058525085449e-01
9.947304725646972656e-01
9.959517121315002441e-01
9.891067147254943848e-01
9.988821148872375488e-01
9.952580332756042480e-01
9.982550144195556641e-01
9.995022416114807129e-01
9.981174468994140625e-01
9.969929456710815430e-01
9.906800985336303711e-01
9.979718327522277832e-01
9.978284239768981934e-01
9.756765365600585938e-01
9.919351339340209961e-01
9.960244297981262207e-01
9.990239739418029785e-01
9.868089556694030762e-01
9.921869635581970215e-01
9.965230822563171387e-01
9.973515868186950684e-01
9.978547692298889160e-01
9.984804987907409668e-01
9.983592629432678223e-01
9.988940358161926270e-01
9.974130392074584961e-01
9.976924657821655273e-01
9.849809408187866211e-01
9.984027147293090820e-01
9.989241361618041992e-01
9.858314394950866699e-01
1.000000000000000000e+00
9.909148216247558594e-01
9.929200410842895508e-01
9.866635203361511230e-01
9.751422405242919922e-01
9.883721470832824707e-01
9.874808192253112793e-01
9.952911138534545898e-01
9.982190728187561035e-01
9.980174303054809570e-01
9.951981306076049805e-01
9.957701563835144043e-01
9.733505845069885254e-01
9.968835115432739258e-01
9.831149578094482422e-01
9.967978596687316895e-01
9.784692525863647461e-01
9.990509152412414551e-01
9.928945899009704590e-01
9.888639450073242188e-01
9.974710345268249512e-01
9.953385591506958008e-01
9.959633350372314453e-01
9.946108460426330566e-01
9.981281757354736328e-01
9.952976107597351074e-01
9.894577860832214355e-01
9.979028701782226562e-01
9.893829822540283203e-01
9.943214058876037598e-01
9.974714517593383789e-01
9.972429871559143066e-01
9.979314804077148438e-01
9.985270500183105469e-01
9.953699707984924316e-01
9.853604435920715332e-01
9.911574721336364746e-01
9.997543692588806152e-01
9.673840999603271484e-01
9.959288239479064941e-01
9.924880266189575195e-01
9.884158968925476074e-01
9.959082603454589844e-01
9.499813318252563477e-01
9.948263168334960938e-01
9.908843040466308594e-01
9.984829425811767578e-01
9.893033504486083984e-01
9.952135682106018066e-01
9.944241642951965332e-01
9.915855526924133301e-01
9.950631856918334961e-01
9.925834536552429199e-01
9.809364080429077148e-01
9.960976839065551758e-01
9.942156076431274414e-01
9.987724423408508301e-01
9.907947182655334473e-01
9.629909396171569824e-01
9.972446560859680176e-01
9.856609702110290527e-01
9.856261014938354492e-01
9.996998906135559082e-01
9.987435340881347656e-01
9.928139448165893555e-01
9.695096611976623535e-01
9.943126440048217773e-01
9.934343695640563965e-01
9.932611584663391113e-01
9.935414791107177734e-01
9.941043853759765625e-01
9.940892457962036133e-01
9.911262392997741699e-01
9.955924153327941895e-01
9.873042702674865723e-01
9.817675352096557617e-01
9.983568191528320312e-01
9.984683990478515625e-01
9.999398589134216309e-01
9.991987347602844238e-01
9.942629337310791016e-01
9.961911439895629883e-01
9.956491589546203613e-01
9.914703965187072754e-01
9.999293684959411621e-01
9.924621582031250000e-01
9.998064041137695312e-01
9.993799924850463867e-01
9.659003019332885742e-01
9.977056384086608887e-01
9.882582426071166992e-01
9.877252578735351562e-01
9.849019050598144531e-01
9.992233514785766602e-01
9.919590950012207031e-01
9.999125003814697266e-01
9.976992011070251465e-01
9.971355795860290527e-01
9.930883049964904785e-01
9.985346794128417969e-01
9.952654838562011719e-01
9.983527064323425293e-01
9.987561702728271484e-01
9.896357655525207520e-01
9.959849715232849121e-01
9.968159794807434082e-01
9.973924160003662109e-01
9.992972016334533691e-01
9.990645051002502441e-01
9.978672862052917480e-01
9.945825934410095215e-01
9.561982750892639160e-01
9.845100641250610352e-01
9.879100918769836426e-01
9.997604489326477051e-01
9.980151057243347168e-01
9.996789097785949707e-01
9.950118660926818848e-01
9.934224486351013184e-01
9.982649087905883789e-01
9.987031817436218262e-01
9.988223314285278320e-01
9.853770136833190918e-01
9.724815487861633301e-01
9.877425432205200195e-01
9.984785318374633789e-01
9.944636225700378418e-01
9.959578514099121094e-01
9.990702867507934570e-01
9.973060488700866699e-01
9.937873482704162598e-01
9.944071769714355469e-01
9.970628023147583008e-01
9.836264848709106445e-01
9.997757673263549805e-01
9.948707222938537598e-01
9.835304617881774902e-01
9.943593740463256836e-01
9.953106045722961426e-01
9.960163831710815430e-01
9.975403547286987305e-01
9.978138208389282227e-01
9.974727034568786621e-01
9.987162351608276367e-01
9.004116058349609375e-01
9.967268705368041992e-01
9.901040196418762207e-01
9.981887936592102051e-01
9.939314723014831543e-01
9.925422072410583496e-01
9.660884141921997070e-01
9.944404363632202148e-01
9.998177289962768555e-01
9.980927109718322754e-01
9.989876747131347656e-01
9.981665015220642090e-01
9.985864758491516113e-01
9.929460287094116211e-01
9.915515780448913574e-01
9.823870658874511719e-01
9.886313676834106445e-01
9.971103072166442871e-01
9.236724376678466797e-01
9.900355339050292969e-01
9.934208989143371582e-01
9.977931976318359375e-01
9.988757967948913574e-01
9.981739521026611328e-01
9.964254498481750488e-01
9.995194077491760254e-01
9.998095035552978516e-01
9.994066357612609863e-01
9.894186854362487793e-01
9.968573451042175293e-01
9.916725158691406250e-01
9.928032159805297852e-01
9.980250597000122070e-01
9.979003667831420898e-01
9.968841671943664551e-01
9.982434511184692383e-01
9.941070079803466797e-01
9.943774342536926270e-01
9.984127283096313477e-01
9.918274879455566406e-01
9.761074185371398926e-01
9.976653456687927246e-01
9.924920201301574707e-01
9.986338615417480469e-01
9.964310526847839355e-01
9.995013475418090820e-01
9.943259358406066895e-01
9.861578941345214844e-01
9.957929253578186035e-01
9.896207451820373535e-01
9.877482652664184570e-01
9.869576096534729004e-01
9.872756004333496094e-01
9.985239505767822266e-01
9.993543624877929688e-01
9.728540778160095215e-01
9.985210299491882324e-01
9.978264570236206055e-01
9.727072119712829590e-01
9.868777990341186523e-01
9.883897900581359863e-01
9.826056957244873047e-01
9.947612881660461426e-01
9.729941487312316895e-01
9.939374327659606934e-01
9.961376190185546875e-01
9.841430783271789551e-01
9.943215250968933105e-01
9.943344593048095703e-01
9.976293444633483887e-01
9.998279213905334473e-01
9.986997246742248535e-01
9.973166584968566895e-01
9.977295398712158203e-01
9.967373013496398926e-01
9.514723420143127441e-01
9.988053441047668457e-01
9.832175970077514648e-01
9.890016913414001465e-01
9.976742267608642578e-01
9.931185245513916016e-01
9.987074732780456543e-01
9.992609620094299316e-01
9.835212230682373047e-01
9.943156242370605469e-01
9.979324340820312500e-01
9.969961047172546387e-01
9.819436669349670410e-01
9.648947119712829590e-01
9.996144175529479980e-01
9.970542192459106445e-01
9.922376275062561035e-01
9.956648945808410645e-01
9.977566003799438477e-01
9.979304075241088867e-01
9.987324476242065430e-01
9.924395084381103516e-01
9.964820742607116699e-01
9.944097995758056641e-01
9.896953105926513672e-01
9.935627579689025879e-01
9.888641834259033203e-01
9.942998290061950684e-01
9.697714447975158691e-01
9.986856579780578613e-01
9.527878761291503906e-01
9.916104674339294434e-01
9.954735040664672852e-01
9.907464981079101562e-01
9.993078708648681641e-01
9.965498447418212891e-01
9.848369956016540527e-01
9.722841382026672363e-01
9.934929609298706055e-01
9.960287809371948242e-01
9.862914681434631348e-01
9.985108971595764160e-01
9.976470470428466797e-01
9.979387521743774414e-01
9.978620409965515137e-01
9.948955774307250977e-01
9.982300400733947754e-01
9.871897101402282715e-01
9.966085553169250488e-01
9.960501194000244141e-01
9.957532286643981934e-01
9.945290684700012207e-01
9.903589487075805664e-01
9.958429932594299316e-01
9.928149580955505371e-01
9.993348717689514160e-01
9.961706399917602539e-01
9.973047971725463867e-01
9.935997128486633301e-01
9.950704574584960938e-01
9.936410784721374512e-01
9.917779564857482910e-01
9.990399479866027832e-01
9.972046017646789551e-01
9.968327879905700684e-01
9.989215731620788574e-01
9.999719858169555664e-01
9.980472922325134277e-01
9.995456933975219727e-01
9.827469587326049805e-01
9.975609779357910156e-01
9.918589591979980469e-01
9.983316659927368164e-01
9.958835244178771973e-01
9.958584904670715332e-01
9.973471760749816895e-01
9.900536537170410156e-01
9.941589832305908203e-01
9.976041316986083984e-01
9.917951226234436035e-01
9.976592659950256348e-01
9.944233894348144531e-01
9.974270462989807129e-01
9.859874248504638672e-01
9.952022433280944824e-01
9.996367096900939941e-01
9.972404837608337402e-01
9.989345669746398926e-01
9.203281402587890625e-01
9.927904009819030762e-01
9.997728466987609863e-01
9.994660019874572754e-01
9.944993853569030762e-01
9.989096522331237793e-01
9.760205745697021484e-01
9.949493408203125000e-01
9.969230294227600098e-01
9.975757598876953125e-01
9.985674619674682617e-01
9.956277608871459961e-01
9.990675449371337891e-01
9.992936849594116211e-01
9.738403558731079102e-01
9.975648522377014160e-01
9.958827495574951172e-01
9.956229925155639648e-01
9.985243082046508789e-01
9.952585697174072266e-01
9.985401034355163574e-01
9.924768209457397461e-01
9.961711764335632324e-01
9.921054840087890625e-01
9.968581199645996094e-01
9.993301033973693848e-01
9.919844269752502441e-01
9.931101799011230469e-01
9.897187352180480957e-01
9.860669970512390137e-01
9.978913068771362305e-01
9.981546998023986816e-01
9.924708604812622070e-01
9.979614019393920898e-01
9.973552227020263672e-01
9.934821128845214844e-01
9.908239245414733887e-01
9.964723587036132812e-01
9.940609335899353027e-01
9.968165159225463867e-01
9.806230664253234863e-01
9.854811429977416992e-01
9.963842034339904785e-01
9.982197284698486328e-01
9.634066224098205566e-01
9.940134286880493164e-01
9.900480508804321289e-01
9.908136725425720215e-01
9.956731796264648438e-01
9.872457385063171387e-01
9.973315596580505371e-01
9.825581908226013184e-01
9.975285530090332031e-01
9.950937032699584961e-01
9.996292591094970703e-01
9.970939159393310547e-01
9.742363095283508301e-01
9.971562623977661133e-01
9.973481297492980957e-01
9.983618259429931641e-01
9.778169393539428711e-01
9.998251199722290039e-01
9.999319911003112793e-01
9.955790638923645020e-01
9.999067187309265137e-01
9.997041821479797363e-01
9.865157604217529297e-01
9.945346117019653320e-01
9.976201057434082031e-01
9.955195188522338867e-01
9.900237917900085449e-01
9.687999486923217773e-01
9.920901656150817871e-01
9.944706559181213379e-01
9.960624575614929199e-01
9.999428391456604004e-01
9.989846348762512207e-01
9.820142388343811035e-01
9.995153546333312988e-01
9.910917282104492188e-01
9.946802258491516113e-01
9.992375969886779785e-01
9.979633092880249023e-01
9.960808157920837402e-01
9.962350130081176758e-01
9.885352253913879395e-01
9.935838580131530762e-01
9.981072545051574707e-01
9.876744151115417480e-01
9.940668940544128418e-01
9.926652312278747559e-01
9.940383434295654297e-01
9.896540045738220215e-01
9.893656373023986816e-01
9.968363642692565918e-01
9.940774440765380859e-01
9.967968463897705078e-01
9.968731403350830078e-01
9.999670982360839844e-01
9.766657352447509766e-01
9.986160993576049805e-01
9.944214224815368652e-01
9.916874766349792480e-01
9.978155493736267090e-01
9.972473978996276855e-01
9.877290129661560059e-01
9.966871142387390137e-01
9.987298250198364258e-01
9.998599290847778320e-01
9.957666993141174316e-01
9.985534548759460449e-01
9.980188608169555664e-01
9.946241974830627441e-01
9.977524876594543457e-01
9.952569603919982910e-01
9.971599578857421875e-01
9.986956715583801270e-01
9.974414706230163574e-01
9.994160532951354980e-01
9.971518516540527344e-01
9.959343075752258301e-01
9.957708120346069336e-01
9.990298151969909668e-01
9.987407922744750977e-01
9.966691136360168457e-01
9.944308996200561523e-01
9.934793114662170410e-01
9.972311258316040039e-01
9.912812113761901855e-01
9.903353452682495117e-01
9.946159720420837402e-01
9.941442012786865234e-01
9.929230213165283203e-01
9.992743730545043945e-01
9.792060256004333496e-01
9.942423701286315918e-01
9.934931993484497070e-01
9.160874485969543457e-01
9.965094327926635742e-01
9.924455881118774414e-01
9.787325263023376465e-01
9.944784641265869141e-01
9.833459854125976562e-01
9.920750260353088379e-01
9.987795352935791016e-01
9.992733597755432129e-01
9.993227124214172363e-01
9.852125644683837891e-01
9.920660257339477539e-01
9.696115255355834961e-01
9.920458793640136719e-01
9.842088818550109863e-01
9.995431900024414062e-01
9.899927377700805664e-01
9.996249675750732422e-01
9.983548521995544434e-01
9.966484904289245605e-01
9.888013601303100586e-01
9.991889595985412598e-01
9.996749162673950195e-01
9.893817901611328125e-01
9.986554980278015137e-01
9.956013560295104980e-01
9.892821907997131348e-01
9.940710067749023438e-01
9.916992783546447754e-01
9.974826574325561523e-01
9.921637177467346191e-01
9.995266795158386230e-01
9.605517983436584473e-01
9.892784357070922852e-01
9.995840787887573242e-01
9.994087815284729004e-01
9.995762109756469727e-01
9.951862692832946777e-01
9.839696884155273438e-01
9.905669689178466797e-01
9.961528182029724121e-01
9.994326829910278320e-01
9.979677200317382812e-01
9.981589913368225098e-01
9.937256574630737305e-01
9.897370934486389160e-01
9.996238350868225098e-01
9.978460669517517090e-01
9.891694188117980957e-01
9.755741953849792480e-01
9.988976716995239258e-01
9.946745634078979492e-01
9.946134090423583984e-01
9.950846433639526367e-01
9.995459318161010742e-01
9.966503977775573730e-01
8.993287682533264160e-01
9.919688701629638672e-01
9.977719783782958984e-01
9.746584296226501465e-01
9.985710382461547852e-01
9.898554086685180664e-01
9.950714707374572754e-01
9.991717934608459473e-01
9.992812275886535645e-01
9.853292703628540039e-01
9.994755983352661133e-01
9.971390962600708008e-01
9.960188865661621094e-01
9.559606909751892090e-01
9.905977845191955566e-01
9.866429567337036133e-01
9.783096313476562500e-01
9.973750114440917969e-01
9.997492432594299316e-01
9.973640441894531250e-01
9.945381879806518555e-01
9.702049493789672852e-01
9.935942888259887695e-01
9.838337898254394531e-01
9.996443390846252441e-01
9.971342682838439941e-01
9.979925751686096191e-01
9.665254950523376465e-01
9.971755146980285645e-01
9.735796451568603516e-01
9.976747035980224609e-01
9.941858053207397461e-01
9.904429912567138672e-01
9.976845979690551758e-01
9.970104694366455078e-01
9.961467981338500977e-01
9.981483817100524902e-01
9.968453049659729004e-01
9.996286034584045410e-01
9.982265233993530273e-01
9.986139535903930664e-01
9.973775744438171387e-01
9.905004501342773438e-01
9.608014225959777832e-01
9.170107245445251465e-01
9.972392916679382324e-01
9.904950857162475586e-01
9.855678677558898926e-01
9.963783621788024902e-01
9.961336851119995117e-01
9.935046434402465820e-01
9.956299662590026855e-01
9.963153600692749023e-01
9.999573826789855957e-01
9.915966987609863281e-01
9.993811249732971191e-01
9.875909090042114258e-01
9.977633953094482422e-01
9.929798245429992676e-01
9.870928525924682617e-01
9.993805289268493652e-01
9.693720340728759766e-01
9.917407631874084473e-01
9.875124692916870117e-01
9.954474568367004395e-01
9.924035072326660156e-01
9.949280619621276855e-01
9.921652078628540039e-01
9.978221058845520020e-01
9.964751005172729492e-01
9.984406232833862305e-01
9.761248826980590820e-01
9.832179546356201172e-01
9.901750683784484863e-01
9.825448989868164062e-01
9.930401444435119629e-01
9.997791647911071777e-01
9.973443150520324707e-01
9.983942508697509766e-01
9.987311363220214844e-01
9.984712004661560059e-01
9.951360821723937988e-01
9.980622529983520508e-01
9.872732162475585938e-01
9.979162216186523438e-01
9.959480166435241699e-01
9.947788119316101074e-01
9.964503049850463867e-01
9.768392443656921387e-01
9.940534830093383789e-01
9.976983070373535156e-01
9.981244802474975586e-01
9.950299859046936035e-01
9.998921751976013184e-01
9.959496855735778809e-01
9.977378845214843750e-01
9.987751245498657227e-01
9.973664879798889160e-01
9.785774350166320801e-01
9.984601736068725586e-01
9.984523057937622070e-01
9.319673180580139160e-01
9.975171089172363281e-01
9.966945648193359375e-01
9.785094261169433594e-01
9.920185208320617676e-01
9.990076422691345215e-01
9.987168908119201660e-01
9.960258603096008301e-01
9.892901778221130371e-01
9.968227744102478027e-01
9.944484233856201172e-01
9.918625354766845703e-01
8.441849350929260254e-01
9.957439899444580078e-01
9.939566254615783691e-01
9.983791112899780273e-01
8.995991945266723633e-01
9.973722696304321289e-01
9.986759424209594727e-01
9.993966221809387207e-01
9.983492493629455566e-01
9.930239319801330566e-01
9.955033063888549805e-01
9.967213273048400879e-01
9.873828887939453125e-01
9.982377290725708008e-01
9.820276498794555664e-01
9.871994256973266602e-01
9.756448268890380859e-01
9.962671995162963867e-01
9.989123940467834473e-01
9.982636570930480957e-01
9.918830990791320801e-01
9.562139511108398438e-01
9.931911826133728027e-01
9.959663152694702148e-01
9.915995001792907715e-01
9.984742403030395508e-01
9.963089227676391602e-01
9.367992877960205078e-01
9.959716796875000000e-01
9.965779185295104980e-01
9.861940741539001465e-01
9.993588924407958984e-01
9.944398403167724609e-01
9.971691966056823730e-01
9.659925103187561035e-01
9.801663756370544434e-01
9.987838268280029297e-01
9.947416782379150391e-01
9.898949265480041504e-01
9.925617575645446777e-01
9.951313138008117676e-01
9.983171820640563965e-01
9.955450892448425293e-01
9.984440803527832031e-01
9.855487346649169922e-01
9.841299057006835938e-01
9.997091293334960938e-01
9.962205886840820312e-01
9.980129599571228027e-01
9.993683695793151855e-01
9.988860487937927246e-01
9.967001676559448242e-01
9.931644797325134277e-01
9.999071955680847168e-01
9.751707911491394043e-01
9.984983801841735840e-01
9.757339358329772949e-01
9.962602257728576660e-01
9.940871000289916992e-01
9.987718462944030762e-01
9.955540895462036133e-01
9.954492449760437012e-01
9.990049600601196289e-01
9.934977293014526367e-01
9.984235763549804688e-01
9.927297830581665039e-01
9.968099594116210938e-01
9.978881478309631348e-01
9.930671453475952148e-01
9.726161956787109375e-01
9.969880580902099609e-01
9.966214299201965332e-01
9.996441006660461426e-01
9.858904480934143066e-01
9.787952303886413574e-01
9.964995980262756348e-01
9.988324642181396484e-01
9.934997558593750000e-01
9.963688850402832031e-01
9.796156287193298340e-01
9.971100091934204102e-01
9.975129365921020508e-01
9.962092638015747070e-01
9.863823056221008301e-01
9.934450984001159668e-01
9.952782988548278809e-01
9.993842244148254395e-01
9.936907887458801270e-01
9.944187402725219727e-01
9.965826869010925293e-01
9.935874938964843750e-01
9.986451864242553711e-01
9.932228326797485352e-01
9.991086125373840332e-01
9.893960952758789062e-01
9.985338449478149414e-01
9.977416992187500000e-01
9.884416460990905762e-01
9.970602989196777344e-01
9.964764118194580078e-01
9.973927140235900879e-01
9.907708764076232910e-01
9.974397420883178711e-01
9.965053200721740723e-01
9.972463846206665039e-01
9.933733940124511719e-01
9.941576719284057617e-01
9.928241372108459473e-01
9.937744140625000000e-01
9.950651526451110840e-01
9.970754981040954590e-01
9.925127029418945312e-01
9.964613318443298340e-01
9.929976463317871094e-01
9.995044469833374023e-01
9.985606670379638672e-01
9.969982504844665527e-01
9.958029389381408691e-01
9.970231056213378906e-01
9.987397789955139160e-01
9.841184020042419434e-01
9.934894442558288574e-01
9.904481768608093262e-01
9.943010807037353516e-01
9.998278617858886719e-01
9.901790022850036621e-01
9.960646033287048340e-01
9.976046085357666016e-01
9.977809190750122070e-01
9.990797042846679688e-01
9.899114370346069336e-01
9.884871244430541992e-01
8.351843357086181641e-01
9.949628114700317383e-01
9.930774569511413574e-01
9.688919186592102051e-01
9.998892545700073242e-01
9.563033580780029297e-01
9.767758846282958984e-01
9.950671792030334473e-01
9.978115558624267578e-01
7.464002966880798340e-01
9.954681396484375000e-01
9.935858845710754395e-01
9.355552792549133301e-01
9.608925580978393555e-01
9.946967363357543945e-01
9.984073638916015625e-01
9.985945820808410645e-01
9.978335499763488770e-01
9.754735231399536133e-01
9.995838999748229980e-01
9.980095624923706055e-01
9.886454939842224121e-01
9.882023334503173828e-01
9.897347092628479004e-01
9.971759319305419922e-01
9.999723434448242188e-01
9.942122697830200195e-01
9.958869218826293945e-01
9.968933463096618652e-01
9.983288049697875977e-01
9.804550409317016602e-01
9.992275238037109375e-01
9.996989369392395020e-01
9.979857206344604492e-01
9.936223626136779785e-01
9.711657762527465820e-01
9.969221949577331543e-01
9.986844658851623535e-01
9.958993196487426758e-01
9.972980022430419922e-01
9.984134435653686523e-01
9.760863780975341797e-01
9.971882700920104980e-01
9.970597624778747559e-01
9.773984551429748535e-01
9.971081018447875977e-01
9.855841398239135742e-01
7.711287736892700195e-01
9.966914653778076172e-01
9.952725172042846680e-01
9.529306888580322266e-01
9.931355118751525879e-01
9.940959811210632324e-01
9.907097816467285156e-01
9.989045262336730957e-01
9.895977973937988281e-01
9.940341711044311523e-01
9.983804821968078613e-01
9.921165108680725098e-01
9.932408928871154785e-01
9.979112148284912109e-01
9.916324019432067871e-01
9.936274290084838867e-01
9.987407326698303223e-01
9.960255026817321777e-01
9.917306303977966309e-01
9.947543144226074219e-01
9.904036521911621094e-01
9.981350302696228027e-01
9.992042183876037598e-01
9.933314919471740723e-01
9.874168634414672852e-01
9.923167824745178223e-01
9.990803003311157227e-01
9.987798929214477539e-01
9.976348876953125000e-01
9.958741068840026855e-01
9.975190758705139160e-01
9.965230822563171387e-01
9.965097308158874512e-01
9.980109930038452148e-01
9.953351616859436035e-01
9.817647933959960938e-01
9.901079535484313965e-01
9.996625185012817383e-01
9.879992604255676270e-01
9.971733093261718750e-01
9.857040047645568848e-01
9.972578883171081543e-01
9.954493045806884766e-01
9.927871227264404297e-01
9.981727004051208496e-01
9.936063885688781738e-01
9.956037402153015137e-01
9.996237158775329590e-01
9.984445571899414062e-01
9.803794622421264648e-01
9.988094568252563477e-01
9.977170228958129883e-01
9.934629797935485840e-01
9.970769882202148438e-01
9.796835780143737793e-01
9.884697198867797852e-01
9.967333674430847168e-01
9.560731649398803711e-01
9.984512329101562500e-01
9.974077343940734863e-01
9.984789490699768066e-01
9.820920228958129883e-01
9.990832805633544922e-01
9.836400151252746582e-01
9.962018132209777832e-01
9.972451329231262207e-01
9.867556691169738770e-01
9.856361746788024902e-01
9.914646744728088379e-01
9.965844154357910156e-01
9.928465485572814941e-01
9.985374808311462402e-01
9.981684088706970215e-01
9.992949962615966797e-01
9.842116832733154297e-01
9.778292775154113770e-01
9.984002113342285156e-01
9.275868535041809082e-01
9.946974515914916992e-01
9.976139068603515625e-01
9.879272580146789551e-01
9.567537307739257812e-01
9.990268945693969727e-01
9.863133430480957031e-01
9.976879358291625977e-01
9.986012578010559082e-01
9.928735494613647461e-01
9.900985360145568848e-01
9.953476786613464355e-01
9.883655309677124023e-01
9.888606071472167969e-01
9.955137968063354492e-01
9.989764094352722168e-01
9.966487884521484375e-01
9.920388460159301758e-01
9.877558946609497070e-01
9.987456202507019043e-01
9.306275844573974609e-01
9.911177754402160645e-01
9.968776106834411621e-01
9.972788095474243164e-01
9.978074431419372559e-01
9.967380762100219727e-01
9.993647933006286621e-01
9.989128112792968750e-01
9.948714375495910645e-01
9.991370439529418945e-01
9.978824853897094727e-01
9.983312487602233887e-01
9.562280178070068359e-01
9.998945593833923340e-01
9.991064667701721191e-01
9.992790818214416504e-01
9.808573722839355469e-01
9.959840774536132812e-01
9.928373694419860840e-01
9.951931238174438477e-01
9.991260170936584473e-01
9.935304522514343262e-01
9.961070418357849121e-01
9.987734556198120117e-01
9.788665175437927246e-01
9.972614645957946777e-01
9.880275726318359375e-01
9.992741942405700684e-01
9.995947480201721191e-01
9.961836934089660645e-01
9.951040148735046387e-01
9.986491203308105469e-01
9.946897625923156738e-01
9.974421262741088867e-01
9.951139092445373535e-01
9.944078326225280762e-01
9.920463562011718750e-01
9.943081736564636230e-01
9.797344207763671875e-01
9.869866371154785156e-01
9.676110148429870605e-01
9.930324554443359375e-01
9.948989152908325195e-01
9.984976053237915039e-01
9.597137570381164551e-01
