9.950548410415649414e-01
9.831274151802062988e-01
9.983040094375610352e-01
9.868713617324829102e-01
9.989776611328125000e-01
9.929109215736389160e-01
9.989188313484191895e-01
9.928460121154785156e-01
9.980187416076660156e-01
9.987694621086120605e-01
9.896052479743957520e-01
9.838653206825256348e-01
9.382646679878234863e-01
9.934127330780029297e-01
9.817035198211669922e-01
9.944213628768920898e-01
9.506875276565551758e-01
9.993317723274230957e-01
9.884169101715087891e-01
9.827882051467895508e-01
9.993538856506347656e-01
9.985132813453674316e-01
9.973835945129394531e-01
9.891427159309387207e-01
9.980150461196899414e-01
9.976085424423217773e-01
9.977038502693176270e-01
9.999439120292663574e-01
9.945849180221557617e-01
9.852010607719421387e-01
8.732466697692871094e-01
9.694397449493408203e-01
9.815743565559387207e-01
9.987301230430603027e-01
9.971521496772766113e-01
9.981026649475097656e-01
9.991371035575866699e-01
9.993783235549926758e-01
9.968218803405761719e-01
9.938832521438598633e-01
9.974879622459411621e-01
9.914351105690002441e-01
9.913303852081298828e-01
9.928848743438720703e-01
9.994933605194091797e-01
9.990882873535156250e-01
9.961684942245483398e-01
9.994573593139648438e-01
9.983503818511962891e-01
9.986328482627868652e-01
9.954426288604736328e-01
9.821839332580566406e-01
9.818965792655944824e-01
9.938677549362182617e-01
9.906457066535949707e-01
9.906036853790283203e-01
9.892448186874389648e-01
9.976330399513244629e-01
9.951413273811340332e-01
9.943997859954833984e-01
9.978023171424865723e-01
9.985089898109436035e-01
9.609071612358093262e-01
9.958690404891967773e-01
9.919283390045166016e-01
9.933934211730957031e-01
9.912886023521423340e-01
9.927283525466918945e-01
9.941909909248352051e-01
9.938225746154785156e-01
9.813354015350341797e-01
9.988420605659484863e-01
9.949232935905456543e-01
9.788968563079833984e-01
9.903489947319030762e-01
9.980620145797729492e-01
9.975788593292236328e-01
9.759320616722106934e-01
9.999403953552246094e-01
9.991337060928344727e-01
9.944295883178710938e-01
9.845021963119506836e-01
9.995170831680297852e-01
9.838965535163879395e-01
9.875111579895019531e-01
9.971246123313903809e-01
9.926897287368774414e-01
9.987936019897460938e-01
9.972636699676513672e-01
9.961870908737182617e-01
9.952901601791381836e-01
9.949459433555603027e-01
9.969735741615295410e-01
9.979437589645385742e-01
9.969065189361572266e-01
9.997313022613525391e-01
9.979118704795837402e-01
9.978997111320495605e-01
9.982733726501464844e-01
9.971813559532165527e-01
9.976559877395629883e-01
9.937409758567810059e-01
9.958567023277282715e-01
9.936957955360412598e-01
9.913519024848937988e-01
9.914751052856445312e-01
9.966691732406616211e-01
9.963124990463256836e-01
9.978042840957641602e-01
9.979466199874877930e-01
9.818128943443298340e-01
9.973601698875427246e-01
9.965986609458923340e-01
9.968904852867126465e-01
9.861327409744262695e-01
9.914414882659912109e-01
9.928126931190490723e-01
9.983354806900024414e-01
9.993324875831604004e-01
9.794039130210876465e-01
9.953599572181701660e-01
9.929593205451965332e-01
9.634763002395629883e-01
9.936558008193969727e-01
9.955173730850219727e-01
9.949925541877746582e-01
9.925911426544189453e-01
9.986176490783691406e-01
9.978293776512145996e-01
9.912717342376708984e-01
9.981592297554016113e-01
9.993703365325927734e-01
9.985692501068115234e-01
9.996123909950256348e-01
9.933757185935974121e-01
9.971269965171813965e-01
9.850522875785827637e-01
9.997172355651855469e-01
9.336336851119995117e-01
9.916828274726867676e-01
9.875585436820983887e-01
9.972661733627319336e-01
8.969761729240417480e-01
9.989644289016723633e-01
9.983426332473754883e-01
9.958136677742004395e-01
9.442939758300781250e-01
9.580330848693847656e-01
9.273048043251037598e-01
9.970694780349731445e-01
9.981191754341125488e-01
9.977250695228576660e-01
9.920641183853149414e-01
9.968444705009460449e-01
9.725506901741027832e-01
9.990801215171813965e-01
9.867118597030639648e-01
9.302366375923156738e-01
9.829398393630981445e-01
9.299896955490112305e-01
9.981257915496826172e-01
9.975759983062744141e-01
9.881820678710937500e-01
9.981018304824829102e-01
9.976413846015930176e-01
9.911915063858032227e-01
9.727985262870788574e-01
9.900834560394287109e-01
9.971925616264343262e-01
9.961301088333129883e-01
9.925568103790283203e-01
9.959769248962402344e-01
9.903705716133117676e-01
9.972967505455017090e-01
9.889048337936401367e-01
9.975837469100952148e-01
9.997029304504394531e-01
9.979442954063415527e-01
9.942497014999389648e-01
9.984774589538574219e-01
9.953200221061706543e-01
9.982194304466247559e-01
9.977809786796569824e-01
9.902257323265075684e-01
9.960161447525024414e-01
9.950003027915954590e-01
9.953671097755432129e-01
9.946143627166748047e-01
9.998565316200256348e-01
9.976174235343933105e-01
9.992834925651550293e-01
9.967830777168273926e-01
9.967945218086242676e-01
9.894778728485107422e-01
9.986042380332946777e-01
9.956844449043273926e-01
9.963206648826599121e-01
9.938985109329223633e-01
9.942967295646667480e-01
9.991514682769775391e-01
9.979366064071655273e-01
9.979234337806701660e-01
9.553217291831970215e-01
9.966269731521606445e-01
9.942252039909362793e-01
9.984841346740722656e-01
9.988188147544860840e-01
9.832504987716674805e-01
9.924960732460021973e-01
9.996037483215332031e-01
9.995163083076477051e-01
9.967155456542968750e-01
9.966970086097717285e-01
9.989604353904724121e-01
9.906513094902038574e-01
9.995899200439453125e-01
9.999332427978515625e-01
9.960337877273559570e-01
9.982216358184814453e-01
9.971776604652404785e-01
8.929421305656433105e-01
9.909563660621643066e-01
9.998806118965148926e-01
9.879229664802551270e-01
9.962483048439025879e-01
9.959428906440734863e-01
9.980443716049194336e-01
9.987158775329589844e-01
9.971905946731567383e-01
9.917753934860229492e-01
9.973564147949218750e-01
9.950928092002868652e-01
9.692463278770446777e-01
9.537193179130554199e-01
9.909217953681945801e-01
9.770774841308593750e-01
9.844743609428405762e-01
9.959337711334228516e-01
9.921247959136962891e-01
9.959511756896972656e-01
9.970328211784362793e-01
9.952211380004882812e-01
9.997251629829406738e-01
9.979757070541381836e-01
9.979577064514160156e-01
9.975181221961975098e-01
9.862763285636901855e-01
9.945960640907287598e-01
9.971143007278442383e-01
9.969767928123474121e-01
9.999001026153564453e-01
9.952495694160461426e-01
9.985865354537963867e-01
9.943189620971679688e-01
9.877958297729492188e-01
9.994679689407348633e-01
9.964932799339294434e-01
9.986059665679931641e-01
9.962411522865295410e-01
9.688647389411926270e-01
9.987305998802185059e-01
9.880261421203613281e-01
9.975225329399108887e-01
9.980108141899108887e-01
9.897157549858093262e-01
9.953107237815856934e-01
9.778392314910888672e-01
9.983872175216674805e-01
9.883799552917480469e-01
9.983102679252624512e-01
9.575473070144653320e-01
9.778273105621337891e-01
9.981103539466857910e-01
9.997354149818420410e-01
9.912745356559753418e-01
9.519068598747253418e-01
9.975984692573547363e-01
9.996203184127807617e-01
9.978151917457580566e-01
9.983091354370117188e-01
9.897481203079223633e-01
9.973648786544799805e-01
9.941358566284179688e-01
9.980917572975158691e-01
9.979820251464843750e-01
9.982418417930603027e-01
9.957229495048522949e-01
9.943767189979553223e-01
9.936798214912414551e-01
9.835631251335144043e-01
9.971733093261718750e-01
9.869772195816040039e-01
9.984980225563049316e-01
9.920886158943176270e-01
9.995340704917907715e-01
9.982673525810241699e-01
9.986360073089599609e-01
9.915989041328430176e-01
9.836711287498474121e-01
9.983472824096679688e-01
9.931725263595581055e-01
9.891067147254943848e-01
9.910442233085632324e-01
9.945924878120422363e-01
9.977786540985107422e-01
9.951602220535278320e-01
9.992100000381469727e-01
9.665269851684570312e-01
9.928160309791564941e-01
9.998106956481933594e-01
9.306746125221252441e-01
9.776775836944580078e-01
9.958142638206481934e-01
9.975575208663940430e-01
9.980000257492065430e-01
9.972011446952819824e-01
9.980548024177551270e-01
9.977285265922546387e-01
9.998320937156677246e-01
9.723361730575561523e-01
9.967808127403259277e-01
9.992556571960449219e-01
9.925965666770935059e-01
9.925396442413330078e-01
9.997512698173522949e-01
9.891784787178039551e-01
9.983034133911132812e-01
9.781997799873352051e-01
9.951420426368713379e-01
9.899357557296752930e-01
9.785064458847045898e-01
9.888672232627868652e-01
9.945351481437683105e-01
9.832983613014221191e-01
9.980925321578979492e-01
9.662230610847473145e-01
9.926309585571289062e-01
9.953793287277221680e-01
9.849901795387268066e-01
9.975137710571289062e-01
9.943947792053222656e-01
9.869453907012939453e-01
9.411066770553588867e-01
9.922452569007873535e-01
9.991012811660766602e-01
9.954462647438049316e-01
9.878140091896057129e-01
9.991095662117004395e-01
9.950916171073913574e-01
9.951930642127990723e-01
9.991888403892517090e-01
9.981347918510437012e-01
9.969680309295654297e-01
9.983825087547302246e-01
9.977665543556213379e-01
9.978883266448974609e-01
9.755532145500183105e-01
9.890588521957397461e-01
9.952846169471740723e-01
9.971104264259338379e-01
9.857264757156372070e-01
9.958730340003967285e-01
9.978346228599548340e-01
9.964849352836608887e-01
9.978676438331604004e-01
9.985360503196716309e-01
9.980790615081787109e-01
9.989050030708312988e-01
9.961571097373962402e-01
9.979986548423767090e-01
9.844016432762145996e-01
9.971955418586730957e-01
9.953905344009399414e-01
9.864274263381958008e-01
9.991536140441894531e-01
9.908739924430847168e-01
9.971801638603210449e-01
9.873165488243103027e-01
9.701269268989562988e-01
9.803768992424011230e-01
9.737634658813476562e-01
9.941886067390441895e-01
9.977964162826538086e-01
9.910419583320617676e-01
9.883525371551513672e-01
9.967787265777587891e-01
9.779053330421447754e-01
9.925363659858703613e-01
9.839184880256652832e-01
9.974871277809143066e-01
9.810467362403869629e-01
9.987665414810180664e-01
9.934938549995422363e-01
9.861407279968261719e-01
9.966217279434204102e-01
9.946168661117553711e-01
9.967755079269409180e-01
9.923956394195556641e-01
9.976562261581420898e-01
9.964422583580017090e-01
9.877214431762695312e-01
9.975485205650329590e-01
9.906281828880310059e-01
9.921591281890869141e-01
9.989476799964904785e-01
9.934447407722473145e-01
9.978978037834167480e-01
9.988796114921569824e-01
9.993446469306945801e-01
9.868649840354919434e-01
9.831995368003845215e-01
9.996289014816284180e-01
9.782305359840393066e-01
9.971875548362731934e-01
9.894266724586486816e-01
9.871435165405273438e-01
9.762226939201354980e-01
9.791740179061889648e-01
9.912914633750915527e-01
9.908558726310729980e-01
9.982762932777404785e-01
9.823063015937805176e-01
9.936738610267639160e-01
9.935218691825866699e-01
9.992787241935729980e-01
9.963829517364501953e-01
9.950810670852661133e-01
9.528068900108337402e-01
9.979101419448852539e-01
9.957889318466186523e-01
9.985368847846984863e-01
9.823889732360839844e-01
9.637021422386169434e-01
9.938086867332458496e-01
9.953861236572265625e-01
9.899328351020812988e-01
9.993258118629455566e-01
9.968569278717041016e-01
9.925028681755065918e-01
9.640054106712341309e-01
9.911563992500305176e-01
9.981024861335754395e-01
9.958262443542480469e-01
9.877939820289611816e-01
9.886317849159240723e-01
9.942899942398071289e-01
9.867259263992309570e-01
9.948326945304870605e-01
9.974077343940734863e-01
9.735395312309265137e-01
9.988645911216735840e-01
9.971472620964050293e-01
9.999481439590454102e-01
9.991775751113891602e-01
9.963147640228271484e-01
9.962719678878784180e-01
9.944132566452026367e-01
9.910653233528137207e-01
9.999630451202392578e-01
9.931012392044067383e-01
9.996007084846496582e-01
9.965712428092956543e-01
9.685123562812805176e-01
9.976462721824645996e-01
9.900787472724914551e-01
9.931146502494812012e-01
9.724298715591430664e-01
9.988467097282409668e-01
9.930028915405273438e-01
9.999315142631530762e-01
9.953965544700622559e-01
9.972315430641174316e-01
9.935836195945739746e-01
9.983743429183959961e-01
9.950282573699951172e-01
9.981147050857543945e-01
9.986279010772705078e-01
9.901725053787231445e-01
9.947556257247924805e-01
9.963212013244628906e-01
9.977234601974487305e-01
9.976877570152282715e-01
9.985701441764831543e-01
9.976879358291625977e-01
9.940109252929687500e-01
9.913662672042846680e-01
9.544255733489990234e-01
9.895024299621582031e-01
9.994220137596130371e-01
9.975304603576660156e-01
9.993440508842468262e-01
9.600909352302551270e-01
9.920753240585327148e-01
9.984202980995178223e-01
9.979131221771240234e-01
9.976657629013061523e-01
9.911556839942932129e-01
9.951332211494445801e-01
9.853113889694213867e-01
9.980946183204650879e-01
9.866023063659667969e-01
9.971607327461242676e-01
9.988688826560974121e-01
9.979135990142822266e-01
9.959291219711303711e-01
9.947770237922668457e-01
9.897019863128662109e-01
9.716410636901855469e-01
9.974571466445922852e-01
9.953921437263488770e-01
9.842994213104248047e-01
9.909880161285400391e-01
9.955003857612609863e-01
9.952880144119262695e-01
9.932448863983154297e-01
9.973146319389343262e-01
9.975564479827880859e-01
9.992802143096923828e-01
9.016978144645690918e-01
9.874931573867797852e-01
9.802492260932922363e-01
9.991135597229003906e-01
9.944094419479370117e-01
9.913124442100524902e-01
9.671166539192199707e-01
9.912987947463989258e-01
9.997932314872741699e-01
9.970533251762390137e-01
9.989467263221740723e-01
9.983482956886291504e-01
9.974048733711242676e-01
9.906551837921142578e-01
9.912523031234741211e-01
9.788321852684020996e-01
9.863955378532409668e-01
9.967315793037414551e-01
9.266595244407653809e-01
9.938967227935791016e-01
9.913163781166076660e-01
9.971707463264465332e-01
9.985809922218322754e-01
9.982523918151855469e-01
9.972447156906127930e-01
9.993647933006286621e-01
9.994869232177734375e-01
9.993481636047363281e-01
9.898077845573425293e-01
9.973567724227905273e-01
9.913538098335266113e-01
9.906148314476013184e-01
9.990304112434387207e-01
9.975451827049255371e-01
9.968424439430236816e-01
9.971147179603576660e-01
9.939645528793334961e-01
9.911553859710693359e-01
9.982598423957824707e-01
9.976341128349304199e-01
9.785320162773132324e-01
9.975929260253906250e-01
9.946034550666809082e-01
9.992207288742065430e-01
9.973642826080322266e-01
9.994553327560424805e-01
9.915475845336914062e-01
9.839527606964111328e-01
9.964565038681030273e-01
9.908744096755981445e-01
9.885170459747314453e-01
9.874444007873535156e-01
9.924967288970947266e-01
9.976440668106079102e-01
9.984162449836730957e-01
9.665294289588928223e-01
9.980625510215759277e-01
9.977570772171020508e-01
9.995425343513488770e-01
9.793322682380676270e-01
9.756636619567871094e-01
9.890088438987731934e-01
9.864636659622192383e-01
9.946220517158508301e-01
9.753600955009460449e-01
9.936209321022033691e-01
9.991284608840942383e-01
9.838986992835998535e-01
9.949054718017578125e-01
9.977473020553588867e-01
9.979202747344970703e-01
9.997400045394897461e-01
9.976346492767333984e-01
9.953176975250244141e-01
9.953365921974182129e-01
9.968386888504028320e-01
9.775754809379577637e-01
9.971565008163452148e-01
9.853854179382324219e-01
9.882218837738037109e-01
9.971261024475097656e-01
9.952633976936340332e-01
9.979604482650756836e-01
9.992222785949707031e-01
9.949260354042053223e-01
9.943004250526428223e-01
9.976022839546203613e-01
9.884046912193298340e-01
9.846421480178833008e-01
9.773562550544738770e-01
9.989410638809204102e-01
9.969474077224731445e-01
9.893748164176940918e-01
9.940472841262817383e-01
9.979234933853149414e-01
9.967609047889709473e-01
9.994256496429443359e-01
9.916096925735473633e-01
9.967725872993469238e-01
9.939572811126708984e-01
9.954254031181335449e-01
9.970185160636901855e-01
9.863824844360351562e-01
9.934602975845336914e-01
9.904777407646179199e-01
9.988764524459838867e-01
9.593272209167480469e-01
9.917725920677185059e-01
9.965895414352416992e-01
9.961845874786376953e-01
9.992224574089050293e-01
9.972123503684997559e-01
9.939090013504028320e-01
9.894395470619201660e-01
9.982486963272094727e-01
9.948517084121704102e-01
9.815286397933959961e-01
9.983675479888916016e-01
9.976080656051635742e-01
9.962668418884277344e-01
9.957793951034545898e-01
9.953018426895141602e-01
9.876754879951477051e-01
9.631428122520446777e-01
9.967651367187500000e-01
9.964595437049865723e-01
9.941511750221252441e-01
9.987452626228332520e-01
9.899485707283020020e-01
9.951723217964172363e-01
9.850214123725891113e-01
9.999186992645263672e-01
9.962502717971801758e-01
9.960323572158813477e-01
9.926266670227050781e-01
9.935385584831237793e-01
9.925159811973571777e-01
9.856913089752197266e-01
9.995046257972717285e-01
9.979131221771240234e-01
9.952199459075927734e-01
9.985079169273376465e-01
9.999544024467468262e-01
9.981482625007629395e-01
9.998273253440856934e-01
9.613291025161743164e-01
9.979068040847778320e-01
9.844444990158081055e-01
9.981147646903991699e-01
9.960711002349853516e-01
9.954305887222290039e-01
9.975364804267883301e-01
9.906444549560546875e-01
9.941676855087280273e-01
9.976199865341186523e-01
9.945128560066223145e-01
9.981851577758789062e-01
9.958640336990356445e-01
9.977602958679199219e-01
9.884899258613586426e-01
9.949740171432495117e-01
9.967182874679565430e-01
9.914898276329040527e-01
9.989327788352966309e-01
9.297707080841064453e-01
9.896749258041381836e-01
9.995457530021667480e-01
9.990075826644897461e-01
9.938375949859619141e-01
9.992182254791259766e-01
9.781526923179626465e-01
9.953709840774536133e-01
9.978629350662231445e-01
9.976142644882202148e-01
9.980322122573852539e-01
9.978211522102355957e-01
9.978136420249938965e-01
9.983950853347778320e-01
9.732008576393127441e-01
9.955394864082336426e-01
9.953883886337280273e-01
9.924032092094421387e-01
9.986609220504760742e-01
9.891277551651000977e-01
9.987305402755737305e-01
9.991422891616821289e-01
9.963133335113525391e-01
9.924216270446777344e-01
9.965402483940124512e-01
9.998806118965148926e-01
9.906789064407348633e-01
9.943318367004394531e-01
9.885319471359252930e-01
9.820053577423095703e-01
9.986254572868347168e-01
9.985945820808410645e-01
9.876418113708496094e-01
9.977134466171264648e-01
9.979350566864013672e-01
9.938325881958007812e-01
9.895335435867309570e-01
9.959081411361694336e-01
9.964383840560913086e-01
9.965469241142272949e-01
9.800211191177368164e-01
9.858762621879577637e-01
9.969460368156433105e-01
9.980613589286804199e-01
9.447876811027526855e-01
9.954518675804138184e-01
9.972983002662658691e-01
9.887179136276245117e-01
9.955315589904785156e-01
9.916573166847229004e-01
9.817306399345397949e-01
9.807918667793273926e-01
9.980000257492065430e-01
9.945506453514099121e-01
9.991974234580993652e-01
9.956314563751220703e-01
9.851721525192260742e-01
9.973929524421691895e-01
9.986809492111206055e-01
9.954863190650939941e-01
9.773345589637756348e-01
9.999472498893737793e-01
9.999814033508300781e-01
9.941741228103637695e-01
9.996129870414733887e-01
9.992485642433166504e-01
9.830889701843261719e-01
9.952815771102905273e-01
9.962313175201416016e-01
9.960508346557617188e-01
9.878380894660949707e-01
9.684610962867736816e-01
9.907602071762084961e-01
9.926928877830505371e-01
9.963647127151489258e-01
9.999435544013977051e-01
9.988436102867126465e-01
9.835923314094543457e-01
9.984884262084960938e-01
9.910011291503906250e-01
9.938099980354309082e-01
9.990642070770263672e-01
9.963313937187194824e-01
9.964514374732971191e-01
9.957294464111328125e-01
9.872030019760131836e-01
9.941337704658508301e-01
9.942160248756408691e-01
9.881192445755004883e-01
9.896597266197204590e-01
9.903452396392822266e-01
9.832105636596679688e-01
9.901541471481323242e-01
9.880724549293518066e-01
9.811263084411621094e-01
9.819719195365905762e-01
9.970722198486328125e-01
9.950159192085266113e-01
9.985702633857727051e-01
9.685667157173156738e-01
9.981064796447753906e-01
9.946386814117431641e-01
9.919118881225585938e-01
9.977881908416748047e-01
9.973891973495483398e-01
9.885390400886535645e-01
9.922527670860290527e-01
9.973356127738952637e-01
9.996307492256164551e-01
9.968529939651489258e-01
9.987214803695678711e-01
9.973647594451904297e-01
9.927047491073608398e-01
9.982237815856933594e-01
9.963722825050354004e-01
9.962494969367980957e-01
9.976015090942382812e-01
9.989101886749267578e-01
9.992921948432922363e-01
9.957280158996582031e-01
9.961271882057189941e-01
9.962090253829956055e-01
9.962776303291320801e-01
9.976048469543457031e-01
9.947542548179626465e-01
9.969261884689331055e-01
9.941423535346984863e-01
9.976313710212707520e-01
9.933367967605590820e-01
9.999303221702575684e-01
9.942560195922851562e-01
9.962954521179199219e-01
9.906271696090698242e-01
9.987288117408752441e-01
9.821166992187500000e-01
9.923374652862548828e-01
9.929465055465698242e-01
9.182597994804382324e-01
9.958074092864990234e-01
9.927144050598144531e-01
9.789205789566040039e-01
9.939995408058166504e-01
9.833849072456359863e-01
9.930911660194396973e-01
9.974780082702636719e-01
9.982618689537048340e-01
9.999728798866271973e-01
9.851363301277160645e-01
9.901060461997985840e-01
9.676128625869750977e-01
9.959803819656372070e-01
9.746778607368469238e-01
9.994712471961975098e-01
9.903644323348999023e-01
9.991565942764282227e-01
9.856360554695129395e-01
9.937595129013061523e-01
9.921023845672607422e-01
9.990389347076416016e-01
9.997072219848632812e-01
9.890347123146057129e-01
9.983507990837097168e-01
9.984387159347534180e-01
9.946182966232299805e-01
9.934900999069213867e-01
9.997395277023315430e-01
9.966651797294616699e-01
9.985417127609252930e-01
9.951445460319519043e-01
9.178497791290283203e-01
9.881625175476074219e-01
9.958677291870117188e-01
9.990990161895751953e-01
9.943529963493347168e-01
9.958992004394531250e-01
9.980503916740417480e-01
9.903997182846069336e-01
9.968848824501037598e-01
9.986624717712402344e-01
9.979935884475708008e-01
9.984126091003417969e-01
9.941148161888122559e-01
9.886133074760437012e-01
9.988709688186645508e-01
9.983812570571899414e-01
9.940659999847412109e-01
9.639031887054443359e-01
9.814281463623046875e-01
9.949926733970642090e-01
9.942585229873657227e-01
9.941340684890747070e-01
9.999820590019226074e-01
9.952457547187805176e-01
8.943228721618652344e-01
9.907221794128417969e-01
9.975916147232055664e-01
9.776461720466613770e-01
9.987879991531372070e-01
9.950042366981506348e-01
9.949570894241333008e-01
9.983032941818237305e-01
9.993371963500976562e-01
9.995961189270019531e-01
9.999865293502807617e-01
9.971043467521667480e-01
9.962673187255859375e-01
9.967146515846252441e-01
9.887660741806030273e-01
9.873719811439514160e-01
9.760413169860839844e-01
9.979525804519653320e-01
9.962350726127624512e-01
9.964219927787780762e-01
9.964593052864074707e-01
9.644994735717773438e-01
9.871379137039184570e-01
9.938674569129943848e-01
9.997898936271667480e-01
9.925892949104309082e-01
9.974448680877685547e-01
9.682449102401733398e-01
9.996294975280761719e-01
9.910000562667846680e-01
9.981475472450256348e-01
9.942242503166198730e-01
9.901183247566223145e-01
9.799907207489013672e-01
9.967525005340576172e-01
9.981888532638549805e-01
9.977112412452697754e-01
9.968358278274536133e-01
9.997792840003967285e-01
9.985818266868591309e-01
9.980891942977905273e-01
9.980220198631286621e-01
9.908592700958251953e-01
9.648422002792358398e-01
9.278897643089294434e-01
9.920139312744140625e-01
9.912289977073669434e-01
9.853515625000000000e-01
9.945846796035766602e-01
9.945031404495239258e-01
9.915526509284973145e-01
9.962804913520812988e-01
9.954673647880554199e-01
9.997974634170532227e-01
9.914327263832092285e-01
9.990473985671997070e-01
9.904239773750305176e-01
9.987245202064514160e-01
9.664425253868103027e-01
9.925878047943115234e-01
9.985322952270507812e-01
9.705246686935424805e-01
9.922131299972534180e-01
9.911662936210632324e-01
9.950474500656127930e-01
9.984830021858215332e-01
9.977150559425354004e-01
9.935016632080078125e-01
9.997742772102355957e-01
9.952646493911743164e-01
9.974117279052734375e-01
9.761323928833007812e-01
9.831357002258300781e-01
9.916699528694152832e-01
9.826541543006896973e-01
9.890531897544860840e-01
9.994707703590393066e-01
9.974344968795776367e-01
9.982848763465881348e-01
9.984861016273498535e-01
9.951729178428649902e-01
9.927930831909179688e-01
9.976201057434082031e-01
9.873470664024353027e-01
9.968372583389282227e-01
9.955028295516967773e-01
9.947491288185119629e-01
9.957628846168518066e-01
9.781033396720886230e-01
9.948730468750000000e-01
9.980047941207885742e-01
9.978136420249938965e-01
9.948428273200988770e-01
9.996860027313232422e-01
9.958079457283020020e-01
9.978320002555847168e-01
9.967514872550964355e-01
9.975053071975708008e-01
9.539340734481811523e-01
9.995603561401367188e-01
9.985833168029785156e-01
9.282371997833251953e-01
9.968920946121215820e-01
9.987666010856628418e-01
9.686623811721801758e-01
9.917381405830383301e-01
9.988610148429870605e-01
9.985961914062500000e-01
9.952797293663024902e-01
9.872789978981018066e-01
9.970590472221374512e-01
9.927972555160522461e-01
9.874907135963439941e-01
8.502987027168273926e-01
9.966234564781188965e-01
9.936484098434448242e-01
9.935182929039001465e-01
9.118020534515380859e-01
9.980403184890747070e-01
9.986047744750976562e-01
9.998313784599304199e-01
9.978190660476684570e-01
9.931052327156066895e-01
9.914771318435668945e-01
9.912405014038085938e-01
9.903475642204284668e-01
9.984031915664672852e-01
9.772382378578186035e-01
9.889917969703674316e-01
9.758592247962951660e-01
9.953654408454895020e-01
9.994854331016540527e-01
9.886274337768554688e-01
9.863415360450744629e-01
9.755967259407043457e-01
9.936611652374267578e-01
9.977545738220214844e-01
9.919230937957763672e-01
9.978876113891601562e-01
9.940894842147827148e-01
9.394987821578979492e-01
9.950771927833557129e-01
9.967238903045654297e-01
9.863951802253723145e-01
9.971377253532409668e-01
9.900149106979370117e-01
9.964792132377624512e-01
9.772932529449462891e-01
9.827030301094055176e-01
9.990596771240234375e-01
9.939964413642883301e-01
9.906830191612243652e-01
9.858947992324829102e-01
9.938356876373291016e-01
9.974736571311950684e-01
9.870659708976745605e-01
9.974800944328308105e-01
9.807386398315429688e-01
9.817044734954833984e-01
9.992084503173828125e-01
9.946833252906799316e-01
9.967670440673828125e-01
9.995728731155395508e-01
9.988190531730651855e-01
9.958277344703674316e-01
9.806529879570007324e-01
9.993755221366882324e-01
9.741396903991699219e-01
9.986413717269897461e-01
9.790209531784057617e-01
9.966474175453186035e-01
9.971135854721069336e-01
9.991047978401184082e-01
9.974101185798645020e-01
9.981654882431030273e-01
9.991044402122497559e-01
9.949244260787963867e-01
9.974972009658813477e-01
9.898458719253540039e-01
9.968318939208984375e-01
9.972936511039733887e-01
8.900006413459777832e-01
9.732325077056884766e-01
9.968300461769104004e-01
9.978969097137451172e-01
9.967769980430603027e-01
9.805423617362976074e-01
9.976857304573059082e-01
9.966117739677429199e-01
9.984701275825500488e-01
9.923889040946960449e-01
9.965240359306335449e-01
9.761740565299987793e-01
9.929237365722656250e-01
9.973360300064086914e-01
9.961141347885131836e-01
9.888597130775451660e-01
9.922001957893371582e-01
9.927664399147033691e-01
9.995900392532348633e-01
9.937672019004821777e-01
9.972194433212280273e-01
9.952535629272460938e-01
9.842643737792968750e-01
9.998445510864257812e-01
9.940142035484313965e-01
9.994112253189086914e-01
9.930483698844909668e-01
9.992564916610717773e-01
9.964038133621215820e-01
9.883585572242736816e-01
9.969391226768493652e-01
9.940643310546875000e-01
9.974817633628845215e-01
9.943450689315795898e-01
9.969226121902465820e-01
9.967886209487915039e-01
9.956719875335693359e-01
9.953857064247131348e-01
9.960390925407409668e-01
9.793606400489807129e-01
9.976177215576171875e-01
9.944490194320678711e-01
9.969507455825805664e-01
9.892094731330871582e-01
9.707218408584594727e-01
9.948732852935791016e-01
9.978542923927307129e-01
9.963843226432800293e-01
9.986864924430847168e-01
9.949970245361328125e-01
9.988522529602050781e-01
9.932616353034973145e-01
9.922016859054565430e-01
9.950409531593322754e-01
9.956002831459045410e-01
9.998483657836914062e-01
9.869101643562316895e-01
9.970306158065795898e-01
9.980736374855041504e-01
9.978861212730407715e-01
9.985142350196838379e-01
9.944095611572265625e-01
9.647403955459594727e-01
8.374355435371398926e-01
9.964321255683898926e-01
9.782162308692932129e-01
9.705942273139953613e-01
9.999493956565856934e-01
9.596269726753234863e-01
9.835388660430908203e-01
9.669724106788635254e-01
9.987781643867492676e-01
8.600702881813049316e-01
9.935972690582275391e-01
9.994433522224426270e-01
9.498613476753234863e-01
9.609655141830444336e-01
9.959373474121093750e-01
9.983025789260864258e-01
9.986039400100708008e-01
9.974235892295837402e-01
9.973226189613342285e-01
9.790407419204711914e-01
9.993053078651428223e-01
9.978213310241699219e-01
9.863000512123107910e-01
9.846739768981933594e-01
9.930681586265563965e-01
9.973173737525939941e-01
9.999262690544128418e-01
9.970671534538269043e-01
9.950466156005859375e-01
9.973139166831970215e-01
9.983535408973693848e-01
9.797376394271850586e-01
9.971145987510681152e-01
9.997210502624511719e-01
9.977984428405761719e-01
9.201111793518066406e-01
9.742349982261657715e-01
9.988034963607788086e-01
9.994386434555053711e-01
9.955133199691772461e-01
9.978616237640380859e-01
9.977360367774963379e-01
9.713588356971740723e-01
9.994543194770812988e-01
9.977808594703674316e-01
9.865669012069702148e-01
9.976739287376403809e-01
9.989587664604187012e-01
7.963259816169738770e-01
9.967252016067504883e-01
9.936202764511108398e-01
9.670987725257873535e-01
9.922980666160583496e-01
9.883304834365844727e-01
9.898077845573425293e-01
9.991694688796997070e-01
9.876213073730468750e-01
9.945174455642700195e-01
9.991132616996765137e-01
9.917153716087341309e-01
9.933085441589355469e-01
9.975759387016296387e-01
9.934536814689636230e-01
9.940141439437866211e-01
9.990260601043701172e-01
9.926753044128417969e-01
9.928136467933654785e-01
9.947904944419860840e-01
9.936129450798034668e-01
9.981150031089782715e-01
9.994623064994812012e-01
9.914930462837219238e-01
9.984446763992309570e-01
9.982488155364990234e-01
9.988496303558349609e-01
9.992145299911499023e-01
9.969421029090881348e-01
9.962129592895507812e-01
9.978601336479187012e-01
9.959034323692321777e-01
9.934532046318054199e-01
9.975554943084716797e-01
9.933704733848571777e-01
9.853029251098632812e-01
9.909629225730895996e-01
9.984318614006042480e-01
9.914813041687011719e-01
9.984219074249267578e-01
9.888179898262023926e-01
9.982271194458007812e-01
9.955830574035644531e-01
9.933189749717712402e-01
9.981911778450012207e-01
9.953336715698242188e-01
9.882276058197021484e-01
9.999227523803710938e-01
9.937627911567687988e-01
9.822629690170288086e-01
9.995161890983581543e-01
9.978337883949279785e-01
9.928393363952636719e-01
9.941383004188537598e-01
9.837302565574645996e-01
9.939780235290527344e-01
9.894493222236633301e-01
9.489800333976745605e-01
9.978610873222351074e-01
9.983950853347778320e-01
9.897822737693786621e-01
9.817070364952087402e-01
9.990659952163696289e-01
9.846726059913635254e-01
9.952178597450256348e-01
9.980872869491577148e-01
9.858787655830383301e-01
9.962258934974670410e-01
9.937461614608764648e-01
9.956522583961486816e-01
9.923706054687500000e-01
9.994437694549560547e-01
9.991251230239868164e-01
9.990355968475341797e-01
9.857259392738342285e-01
9.763805270195007324e-01
9.982253909111022949e-01
9.363901615142822266e-01
9.964693188667297363e-01
9.979506731033325195e-01
9.837961792945861816e-01
9.449819922447204590e-01
9.974492192268371582e-01
9.161984324455261230e-01
9.975991249084472656e-01
9.962056875228881836e-01
9.933836460113525391e-01
9.939112067222595215e-01
9.961208105087280273e-01
9.996853470802307129e-01
9.885669946670532227e-01
9.877395033836364746e-01
9.951918721199035645e-01
9.990930557250976562e-01
9.970734119415283203e-01
9.998729228973388672e-01
9.906469583511352539e-01
9.986929297447204590e-01
9.463753104209899902e-01
9.733458161354064941e-01
9.982595443725585938e-01
9.980521202087402344e-01
9.979841709136962891e-01
9.962046742439270020e-01
9.988608360290527344e-01
9.954238533973693848e-01
9.905039668083190918e-01
9.991916418075561523e-01
9.980084896087646484e-01
9.984344244003295898e-01
9.622842669486999512e-01
9.998112916946411133e-01
9.891672134399414062e-01
9.996721744537353516e-01
9.876799583435058594e-01
9.960626363754272461e-01
9.915058016777038574e-01
9.954409003257751465e-01
9.981696605682373047e-01
9.897027611732482910e-01
9.960258603096008301e-01
9.988880753517150879e-01
9.675002098083496094e-01
9.966370463371276855e-01
9.859097003936767578e-01
9.989337921142578125e-01
9.992802143096923828e-01
9.949584603309631348e-01
9.907360076904296875e-01
9.966476559638977051e-01
9.944882988929748535e-01
9.967320561408996582e-01
9.946232438087463379e-01
9.901650547981262207e-01
9.897457957267761230e-01
9.291054606437683105e-01
9.863724708557128906e-01
9.952379465103149414e-01
9.782033562660217285e-01
9.967430830001831055e-01
9.936531186103820801e-01
9.983548521995544434e-01
9.467297792434692383e-01
