3.057169087696820498e-04
2.272727340459823608e-02
1.879699295386672020e-03
2.531645586714148521e-03
1.388888899236917496e-02
1.000000000000000000e+00
1.812250848161056638e-04
3.116235602647066116e-04
5.000000000000000000e-01
1.000000000000000000e+00
2.577319508418440819e-03
3.731343196704983711e-03
3.058104077354073524e-03
1.000000000000000000e+00
3.999999910593032837e-02
2.732240362092852592e-03
6.944444496184587479e-03
1.999999955296516418e-02
1.000000000000000000e+00
4.608294926583766937e-03
3.030303120613098145e-02
1.666666716337203979e-01
5.000000000000000000e-01
3.472222248092293739e-03
3.333333432674407959e-01
4.761904850602149963e-02
1.000000014901161194e-01
5.000000000000000000e-01
1.020408142358064651e-02
2.500000000000000000e-01
2.857142873108386993e-02
1.000000000000000000e+00
1.886792480945587158e-02
2.065262233372777700e-04
7.751937955617904663e-03
1.000000000000000000e+00
5.000000000000000000e-01
8.928571827709674835e-03
3.537318843882530928e-04
2.000000029802322388e-01
6.666667014360427856e-02
5.000000000000000000e-01
1.267427112907171249e-03
2.500000000000000000e-01
5.000000000000000000e-01
1.041666697710752487e-02
7.142857462167739868e-02
2.099957928294315934e-04
2.500000000000000000e-01
5.000000000000000000e-01
8.333333581686019897e-02
5.000000000000000000e-01
3.105590119957923889e-03
2.380952425301074982e-02
4.784688819199800491e-03
1.000000000000000000e+00
3.556187730282545090e-04
1.000000000000000000e+00
2.631578966975212097e-02
2.000000029802322388e-01
2.721828932408243418e-04
2.323420048924162984e-04
3.225806402042508125e-03
6.761325057595968246e-04
5.263157933950424194e-02
2.178649185225367546e-03
3.048780374228954315e-03
1.000000000000000000e+00
3.999999910593032837e-02
1.013171277008950710e-03
4.166666790843009949e-02
2.415458904579281807e-03
1.344086020253598690e-03
1.000000000000000000e+00
8.264462812803685665e-04
1.000000000000000000e+00
4.347825888544321060e-03
1.886792480945587158e-02
1.000000000000000000e+00
3.999999910593032837e-02
7.423905190080404282e-04
2.702702768146991730e-02
1.515151560306549072e-02
1.666666716337203979e-01
1.428571492433547974e-01
1.111111119389533997e-01
8.333333581686019897e-02
5.263157933950424194e-02
8.771929889917373657e-03
1.111111119389533997e-01
1.250000000000000000e-01
1.666666716337203979e-01
1.000000000000000000e+00
1.000000000000000000e+00
4.347826167941093445e-02
1.886792480945587158e-02
2.000000029802322388e-01
3.846153989434242249e-02
7.692307978868484497e-02
1.666666716337203979e-01
8.316699677379801869e-05
1.000000000000000000e+00
8.130080997943878174e-03
2.500000000000000000e-01
2.941176481544971466e-02
7.692307978868484497e-02
4.115226212888956070e-03
1.000000000000000000e+00
5.000000000000000000e-01
5.000000000000000000e-01
2.777777798473834991e-02
3.333333432674407959e-01
1.234567910432815552e-02
3.333333432674407959e-01
2.770083025097846985e-03
3.333333432674407959e-01
5.473453784361481667e-04
1.111111119389533997e-01
1.999999955296516418e-02
1.000000000000000000e+00
7.142857462167739868e-02
2.000000029802322388e-01
7.692307978868484497e-02
2.898550825193524361e-03
3.448275849223136902e-02
9.009009227156639099e-03
1.000000000000000000e+00
2.518891589716076851e-03
1.000000000000000000e+00
2.500000037252902985e-02
1.369863003492355347e-02
1.428571492433547974e-01
3.584229387342929840e-03
1.000000000000000000e+00
1.000000000000000000e+00
5.319148767739534378e-04
3.610108280554413795e-03
1.666666716337203979e-01
5.000000000000000000e-01
1.428571492433547974e-01
2.325581386685371399e-02
2.500000000000000000e-01
2.336448524147272110e-03
5.000000000000000000e-01
6.393861840479075909e-04
6.067961221560835838e-04
5.000000000000000000e-01
6.896551698446273804e-03
6.666667014360427856e-02
3.333333432674407959e-01
5.000000074505805969e-02
7.513148011639714241e-04
1.851851865649223328e-02
3.333333432674407959e-01
5.000000000000000000e-01
2.127659507095813751e-02
2.222222276031970978e-02
2.127659507095813751e-02
5.000000000000000000e-01
6.253908504731953144e-04
1.250000000000000000e-01
3.533568931743502617e-03
3.030303120613098145e-02
2.941176481544971466e-02
1.000000000000000000e+00
9.443762246519327164e-05
8.064515888690948486e-03
1.000000000000000000e+00
3.773584961891174316e-03
8.333333581686019897e-02
5.000000000000000000e-01
9.433962404727935791e-03
1.000000000000000000e+00
1.000000000000000000e+00
1.000000014901161194e-01
1.109877950511872768e-03
9.090909361839294434e-02
6.666667014360427856e-02
1.000000000000000000e+00
3.144653979688882828e-03
1.562500000000000000e-02
1.136363670229911804e-02
5.000000000000000000e-01
2.049180213361978531e-03
4.642525454983115196e-04
2.188183832913637161e-03
3.115264698863029480e-03
2.000000029802322388e-01
1.960784383118152618e-02
2.915452001616358757e-03
2.083333395421504974e-02
3.333333432674407959e-01
7.936508394777774811e-03
2.675943251233547926e-04
1.000000000000000000e+00
1.000000000000000000e+00
5.000000000000000000e-01
3.875968977808952332e-03
1.000000000000000000e+00
1.000000000000000000e+00
1.000000000000000000e+00
3.333333432674407959e-01
8.196720853447914124e-03
3.846153989434242249e-02
1.999999955296516418e-02
3.125000000000000000e-02
1.000000000000000000e+00
7.692307978868484497e-02
3.846153989434242249e-02
2.564102597534656525e-02
1.250000000000000000e-01
1.000000000000000000e+00
1.256281393580138683e-03
6.430867942981421947e-04
3.333333432674407959e-01
1.000000000000000000e+00
1.000000000000000000e+00
6.622516550123691559e-03
1.923076994717121124e-02
1.000000000000000000e+00
1.000000000000000000e+00
2.000000029802322388e-01
9.090909361839294434e-02
5.376344081014394760e-03
1.000000000000000000e+00
5.000000000000000000e-01
5.000000000000000000e-01
1.111111119389533997e-01
1.000000000000000000e+00
2.000000029802322388e-01
4.395604482851922512e-04
7.751937955617904663e-03
2.380952425301074982e-02
1.449275389313697815e-02
1.428571492433547974e-01
2.500000000000000000e-01
4.545454401522874832e-03
4.999999888241291046e-03
5.000000000000000000e-01
1.000000014901161194e-01
7.535794866271317005e-04
1.973164908122271299e-04
1.250000000000000000e-01
5.882352963089942932e-02
8.620689623057842255e-03
1.000000000000000000e+00
1.000000000000000000e+00
1.773049589246511459e-03
5.882352963089942932e-02
4.504504613578319550e-03
7.692307978868484497e-02
1.000000000000000000e+00
4.655493539758026600e-04
3.333333432674407959e-01
5.865102866664528847e-04
1.428571492433547974e-01
1.923076994717121124e-02
1.000000000000000000e+00
1.666666753590106964e-02
5.476451478898525238e-04
3.333333432674407959e-01
5.000000000000000000e-01
1.798561192117631435e-03
1.785714365541934967e-02
7.142857462167739868e-02
3.333333432674407959e-01
1.250000000000000000e-01
3.333333432674407959e-01
4.255319014191627502e-03
1.000000000000000000e+00
2.638522535562515259e-03
3.333333432674407959e-01
9.433962404727935791e-03
7.142857462167739868e-02
1.282051298767328262e-02
2.032520249485969543e-03
1.000000000000000000e+00
1.851851819083094597e-03
3.787878900766372681e-03
4.761904943734407425e-03
2.159827155992388725e-03
5.319148767739534378e-04
2.500000000000000000e-01
1.428571492433547974e-01
1.098901149816811085e-03
7.002801285125315189e-04
1.219512149691581726e-02
1.960784383118152618e-02
2.857142873108386993e-02
1.886792480945587158e-02
1.000000000000000000e+00
2.500000000000000000e-01
4.166666790843009949e-02
1.054852269589900970e-03
9.090909361839294434e-02
2.016942307818681002e-04
6.666667014360427856e-02
1.000000000000000000e+00
1.000000000000000000e+00
5.000000000000000000e-01
1.250000018626451492e-02
3.999999910593032837e-02
1.666666716337203979e-01
1.666666716337203979e-01
1.000000000000000000e+00
4.171881591901183128e-04
2.500000000000000000e-01
4.347826167941093445e-02
2.631578966975212097e-02
6.666667014360427856e-02
3.225806355476379395e-02
8.143322193063795567e-04
3.333333432674407959e-01
1.000000000000000000e+00
3.703703731298446655e-02
1.941747614182531834e-03
1.000000000000000000e+00
1.250000000000000000e-01
2.000000029802322388e-01
1.778726436896249652e-04
2.500000000000000000e-01
8.092579082585871220e-05
8.604370668763294816e-05
1.000000000000000000e+00
5.000000000000000000e-01
2.702702768146991730e-02
1.000000000000000000e+00
8.554320083931088448e-04
5.000000000000000000e-01
1.428571436554193497e-02
1.587301678955554962e-02
2.066115615889430046e-03
5.263157933950424194e-02
5.714285653084516525e-03
1.408450654707849026e-03
1.000000000000000000e+00
1.818181830458343029e-03
2.631579060107469559e-03
7.137758657336235046e-04
1.333333365619182587e-02
8.333333581686019897e-02
8.849557489156723022e-03
1.424501417204737663e-03
3.333333432674407959e-01
9.233610471710562706e-04
1.706484588794410229e-03
1.000000000000000000e+00
5.128205288201570511e-03
5.882352963089942932e-02
1.000000000000000000e+00
5.000000000000000000e-01
5.882352963089942932e-02
5.882352963089942932e-02
1.428571492433547974e-01
1.388888899236917496e-02
2.500000000000000000e-01
5.000000000000000000e-01
5.000000000000000000e-01
2.777777798473834991e-02
5.263157933950424194e-02
1.477104844525456429e-03
5.000000000000000000e-01
2.439024299383163452e-02
1.000000000000000000e+00
1.000000000000000000e+00
1.754385977983474731e-02
1.075268816202878952e-02
6.060605868697166443e-03
1.999999955296516418e-02
1.075268816202878952e-02
1.000000000000000000e+00
1.250000000000000000e-01
1.023541437461972237e-03
2.000000029802322388e-01
3.333333432674407959e-01
4.081632476300001144e-03
1.000000000000000000e+00
2.500000000000000000e-01
3.333333432674407959e-01
2.493143838364630938e-04
2.000000029802322388e-01
1.030927803367376328e-02
6.626905524171888828e-04
8.403361774981021881e-03
1.703577465377748013e-03
2.739726100116968155e-03
1.000000000000000000e+00
1.000000000000000000e+00
2.857142873108386993e-02
6.761325057595968246e-04
8.620689623057842255e-03
1.000000000000000000e+00
2.217294881120324135e-03
1.000000000000000000e+00
5.000000000000000000e-01
5.000000000000000000e-01
8.012820617295801640e-04
9.652509470470249653e-04
3.333333432674407959e-01
2.680965233594179153e-03
1.030927803367376328e-02
1.428571492433547974e-01
8.481764234602451324e-05
1.999999955296516418e-02
5.000000000000000000e-01
2.000000029802322388e-01
1.000000000000000000e+00
1.385041512548923492e-03
4.975124262273311615e-03
3.972983686253428459e-04
3.333333507180213928e-02
3.333333432674407959e-01
1.000000000000000000e+00
1.340482616797089577e-03
4.166666790843009949e-02
1.000000000000000000e+00
1.228501205332577229e-03
2.631578966975212097e-02
8.064515888690948486e-03
8.333333581686019897e-02
2.192982472479343414e-03
1.000000000000000000e+00
1.000000000000000000e+00
5.773672019131481647e-04
4.347826167941093445e-02
1.111111119389533997e-01
5.000000000000000000e-01
3.846153989434242249e-02
1.190476212650537491e-02
1.000000000000000000e+00
1.000000000000000000e+00
2.000000029802322388e-01
1.851851865649223328e-02
1.000000000000000000e+00
1.000000000000000000e+00
3.999999910593032837e-02
4.347826167941093445e-02
4.629629664123058319e-03
1.000000000000000000e+00
1.923076994717121124e-02
5.000000000000000000e-01
8.051529875956475735e-04
1.000000000000000000e+00
8.547008968889713287e-03
1.000000000000000000e+00
1.000000000000000000e+00
3.333333432674407959e-01
1.000000000000000000e+00
4.056795150972902775e-04
2.500000000000000000e-01
4.761904850602149963e-02
1.000000000000000000e+00
1.000000000000000000e+00
1.000000014901161194e-01
4.807692486792802811e-03
5.000000000000000000e-01
5.208333488553762436e-03
1.000000000000000000e+00
3.333333432674407959e-01
9.900989942252635956e-03
9.999999776482582092e-03
1.250000000000000000e-01
1.666666716337203979e-01
1.250000000000000000e-01
1.428571436554193497e-02
3.333333432674407959e-01
6.527415243908762932e-04
1.000000000000000000e+00
8.333333581686019897e-02
1.000000000000000000e+00
5.555555596947669983e-02
1.428571492433547974e-01
8.802816737443208694e-04
5.000000000000000000e-01
3.688675642479211092e-04
1.000000014901161194e-01
1.000000000000000000e+00
6.250000000000000000e-02
2.222222276031970978e-02
7.692307978868484497e-02
2.173913083970546722e-02
2.500000000000000000e-01
4.405286163091659546e-03
6.305170245468616486e-04
2.500000000000000000e-01
3.333333507180213928e-02
6.024096161127090454e-03
5.263157933950424194e-02
5.000000000000000000e-01
1.666666716337203979e-01
1.000000000000000000e+00
1.000000000000000000e+00
1.000000000000000000e+00
4.166666790843009949e-02
1.000000000000000000e+00
1.000000014901161194e-01
1.136363670229911804e-02
1.070663798600435257e-03
3.333333507180213928e-02
5.263157933950424194e-02
1.428571492433547974e-01
1.999999955296516418e-02
2.659574383869767189e-03
2.320185536518692970e-03
6.250000000000000000e-02
7.142857462167739868e-02
1.000000000000000000e+00
3.333333507180213928e-02
1.000000000000000000e+00
1.086956541985273361e-02
2.500000000000000000e-01
1.000000014901161194e-01
5.000000000000000000e-01
1.886792480945587158e-02
5.347593687474727631e-03
3.333333432674407959e-01
8.576329564675688744e-04
5.882352963089942932e-02
2.590673509985208511e-03
8.928571827709674835e-03
1.000000000000000000e+00
2.000000029802322388e-01
4.184100311249494553e-03
6.666667014360427856e-02
1.000000000000000000e+00
5.000000000000000000e-01
1.000000000000000000e+00
1.976284664124250412e-03
1.282051298767328262e-02
9.328357991762459278e-04
5.000000000000000000e-01
8.312552236020565033e-04
3.225806402042508125e-03
3.378378460183739662e-03
6.250000000000000000e-02
7.692307978868484497e-02
9.090909361839294434e-02
2.325581386685371399e-02
1.000000000000000000e+00
1.999999955296516418e-02
1.000000000000000000e+00
4.347826167941093445e-02
5.555555596947669983e-02
4.132231231778860092e-03
1.000000000000000000e+00
3.333333432674407959e-01
8.000000379979610443e-03
2.325581386685371399e-02
4.347826167941093445e-02
2.946376043837517500e-04
8.375209290534257889e-04
1.666666716337203979e-01
1.000000000000000000e+00
8.333333581686019897e-02
6.414368399418890476e-04
9.596929157851263881e-05
1.666666716337203979e-01
3.333333432674407959e-01
7.142857462167739868e-02
1.449275389313697815e-02
8.196720853447914124e-03
1.000000000000000000e+00
5.000000000000000000e-01
1.000000000000000000e+00
1.000000000000000000e+00
1.250000000000000000e-01
2.500000000000000000e-01
7.142857462167739868e-02
8.756567258387804031e-04
1.000000000000000000e+00
1.000000000000000000e+00
8.403361774981021881e-03
1.000000000000000000e+00
5.000000000000000000e-01
2.500000000000000000e-01
1.694915257394313812e-02
1.000000000000000000e+00
6.112469709478318691e-04
7.936508394777774811e-03
2.127659507095813751e-02
2.040816284716129303e-02
2.336448524147272110e-03
6.250000000000000000e-02
4.545454680919647217e-02
1.250000000000000000e-01
2.977963013108819723e-04
1.428571492433547974e-01
1.000000000000000000e+00
1.000000000000000000e+00
1.792114693671464920e-03
1.000000000000000000e+00
2.573340316303074360e-04
3.257328877225518227e-03
5.000000000000000000e-01
2.500000000000000000e-01
2.941176481544971466e-02
6.666667014360427856e-02
1.000000000000000000e+00
8.000000379979610443e-03
1.023541437461972237e-03
1.000000000000000000e+00
3.333333432674407959e-01
1.000000000000000000e+00
2.500000000000000000e-01
1.000000000000000000e+00
4.347826167941093445e-02
2.000000029802322388e-01
7.032348657958209515e-04
1.049317885190248489e-03
5.000000000000000000e-01
6.093845004215836525e-04
1.000000000000000000e+00
1.000000000000000000e+00
4.444444552063941956e-03
6.180469645187258720e-04
3.290556196589022875e-04
1.315789483487606049e-02
3.333333507180213928e-02
1.356852124445140362e-03
1.000000000000000000e+00
2.500000000000000000e-01
1.069518737494945526e-03
1.000000000000000000e+00
1.000000000000000000e+00
1.111111119389533997e-01
8.547008968889713287e-03
7.692307978868484497e-02
1.315789483487606049e-02
3.584229387342929840e-03
4.347826167941093445e-02
3.030303120613098145e-02
5.000000000000000000e-01
7.692307978868484497e-02
1.000000000000000000e+00
6.329114083200693130e-03
5.000000000000000000e-01
5.000000000000000000e-01
2.702702768146991730e-02
1.111111119389533997e-01
1.000000000000000000e+00
1.492537278681993484e-02
3.012048080563545227e-03
2.000000029802322388e-01
2.747252816334366798e-03
3.246753243729472160e-03
3.125000000000000000e-02
1.000000000000000000e+00
1.000000000000000000e+00
1.422475092113018036e-03
6.711409427225589752e-03
5.555555596947669983e-02
7.692307978868484497e-02
3.703703638166189194e-03
5.882352963089942932e-02
1.000000000000000000e+00
1.204819232225418091e-02
3.703703731298446655e-02
3.999999910593032837e-02
1.000000000000000000e+00
7.142857462167739868e-02
1.639344170689582825e-02
1.265822793357074261e-03
9.090909361839294434e-02
5.000000074505805969e-02
5.000000000000000000e-01
3.333333432674407959e-01
1.666666716337203979e-01
1.000000000000000000e+00
1.000000000000000000e+00
1.000000000000000000e+00
1.904399105114862323e-04
2.000000029802322388e-01
1.639344170689582825e-02
1.428571436554193497e-02
1.160092768259346485e-03
8.340283529832959175e-04
3.003003075718879700e-03
5.000000000000000000e-01
1.428571492433547974e-01
3.333333432674407959e-01
5.000000000000000000e-01
2.173913083970546722e-02
5.494505632668733597e-03
1.000000000000000000e+00
4.166666790843009949e-02
2.942907449323683977e-04
1.000000000000000000e+00
4.655493539758026600e-04
2.500000000000000000e-01
3.745318390429019928e-03
2.380952425301074982e-02
1.250000018626451492e-02
1.587301678955554962e-02
1.008064486086368561e-03
2.000000029802322388e-01
7.142857462167739868e-02
1.052631624042987823e-02
3.333333432674407959e-01
4.032257944345474243e-03
1.522070029750466347e-03
1.000000000000000000e+00
1.639344170689582825e-02
3.030303120613098145e-02
2.777777798473834991e-02
1.428571436554193497e-02
1.000000000000000000e+00
2.500000000000000000e-01
1.111111138015985489e-02
6.501950556412339211e-04
3.030303120613098145e-02
2.695417730137705803e-03
1.000000000000000000e+00
5.813953466713428497e-03
2.500000000000000000e-01
4.923683009110391140e-04
1.000000000000000000e+00
1.000000000000000000e+00
1.000000000000000000e+00
1.250000000000000000e-01
3.703703731298446655e-02
1.428571492433547974e-01
2.369668334722518921e-03
1.000000000000000000e+00
1.000000014901161194e-01
6.250000000000000000e-02
7.812500000000000000e-03
5.000000000000000000e-01
2.127659507095813751e-02
4.761904850602149963e-02
1.000000000000000000e+00
3.333333432674407959e-01
1.000000014901161194e-01
1.428571492433547974e-01
5.000000000000000000e-01
2.500000000000000000e-01
1.000000000000000000e+00
1.000000000000000000e+00
8.695651777088642120e-03
1.466275658458471298e-03
1.960784383118152618e-02
5.555555596947669983e-02
5.000000000000000000e-01
5.000000000000000000e-01
5.347593687474727631e-03
1.000000000000000000e+00
9.057971183210611343e-04
5.000000000000000000e-01
2.801120514050126076e-03
7.407407276332378387e-03
5.000000000000000000e-01
3.333333432674407959e-01
5.291005130857229233e-03
9.090909361839294434e-02
1.960784383118152618e-02
1.000000000000000000e+00
3.333333432674407959e-01
5.000000000000000000e-01
1.000000000000000000e+00
1.000000000000000000e+00
5.000000000000000000e-01
3.333333432674407959e-01
2.645502565428614616e-03
1.000000000000000000e+00
1.234567910432815552e-02
3.999999910593032837e-02
1.000000000000000000e+00
6.211180239915847778e-03
1.000000000000000000e+00
4.926108289510011673e-03
4.950494971126317978e-03
1.612903177738189697e-02
1.162790693342685699e-02
3.333333432674407959e-01
2.500000000000000000e-01
1.000000000000000000e+00
3.333333432674407959e-01
1.428571492433547974e-01
1.388888899236917496e-02
1.666666716337203979e-01
1.000000000000000000e+00
2.500000000000000000e-01
1.265822816640138626e-02
5.000000000000000000e-01
4.923683009110391140e-04
1.000000000000000000e+00
1.000000000000000000e+00
2.500000000000000000e-01
2.127659507095813751e-03
3.278688527643680573e-03
3.333333507180213928e-02
1.584786106832325459e-03
2.857142826542258263e-03
1.000000000000000000e+00
1.000000014901161194e-01
1.000000000000000000e+00
5.000000000000000000e-01
1.000000000000000000e+00
1.851851865649223328e-02
3.333333432674407959e-01
2.500000000000000000e-01
6.596306338906288147e-04
3.333333432674407959e-01
1.633986976230517030e-04
1.000000000000000000e+00
1.219512149691581726e-02
1.428571492433547974e-01
3.125000000000000000e-02
6.666667014360427856e-02
1.135073762270621955e-04
1.000000000000000000e+00
1.000000000000000000e+00
5.000000000000000000e-01
2.500000000000000000e-01
1.000000000000000000e+00
1.683501643128693104e-03
1.428571492433547974e-01
1.000000000000000000e+00
1.612903177738189697e-02
1.000000000000000000e+00
6.060606101527810097e-04
2.000000029802322388e-01
1.438848907127976418e-03
3.333333432674407959e-01
1.000000014901161194e-01
4.761904850602149963e-02
1.000000000000000000e+00
2.500000000000000000e-01
1.149425283074378967e-02
1.000000000000000000e+00
1.052631624042987823e-02
9.009009227156639099e-03
1.000000000000000000e+00
8.733624708838760853e-04
1.000000000000000000e+00
1.000000014901161194e-01
4.672897048294544220e-03
1.000000000000000000e+00
1.015228452160954475e-03
2.000000029802322388e-01
1.666666716337203979e-01
3.333333432674407959e-01
2.717391354963183403e-03
2.096435986459255219e-03
1.250000000000000000e-01
2.000000029802322388e-01
1.754385977983474731e-02
1.492537278681993484e-02
9.090909361839294434e-02
2.500000000000000000e-01
9.090909361839294434e-02
2.403846243396401405e-03
5.000000000000000000e-01
2.500000000000000000e-01
1.000000000000000000e+00
4.166666790843009949e-02
1.000000000000000000e+00
5.681818351149559021e-03
2.000000029802322388e-01
5.000000000000000000e-01
2.801905211526900530e-04
7.692307978868484497e-02
4.999999888241291046e-03
5.000000000000000000e-01
1.000000000000000000e+00
2.906976733356714249e-03
1.000000000000000000e+00
3.999999910593032837e-02
1.000000000000000000e+00
5.000000000000000000e-01
3.663003677502274513e-03
2.500000037252902985e-02
4.786979407072067261e-04
3.968254197388887405e-03
4.347825888544321060e-03
1.694915257394313812e-02
1.470588240772485733e-02
1.587301678955554962e-02
2.673796843737363815e-03
1.000000000000000000e+00
8.333333581686019897e-02
7.923930534161627293e-04
2.500000000000000000e-01
1.111111138015985489e-02
8.474576170556247234e-04
1.000000000000000000e+00
7.633587811142206192e-03
3.571428731083869934e-02
5.000000000000000000e-01
3.225806402042508125e-03
4.545454680919647217e-02
6.493506487458944321e-03
7.692307978868484497e-02
7.142857462167739868e-02
3.999999910593032837e-02
2.000000029802322388e-01
5.000000000000000000e-01
3.891050582751631737e-03
1.000000000000000000e+00
4.166666790843009949e-02
5.000000000000000000e-01
5.000000000000000000e-01
1.492537278681993484e-02
1.265822816640138626e-02
5.000000000000000000e-01
1.666666716337203979e-01
9.090909361839294434e-02
5.000000000000000000e-01
9.090909361839294434e-02
1.000000000000000000e+00
1.000000000000000000e+00
2.702702768146991730e-02
3.333333432674407959e-01
6.250000093132257462e-03
1.000000000000000000e+00
3.333333432674407959e-01
2.777777798473834991e-02
1.000000000000000000e+00
5.000000000000000000e-01
2.354048920096829534e-04
1.408450677990913391e-02
3.333333432674407959e-01
5.000000000000000000e-01
1.000000000000000000e+00
2.000000029802322388e-01
4.761904850602149963e-02
9.090908803045749664e-03
4.608294926583766937e-03
5.000000000000000000e-01
1.000000000000000000e+00
3.448275849223136902e-02
1.428571492433547974e-01
3.333333432674407959e-01
3.333333432674407959e-01
1.000000000000000000e+00
1.000000000000000000e+00
3.333333432674407959e-01
2.500000000000000000e-01
3.225806355476379395e-02
1.923076994717121124e-02
7.142857462167739868e-02
1.000000000000000000e+00
8.333333581686019897e-02
2.857142873108386993e-02
6.622516550123691559e-03
1.000000000000000000e+00
6.097560748457908630e-03
8.368201088160276413e-04
9.090909361839294434e-02
1.000000000000000000e+00
1.000000000000000000e+00
1.428571492433547974e-01
2.304147463291883469e-03
2.083333395421504974e-02
5.000000000000000000e-01
5.000000000000000000e-01
3.448275849223136902e-02
1.000000000000000000e+00
1.000000000000000000e+00
1.886792480945587158e-02
2.500000000000000000e-01
3.161555505357682705e-04
1.724137924611568451e-02
1.111111119389533997e-01
1.000000000000000000e+00
7.299270015209913254e-03
2.000000029802322388e-01
1.152870681835338473e-04
5.000000000000000000e-01
1.000000000000000000e+00
3.496503457427024841e-03
1.000000014901161194e-01
3.333333432674407959e-01
5.000000000000000000e-01
5.000000000000000000e-01
1.000000014901161194e-01
7.246376946568489075e-03
1.282051322050392628e-03
1.589825144037604332e-03
5.000000000000000000e-01
1.000000000000000000e+00
3.084515628870576620e-04
1.123595517128705978e-02
1.000000000000000000e+00
1.000000000000000000e+00
1.000000000000000000e+00
2.000000029802322388e-01
1.000000000000000000e+00
1.886792480945587158e-02
5.263158120214939117e-03
1.666666716337203979e-01
8.333333581686019897e-02
1.000000000000000000e+00
1.000000000000000000e+00
5.000000000000000000e-01
1.000000000000000000e+00
1.000000000000000000e+00
1.000000000000000000e+00
1.000000000000000000e+00
1.470588240772485733e-02
3.225806355476379395e-02
1.050640858011320233e-04
3.333333432674407959e-01
3.125000000000000000e-02
5.000000000000000000e-01
8.403361774981021881e-03
1.000000000000000000e+00
3.831417532637715340e-03
2.500000000000000000e-01
4.201680887490510941e-03
8.333333581686019897e-02
1.470588240772485733e-02
5.000000000000000000e-01
5.000000000000000000e-01
9.090909361839294434e-02
2.450980537105351686e-04
1.264222548343241215e-03
2.702702768146991730e-02
1.666666716337203979e-01
2.380952425301074982e-02
1.000000000000000000e+00
6.369426846504211426e-03
1.000000000000000000e+00
2.127659507095813751e-02
1.000000000000000000e+00
1.000000000000000000e+00
1.000000000000000000e+00
1.086956541985273361e-02
5.000000000000000000e-01
3.333333432674407959e-01
6.250000093132257462e-03
1.000000014901161194e-01
6.693440373055636883e-04
2.702702768146991730e-02
3.333333432674407959e-01
2.269117248943075538e-04
1.000000000000000000e+00
4.166666790843009949e-02
2.500000037252902985e-02
4.545454680919647217e-02
3.448275849223136902e-02
3.030303120613098145e-02
5.000000000000000000e-01
5.000000000000000000e-01
2.500000000000000000e-01
1.000000000000000000e+00
1.000000014901161194e-01
5.000000000000000000e-01
2.000000029802322388e-01
2.828054421115666628e-04
1.000000000000000000e+00
3.333333432674407959e-01
1.000000000000000000e+00
2.000000094994902611e-03
4.108463472221046686e-04
3.333333432674407959e-01
7.142857182770967484e-03
1.999999955296516418e-02
5.025125574320554733e-03
2.469135913997888565e-03
2.173912944272160530e-03
5.000000000000000000e-01
1.020408142358064651e-02
1.754385977983474731e-02
3.999999910593032837e-02
1.041666697710752487e-02
1.000000000000000000e+00
1.075268816202878952e-02
1.000000000000000000e+00
4.166666883975267410e-03
5.494505632668733597e-03
5.000000000000000000e-01
2.500000000000000000e-01
1.111111119389533997e-01
6.451612804085016251e-03
2.500000000000000000e-01
3.333333432674407959e-01
2.976190531626343727e-03
1.428571492433547974e-01
5.000000000000000000e-01
1.428571492433547974e-01
5.649717524647712708e-03
1.886792480945587158e-03
1.000000000000000000e+00
1.000000000000000000e+00
1.190476212650537491e-02
6.896551698446273804e-03
2.857142826542258263e-03
1.428571436554193497e-02
1.543209888041019440e-03
5.000000074505805969e-02
8.097165846265852451e-04
1.000000000000000000e+00
1.000000000000000000e+00
8.849557489156723022e-03
1.666666716337203979e-01
1.075268816202878952e-02
1.000000000000000000e+00
5.000000000000000000e-01
2.000000029802322388e-01
7.342143799178302288e-04
4.504504613578319550e-03
1.000000000000000000e+00
5.000000000000000000e-01
2.500000000000000000e-01
1.000000000000000000e+00
2.272727340459823608e-02
1.000000000000000000e+00
1.000000014901161194e-01
1.250000000000000000e-01
1.000000000000000000e+00
5.000000000000000000e-01
1.000000000000000000e+00
1.000000000000000000e+00
1.000000000000000000e+00
3.333333432674407959e-01
5.000000000000000000e-01
6.596306338906288147e-04
1.000000000000000000e+00
1.538461539894342422e-02
3.448275849223136902e-02
9.090909361839294434e-02
5.882353056222200394e-03
4.545454680919647217e-02
1.250000000000000000e-01
3.571428731083869934e-02
1.250000000000000000e-01
1.000000000000000000e+00
1.000000000000000000e+00
5.000000000000000000e-01
1.592356711626052856e-03
2.000000029802322388e-01
3.333333432674407959e-01
3.333333432674407959e-01
5.494505632668733597e-03
8.333333581686019897e-02
1.000000000000000000e+00
1.886792480945587158e-02
1.000000000000000000e+00
2.408477885182946920e-04
1.000000000000000000e+00
5.000000000000000000e-01
3.571428731083869934e-02
1.000000000000000000e+00
1.000000000000000000e+00
1.492537278681993484e-02
1.000000000000000000e+00
8.849557489156723022e-03
9.090909361839294434e-02
7.336757262237370014e-04
1.000000000000000000e+00
1.449275389313697815e-02
5.263157654553651810e-04
1.000000000000000000e+00
1.000000000000000000e+00
7.518797181546688080e-03
6.134969182312488556e-03
9.090909361839294434e-02
3.448275849223136902e-02
5.000000000000000000e-01
9.090909361839294434e-02
8.333333581686019897e-02
1.250000000000000000e-01
1.000000000000000000e+00
1.666666716337203979e-01
1.666666716337203979e-01
5.000000000000000000e-01
1.000000000000000000e+00
5.000000000000000000e-01
7.633587811142206192e-03
5.524862091988325119e-03
3.333333432674407959e-01
5.000000000000000000e-01
6.910850061103701591e-04
4.291845485568046570e-03
4.166666790843009949e-02
9.718172950670123100e-04
1.000000000000000000e+00
5.000000000000000000e-01
3.225806355476379395e-02
1.522070029750466347e-03
4.716981202363967896e-04
1.666666716337203979e-01
1.000000000000000000e+00
3.571428731083869934e-02
3.333333507180213928e-02
3.125000046566128731e-03
1.111111119389533997e-01
3.676470601931214333e-03
1.000000000000000000e+00
1.219512149691581726e-02
1.428571492433547974e-01
3.571428731083869934e-02
5.263157933950424194e-02
1.000000000000000000e+00
1.000000000000000000e+00
5.000000000000000000e-01
1.956947147846221924e-03
3.623188473284244537e-03
5.000000000000000000e-01
1.000000000000000000e+00
5.464480724185705185e-03
5.000000000000000000e-01
1.000000000000000000e+00
1.250000000000000000e-01
1.075268816202878952e-02
6.250000000000000000e-02
5.000000000000000000e-01
8.928571827709674835e-03
3.571428731083869934e-02
5.813953466713428497e-04
5.050505045801401138e-03
5.263157933950424194e-02
4.347826167941093445e-02
1.428571436554193497e-02
1.000000000000000000e+00
2.941176481544971466e-02
6.250000000000000000e-02
7.692307978868484497e-02
3.333333432674407959e-01
5.000000000000000000e-01
3.773584961891174316e-03
7.142857462167739868e-02
1.250000000000000000e-01
1.000000000000000000e+00
1.666666716337203979e-01
4.730368964374065399e-04
1.000000000000000000e+00
8.928571827709674835e-03
1.000000000000000000e+00
5.000000000000000000e-01
3.257328877225518227e-03
1.851851865649223328e-02
1.000000000000000000e+00
1.000000000000000000e+00
4.545454680919647217e-02
1.000000000000000000e+00
5.000000000000000000e-01
1.351351384073495865e-02
1.336898421868681908e-03
2.178649185225367546e-03
1.250000000000000000e-01
1.111111119389533997e-01
9.090909361839294434e-02
1.000000000000000000e+00
9.090909361839294434e-02
1.219512149691581726e-02
2.500000000000000000e-01
8.375910692848265171e-05
1.449275389313697815e-02
2.151462977053597569e-04
3.333333432674407959e-01
7.142857462167739868e-02
3.333333432674407959e-01
1.000000000000000000e+00
5.688281962648034096e-04
3.333333432674407959e-01
3.333333432674407959e-01
5.000000000000000000e-01
2.141327597200870514e-03
2.000000029802322388e-01
1.818181760609149933e-02
6.666667014360427856e-02
1.000000000000000000e+00
4.807692486792802811e-03
5.988024175167083740e-03
1.000000000000000000e+00
5.000000000000000000e-01
2.564102597534656525e-02
5.882352963089942932e-02
1.265822816640138626e-02
5.555555596947669983e-02
1.000000014901161194e-01
1.000000000000000000e+00
5.882352963089942932e-02
3.333333432674407959e-01
2.564102597534656525e-02
5.000000000000000000e-01
6.896551698446273804e-03
3.546099178493022919e-03
3.846153989434242249e-02
3.333333432674407959e-01
4.450378182809799910e-04
1.000000000000000000e+00
6.775067886337637901e-04
4.719207063317298889e-04
3.333333507180213928e-02
1.000000014901161194e-01
1.000000000000000000e+00
1.000000000000000000e+00
1.007049344480037689e-03
2.702702768146991730e-02
4.224578515277244151e-05
2.500000000000000000e-01
6.250000000000000000e-02
1.639344170689582825e-02
1.666666716337203979e-01
5.882352963089942932e-02
6.939625018276274204e-04
1.000000000000000000e+00
3.333333432674407959e-01
6.497725553344935179e-05
6.734006456099450588e-04
3.333333432674407959e-01
2.793296007439494133e-03
1.996007980778813362e-03
1.666666716337203979e-01
1.000000000000000000e+00
9.182736393995583057e-04
2.500000000000000000e-01
1.111111119389533997e-01
5.813953466713428497e-03
1.000000000000000000e+00
2.000000029802322388e-01
3.333333432674407959e-01
1.190476212650537491e-02
1.000000000000000000e+00
5.681818351149559021e-03
1.428571492433547974e-01
1.000000000000000000e+00
9.354536887258291245e-04
1.002004020847380161e-03
8.643042529001832008e-04
8.748906548134982586e-04
2.500000000000000000e-01
1.000000000000000000e+00
1.800180034479126334e-04
1.250000000000000000e-01
1.000000000000000000e+00
1.967729185707867146e-04
6.250000000000000000e-02
