3.134796163067221642e-03
5.681818351149559021e-03
3.957261506002396345e-04
1.000000000000000000e+00
6.770480540581047535e-04
1.111111119389533997e-01
5.000000000000000000e-01
2.000000029802322388e-01
1.562500000000000000e-02
5.000000074505805969e-02
2.331002382561564445e-03
1.075268816202878952e-02
1.422475092113018036e-03
1.250000000000000000e-01
1.694915257394313812e-02
5.882352963089942932e-02
8.130080997943878174e-03
5.000000000000000000e-01
1.000000014901161194e-01
1.219512149691581726e-02
1.862197415903210640e-03
1.000000000000000000e+00
1.666666716337203979e-01
2.202643081545829773e-03
2.222222276031970978e-02
1.428571492433547974e-01
2.380952425301074982e-02
5.000000000000000000e-01
5.364806856960058212e-04
6.250000000000000000e-02
1.785714365541934967e-02
4.761904850602149963e-02
5.000000000000000000e-01
1.818181760609149933e-02
1.088139251805841923e-03
7.142857462167739868e-02
4.166666790843009949e-02
5.000000000000000000e-01
9.999999776482582092e-03
6.666667014360427856e-02
2.040816284716129303e-02
2.840909175574779510e-03
1.250000000000000000e-01
3.571428731083869934e-02
2.500000000000000000e-01
7.936508394777774811e-03
1.000000014901161194e-01
6.849315250292420387e-04
1.000000000000000000e+00
1.000000000000000000e+00
5.780346691608428955e-04
4.132231231778860092e-03
1.000000014901161194e-01
5.000000000000000000e-01
5.000000000000000000e-01
2.272727200761437416e-03
1.572326989844441414e-03
8.333333581686019897e-02
3.333333432674407959e-01
1.562500000000000000e-02
1.000000000000000000e+00
2.564102644100785255e-03
3.333333432674407959e-01
1.111111119389533997e-01
1.000000000000000000e+00
5.000000074505805969e-02
2.380952425301074982e-02
2.083333395421504974e-02
1.250000000000000000e-01
4.081632476300001144e-03
8.952551288530230522e-04
4.524887073785066605e-03
3.003003075718879700e-03
4.347825888544321060e-03
4.166666790843009949e-02
1.666666716337203979e-01
3.333333432674407959e-01
2.500000000000000000e-01
3.125000000000000000e-02
1.999999955296516418e-02
1.492537278681993484e-02
9.090909361839294434e-02
2.500000000000000000e-01
1.000000000000000000e+00
4.327131027821451426e-04
4.219409078359603882e-03
5.000000000000000000e-01
1.111111119389533997e-01
3.257328877225518227e-03
1.000000000000000000e+00
1.715265912935137749e-03
2.272727340459823608e-02
3.333333432674407959e-01
1.149425283074378967e-02
1.000000000000000000e+00
1.370989921269938350e-04
8.757334580877795815e-05
7.142857462167739868e-02
1.443001441657543182e-03
4.716981202363967896e-03
7.668711477890610695e-04
1.264222548343241215e-03
1.358695677481591702e-03
2.439024299383163452e-02
3.225806355476379395e-02
2.392344409599900246e-03
2.564102597534656525e-02
3.196930920239537954e-04
8.291873964481055737e-04
1.000000000000000000e+00
1.000000000000000000e+00
2.994012087583541870e-03
2.000000029802322388e-01
1.000000000000000000e+00
5.882352963089942932e-02
5.000000074505805969e-02
5.817335913889110088e-04
2.941176481544971466e-02
9.345794096589088440e-03
1.666666716337203979e-01
4.016064107418060303e-03
1.182033098302781582e-03
5.000000000000000000e-01
1.538461539894342422e-02
1.694915257394313812e-02
5.291005130857229233e-03
4.524887073785066605e-03
1.000000000000000000e+00
1.428571492433547974e-01
5.000000000000000000e-01
7.142857182770967484e-03
3.333333432674407959e-01
3.448275849223136902e-02
1.000000000000000000e+00
1.000000000000000000e+00
2.272727340459823608e-02
2.777777798473834991e-02
1.428571492433547974e-01
1.204819232225418091e-02
2.083333395421504974e-02
1.412429410265758634e-04
5.000000000000000000e-01
2.000000029802322388e-01
1.526717562228441238e-03
9.090909361839294434e-02
3.164557041600346565e-03
6.493506487458944321e-03
5.000000000000000000e-01
5.555555596947669983e-02
1.000000014901161194e-01
7.692307978868484497e-02
4.566209972836077213e-04
1.712328754365444183e-03
4.545454680919647217e-02
3.333333432674407959e-01
2.173913083970546722e-02
3.802281338721513748e-03
1.000000000000000000e+00
7.246376946568489075e-03
6.993006914854049683e-03
2.268602547701448202e-04
3.496503457427024841e-03
5.555555596947669983e-02
3.690036945044994354e-03
1.428571492433547974e-01
4.347826167941093445e-02
2.000000029802322388e-01
8.333333581686019897e-02
8.703219937160611153e-04
1.000000000000000000e+00
1.000000014901161194e-01
1.000000000000000000e+00
2.114164875820279121e-03
3.333333507180213928e-02
1.999999955296516418e-02
1.000000000000000000e+00
7.042253389954566956e-03
1.298701297491788864e-02
3.816793905571103096e-03
1.428571492433547974e-01
4.347825888544321060e-03
9.259259328246116638e-03
1.724137924611568451e-02
5.000000000000000000e-01
1.926782308146357536e-03
2.500000000000000000e-01
7.042253389954566956e-03
5.000000000000000000e-01
2.000000029802322388e-01
3.333333507180213928e-02
2.500000000000000000e-01
5.882352963089942932e-02
1.901140669360756874e-03
1.000000014901161194e-01
1.000000014901161194e-01
5.000000000000000000e-01
1.000000000000000000e+00
2.857142873108386993e-02
3.861003788188099861e-03
1.000000014901161194e-01
1.000000000000000000e+00
1.587301678955554962e-02
7.692307978868484497e-02
4.975124262273311615e-03
1.666666716337203979e-01
1.428571492433547974e-01
5.000000000000000000e-01
6.211180239915847778e-03
1.935359032358974218e-04
8.928571827709674835e-03
5.524862091988325119e-03
1.428571492433547974e-01
2.380952425301074982e-02
4.672897048294544220e-03
1.785714365541934967e-02
1.408450677990913391e-02
1.000000000000000000e+00
2.500000000000000000e-01
3.999999910593032837e-02
5.000000000000000000e-01
1.000000000000000000e+00
2.564102644100785255e-03
1.538461539894342422e-02
2.500000000000000000e-01
5.076142027974128723e-03
4.233700165059417486e-04
5.000000000000000000e-01
1.250000000000000000e-01
6.666667014360427856e-02
9.009009227156639099e-03
2.873563207685947418e-03
1.000000000000000000e+00
5.555555596947669983e-02
1.000000000000000000e+00
7.710100035183131695e-04
1.000000000000000000e+00
5.181347019970417023e-03
1.666666716337203979e-01
1.923076994717121124e-02
1.000000014901161194e-01
5.000000000000000000e-01
1.879699295386672020e-03
1.010101009160280228e-02
1.000000000000000000e+00
2.564102597534656525e-02
9.756097570061683655e-04
1.000000000000000000e+00
4.149377811700105667e-03
2.890173345804214478e-03
2.982403675559908152e-04
1.000000014901161194e-01
2.155172405764460564e-03
4.830917809158563614e-03
1.257861615158617496e-03
3.067484591156244278e-03
5.000000000000000000e-01
2.272727340459823608e-02
3.333333432674407959e-01
1.111111138015985489e-02
1.515151560306549072e-02
4.999999888241291046e-03
3.333333432674407959e-01
1.000000000000000000e+00
5.555555596947669983e-02
1.886792480945587158e-02
1.250000000000000000e-01
1.250000000000000000e-01
6.250000000000000000e-02
1.801801845431327820e-03
1.000000000000000000e+00
1.000000000000000000e+00
1.851851865649223328e-02
1.000000000000000000e+00
8.474576286971569061e-03
3.333333432674407959e-01
1.428571492433547974e-01
2.500000000000000000e-01
1.000000000000000000e+00
1.538461539894342422e-02
9.433962404727935791e-03
9.606147650629281998e-04
4.366812296211719513e-03
1.956947147846221924e-03
3.937007859349250793e-03
1.052631624042987823e-02
1.000000000000000000e+00
2.000000029802322388e-01
4.761904850602149963e-02
6.097560748457908630e-03
4.784688819199800491e-03
1.360544236376881599e-03
5.000000000000000000e-01
1.666666716337203979e-01
3.333333432674407959e-01
9.090909361839294434e-02
8.928571827709674835e-03
4.975124262273311615e-03
1.000000000000000000e+00
3.333333432674407959e-01
1.851851865649223328e-02
4.132231231778860092e-03
1.628664438612759113e-03
9.090909361839294434e-02
1.666666716337203979e-01
1.000000000000000000e+00
1.706484588794410229e-03
1.886792480945587158e-02
1.369863003492355347e-02
5.000000000000000000e-01
1.000000000000000000e+00
9.090909361839294434e-02
5.000000000000000000e-01
2.525252522900700569e-03
1.111111119389533997e-01
1.245329971425235271e-03
5.000000000000000000e-01
3.436426166445016861e-03
3.846153849735856056e-03
5.882352963089942932e-02
1.000000000000000000e+00
1.694915257394313812e-02
1.000000000000000000e+00
2.083333395421504974e-02
5.000000000000000000e-01
1.556662464281544089e-04
3.597122384235262871e-03
1.190476212650537491e-02
8.547008968889713287e-03
1.562500000000000000e-02
1.176470611244440079e-02
1.470588264055550098e-03
3.333333432674407959e-01
2.500000000000000000e-01
1.000000000000000000e+00
1.000000014901161194e-01
1.265822816640138626e-02
1.000000000000000000e+00
5.076142027974128723e-03
6.289307959377765656e-03
1.063829753547906876e-02
2.500000000000000000e-01
3.333333432674407959e-01
9.345794096589088440e-03
1.562500000000000000e-02
1.547987631056457758e-04
1.000000000000000000e+00
2.604166744276881218e-03
3.355704713612794876e-03
8.474576286971569061e-03
7.352941203862428665e-03
3.333333507180213928e-02
1.449275389313697815e-02
3.703703731298446655e-02
2.304678491782397032e-04
4.545454680919647217e-02
3.333333432674407959e-01
3.162555221933871508e-04
1.666666753590106964e-02
5.263157933950424194e-02
5.882352963089942932e-02
3.999999910593032837e-02
3.333333432674407959e-01
1.428571492433547974e-01
1.000000000000000000e+00
7.575757801532745361e-03
1.063829753547906876e-02
1.000000000000000000e+00
4.255319014191627502e-03
1.666666716337203979e-01
1.250000000000000000e-01
2.183406148105859756e-03
5.617977585643529892e-03
5.000000000000000000e-01
1.999999955296516418e-02
7.142857462167739868e-02
5.000000000000000000e-01
7.541478262282907963e-04
3.225806402042508125e-03
1.000000014901161194e-01
1.000000000000000000e+00
1.111111119389533997e-01
1.250000000000000000e-01
5.524862091988325119e-03
2.500000000000000000e-01
2.551020355895161629e-03
1.111111138015985489e-02
2.808988792821764946e-03
3.816793905571103096e-03
1.851851865649223328e-02
4.405286163091659546e-03
5.000000000000000000e-01
3.999999910593032837e-02
5.000000000000000000e-01
6.527415243908762932e-04
7.142857462167739868e-02
4.291845485568046570e-03
1.162790693342685699e-02
3.333333432674407959e-01
5.263157933950424194e-02
2.000000029802322388e-01
2.000000029802322388e-01
3.333333432674407959e-01
8.424599654972553253e-04
5.000000000000000000e-01
4.065040498971939087e-03
1.428571492433547974e-01
2.631578966975212097e-02
1.825150538934394717e-04
3.571428731083869934e-02
4.166666790843009949e-02
9.803921915590763092e-03
1.000000000000000000e+00
6.535947788506746292e-03
1.851851865649223328e-02
2.577319508418440819e-03
2.561475266702473164e-04
2.631578966975212097e-02
1.000000000000000000e+00
2.754820976406335831e-03
4.088307323399931192e-04
5.000000000000000000e-01
4.166666790843009949e-02
1.000000000000000000e+00
3.257328877225518227e-03
5.952381063252687454e-03
2.705627703107893467e-04
5.000000000000000000e-01
1.000000000000000000e+00
1.000000000000000000e+00
5.000000000000000000e-01
6.250000093132257462e-03
1.428571492433547974e-01
2.890173345804214478e-03
1.000000000000000000e+00
1.000000000000000000e+00
1.650165067985653877e-03
1.000000000000000000e+00
1.000000000000000000e+00
1.000000000000000000e+00
1.000000000000000000e+00
2.500000037252902985e-02
3.236246062442660332e-03
1.000000000000000000e+00
7.142857462167739868e-02
1.000000000000000000e+00
5.882352963089942932e-02
1.030927803367376328e-02
8.620689623057842255e-03
2.053388161584734917e-03
5.917159840464591980e-03
6.250000000000000000e-02
2.500000000000000000e-01
3.357958339620381594e-04
2.777777798473834991e-02
2.536783285904675722e-04
1.000000000000000000e+00
5.000000074505805969e-02
1.000000000000000000e+00
8.460236713290214539e-04
1.000000000000000000e+00
1.000000000000000000e+00
4.444444493856281042e-04
8.888888987712562084e-04
1.028806553222239017e-03
1.754385977983474731e-02
1.000000000000000000e+00
1.219512196257710457e-03
2.702702768146991730e-02
1.000000000000000000e+00
5.000000000000000000e-01
1.408450677990913391e-02
2.500000000000000000e-01
5.675369175150990486e-04
8.203445468097925186e-04
1.000000000000000000e+00
8.620689623057842255e-03
8.650519303046166897e-04
2.816901309415698051e-03
1.000000000000000000e+00
1.886792480945587158e-02
1.000000000000000000e+00
9.090908803045749664e-03
3.023888857569545507e-04
1.000000000000000000e+00
5.882352963089942932e-02
3.906250000000000000e-03
2.000000029802322388e-01
1.000000000000000000e+00
8.333333581686019897e-02
1.111111119389533997e-01
3.030303120613098145e-02
3.333333414047956467e-03
4.782400792464613914e-04
5.000000000000000000e-01
3.076923079788684845e-03
2.386634936556220055e-03
1.010101009160280228e-02
1.000000000000000000e+00
3.448275849223136902e-03
2.000000029802322388e-01
5.347593687474727631e-03
4.420866607688367367e-04
9.345794096589088440e-03
4.901960957795381546e-03
2.000000029802322388e-01
5.000000074505805969e-02
7.692307978868484497e-02
8.333333581686019897e-02
1.754385977983474731e-02
9.259259095415472984e-04
1.000000000000000000e+00
1.250000000000000000e-01
1.000000000000000000e+00
1.000000000000000000e+00
1.408450677990913391e-02
2.030869218287989497e-04
7.751937955617904663e-03
6.711409427225589752e-03
3.846153989434242249e-02
3.333333432674407959e-01
1.166861155070364475e-03
1.250000000000000000e-01
6.666667014360427856e-02
5.000000000000000000e-01
1.408450654707849026e-03
1.428571492433547974e-01
1.000000000000000000e+00
3.125000000000000000e-02
1.000000000000000000e+00
3.448275849223136902e-02
2.000000029802322388e-01
1.111111119389533997e-01
9.090909361839294434e-02
3.846153989434242249e-02
1.000000000000000000e+00
1.428571492433547974e-01
1.386962598189711571e-03
1.111111119389533997e-01
8.032128680497407913e-04
9.090909361839294434e-02
1.000000000000000000e+00
1.000000000000000000e+00
2.083333395421504974e-02
6.666667014360427856e-02
5.934718064963817596e-04
6.666666828095912933e-03
8.695651777088642120e-03
1.000000000000000000e+00
9.090908803045749664e-03
6.075334385968744755e-04
2.000000029802322388e-01
2.100840443745255470e-03
3.333333432674407959e-01
1.000000000000000000e+00
7.874015718698501587e-03
1.000000014901161194e-01
1.333333365619182587e-02
5.050505045801401138e-03
5.000000000000000000e-01
7.692307978868484497e-02
7.142857462167739868e-02
5.000000000000000000e-01
1.000000000000000000e+00
1.250000000000000000e-01
2.551020355895161629e-03
1.666666716337203979e-01
3.333333432674407959e-01
7.358351722359657288e-04
3.333333432674407959e-01
2.500000000000000000e-01
1.000000000000000000e+00
1.000000000000000000e+00
1.754385977983474731e-02
1.666666716337203979e-01
4.975124262273311615e-03
8.928571827709674835e-03
7.194244768470525742e-03
1.111111119389533997e-01
1.000000014901161194e-01
1.666666716337203979e-01
3.424657508730888367e-03
1.000000000000000000e+00
1.261034049093723297e-03
4.347826167941093445e-02
9.689922444522380829e-04
1.000000000000000000e+00
3.367003286257386208e-03
1.000000000000000000e+00
3.333333432674407959e-01
1.666666716337203979e-01
1.515151560306549072e-02
2.155172405764460564e-03
5.263157933950424194e-02
1.408450677990913391e-02
5.000000000000000000e-01
4.926108289510011673e-03
5.882352963089942932e-02
3.728560695890337229e-04
1.000000014901161194e-01
1.250000000000000000e-01
1.351351384073495865e-02
3.225806355476379395e-02
5.000000000000000000e-01
8.547008968889713287e-03
7.593014161102473736e-04
2.500000000000000000e-01
9.090909361839294434e-02
1.000000000000000000e+00
1.000000000000000000e+00
4.545454680919647217e-02
5.000000000000000000e-01
1.515151560306549072e-02
8.000000379979610443e-03
4.166666790843009949e-02
1.000000000000000000e+00
1.000000000000000000e+00
2.380952425301074982e-02
2.463054144755005836e-03
5.882352963089942932e-02
3.999999910593032837e-02
1.234567910432815552e-02
8.733624708838760853e-04
5.000000000000000000e-01
1.612903201021254063e-03
1.515151560306549072e-02
3.333333432674407959e-01
1.000000000000000000e+00
2.173913083970546722e-02
1.923076994717121124e-02
1.000000014901161194e-01
5.000000000000000000e-01
7.751937955617904663e-03
2.294630539836362004e-04
5.494505632668733597e-03
3.333333432674407959e-01
2.000000029802322388e-01
1.298701297491788864e-02
1.470588240772485733e-02
4.384042113088071346e-04
3.703703731298446655e-02
1.709401723928749561e-03
3.333333432674407959e-01
1.000000000000000000e+00
5.000000000000000000e-01
9.708737954497337341e-03
2.262443536892533302e-03
2.500000037252902985e-02
6.666667014360427856e-02
7.692307978868484497e-02
2.098195545841008425e-04
3.508772002533078194e-03
3.333333432674407959e-01
1.000000000000000000e+00
1.492537278681993484e-02
1.106194686144590378e-03
2.777777798473834991e-02
1.000000000000000000e+00
2.359603531658649445e-04
1.325029879808425903e-04
1.000000000000000000e+00
2.325581386685371399e-02
1.063829753547906876e-02
4.761904850602149963e-02
2.000000029802322388e-01
3.703703731298446655e-02
4.347826167941093445e-02
1.000000000000000000e+00
1.639344170689582825e-02
2.487562131136655807e-03
1.000000000000000000e+00
5.000000000000000000e-01
2.222222276031970978e-02
3.333333432674407959e-01
2.500000037252902985e-02
5.000000000000000000e-01
2.500000000000000000e-01
1.428571492433547974e-01
1.492537278681993484e-02
1.000000000000000000e+00
5.000000000000000000e-01
1.086956541985273361e-02
2.178649185225367546e-03
1.000000000000000000e+00
1.000000000000000000e+00
1.000000000000000000e+00
1.136363670229911804e-02
5.000000000000000000e-01
3.424657508730888367e-03
3.316749644000083208e-04
2.016128972172737122e-03
1.000000000000000000e+00
2.127659507095813751e-02
1.666666716337203979e-01
6.666667014360427856e-02
9.090909361839294434e-02
6.666667014360427856e-02
1.136363670229911804e-02
3.703703731298446655e-02
6.983240018598735332e-04
6.666667014360427856e-02
5.263157933950424194e-02
8.333333581686019897e-02
1.428571492433547974e-01
6.666667014360427856e-02
3.703703731298446655e-02
1.006036181934177876e-03
2.564102597534656525e-02
1.000000000000000000e+00
3.333333432674407959e-01
1.538461539894342422e-02
1.000000000000000000e+00
3.087372751906514168e-04
1.666666716337203979e-01
2.500000000000000000e-01
6.250000000000000000e-02
5.000000000000000000e-01
2.777777798473834991e-02
1.000000000000000000e+00
5.000000000000000000e-01
1.428571492433547974e-01
2.127659507095813751e-02
3.636363660916686058e-03
1.000000000000000000e+00
5.181347019970417023e-03
5.102040711790323257e-03
5.000000074505805969e-02
2.500000000000000000e-01
9.345794096589088440e-03
6.997900782153010368e-04
1.428571492433547974e-01
5.000000074505805969e-02
9.433962404727935791e-03
4.149377637077122927e-04
5.291005130857229233e-03
2.000000029802322388e-01
1.000000000000000000e+00
5.000000000000000000e-01
1.138952211476862431e-03
4.347826167941093445e-02
7.692307978868484497e-02
1.000000014901161194e-01
3.164556983392685652e-04
2.439024299383163452e-02
5.882353056222200394e-03
9.090909361839294434e-02
5.882352963089942932e-02
1.666666753590106964e-02
1.000000000000000000e+00
1.234567910432815552e-02
1.250000000000000000e-01
4.166666790843009949e-02
1.592356711626052856e-03
5.000000000000000000e-01
6.693440373055636883e-04
4.048583097755908966e-03
8.474576286971569061e-03
3.558718832209706306e-03
2.832861151546239853e-03
2.808200079016387463e-04
3.703703731298446655e-02
1.000000000000000000e+00
2.500000000000000000e-01
2.000000029802322388e-01
5.000000000000000000e-01
4.761904850602149963e-02
2.000000029802322388e-01
4.366812296211719513e-03
1.000000014901161194e-01
2.702702768146991730e-02
2.631578966975212097e-02
3.571428591385483742e-03
5.000000000000000000e-01
3.333333432674407959e-01
2.500000000000000000e-01
4.347826167941093445e-02
2.222222276031970978e-02
1.515151560306549072e-02
1.773049589246511459e-03
5.000000000000000000e-01
1.428571492433547974e-01
1.098901126533746719e-02
2.849002834409475327e-03
5.000000000000000000e-01
6.289307959377765656e-03
3.571428731083869934e-02
1.234567910432815552e-02
1.111111119389533997e-01
1.769911497831344604e-03
1.265822816640138626e-02
1.030927803367376328e-02
1.818181760609149933e-02
5.319148767739534378e-03
1.111111119389533997e-01
5.000000000000000000e-01
6.250000093132257462e-03
7.017544121481478214e-04
9.090909361839294434e-02
5.305039812810719013e-04
1.000000000000000000e+00
5.649717524647712708e-03
5.000000000000000000e-01
1.298701274208724499e-03
1.111111119389533997e-01
2.500000000000000000e-01
2.500000037252902985e-02
1.219512149691581726e-02
1.515151560306549072e-02
1.923076994717121124e-02
1.250000000000000000e-01
1.000000000000000000e+00
5.000000000000000000e-01
2.000000029802322388e-01
2.923976629972457886e-03
5.000000000000000000e-01
5.000000000000000000e-01
5.263157933950424194e-02
2.500000000000000000e-01
5.000000074505805969e-02
1.204819232225418091e-02
3.584229387342929840e-03
5.000000000000000000e-01
1.915708766318857670e-03
1.000000000000000000e+00
2.500000000000000000e-01
1.219512149691581726e-02
1.000000000000000000e+00
1.288659754209220409e-03
1.356852124445140362e-03
6.250000000000000000e-02
1.204819232225418091e-02
7.751937955617904663e-03
1.041666697710752487e-02
1.000000000000000000e+00
1.428571492433547974e-01
2.500000000000000000e-01
5.882352963089942932e-02
5.000000000000000000e-01
2.040816284716129303e-02
2.000000029802322388e-01
7.692307978868484497e-02
3.333333432674407959e-01
7.087172125466167927e-04
1.123595517128705978e-02
7.692307978868484497e-02
3.952569328248500824e-03
7.142857462167739868e-02
1.000000000000000000e+00
5.714285653084516525e-03
5.000000000000000000e-01
1.785714365541934967e-02
5.000000000000000000e-01
1.314060500590130687e-04
5.000000000000000000e-01
5.000000000000000000e-01
2.949852496385574341e-04
5.714285653084516525e-03
2.070393413305282593e-03
1.000000000000000000e+00
1.000000000000000000e+00
1.006036181934177876e-03
7.042253389954566956e-03
1.453488366678357124e-03
1.000000000000000000e+00
5.000000000000000000e-01
3.076923079788684845e-03
1.428571492433547974e-01
3.333333432674407959e-01
5.892752087675035000e-04
5.291005130857229233e-03
1.000000000000000000e+00
1.000000000000000000e+00
5.000000000000000000e-01
3.333333432674407959e-01
1.282051298767328262e-02
8.333333581686019897e-02
2.272727340459823608e-02
4.761904850602149963e-02
1.333333365619182587e-02
1.000000000000000000e+00
1.666666716337203979e-01
1.000000014901161194e-01
5.882352963089942932e-02
2.000000029802322388e-01
1.612903177738189697e-02
5.000000000000000000e-01
7.142857462167739868e-02
1.111111119389533997e-01
1.966568379430100322e-04
2.500000000000000000e-01
5.555555596947669983e-02
1.000000000000000000e+00
8.333333581686019897e-02
1.172332908026874065e-03
1.000000000000000000e+00
1.000000000000000000e+00
4.545454680919647217e-02
1.000000000000000000e+00
5.882352963089942932e-02
2.695417730137705803e-03
2.487562131136655807e-03
7.692307978868484497e-02
1.000000000000000000e+00
1.666666716337203979e-01
2.949852496385574341e-03
3.021148033440113068e-03
2.762431045994162560e-03
8.474576286971569061e-03
1.000000000000000000e+00
1.492537278681993484e-02
1.000000000000000000e+00
2.500000000000000000e-01
2.000000029802322388e-01
1.782531151548027992e-03
2.000000029802322388e-01
1.250000000000000000e-01
3.703703731298446655e-02
5.750431446358561516e-04
1.000000000000000000e+00
3.333333432674407959e-01
1.388888899236917496e-02
8.403361774981021881e-03
1.000000000000000000e+00
2.631578966975212097e-02
3.846153989434242249e-02
3.846153989434242249e-02
9.090909361839294434e-02
7.142857462167739868e-02
1.000000000000000000e+00
2.500000000000000000e-01
5.000000000000000000e-01
4.347826167941093445e-02
1.000000000000000000e+00
4.926108289510011673e-03
4.847309610340744257e-04
4.166666790843009949e-02
1.000000000000000000e+00
3.333333507180213928e-02
1.000000000000000000e+00
6.849315017461776733e-03
1.052631624042987823e-02
3.220611833967268467e-04
1.000000000000000000e+00
4.545454680919647217e-02
1.000000000000000000e+00
2.245677023893222213e-04
1.666666716337203979e-01
3.280839882791042328e-04
1.000000000000000000e+00
1.639344170689582825e-02
9.999999776482582092e-03
9.803921915590763092e-03
4.545454680919647217e-02
8.196720853447914124e-03
2.702702768146991730e-02
7.142857462167739868e-02
1.730103860609233379e-03
2.439024299383163452e-02
5.000000000000000000e-01
5.000000000000000000e-01
8.333333581686019897e-02
1.428571492433547974e-01
2.898550825193524361e-03
1.111111119389533997e-01
1.612903177738189697e-02
3.508772002533078194e-03
7.052186410874128342e-04
9.009009227156639099e-03
5.948839825578033924e-04
2.500000000000000000e-01
2.832861151546239853e-03
6.666667014360427856e-02
1.455604098737239838e-03
3.333333432674407959e-01
1.000000000000000000e+00
2.358490601181983948e-03
3.968254197388887405e-03
1.562500000000000000e-02
5.000000000000000000e-01
3.333333432674407959e-01
4.231908533256500959e-04
3.703703731298446655e-02
1.000000000000000000e+00
1.000000000000000000e+00
1.000000014901161194e-01
6.024096161127090454e-03
1.000000000000000000e+00
2.000000029802322388e-01
1.265822816640138626e-02
1.250000018626451492e-02
3.333333432674407959e-01
3.333333432674407959e-01
1.111111119389533997e-01
1.000000000000000000e+00
2.000000029802322388e-01
3.846153989434242249e-02
3.125000046566128731e-03
1.000000000000000000e+00
8.474576286971569061e-03
1.428571492433547974e-01
1.000000000000000000e+00
3.731343196704983711e-03
7.980845985002815723e-04
1.000000000000000000e+00
3.460207663010805845e-04
2.475247485563158989e-03
1.000000000000000000e+00
1.111111119389533997e-01
1.111111119389533997e-01
1.000000000000000000e+00
1.000000000000000000e+00
1.219512149691581726e-02
4.032257944345474243e-03
5.000000000000000000e-01
3.333333432674407959e-01
1.406469731591641903e-03
1.000000000000000000e+00
1.000000000000000000e+00
1.000000000000000000e+00
1.721170381642878056e-03
1.111111119389533997e-01
1.754385977983474731e-02
1.000000000000000000e+00
1.000000000000000000e+00
2.770083025097846985e-03
2.272727340459823608e-02
1.428571436554193497e-02
7.692307978868484497e-02
9.090909361839294434e-02
5.000000000000000000e-01
1.000000000000000000e+00
1.000000000000000000e+00
6.944444496184587479e-03
3.571428731083869934e-02
1.000000000000000000e+00
1.250000000000000000e-01
1.697792904451489449e-03
5.847953259944915771e-03
1.000000000000000000e+00
7.518797181546688080e-03
1.000000000000000000e+00
9.174311533570289612e-03
1.666666716337203979e-01
1.639344170689582825e-02
2.564102597534656525e-02
1.562500000000000000e-02
5.000000000000000000e-01
6.211180239915847778e-03
2.247191034257411957e-03
1.428571492433547974e-01
4.032257944345474243e-03
5.000000000000000000e-01
8.333333581686019897e-02
2.000000029802322388e-01
3.571428731083869934e-02
2.000000029802322388e-01
1.000000000000000000e+00
3.184713423252105713e-04
5.000000000000000000e-01
3.935458371415734291e-04
1.000000000000000000e+00
2.085940795950591564e-04
2.500000000000000000e-01
9.560229373164474964e-04
1.000000000000000000e+00
1.666666716337203979e-01
7.462686393409967422e-03
3.333333507180213928e-02
3.333333432674407959e-01
2.857142873108386993e-02
7.142857462167739868e-02
2.380952425301074982e-02
2.325581386685371399e-02
5.882352963089942932e-02
2.222222276031970978e-02
1.428571492433547974e-01
2.000000029802322388e-01
2.000000029802322388e-01
7.241129642352461815e-04
5.000000000000000000e-01
1.666666716337203979e-01
5.000000000000000000e-01
6.666666828095912933e-03
4.761904850602149963e-02
1.666666716337203979e-01
1.666666716337203979e-01
7.686394965276122093e-04
4.415010917000472546e-04
9.090909361839294434e-02
1.587301678955554962e-02
6.250000093132257462e-03
8.547008968889713287e-03
5.882352963089942932e-02
5.000000000000000000e-01
3.333333432674407959e-01
3.048780374228954315e-03
3.492839750833809376e-04
2.857142873108386993e-02
3.389830468222498894e-03
3.418803389649838209e-04
1.428571492433547974e-01
5.000000074505805969e-02
6.172839552164077759e-03
2.881844295188784599e-03
1.426533563062548637e-03
1.562500000000000000e-02
1.250000000000000000e-01
5.000000000000000000e-01
2.000000029802322388e-01
1.000000000000000000e+00
2.500000000000000000e-01
2.500000000000000000e-01
1.000000000000000000e+00
2.207505516707897186e-03
2.500000000000000000e-01
6.666667014360427856e-02
1.000000000000000000e+00
3.333333432674407959e-01
7.142857462167739868e-02
2.272727340459823608e-02
1.428571492433547974e-01
1.369863003492355347e-02
2.500000000000000000e-01
1.234567910432815552e-02
7.692307978868484497e-02
2.380952425301074982e-02
2.000000094994902611e-03
1.612903201021254063e-03
4.166666790843009949e-02
4.166666790843009949e-02
5.000000000000000000e-01
3.306878206785768270e-04
2.000000029802322388e-01
1.156069338321685791e-03
8.064515888690948486e-03
5.000000000000000000e-01
1.000000000000000000e+00
3.333333432674407959e-01
5.649717524647712708e-03
1.851851865649223328e-02
1.000000000000000000e+00
6.430867942981421947e-04
2.500000000000000000e-01
7.412898703478276730e-04
2.941176481544971466e-02
3.333333507180213928e-02
2.000000029802322388e-01
2.123142359778285027e-03
1.111111119389533997e-01
3.030303120613098145e-02
3.703703731298446655e-02
1.000000000000000000e+00
5.347593687474727631e-03
1.000000000000000000e+00
7.692307978868484497e-02
1.250000000000000000e-01
1.000000000000000000e+00
6.211180239915847778e-03
8.644536865176633000e-05
1.000000000000000000e+00
1.136363670229911804e-02
5.073566571809351444e-04
5.000000000000000000e-01
2.500000037252902985e-02
1.000000000000000000e+00
1.562500000000000000e-02
1.680672285147011280e-03
1.000000000000000000e+00
1.438848907127976418e-03
5.000000000000000000e-01
4.048583097755908966e-03
2.494387736078351736e-04
2.257336396723985672e-03
2.183406148105859756e-03
5.000000000000000000e-01
2.898550825193524361e-03
1.428571492433547974e-01
9.090909361839294434e-02
9.009009227156639099e-03
2.000000029802322388e-01
2.500000000000000000e-01
1.000000000000000000e+00
5.104645388200879097e-04
1.000000000000000000e+00
1.250000000000000000e-01
5.000000000000000000e-01
1.597444061189889908e-03
2.784739772323518991e-04
1.000000000000000000e+00
1.545595005154609680e-03
7.158195949159562588e-04
1.000000000000000000e+00
1.666666716337203979e-01
1.136363670229911804e-02
9.615384973585605621e-03
9.074410190805792809e-04
2.000000029802322388e-01
5.000000074505805969e-02
1.000000000000000000e+00
5.882352963089942932e-02
4.672897048294544220e-03
2.380952471867203712e-03
2.040816284716129303e-02
1.724137924611568451e-02
1.428571492433547974e-01
1.612903177738189697e-02
2.777777798473834991e-02
3.095975145697593689e-03
4.255319014191627502e-03
1.000000000000000000e+00
1.204819232225418091e-02
5.000000074505805969e-02
1.000000000000000000e+00
2.828054421115666628e-04
1.000000000000000000e+00
5.000000000000000000e-01
1.369863050058484077e-03
2.941176481544971466e-02
3.333333432674407959e-01
8.620689623057842255e-03
1.000000000000000000e+00
5.813953466713428497e-03
5.263157933950424194e-02
1.000000000000000000e+00
3.333333432674407959e-01
2.000000029802322388e-01
1.689189230091869831e-03
5.319148767739534378e-04
3.125000000000000000e-02
1.219512149691581726e-02
1.000000000000000000e+00
1.000000000000000000e+00
2.000000029802322388e-01
2.898550825193524361e-03
2.092050155624747276e-03
1.000000000000000000e+00
7.575757801532745361e-03
5.175983533263206482e-04
8.547008968889713287e-03
5.000000000000000000e-01
2.500000000000000000e-01
1.000000000000000000e+00
2.564102597534656525e-02
1.000000000000000000e+00
4.761904850602149963e-02
2.638522535562515259e-03
5.000000000000000000e-01
1.460067142033949494e-04
2.525252522900700569e-03
2.000000029802322388e-01
3.846153849735856056e-03
1.000000000000000000e+00
5.000000000000000000e-01
1.246882835403084755e-03
1.000000000000000000e+00
1.000000000000000000e+00
7.535794866271317005e-04
1.000000000000000000e+00
1.000000000000000000e+00
1.428571492433547974e-01
5.000000000000000000e-01
1.000000014901161194e-01
1.408450677990913391e-02
3.333333432674407959e-01
1.000000000000000000e+00
1.999999955296516418e-02
7.142857462167739868e-02
1.098901126533746719e-02
8.264462463557720184e-03
8.547008968889713287e-03
3.999999910593032837e-02
1.000000014901161194e-01
2.375297015532851219e-03
5.000000000000000000e-01
6.172839552164077759e-03
5.000000000000000000e-01
3.225806402042508125e-03
1.639344170689582825e-02
8.849557489156723022e-03
1.394700142554938793e-03
5.000000000000000000e-01
6.134969182312488556e-03
6.329114083200693130e-03
7.658726826775819063e-05
2.217294881120324135e-03
8.333333767950534821e-03
6.250000000000000000e-02
2.439024299383163452e-02
1.162790693342685699e-03
2.624671906232833862e-03
1.250000000000000000e-01
1.000000000000000000e+00
1.666666716337203979e-01
2.450980478897690773e-03
1.000000000000000000e+00
1.703577465377748013e-03
7.874015718698501587e-04
5.882352963089942932e-02
2.013287739828228951e-04
1.111111119389533997e-01
1.000000000000000000e+00
9.708737954497337341e-03
5.509642069227993488e-04
