9.928704500198364258e-01
9.983918070793151855e-01
9.987398982048034668e-01
9.978994131088256836e-01
9.957326650619506836e-01
9.756947755813598633e-01
9.978325366973876953e-01
9.989277124404907227e-01
9.991449117660522461e-01
9.994187355041503906e-01
9.908336400985717773e-01
9.931511878967285156e-01
9.995869994163513184e-01
9.874029755592346191e-01
9.989709854125976562e-01
9.990043044090270996e-01
9.991294741630554199e-01
9.959847927093505859e-01
9.962923526763916016e-01
9.957310557365417480e-01
9.911285638809204102e-01
9.990220665931701660e-01
9.898808002471923828e-01
9.932453036308288574e-01
9.964303970336914062e-01
9.987617135047912598e-01
9.980961680412292480e-01
9.972302317619323730e-01
9.984955787658691406e-01
9.978006482124328613e-01
9.916588664054870605e-01
9.933795332908630371e-01
9.889066815376281738e-01
9.779387712478637695e-01
9.940339326858520508e-01
9.983408451080322266e-01
9.956749081611633301e-01
9.992110133171081543e-01
9.907454848289489746e-01
9.909308552742004395e-01
9.981408119201660156e-01
9.977452158927917480e-01
9.988986253738403320e-01
9.993090629577636719e-01
9.975780844688415527e-01
9.990819692611694336e-01
9.968206286430358887e-01
9.917373061180114746e-01
9.991251826286315918e-01
9.981107711791992188e-01
9.947474002838134766e-01
9.954047799110412598e-01
9.964370131492614746e-01
9.915541410446166992e-01
9.951100945472717285e-01
9.973503351211547852e-01
9.984285831451416016e-01
9.951061010360717773e-01
9.995383620262145996e-01
9.995271563529968262e-01
9.942434430122375488e-01
9.929771423339843750e-01
9.898065328598022461e-01
9.973817467689514160e-01
9.983172416687011719e-01
9.972681403160095215e-01
9.934936165809631348e-01
9.982358217239379883e-01
9.967814683914184570e-01
9.974420666694641113e-01
9.934738278388977051e-01
9.995663166046142578e-01
9.982178807258605957e-01
9.948635697364807129e-01
9.790812730789184570e-01
9.939178824424743652e-01
9.972804188728332520e-01
9.946110844612121582e-01
9.924681782722473145e-01
9.830044507980346680e-01
9.964714646339416504e-01
9.885522127151489258e-01
9.979116320610046387e-01
9.986274242401123047e-01
9.993494153022766113e-01
9.999623298645019531e-01
9.990186095237731934e-01
9.967816472053527832e-01
9.964585304260253906e-01
9.994528293609619141e-01
9.959849715232849121e-01
9.966765046119689941e-01
9.977096915245056152e-01
9.456604123115539551e-01
9.869888424873352051e-01
9.995968937873840332e-01
9.919481277465820312e-01
9.791402816772460938e-01
9.981293082237243652e-01
9.975978732109069824e-01
9.964889287948608398e-01
9.951915740966796875e-01
9.945059418678283691e-01
9.975835084915161133e-01
9.957776069641113281e-01
9.989994764328002930e-01
9.974222183227539062e-01
9.982070922851562500e-01
9.989194869995117188e-01
9.976781606674194336e-01
9.942446947097778320e-01
9.951681494712829590e-01
9.991521835327148438e-01
9.949742555618286133e-01
9.971833825111389160e-01
9.984356760978698730e-01
9.920008182525634766e-01
9.996152520179748535e-01
9.983912706375122070e-01
9.967596530914306641e-01
9.992199540138244629e-01
9.899272918701171875e-01
9.917643070220947266e-01
9.994213581085205078e-01
9.988323450088500977e-01
9.978425502777099609e-01
9.893894791603088379e-01
9.984147548675537109e-01
9.987838268280029297e-01
9.995427727699279785e-01
9.922884702682495117e-01
9.999775886535644531e-01
9.974004626274108887e-01
9.984440207481384277e-01
9.927283525466918945e-01
9.990673065185546875e-01
9.908609390258789062e-01
9.964354634284973145e-01
9.958755373954772949e-01
9.851645231246948242e-01
9.983505010604858398e-01
9.998744130134582520e-01
9.974452257156372070e-01
9.972721338272094727e-01
9.932981729507446289e-01
9.987982511520385742e-01
9.961505532264709473e-01
9.997697472572326660e-01
9.896788597106933594e-01
9.937421679496765137e-01
9.947231411933898926e-01
9.958683848381042480e-01
9.971753358840942383e-01
9.917737245559692383e-01
9.992096424102783203e-01
9.975159168243408203e-01
9.983774423599243164e-01
9.967797994613647461e-01
9.913698434829711914e-01
9.997174739837646484e-01
9.979717135429382324e-01
9.929589033126831055e-01
9.980803132057189941e-01
9.952539205551147461e-01
9.975997805595397949e-01
9.999093413352966309e-01
9.783319234848022461e-01
9.957564473152160645e-01
9.929271340370178223e-01
9.991726875305175781e-01
9.946647882461547852e-01
9.984107613563537598e-01
9.988994002342224121e-01
9.898285865783691406e-01
9.972810745239257812e-01
9.964938163757324219e-01
9.921655654907226562e-01
9.876165390014648438e-01
9.985458850860595703e-01
9.882020950317382812e-01
9.990274310111999512e-01
9.946043491363525391e-01
9.992279410362243652e-01
9.991050958633422852e-01
9.996799230575561523e-01
9.947037100791931152e-01
9.981333017349243164e-01
9.945882558822631836e-01
9.970188736915588379e-01
9.962574839591979980e-01
9.987781643867492676e-01
9.971926212310791016e-01
9.956539869308471680e-01
9.970704913139343262e-01
9.994095563888549805e-01
9.970221519470214844e-01
9.925234913825988770e-01
9.667767286300659180e-01
9.937622547149658203e-01
9.998521804809570312e-01
9.941928386688232422e-01
9.934885501861572266e-01
9.970020055770874023e-01
9.942649602890014648e-01
9.978787302970886230e-01
9.973002076148986816e-01
9.952799677848815918e-01
9.980282783508300781e-01
9.994866251945495605e-01
9.922860860824584961e-01
9.984983801841735840e-01
9.942573308944702148e-01
9.965074062347412109e-01
9.863510131835937500e-01
9.989218115806579590e-01
9.981797337532043457e-01
9.979112148284912109e-01
9.954823851585388184e-01
9.852790832519531250e-01
9.992781281471252441e-01
9.957187175750732422e-01
9.968056082725524902e-01
9.979956746101379395e-01
9.923492074012756348e-01
9.864673018455505371e-01
9.970434308052062988e-01
9.993059635162353516e-01
9.528190493583679199e-01
9.994545578956604004e-01
9.949025511741638184e-01
9.968118667602539062e-01
9.955602288246154785e-01
9.975280761718750000e-01
9.993344545364379883e-01
9.942227602005004883e-01
9.822213649749755859e-01
9.982097148895263672e-01
9.984508156776428223e-01
9.916381239891052246e-01
9.977403879165649414e-01
9.975946545600891113e-01
9.930830001831054688e-01
9.919692873954772949e-01
9.986788034439086914e-01
9.991561174392700195e-01
9.967499971389770508e-01
9.968265891075134277e-01
9.974762797355651855e-01
9.989815950393676758e-01
9.920538067817687988e-01
9.891139864921569824e-01
9.991217851638793945e-01
9.960076212882995605e-01
9.987016916275024414e-01
9.944387674331665039e-01
9.900786876678466797e-01
9.987115859985351562e-01
9.984912872314453125e-01
9.951280355453491211e-01
9.973049163818359375e-01
9.985608458518981934e-01
9.906998276710510254e-01
9.976071119308471680e-01
9.989422559738159180e-01
9.969953894615173340e-01
9.963290095329284668e-01
9.917690753936767578e-01
9.999608993530273438e-01
9.885566234588623047e-01
9.933435320854187012e-01
9.991216659545898438e-01
9.998239874839782715e-01
9.945749044418334961e-01
9.950994849205017090e-01
9.939579963684082031e-01
9.946109652519226074e-01
9.990776777267456055e-01
9.990518093109130859e-01
9.991365671157836914e-01
9.906763434410095215e-01
9.945741891860961914e-01
9.989551901817321777e-01
9.980857968330383301e-01
9.990971088409423828e-01
9.991025328636169434e-01
9.973626136779785156e-01
9.979575276374816895e-01
9.914662837982177734e-01
9.978925585746765137e-01
9.999708533287048340e-01
9.966505765914916992e-01
9.629102945327758789e-01
9.995989203453063965e-01
9.993252754211425781e-01
9.981662631034851074e-01
9.974065423011779785e-01
9.948832392692565918e-01
9.960857629776000977e-01
9.995710253715515137e-01
9.973420500755310059e-01
9.993661046028137207e-01
9.991848468780517578e-01
9.973748326301574707e-01
9.978510737419128418e-01
9.941164255142211914e-01
9.982317686080932617e-01
9.954667091369628906e-01
9.783818125724792480e-01
9.949726462364196777e-01
9.982334971427917480e-01
9.974734783172607422e-01
9.951214194297790527e-01
9.966192245483398438e-01
9.798373579978942871e-01
9.986324906349182129e-01
9.991453289985656738e-01
9.991910457611083984e-01
9.975967407226562500e-01
9.953055381774902344e-01
9.974067211151123047e-01
9.981665015220642090e-01
9.981198310852050781e-01
9.908047914505004883e-01
9.997686147689819336e-01
9.977256059646606445e-01
9.993808269500732422e-01
9.935978651046752930e-01
9.894874691963195801e-01
9.994385242462158203e-01
9.986523389816284180e-01
9.972749948501586914e-01
9.990608692169189453e-01
9.998502731323242188e-01
9.870306253433227539e-01
9.988109469413757324e-01
9.983557462692260742e-01
9.905857443809509277e-01
9.982517361640930176e-01
9.934959411621093750e-01
9.923367500305175781e-01
9.965758323669433594e-01
9.943364858627319336e-01
9.962121844291687012e-01
9.989249110221862793e-01
9.994261860847473145e-01
9.946852922439575195e-01
9.976606369018554688e-01
9.969688653945922852e-01
9.965129494667053223e-01
9.890093803405761719e-01
9.975774884223937988e-01
9.724548459053039551e-01
9.996873140335083008e-01
9.989036917686462402e-01
9.969611763954162598e-01
9.999394416809082031e-01
9.938972592353820801e-01
9.817058444023132324e-01
9.983932375907897949e-01
9.989573359489440918e-01
9.974536895751953125e-01
9.978759288787841797e-01
9.977306723594665527e-01
9.989210367202758789e-01
9.981139302253723145e-01
9.979686737060546875e-01
9.991353750228881836e-01
9.949030876159667969e-01
9.935937523841857910e-01
9.985622167587280273e-01
9.964288473129272461e-01
9.994940757751464844e-01
9.972363114356994629e-01
9.981568455696105957e-01
9.960866570472717285e-01
9.965319037437438965e-01
9.988231062889099121e-01
9.926798343658447266e-01
9.972513914108276367e-01
9.989860057830810547e-01
9.988818764686584473e-01
9.988450407981872559e-01
9.989546537399291992e-01
9.961209297180175781e-01
9.993739128112792969e-01
9.978734254837036133e-01
9.970666766166687012e-01
9.980480074882507324e-01
9.964823722839355469e-01
9.948490858078002930e-01
9.988066554069519043e-01
9.988925457000732422e-01
9.991322159767150879e-01
9.972363114356994629e-01
9.980042576789855957e-01
9.982480406761169434e-01
9.942880868911743164e-01
9.980987310409545898e-01
9.988802671432495117e-01
9.965041279792785645e-01
9.970932006835937500e-01
9.991069436073303223e-01
9.980161786079406738e-01
9.981259107589721680e-01
9.897038936614990234e-01
9.976247549057006836e-01
9.991157054901123047e-01
9.985852837562561035e-01
9.985275268554687500e-01
9.999282360076904297e-01
9.992949962615966797e-01
9.981159567832946777e-01
9.974460005760192871e-01
9.969632029533386230e-01
9.970034360885620117e-01
9.978000521659851074e-01
9.921011328697204590e-01
9.958300590515136719e-01
9.973728656768798828e-01
9.950798749923706055e-01
9.965419769287109375e-01
9.867705702781677246e-01
9.959814548492431641e-01
9.707639217376708984e-01
9.951137304306030273e-01
9.985039830207824707e-01
9.949302077293395996e-01
9.981598258018493652e-01
9.987716674804687500e-01
9.971928596496582031e-01
9.965016841888427734e-01
9.664882421493530273e-01
9.982007145881652832e-01
9.974082112312316895e-01
9.970382452011108398e-01
9.888128042221069336e-01
9.979292750358581543e-01
9.963860511779785156e-01
9.903984069824218750e-01
9.978324174880981445e-01
9.989306330680847168e-01
9.993954896926879883e-01
9.964266419410705566e-01
9.952766895294189453e-01
9.923284649848937988e-01
9.943259358406066895e-01
9.964350461959838867e-01
9.927827715873718262e-01
9.950160980224609375e-01
9.995846748352050781e-01
9.973857998847961426e-01
9.976670145988464355e-01
9.995348453521728516e-01
9.993633031845092773e-01
9.954245686531066895e-01
9.925199747085571289e-01
9.992392659187316895e-01
9.983206391334533691e-01
9.972460865974426270e-01
9.905720353126525879e-01
9.904649257659912109e-01
9.991564154624938965e-01
9.867671132087707520e-01
9.911717176437377930e-01
9.940633773803710938e-01
9.983604550361633301e-01
9.911598563194274902e-01
9.914749264717102051e-01
9.965812563896179199e-01
9.960281252861022949e-01
9.967074990272521973e-01
9.983321428298950195e-01
9.988771080970764160e-01
9.994329810142517090e-01
9.946488738059997559e-01
9.998377561569213867e-01
9.987962245941162109e-01
9.980709552764892578e-01
9.730960726737976074e-01
9.986246824264526367e-01
9.973996281623840332e-01
9.996355772018432617e-01
9.904509186744689941e-01
9.966037869453430176e-01
9.906338453292846680e-01
9.963287115097045898e-01
9.961631894111633301e-01
9.967201948165893555e-01
9.967071413993835449e-01
9.968533515930175781e-01
9.979990720748901367e-01
9.959530234336853027e-01
9.993270039558410645e-01
9.940408468246459961e-01
9.979426264762878418e-01
9.946921467781066895e-01
9.922235012054443359e-01
9.898090958595275879e-01
9.986655712127685547e-01
9.987884163856506348e-01
9.979719519615173340e-01
9.986718893051147461e-01
9.986780285835266113e-01
9.984893798828125000e-01
9.955538511276245117e-01
9.992464780807495117e-01
9.916679263114929199e-01
9.998162984848022461e-01
9.954307675361633301e-01
9.960716962814331055e-01
9.961641430854797363e-01
9.982426166534423828e-01
9.959890842437744141e-01
9.970312714576721191e-01
9.996176958084106445e-01
9.991700053215026855e-01
9.985711574554443359e-01
9.960671663284301758e-01
9.942191839218139648e-01
9.979688525199890137e-01
9.892967939376831055e-01
9.978955388069152832e-01
9.939129948616027832e-01
9.764879345893859863e-01
9.963545799255371094e-01
9.913510084152221680e-01
9.972950816154479980e-01
9.951461553573608398e-01
9.979368448257446289e-01
9.984558820724487305e-01
9.990776777267456055e-01
9.940261244773864746e-01
9.993468523025512695e-01
9.948688149452209473e-01
9.985856413841247559e-01
9.980497360229492188e-01
9.991227984428405762e-01
9.866710305213928223e-01
9.987661242485046387e-01
9.685006737709045410e-01
9.947881102561950684e-01
9.984204769134521484e-01
9.977255463600158691e-01
9.995352029800415039e-01
9.993492960929870605e-01
9.960207343101501465e-01
9.992244839668273926e-01
9.962486624717712402e-01
9.971581101417541504e-01
9.969963431358337402e-01
9.986039996147155762e-01
9.996395111083984375e-01
9.995294809341430664e-01
9.939236640930175781e-01
9.923525452613830566e-01
9.978279471397399902e-01
9.946980476379394531e-01
9.898846149444580078e-01
9.961472153663635254e-01
9.983204603195190430e-01
9.904134869575500488e-01
9.998273253440856934e-01
9.929435849189758301e-01
9.907758831977844238e-01
9.887076020240783691e-01
9.953309297561645508e-01
9.957548379898071289e-01
9.967274069786071777e-01
9.982773065567016602e-01
9.835463762283325195e-01
9.945968389511108398e-01
9.972370266914367676e-01
9.987376928329467773e-01
9.946209192276000977e-01
9.941963553428649902e-01
9.891489148139953613e-01
9.972726106643676758e-01
9.990542531013488770e-01
9.985828399658203125e-01
9.990433454513549805e-01
9.943261146545410156e-01
9.980839490890502930e-01
9.991239309310913086e-01
9.979842305183410645e-01
9.991269707679748535e-01
9.941158294677734375e-01
9.868587255477905273e-01
9.951170086860656738e-01
9.987061619758605957e-01
9.998360872268676758e-01
9.963968992233276367e-01
9.950526356697082520e-01
9.907640218734741211e-01
9.923627376556396484e-01
9.996771216392517090e-01
9.992048144340515137e-01
9.974800944328308105e-01
9.971495270729064941e-01
9.994798302650451660e-01
9.975370764732360840e-01
9.979782104492187500e-01
9.960528016090393066e-01
9.963524937629699707e-01
9.980232715606689453e-01
9.932359457015991211e-01
9.923002123832702637e-01
9.961210489273071289e-01
9.987024068832397461e-01
9.985599517822265625e-01
9.867879152297973633e-01
9.988036155700683594e-01
9.963933229446411133e-01
9.960075616836547852e-01
9.836781620979309082e-01
9.934963583946228027e-01
9.987168312072753906e-01
9.966707229614257812e-01
9.736702442169189453e-01
9.975934624671936035e-01
9.990691542625427246e-01
9.963760375976562500e-01
9.978693723678588867e-01
9.995104670524597168e-01
9.973320364952087402e-01
9.978820085525512695e-01
9.990297555923461914e-01
9.962260127067565918e-01
9.983422160148620605e-01
9.969173073768615723e-01
9.995270371437072754e-01
9.929441213607788086e-01
9.959820508956909180e-01
9.989124536514282227e-01
9.984540343284606934e-01
9.993270635604858398e-01
9.973108768463134766e-01
9.912203550338745117e-01
9.953868985176086426e-01
9.994024038314819336e-01
9.975256919860839844e-01
9.981936812400817871e-01
9.991688132286071777e-01
9.981649518013000488e-01
9.986758232116699219e-01
9.984877109527587891e-01
9.910771846771240234e-01
9.950865507125854492e-01
9.972460269927978516e-01
9.978667497634887695e-01
9.733773469924926758e-01
9.960326552391052246e-01
9.982653856277465820e-01
9.996352195739746094e-01
9.900980591773986816e-01
9.980437755584716797e-01
9.983587861061096191e-01
9.989266395568847656e-01
9.943765997886657715e-01
9.953640699386596680e-01
9.970571994781494141e-01
9.976786971092224121e-01
9.792062640190124512e-01
9.916037917137145996e-01
9.968953728675842285e-01
9.983598589897155762e-01
9.987568855285644531e-01
9.997172951698303223e-01
9.959612488746643066e-01
9.965681433677673340e-01
9.962876439094543457e-01
9.968275427818298340e-01
9.776997566223144531e-01
9.969341754913330078e-01
9.961289763450622559e-01
9.985066652297973633e-01
9.993248581886291504e-01
9.980229139328002930e-01
9.993054270744323730e-01
9.981116056442260742e-01
9.926758408546447754e-01
9.958034753799438477e-01
9.987918734550476074e-01
9.985108375549316406e-01
9.986992478370666504e-01
9.991607069969177246e-01
9.959645271301269531e-01
9.992979168891906738e-01
9.993491768836975098e-01
9.920937418937683105e-01
9.983141422271728516e-01
9.992316961288452148e-01
9.841719269752502441e-01
9.995221495628356934e-01
9.992572069168090820e-01
9.995241165161132812e-01
9.950162768363952637e-01
9.887357950210571289e-01
9.986249208450317383e-01
9.915072917938232422e-01
9.920068979263305664e-01
9.982711076736450195e-01
9.834906458854675293e-01
9.976018071174621582e-01
9.961670041084289551e-01
9.999424219131469727e-01
9.986999034881591797e-01
9.991329312324523926e-01
9.969289898872375488e-01
9.986829757690429688e-01
9.936830997467041016e-01
9.980224370956420898e-01
9.994150400161743164e-01
9.992103576660156250e-01
9.932968020439147949e-01
9.983810782432556152e-01
9.974502325057983398e-01
9.984091520309448242e-01
9.942514896392822266e-01
9.969838261604309082e-01
9.993775486946105957e-01
9.964793920516967773e-01
9.985039830207824707e-01
9.987282752990722656e-01
9.983455538749694824e-01
9.963882565498352051e-01
9.941731691360473633e-01
9.993138313293457031e-01
9.983221292495727539e-01
9.982861280441284180e-01
9.956716895103454590e-01
9.959678053855895996e-01
9.970820546150207520e-01
9.986653923988342285e-01
9.966321587562561035e-01
9.972960352897644043e-01
9.961139559745788574e-01
9.849694371223449707e-01
9.842374920845031738e-01
9.967958927154541016e-01
9.971756935119628906e-01
9.985647201538085938e-01
9.984764456748962402e-01
9.977534413337707520e-01
9.991019368171691895e-01
9.780436754226684570e-01
9.995278716087341309e-01
9.934034943580627441e-01
9.991756081581115723e-01
9.938153028488159180e-01
9.881232380867004395e-01
9.938542246818542480e-01
9.924901127815246582e-01
9.977055191993713379e-01
9.996774792671203613e-01
9.992302656173706055e-01
9.937434792518615723e-01
9.999805688858032227e-01
9.986156821250915527e-01
9.982389807701110840e-01
9.996805787086486816e-01
9.966863989830017090e-01
9.981672167778015137e-01
9.980913400650024414e-01
9.974604845046997070e-01
9.998707175254821777e-01
9.971424341201782227e-01
9.995876550674438477e-01
9.992253780364990234e-01
9.956783652305603027e-01
9.976751804351806641e-01
9.985992312431335449e-01
9.979283213615417480e-01
9.951102137565612793e-01
9.989103674888610840e-01
9.961243867874145508e-01
9.983054995536804199e-01
9.903409481048583984e-01
9.862957000732421875e-01
9.912284612655639648e-01
9.863320589065551758e-01
9.764556288719177246e-01
9.993937611579895020e-01
9.982503056526184082e-01
9.996309280395507812e-01
9.992739558219909668e-01
9.894698858261108398e-01
9.986110925674438477e-01
9.997107386589050293e-01
9.998356699943542480e-01
9.984187483787536621e-01
9.988989830017089844e-01
9.985646605491638184e-01
9.768474102020263672e-01
9.897902607917785645e-01
9.988605380058288574e-01
9.940201640129089355e-01
9.946662783622741699e-01
9.932320713996887207e-01
9.994841814041137695e-01
9.992045760154724121e-01
9.878001809120178223e-01
9.839712977409362793e-01
9.998452663421630859e-01
9.976477622985839844e-01
9.993361234664916992e-01
9.997031092643737793e-01
9.985631704330444336e-01
9.920649528503417969e-01
9.961223006248474121e-01
9.964734911918640137e-01
9.982762336730957031e-01
9.947817325592041016e-01
9.977603554725646973e-01
9.928336739540100098e-01
9.866287112236022949e-01
9.964315295219421387e-01
9.989629387855529785e-01
9.950767159461975098e-01
9.997162222862243652e-01
9.948952198028564453e-01
9.986541271209716797e-01
9.975897669792175293e-01
9.969099164009094238e-01
9.967129230499267578e-01
9.987755417823791504e-01
9.968810677528381348e-01
9.959226846694946289e-01
9.946975708007812500e-01
9.783894419670104980e-01
9.942256808280944824e-01
9.980328083038330078e-01
9.981623291969299316e-01
9.982927441596984863e-01
9.992949962615966797e-01
9.986249208450317383e-01
9.977803826332092285e-01
9.953413605690002441e-01
9.921121597290039062e-01
9.992701411247253418e-01
9.972157478332519531e-01
9.986075758934020996e-01
9.967655539512634277e-01
9.948945045471191406e-01
9.970148801803588867e-01
9.989020824432373047e-01
9.992695450782775879e-01
9.978392720222473145e-01
9.955223202705383301e-01
9.958767294883728027e-01
9.943359494209289551e-01
9.964452385902404785e-01
9.889138340950012207e-01
9.911143183708190918e-01
9.998449087142944336e-01
9.980180859565734863e-01
9.981406331062316895e-01
9.992610812187194824e-01
9.954587221145629883e-01
9.987059831619262695e-01
9.990682601928710938e-01
9.985598921775817871e-01
9.991532564163208008e-01
9.930482506752014160e-01
9.990761280059814453e-01
9.996432065963745117e-01
9.992844462394714355e-01
9.944122433662414551e-01
9.993523359298706055e-01
9.695261120796203613e-01
9.718485474586486816e-01
9.867007136344909668e-01
9.957644939422607422e-01
9.965800046920776367e-01
9.997937083244323730e-01
9.987897276878356934e-01
9.964426755905151367e-01
9.983609318733215332e-01
9.954388141632080078e-01
9.974754452705383301e-01
9.983652830123901367e-01
9.844583868980407715e-01
9.949858188629150391e-01
9.978705048561096191e-01
9.934691786766052246e-01
9.992718696594238281e-01
9.972465038299560547e-01
9.932794570922851562e-01
9.982933402061462402e-01
9.986554980278015137e-01
9.988380074501037598e-01
9.952132105827331543e-01
9.987188577651977539e-01
9.980764389038085938e-01
9.427226185798645020e-01
9.718077778816223145e-01
9.969792962074279785e-01
9.985595345497131348e-01
9.755550026893615723e-01
9.982611536979675293e-01
9.974825978279113770e-01
9.875442981719970703e-01
9.942380189895629883e-01
9.944250583648681641e-01
9.945552945137023926e-01
9.957776665687561035e-01
9.971494674682617188e-01
9.993641972541809082e-01
9.956472516059875488e-01
9.907195568084716797e-01
9.968827366828918457e-01
9.973306655883789062e-01
9.988130331039428711e-01
9.907761216163635254e-01
9.980288743972778320e-01
9.955037236213684082e-01
9.969149231910705566e-01
9.998661875724792480e-01
9.961104393005371094e-01
9.918546676635742188e-01
9.911953806877136230e-01
9.955159425735473633e-01
9.985253810882568359e-01
9.973616600036621094e-01
9.946527481079101562e-01
9.989785552024841309e-01
9.966124892234802246e-01
9.992486834526062012e-01
9.981628060340881348e-01
9.939317703247070312e-01
9.976733326911926270e-01
9.987288713455200195e-01
9.990655779838562012e-01
9.984598159790039062e-01
9.971370100975036621e-01
9.969250559806823730e-01
9.957417845726013184e-01
9.977306723594665527e-01
9.993736743927001953e-01
9.988637566566467285e-01
9.944720864295959473e-01
9.978688955307006836e-01
9.974977970123291016e-01
9.898742437362670898e-01
9.941579103469848633e-01
9.994220137596130371e-01
9.971328377723693848e-01
9.967185258865356445e-01
9.938422441482543945e-01
9.959483742713928223e-01
9.949812293052673340e-01
9.957813024520874023e-01
9.980189800262451172e-01
9.991657137870788574e-01
9.975765347480773926e-01
9.957923293113708496e-01
9.979903697967529297e-01
9.996564388275146484e-01
9.931148290634155273e-01
9.991772770881652832e-01
9.985525608062744141e-01
9.905022978782653809e-01
9.937267303466796875e-01
9.986175298690795898e-01
9.988635182380676270e-01
9.814119338989257812e-01
9.809255599975585938e-01
9.971848726272583008e-01
9.990596175193786621e-01
9.995644688606262207e-01
9.962475895881652832e-01
9.947643280029296875e-01
9.956396818161010742e-01
9.955866336822509766e-01
9.996939897537231445e-01
9.912143349647521973e-01
9.954957365989685059e-01
9.996894598007202148e-01
9.911579489707946777e-01
9.974252581596374512e-01
9.952983260154724121e-01
9.986060857772827148e-01
9.972798228263854980e-01
9.981144666671752930e-01
9.984749555587768555e-01
9.988925457000732422e-01
9.808613061904907227e-01
9.922786355018615723e-01
9.987029433250427246e-01
9.966048598289489746e-01
9.993841648101806641e-01
9.903677701950073242e-01
9.978354573249816895e-01
9.940992593765258789e-01
9.985456466674804688e-01
9.918730854988098145e-01
9.948289394378662109e-01
9.858924746513366699e-01
9.979325532913208008e-01
9.884637594223022461e-01
9.966898560523986816e-01
9.769402742385864258e-01
9.979014992713928223e-01
9.952297806739807129e-01
9.980474114418029785e-01
9.974307417869567871e-01
9.993020296096801758e-01
9.936463832855224609e-01
9.926920533180236816e-01
9.954050779342651367e-01
9.984972476959228516e-01
9.982616305351257324e-01
9.997497200965881348e-01
9.981929659843444824e-01
9.858999848365783691e-01
9.899234771728515625e-01
9.927180409431457520e-01
9.974191188812255859e-01
9.976509213447570801e-01
9.993816614151000977e-01
9.970434904098510742e-01
9.967977404594421387e-01
9.955227971076965332e-01
9.901964664459228516e-01
9.974335432052612305e-01
9.977749586105346680e-01
9.889720082283020020e-01
9.989565610885620117e-01
9.985383749008178711e-01
9.983828067779541016e-01
9.993287920951843262e-01
9.970445632934570312e-01
9.944174885749816895e-01
9.915263056755065918e-01
9.975780844688415527e-01
9.967954754829406738e-01
9.982490539550781250e-01
9.998707175254821777e-01
9.987581372261047363e-01
9.837551712989807129e-01
9.990732669830322266e-01
9.945106506347656250e-01
9.978787302970886230e-01
9.959944486618041992e-01
9.975001215934753418e-01
9.969753026962280273e-01
9.993947744369506836e-01
9.887958765029907227e-01
9.994121789932250977e-01
9.971238374710083008e-01
9.993917346000671387e-01
9.943982362747192383e-01
9.905802607536315918e-01
9.982387423515319824e-01
9.942417740821838379e-01
9.991131424903869629e-01
9.944021701812744141e-01
9.980748295783996582e-01
9.964308738708496094e-01
9.967294335365295410e-01
9.997387528419494629e-01
9.961567521095275879e-01
9.989270567893981934e-01
9.975692033767700195e-01
9.946281909942626953e-01
9.905368685722351074e-01
9.915712475776672363e-01
9.967712163925170898e-01
9.946090579032897949e-01
9.979619979858398438e-01
9.950837492942810059e-01
9.987762570381164551e-01
9.985302686691284180e-01
9.953036308288574219e-01
9.987039566040039062e-01
9.962673187255859375e-01
9.986616969108581543e-01
9.992673397064208984e-01
9.993088841438293457e-01
9.985253214836120605e-01
9.947589039802551270e-01
9.983167648315429688e-01
9.939906597137451172e-01
9.990923404693603516e-01
9.994350671768188477e-01
9.977263212203979492e-01
9.997159838676452637e-01
9.997884631156921387e-01
9.971484541893005371e-01
9.980558753013610840e-01
9.896396398544311523e-01
9.956672191619873047e-01
9.940516352653503418e-01
9.887725114822387695e-01
9.929816126823425293e-01
9.945691227912902832e-01
9.976536035537719727e-01
9.988526105880737305e-01
9.955992102622985840e-01
9.981374740600585938e-01
9.899106621742248535e-01
9.691374897956848145e-01
9.929417371749877930e-01
9.890021085739135742e-01
9.968016743659973145e-01
9.999805688858032227e-01
9.989627003669738770e-01
9.966096878051757812e-01
9.992267489433288574e-01
9.992123842239379883e-01
9.909527897834777832e-01
9.999058246612548828e-01
9.951612353324890137e-01
9.954728484153747559e-01
9.918222427368164062e-01
9.947699308395385742e-01
9.984357357025146484e-01
9.937034249305725098e-01
9.984900355339050293e-01
9.949223995208740234e-01
9.976018071174621582e-01
9.896351099014282227e-01
9.988251328468322754e-01
9.974173307418823242e-01
9.985491037368774414e-01
9.955155253410339355e-01
9.977679848670959473e-01
9.946311116218566895e-01
9.995731711387634277e-01
9.993908405303955078e-01
9.991756081581115723e-01
9.964203834533691406e-01
9.957913160324096680e-01
9.991351366043090820e-01
9.981462955474853516e-01
9.990882873535156250e-01
9.980724453926086426e-01
9.977861046791076660e-01
9.990822672843933105e-01
9.987143874168395996e-01
9.900355339050292969e-01
9.979131817817687988e-01
9.895197153091430664e-01
9.997200369834899902e-01
9.998011589050292969e-01
9.954327344894409180e-01
9.973465204238891602e-01
9.964474439620971680e-01
9.961860775947570801e-01
9.989669919013977051e-01
9.982313513755798340e-01
9.973601698875427246e-01
9.991760253906250000e-01
9.985181093215942383e-01
9.930855035781860352e-01
9.961470365524291992e-01
9.990547895431518555e-01
9.980189800262451172e-01
9.986100196838378906e-01
9.977387785911560059e-01
9.927820563316345215e-01
9.962472319602966309e-01
9.957332015037536621e-01
9.959655404090881348e-01
9.950072169303894043e-01
9.954214692115783691e-01
9.985802173614501953e-01
9.967685341835021973e-01
9.974007606506347656e-01
9.986171722412109375e-01
9.995781183242797852e-01
9.968186616897583008e-01
9.994787573814392090e-01
9.973718523979187012e-01
9.941442608833312988e-01
9.978083968162536621e-01
9.993025660514831543e-01
9.967491626739501953e-01
9.987938404083251953e-01
9.983649849891662598e-01
9.990815520286560059e-01
9.734824299812316895e-01
9.783567190170288086e-01
9.954389929771423340e-01
9.991375803947448730e-01
9.973472952842712402e-01
9.901758432388305664e-01
9.920018315315246582e-01
9.957435727119445801e-01
9.890750050544738770e-01
9.973747730255126953e-01
9.926207661628723145e-01
9.939243197441101074e-01
9.989487528800964355e-01
9.990693926811218262e-01
9.952806830406188965e-01
9.942475557327270508e-01
9.985345005989074707e-01
9.969439506530761719e-01
9.992464184761047363e-01
9.955520629882812500e-01
9.836227893829345703e-01
9.933680891990661621e-01
9.962437152862548828e-01
9.744556546211242676e-01
9.988137483596801758e-01
9.986001849174499512e-01
9.969193339347839355e-01
9.972760677337646484e-01
9.975055456161499023e-01
9.943987131118774414e-01
9.993530511856079102e-01
9.999947547912597656e-01
9.929962158203125000e-01
9.985440969467163086e-01
9.963850378990173340e-01
9.965192675590515137e-01
9.944431781768798828e-01
9.988817572593688965e-01
9.979659914970397949e-01
9.997117519378662109e-01
9.958164691925048828e-01
9.803604483604431152e-01
9.912388324737548828e-01
9.971170425415039062e-01
9.991943836212158203e-01
9.920759797096252441e-01
9.925672411918640137e-01
9.974037408828735352e-01
9.702461957931518555e-01
9.870312809944152832e-01
9.989017844200134277e-01
9.980053901672363281e-01
9.985259771347045898e-01
9.993616938591003418e-01
9.982184171676635742e-01
9.886496663093566895e-01
9.941112399101257324e-01
9.945635795593261719e-01
9.982621073722839355e-01
9.936213493347167969e-01
9.967982172966003418e-01
9.895122051239013672e-01
9.990803003311157227e-01
9.942098259925842285e-01
9.684618115425109863e-01
9.999595880508422852e-01
9.972993731498718262e-01
9.989357590675354004e-01
9.989312887191772461e-01
9.981201291084289551e-01
9.974653124809265137e-01
9.930559992790222168e-01
9.987837076187133789e-01
9.990595579147338867e-01
9.980456233024597168e-01
9.977048039436340332e-01
9.984518289566040039e-01
9.967203140258789062e-01
9.978960156440734863e-01
9.971905350685119629e-01
9.970232844352722168e-01
9.975449442863464355e-01
9.972023963928222656e-01
9.983916878700256348e-01
9.908832311630249023e-01
9.991629719734191895e-01
9.993086457252502441e-01
9.998662471771240234e-01
9.965373873710632324e-01
9.992936253547668457e-01
9.992350339889526367e-01
9.972376227378845215e-01
9.940041303634643555e-01
9.622107148170471191e-01
9.972581863403320312e-01
9.990958571434020996e-01
9.968585968017578125e-01
9.998592734336853027e-01
9.955036044120788574e-01
9.998453259468078613e-01
9.991700053215026855e-01
9.889962077140808105e-01
9.931507706642150879e-01
9.950037002563476562e-01
9.863218069076538086e-01
9.984443783760070801e-01
9.954772591590881348e-01
9.817234873771667480e-01
9.959311485290527344e-01
9.991429448127746582e-01
9.943817257881164551e-01
9.971839785575866699e-01
9.989232420921325684e-01
9.954698681831359863e-01
9.983456730842590332e-01
9.989303946495056152e-01
9.908766746520996094e-01
9.922647476196289062e-01
9.983819127082824707e-01
9.994248151779174805e-01
9.979901313781738281e-01
9.844043850898742676e-01
9.900144934654235840e-01
9.998373985290527344e-01
9.990776777267456055e-01
9.933648109436035156e-01
9.966858029365539551e-01
9.953129887580871582e-01
9.946603775024414062e-01
9.991551637649536133e-01
9.974072575569152832e-01
9.996510148048400879e-01
