9.982417821884155273e-01
9.975028038024902344e-01
9.986990690231323242e-01
9.984948039054870605e-01
9.887151718139648438e-01
9.620645642280578613e-01
9.931220412254333496e-01
9.993508458137512207e-01
9.978605508804321289e-01
9.982715845108032227e-01
9.891166687011718750e-01
9.885844588279724121e-01
9.955701828002929688e-01
9.768416285514831543e-01
9.981850981712341309e-01
9.984614849090576172e-01
9.979749321937561035e-01
9.913913607597351074e-01
9.927792549133300781e-01
9.948915839195251465e-01
9.913491010665893555e-01
9.974114894866943359e-01
9.848164319992065430e-01
9.780475497245788574e-01
9.924854040145874023e-01
9.952784180641174316e-01
9.986302852630615234e-01
9.974623322486877441e-01
9.994089007377624512e-01
9.684550762176513672e-01
9.785400629043579102e-01
9.605381488800048828e-01
9.869301319122314453e-01
9.964981675148010254e-01
9.683668017387390137e-01
9.981057047843933105e-01
9.939042329788208008e-01
9.989663958549499512e-01
9.883017539978027344e-01
9.800465106964111328e-01
9.928182959556579590e-01
9.955897927284240723e-01
9.984039664268493652e-01
9.996528029441833496e-01
9.977199435234069824e-01
9.992501139640808105e-01
9.913401603698730469e-01
9.239954948425292969e-01
9.985473752021789551e-01
9.969611167907714844e-01
9.925496578216552734e-01
9.930614829063415527e-01
9.845405817031860352e-01
9.907467961311340332e-01
9.949004650115966797e-01
9.959204196929931641e-01
9.962596297264099121e-01
9.920112490653991699e-01
9.991484284400939941e-01
9.992372989654541016e-01
9.910950064659118652e-01
9.941395521163940430e-01
9.871169924736022949e-01
9.926421642303466797e-01
9.955256581306457520e-01
9.975700378417968750e-01
9.899608492851257324e-01
9.972183108329772949e-01
9.974988102912902832e-01
9.953041672706604004e-01
9.872713088989257812e-01
9.991614818572998047e-01
9.985740780830383301e-01
9.882428646087646484e-01
9.538617730140686035e-01
9.946932196617126465e-01
9.951971769332885742e-01
9.689484238624572754e-01
9.914730191230773926e-01
9.733398556709289551e-01
9.941927790641784668e-01
9.915865659713745117e-01
9.964269399642944336e-01
9.977989196777343750e-01
9.984899759292602539e-01
9.997345209121704102e-01
9.974672794342041016e-01
9.944745898246765137e-01
9.958322048187255859e-01
9.990908503532409668e-01
9.795333147048950195e-01
9.904585480690002441e-01
9.974933862686157227e-01
7.936189174652099609e-01
9.712346792221069336e-01
9.995052814483642578e-01
9.978473186492919922e-01
9.986366629600524902e-01
9.983797669410705566e-01
9.919451475143432617e-01
9.901925921440124512e-01
9.982383847236633301e-01
9.925234317779541016e-01
9.951617717742919922e-01
9.890103936195373535e-01
9.989284873008728027e-01
9.822866916656494141e-01
9.909120202064514160e-01
9.982759952545166016e-01
9.953967928886413574e-01
9.887568354606628418e-01
9.780423045158386230e-01
9.971093535423278809e-01
9.890729784965515137e-01
9.981387853622436523e-01
9.965207576751708984e-01
9.911934733390808105e-01
9.990983605384826660e-01
9.972307085990905762e-01
9.950543045997619629e-01
9.978011846542358398e-01
9.755264520645141602e-01
9.902920722961425781e-01
9.986198544502258301e-01
9.988881945610046387e-01
9.977481365203857422e-01
9.712432026863098145e-01
9.958683252334594727e-01
9.984592795372009277e-01
9.988840818405151367e-01
9.273855090141296387e-01
9.998874068260192871e-01
9.962653517723083496e-01
9.977121949195861816e-01
9.878353476524353027e-01
9.962665438652038574e-01
9.919214248657226562e-01
9.892682433128356934e-01
9.900855422019958496e-01
9.962057471275329590e-01
9.937116503715515137e-01
9.949464201927185059e-01
9.916586279869079590e-01
9.929611086845397949e-01
9.913837909698486328e-01
9.982176423072814941e-01
9.950065016746520996e-01
9.997099637985229492e-01
9.660320281982421875e-01
9.771121144294738770e-01
9.858984947204589844e-01
9.906075596809387207e-01
9.916653633117675781e-01
9.811972379684448242e-01
9.979755282402038574e-01
9.969039559364318848e-01
9.983295202255249023e-01
9.930964708328247070e-01
9.830022454261779785e-01
9.992177486419677734e-01
9.955196976661682129e-01
9.957199096679687500e-01
9.939520955085754395e-01
9.926895499229431152e-01
9.926899671554565430e-01
9.998973011970520020e-01
9.332368969917297363e-01
9.938425421714782715e-01
9.748933315277099609e-01
9.989808797836303711e-01
9.814206361770629883e-01
9.964833259582519531e-01
9.992852807044982910e-01
9.959129095077514648e-01
9.909258484840393066e-01
9.843357205390930176e-01
9.955633878707885742e-01
9.674909710884094238e-01
9.978324174880981445e-01
9.753980040550231934e-01
9.990843534469604492e-01
9.946736693382263184e-01
9.989531040191650391e-01
9.979521632194519043e-01
9.998308420181274414e-01
9.961180090904235840e-01
9.955305457115173340e-01
9.735275506973266602e-01
9.868068695068359375e-01
9.939112067222595215e-01
9.978749752044677734e-01
9.933151602745056152e-01
9.911550879478454590e-01
9.968101382255554199e-01
9.986540675163269043e-01
9.951140880584716797e-01
9.625138044357299805e-01
7.915624976158142090e-01
9.922598600387573242e-01
9.989099502563476562e-01
9.933321475982666016e-01
9.655650854110717773e-01
9.986491799354553223e-01
9.737221598625183105e-01
9.975870847702026367e-01
9.952420592308044434e-01
9.938408732414245605e-01
9.956346750259399414e-01
9.993231892585754395e-01
9.892458915710449219e-01
9.987992048263549805e-01
9.742175936698913574e-01
9.736263155937194824e-01
9.604805111885070801e-01
9.959721565246582031e-01
9.931485056877136230e-01
9.968551397323608398e-01
9.928491115570068359e-01
9.767217636108398438e-01
9.982459545135498047e-01
9.926733970642089844e-01
9.941020011901855469e-01
9.912099838256835938e-01
9.860561490058898926e-01
9.938742518424987793e-01
9.994729757308959961e-01
9.989582300186157227e-01
8.497915863990783691e-01
9.973409175872802734e-01
9.796665310859680176e-01
9.960234761238098145e-01
9.912704229354858398e-01
9.976241588592529297e-01
9.985491037368774414e-01
9.939156174659729004e-01
9.666958451271057129e-01
9.925171732902526855e-01
9.978638291358947754e-01
9.870276451110839844e-01
9.957600831985473633e-01
9.968318343162536621e-01
9.778684377670288086e-01
9.881420731544494629e-01
9.982001185417175293e-01
9.995629787445068359e-01
9.859008789062500000e-01
9.930165410041809082e-01
9.968861341476440430e-01
9.984004497528076172e-01
9.860852360725402832e-01
9.774528741836547852e-01
9.989876747131347656e-01
9.969795346260070801e-01
9.976624846458435059e-01
9.939345717430114746e-01
9.614383578300476074e-01
9.993690848350524902e-01
9.973299503326416016e-01
9.954491853713989258e-01
9.969140291213989258e-01
9.982887506484985352e-01
9.875804781913757324e-01
9.975543022155761719e-01
9.986393451690673828e-01
9.925819635391235352e-01
9.914014339447021484e-01
9.819658994674682617e-01
9.994912147521972656e-01
9.767287969589233398e-01
9.683340787887573242e-01
9.959537386894226074e-01
9.989246129989624023e-01
9.905309081077575684e-01
9.925631880760192871e-01
9.893874526023864746e-01
9.933497309684753418e-01
9.990113377571105957e-01
9.989738464355468750e-01
9.990063309669494629e-01
9.920603632926940918e-01
9.843795895576477051e-01
9.979194998741149902e-01
9.923433661460876465e-01
9.998490214347839355e-01
9.991175532341003418e-01
9.987353086471557617e-01
9.978267550468444824e-01
9.768456220626831055e-01
9.945330619812011719e-01
9.949236512184143066e-01
9.736149907112121582e-01
9.307898879051208496e-01
9.991788268089294434e-01
9.982975125312805176e-01
9.931863546371459961e-01
9.884933233261108398e-01
9.899421334266662598e-01
9.947186112403869629e-01
9.959326386451721191e-01
9.972814321517944336e-01
9.984283447265625000e-01
9.988714456558227539e-01
9.899953603744506836e-01
9.973315596580505371e-01
9.975811243057250977e-01
9.977949261665344238e-01
9.940697550773620605e-01
9.614374637603759766e-01
9.866333007812500000e-01
9.945037961006164551e-01
9.941498041152954102e-01
9.913341999053955078e-01
9.776386618614196777e-01
9.333772063255310059e-01
9.988068938255310059e-01
9.989729523658752441e-01
9.978318810462951660e-01
9.944283366203308105e-01
9.761227965354919434e-01
9.974018335342407227e-01
9.920873045921325684e-01
9.965020418167114258e-01
9.788175225257873535e-01
9.995328783988952637e-01
9.850531220436096191e-01
9.984846711158752441e-01
9.847195744514465332e-01
9.812381863594055176e-01
9.989465475082397461e-01
9.998074173927307129e-01
9.858301877975463867e-01
9.991982579231262207e-01
9.998469948768615723e-01
9.966927766799926758e-01
9.965498447418212891e-01
9.968672394752502441e-01
9.929203987121582031e-01
9.967792034149169922e-01
9.897642135620117188e-01
9.881352782249450684e-01
9.955392479896545410e-01
9.962159991264343262e-01
9.940308928489685059e-01
9.977552890777587891e-01
9.992327690124511719e-01
9.929678440093994141e-01
9.897635579109191895e-01
9.866083860397338867e-01
9.895652532577514648e-01
9.643491506576538086e-01
9.961720108985900879e-01
9.936708807945251465e-01
9.995763897895812988e-01
9.978046417236328125e-01
9.923679232597351074e-01
9.928114414215087891e-01
9.931846261024475098e-01
9.636669158935546875e-01
9.909670948982238770e-01
9.991174340248107910e-01
9.945167899131774902e-01
9.956763982772827148e-01
9.973962903022766113e-01
9.961349964141845703e-01
9.977532625198364258e-01
9.982293844223022461e-01
9.959108829498291016e-01
9.734148383140563965e-01
9.868619441986083984e-01
9.968008399009704590e-01
9.944853782653808594e-01
9.983504414558410645e-01
9.959489703178405762e-01
9.959594011306762695e-01
9.911391139030456543e-01
9.795235395431518555e-01
9.984655380249023438e-01
9.894322156906127930e-01
9.847137928009033203e-01
9.981245994567871094e-01
9.964249730110168457e-01
9.968567490577697754e-01
9.989824295043945312e-01
9.905874133110046387e-01
9.939771890640258789e-01
9.969056844711303711e-01
9.952379465103149414e-01
9.960575103759765625e-01
9.945138692855834961e-01
9.917446374893188477e-01
9.981378912925720215e-01
9.980545639991760254e-01
9.982275366783142090e-01
9.933060407638549805e-01
9.961255192756652832e-01
9.949933290481567383e-01
9.915762543678283691e-01
9.976240992546081543e-01
9.974670410156250000e-01
9.968293309211730957e-01
9.946439266204833984e-01
9.992749094963073730e-01
9.953019022941589355e-01
9.986349940299987793e-01
9.771748781204223633e-01
9.978523850440979004e-01
9.972337484359741211e-01
9.967752099037170410e-01
9.901415109634399414e-01
9.999514222145080566e-01
9.989587664604187012e-01
9.967288374900817871e-01
9.929388761520385742e-01
9.960185885429382324e-01
9.972256422042846680e-01
9.874598979949951172e-01
9.909098744392395020e-01
8.223960399627685547e-01
9.954104423522949219e-01
9.944292902946472168e-01
9.940720200538635254e-01
9.776538610458374023e-01
9.988852739334106445e-01
9.594147205352783203e-01
9.937770366668701172e-01
9.964277744293212891e-01
9.890071153640747070e-01
9.907981753349304199e-01
9.984391331672668457e-01
9.949429035186767578e-01
9.793516993522644043e-01
9.750235080718994141e-01
9.978731870651245117e-01
9.948035478591918945e-01
9.962972402572631836e-01
9.851277470588684082e-01
9.942012429237365723e-01
9.956879615783691406e-01
9.835793972015380859e-01
9.985151886940002441e-01
9.960938096046447754e-01
9.997636675834655762e-01
9.820547699928283691e-01
9.958932995796203613e-01
9.823528528213500977e-01
9.902616143226623535e-01
9.954097270965576172e-01
9.975840449333190918e-01
9.880317449569702148e-01
9.963369369506835938e-01
9.926682114601135254e-01
9.970546364784240723e-01
9.998788833618164062e-01
9.994677305221557617e-01
9.954574704170227051e-01
9.666979312896728516e-01
9.991016983985900879e-01
9.977367520332336426e-01
9.914422035217285156e-01
9.526861906051635742e-01
9.960574507713317871e-01
9.980205893516540527e-01
9.803588986396789551e-01
9.999084472656250000e-01
9.930716156959533691e-01
9.986214637756347656e-01
9.913331270217895508e-01
9.842166900634765625e-01
9.931871294975280762e-01
9.809907078742980957e-01
9.958842992782592773e-01
9.985396862030029297e-01
9.977500438690185547e-01
9.978032708168029785e-01
9.926869869232177734e-01
9.990863800048828125e-01
9.977656006813049316e-01
9.990324378013610840e-01
9.381667375564575195e-01
9.987995624542236328e-01
9.944786429405212402e-01
9.983299374580383301e-01
9.721009731292724609e-01
9.843181967735290527e-01
9.852314591407775879e-01
9.941896200180053711e-01
9.796545505523681641e-01
9.880223870277404785e-01
9.971666336059570312e-01
9.940331578254699707e-01
9.977553486824035645e-01
9.961885213851928711e-01
9.988655447959899902e-01
9.940799474716186523e-01
9.972858428955078125e-01
9.971072673797607422e-01
9.917553067207336426e-01
9.855362772941589355e-01
9.989859461784362793e-01
9.973819255828857422e-01
9.980052113533020020e-01
9.975449442863464355e-01
9.967762231826782227e-01
9.918550848960876465e-01
9.891070127487182617e-01
9.989206790924072266e-01
9.821448922157287598e-01
9.998777508735656738e-01
9.904977083206176758e-01
9.994882941246032715e-01
9.766373038291931152e-01
9.939966797828674316e-01
9.948493838310241699e-01
9.951895475387573242e-01
9.984629154205322266e-01
9.959332942962646484e-01
9.983196258544921875e-01
9.956058859825134277e-01
9.993534684181213379e-01
9.978157877922058105e-01
9.865201115608215332e-01
9.979684948921203613e-01
9.750754833221435547e-01
9.588673114776611328e-01
9.954189658164978027e-01
9.811369776725769043e-01
9.930377602577209473e-01
9.923228025436401367e-01
9.977821707725524902e-01
9.992003440856933594e-01
9.991541504859924316e-01
9.840532541275024414e-01
9.995813965797424316e-01
9.932221770286560059e-01
9.976661205291748047e-01
9.982509016990661621e-01
9.987362027168273926e-01
9.847943186759948730e-01
9.989238977432250977e-01
9.967029690742492676e-01
9.952829480171203613e-01
9.975194334983825684e-01
9.918333888053894043e-01
9.933716654777526855e-01
9.925143122673034668e-01
9.936611652374267578e-01
9.989665150642395020e-01
9.908593297004699707e-01
9.929630160331726074e-01
9.909471273422241211e-01
9.858887195587158203e-01
9.993872046470642090e-01
9.999524950981140137e-01
9.942742586135864258e-01
9.914066791534423828e-01
9.922018051147460938e-01
9.942657947540283203e-01
9.994700551033020020e-01
9.947715401649475098e-01
9.974921345710754395e-01
9.865950942039489746e-01
9.988519549369812012e-01
9.803910851478576660e-01
9.870389103889465332e-01
9.918563365936279297e-01
9.956071972846984863e-01
9.768127202987670898e-01
9.978701472282409668e-01
9.952183961868286133e-01
9.829020500183105469e-01
9.817674160003662109e-01
9.874808788299560547e-01
9.972559809684753418e-01
9.977751374244689941e-01
9.867662787437438965e-01
9.707236886024475098e-01
9.920259714126586914e-01
9.982456564903259277e-01
9.984347820281982422e-01
9.964717626571655273e-01
9.921471476554870605e-01
9.553493857383728027e-01
9.989500045776367188e-01
9.971072077751159668e-01
9.981832504272460938e-01
9.756327867507934570e-01
9.557402133941650391e-01
9.828425049781799316e-01
9.986336827278137207e-01
9.996664524078369141e-01
9.876754879951477051e-01
9.959119558334350586e-01
9.861454367637634277e-01
9.865341782569885254e-01
9.988704919815063477e-01
9.985554218292236328e-01
9.925162196159362793e-01
9.950634241104125977e-01
9.971836209297180176e-01
9.971942901611328125e-01
9.982604980468750000e-01
9.982295632362365723e-01
9.879223704338073730e-01
9.963808059692382812e-01
9.829926490783691406e-01
9.834591746330261230e-01
9.938536286354064941e-01
9.975458383560180664e-01
9.981307387351989746e-01
9.929634332656860352e-01
9.993973374366760254e-01
9.944773912429809570e-01
9.863778948783874512e-01
9.688285589218139648e-01
9.952712655067443848e-01
9.977199435234069824e-01
9.950928688049316406e-01
8.883265256881713867e-01
9.951440095901489258e-01
9.924639463424682617e-01
9.969887733459472656e-01
9.722624421119689941e-01
9.986958503723144531e-01
9.974030852317810059e-01
9.981757402420043945e-01
9.946608543395996094e-01
9.938814640045166016e-01
9.983703494071960449e-01
9.957260489463806152e-01
9.984014034271240234e-01
9.937427639961242676e-01
9.917211532592773438e-01
9.943207502365112305e-01
9.957747459411621094e-01
9.992665648460388184e-01
9.915652871131896973e-01
9.955031275749206543e-01
9.840917587280273438e-01
9.982516765594482422e-01
9.947477579116821289e-01
9.946863651275634766e-01
9.989705681800842285e-01
9.941322207450866699e-01
9.984861016273498535e-01
9.982524514198303223e-01
9.965517520904541016e-01
9.953318834304809570e-01
9.940448999404907227e-01
9.929448366165161133e-01
9.126132726669311523e-01
9.971106052398681641e-01
9.981928467750549316e-01
9.983988404273986816e-01
9.805100560188293457e-01
9.823685884475708008e-01
9.935748577117919922e-01
9.985502362251281738e-01
9.975907206535339355e-01
9.771333336830139160e-01
9.948422312736511230e-01
9.940234422683715820e-01
9.772238731384277344e-01
9.895053505897521973e-01
9.949111342430114746e-01
9.964202046394348145e-01
9.988417625427246094e-01
9.999614953994750977e-01
9.760826230049133301e-01
9.943841099739074707e-01
9.776138663291931152e-01
9.965797662734985352e-01
9.455472826957702637e-01
9.962952136993408203e-01
9.890936017036437988e-01
9.984505772590637207e-01
9.984263777732849121e-01
9.975948929786682129e-01
9.993154406547546387e-01
9.991605877876281738e-01
9.874811768531799316e-01
9.919953942298889160e-01
9.987412095069885254e-01
9.965137839317321777e-01
9.972366094589233398e-01
9.977041482925415039e-01
9.938381314277648926e-01
9.994245767593383789e-01
9.991669058799743652e-01
9.957657456398010254e-01
9.860157966613769531e-01
9.992507100105285645e-01
9.708296060562133789e-01
9.989528656005859375e-01
9.991070628166198730e-01
9.997096061706542969e-01
9.953113794326782227e-01
9.941229820251464844e-01
9.987044930458068848e-01
9.848454594612121582e-01
9.871004223823547363e-01
9.991295337677001953e-01
9.502401351928710938e-01
9.982132911682128906e-01
9.970234632492065430e-01
9.999192953109741211e-01
9.975189566612243652e-01
9.935662150382995605e-01
9.971883296966552734e-01
9.967889189720153809e-01
9.837458133697509766e-01
9.963908195495605469e-01
9.987043142318725586e-01
9.991011023521423340e-01
9.775070548057556152e-01
9.977614283561706543e-01
9.936027526855468750e-01
9.992536902427673340e-01
9.606433510780334473e-01
9.967899918556213379e-01
9.967864751815795898e-01
9.971199631690979004e-01
9.981054067611694336e-01
9.974553585052490234e-01
9.954509139060974121e-01
9.954180717468261719e-01
9.913159608840942383e-01
9.991533756256103516e-01
9.982982873916625977e-01
9.961292743682861328e-01
9.961767792701721191e-01
9.941449761390686035e-01
9.939908981323242188e-01
9.978373646736145020e-01
9.888483285903930664e-01
9.901099801063537598e-01
9.891000986099243164e-01
9.790824651718139648e-01
9.869865179061889648e-01
9.957421422004699707e-01
9.972243309020996094e-01
9.938922524452209473e-01
9.882928133010864258e-01
9.984124898910522461e-01
9.989676475524902344e-01
9.361791610717773438e-01
9.973233342170715332e-01
9.838842749595642090e-01
9.990139007568359375e-01
9.666510820388793945e-01
9.833369851112365723e-01
9.724513292312622070e-01
9.730179905891418457e-01
9.978340268135070801e-01
9.975656867027282715e-01
9.971854686737060547e-01
9.850993156433105469e-01
9.997940659523010254e-01
9.903985261917114258e-01
9.983585476875305176e-01
9.990243315696716309e-01
9.985608458518981934e-01
9.981457591056823730e-01
9.986503720283508301e-01
9.988000988960266113e-01
9.997832179069519043e-01
9.907940626144409180e-01
9.983844757080078125e-01
9.952704310417175293e-01
9.956577420234680176e-01
9.950118660926818848e-01
9.983803629875183105e-01
9.951163530349731445e-01
9.902964234352111816e-01
9.985072612762451172e-01
9.962969422340393066e-01
9.960429668426513672e-01
9.770025014877319336e-01
9.755893945693969727e-01
9.892286658287048340e-01
9.809647798538208008e-01
9.699925184249877930e-01
9.986386895179748535e-01
9.831999540328979492e-01
9.997189640998840332e-01
9.991981387138366699e-01
9.728739857673645020e-01
9.928194880485534668e-01
9.997639060020446777e-01
9.989461898803710938e-01
9.980705976486206055e-01
9.991426467895507812e-01
9.975380897521972656e-01
9.955157637596130371e-01
9.077621102333068848e-01
9.976622462272644043e-01
9.663835167884826660e-01
9.969427585601806641e-01
9.913163781166076660e-01
9.979345798492431641e-01
9.989857673645019531e-01
9.881283044815063477e-01
9.305617213249206543e-01
9.975966811180114746e-01
9.922850131988525391e-01
9.976286888122558594e-01
9.995334744453430176e-01
9.974271059036254883e-01
9.877168536186218262e-01
9.892413616180419922e-01
9.930683970451354980e-01
9.958610534667968750e-01
9.915809035301208496e-01
9.969281554222106934e-01
9.929784536361694336e-01
9.963987469673156738e-01
9.963672161102294922e-01
9.987622499465942383e-01
9.934206604957580566e-01
9.996705651283264160e-01
9.894125461578369141e-01
9.978402256965637207e-01
9.952225685119628906e-01
9.937118887901306152e-01
9.959631562232971191e-01
9.986565709114074707e-01
9.967049360275268555e-01
9.923723340034484863e-01
9.974691271781921387e-01
9.643309116363525391e-01
9.971034526824951172e-01
9.970798492431640625e-01
9.983516335487365723e-01
9.884697794914245605e-01
9.993647336959838867e-01
9.967554807662963867e-01
9.984274506568908691e-01
9.950997233390808105e-01
9.830807447433471680e-01
9.988279938697814941e-01
9.982272982597351074e-01
9.985596537590026855e-01
9.966462254524230957e-01
9.869833588600158691e-01
9.864833354949951172e-01
9.969090819358825684e-01
9.991313815116882324e-01
9.988280534744262695e-01
9.939453005790710449e-01
9.781632423400878906e-01
9.915542602539062500e-01
9.937840104103088379e-01
9.731261730194091797e-01
9.755141139030456543e-01
9.999265074729919434e-01
9.955387711524963379e-01
9.978522062301635742e-01
9.985537528991699219e-01
9.821901321411132812e-01
9.973731040954589844e-01
9.997590184211730957e-01
9.975714683532714844e-01
9.987043142318725586e-01
9.901728630065917969e-01
9.940323233604431152e-01
9.992960095405578613e-01
9.998610019683837891e-01
9.951747655868530273e-01
9.996296167373657227e-01
9.370208382606506348e-01
8.919556140899658203e-01
9.724583029747009277e-01
9.868697524070739746e-01
9.960510134696960449e-01
9.992507100105285645e-01
9.962676167488098145e-01
9.950396418571472168e-01
9.985435009002685547e-01
9.939839243888854980e-01
9.946268200874328613e-01
9.984382987022399902e-01
9.637611508369445801e-01
9.861854314804077148e-01
9.990815520286560059e-01
9.928826689720153809e-01
9.987293481826782227e-01
9.905318617820739746e-01
9.942791461944580078e-01
9.985768198966979980e-01
9.991257190704345703e-01
9.957548975944519043e-01
8.406665921211242676e-01
9.977974891662597656e-01
9.902707338333129883e-01
9.894366264343261719e-01
9.744796752929687500e-01
9.978308677673339844e-01
9.967500567436218262e-01
9.636926651000976562e-01
9.976372122764587402e-01
9.912900924682617188e-01
9.972561001777648926e-01
9.858319759368896484e-01
9.993616938591003418e-01
9.847935438156127930e-01
9.913787841796875000e-01
9.846104383468627930e-01
9.986272454261779785e-01
9.950365424156188965e-01
9.819115400314331055e-01
9.920450448989868164e-01
9.953967332839965820e-01
9.970122575759887695e-01
9.974601268768310547e-01
9.961474537849426270e-01
9.926518201828002930e-01
9.974650144577026367e-01
9.995186328887939453e-01
9.886221289634704590e-01
9.932689070701599121e-01
9.908788204193115234e-01
9.897223711013793945e-01
9.967978000640869141e-01
9.943542480468750000e-01
9.658807516098022461e-01
9.981011748313903809e-01
9.973357915878295898e-01
9.992231130599975586e-01
9.959295988082885742e-01
9.819816946983337402e-01
9.981276392936706543e-01
9.981940388679504395e-01
9.988656640052795410e-01
9.978839159011840820e-01
9.928817749023437500e-01
9.962452650070190430e-01
9.923611283302307129e-01
9.870715737342834473e-01
9.983406662940979004e-01
9.983605742454528809e-01
9.930431246757507324e-01
9.977053403854370117e-01
9.947780966758728027e-01
9.671020507812500000e-01
9.829264879226684570e-01
9.991484880447387695e-01
9.971865415573120117e-01
9.935230016708374023e-01
9.916754961013793945e-01
9.958683848381042480e-01
9.838743209838867188e-01
9.829992055892944336e-01
9.970613121986389160e-01
9.989550113677978516e-01
9.979310035705566406e-01
9.920207262039184570e-01
9.953902959823608398e-01
9.993119835853576660e-01
9.901967644691467285e-01
9.989615678787231445e-01
9.994763731956481934e-01
9.757606387138366699e-01
9.943543672561645508e-01
9.977974891662597656e-01
9.956552982330322266e-01
9.747612476348876953e-01
9.753462076187133789e-01
9.277794957160949707e-01
9.979204535484313965e-01
9.993056058883666992e-01
9.877499938011169434e-01
9.939562678337097168e-01
9.914739727973937988e-01
9.973865151405334473e-01
9.994736313819885254e-01
9.864782094955444336e-01
9.930112957954406738e-01
9.992377161979675293e-01
9.759814143180847168e-01
9.969831109046936035e-01
9.855921864509582520e-01
9.817231893539428711e-01
8.718130588531494141e-01
9.976536035537719727e-01
9.982756972312927246e-01
9.995929598808288574e-01
9.773874878883361816e-01
9.908574819564819336e-01
9.980062842369079590e-01
9.879577755928039551e-01
9.992236495018005371e-01
9.909987449645996094e-01
9.964138865470886230e-01
9.935120344161987305e-01
9.804218411445617676e-01
9.323885440826416016e-01
9.961092472076416016e-01
9.611226320266723633e-01
9.963686466217041016e-01
9.870015978813171387e-01
9.891788959503173828e-01
9.568594694137573242e-01
9.978989362716674805e-01
9.939171075820922852e-01
9.959503412246704102e-01
9.968715906143188477e-01
9.970701932907104492e-01
9.928010702133178711e-01
9.345878958702087402e-01
9.924513697624206543e-01
9.972119927406311035e-01
9.969440102577209473e-01
9.990318417549133301e-01
9.965876340866088867e-01
9.404048323631286621e-01
9.845333099365234375e-01
9.795545935630798340e-01
9.943656921386718750e-01
9.980736970901489258e-01
9.984731078147888184e-01
9.958444237709045410e-01
9.847934246063232422e-01
9.761354327201843262e-01
9.785938858985900879e-01
9.978219270706176758e-01
9.950648546218872070e-01
9.954121112823486328e-01
9.942751526832580566e-01
9.931683540344238281e-01
9.982032179832458496e-01
9.993295073509216309e-01
9.971241354942321777e-01
9.820634722709655762e-01
9.789993762969970703e-01
9.945513606071472168e-01
9.926549792289733887e-01
9.980777502059936523e-01
9.701334238052368164e-01
9.939653277397155762e-01
9.619399905204772949e-01
9.993491172790527344e-01
9.788898825645446777e-01
9.972385764122009277e-01
9.975163340568542480e-01
9.835000038146972656e-01
9.876319766044616699e-01
9.981005191802978516e-01
9.781261682510375977e-01
9.973298907279968262e-01
9.966341257095336914e-01
9.993030428886413574e-01
9.939920306205749512e-01
9.597800970077514648e-01
9.938250780105590820e-01
9.965499639511108398e-01
9.977867007255554199e-01
9.938666820526123047e-01
9.983842372894287109e-01
9.957237839698791504e-01
9.913455247879028320e-01
9.986466765403747559e-01
9.817217588424682617e-01
9.977727532386779785e-01
9.940216541290283203e-01
9.943348169326782227e-01
9.980238080024719238e-01
9.688726067543029785e-01
9.961073994636535645e-01
9.923631548881530762e-01
9.938294887542724609e-01
9.953260421752929688e-01
9.968225359916687012e-01
9.986781477928161621e-01
9.875845909118652344e-01
9.991519451141357422e-01
9.922841191291809082e-01
9.978494048118591309e-01
9.986328482627868652e-01
9.990299344062805176e-01
9.950669407844543457e-01
9.853418469429016113e-01
9.979936480522155762e-01
9.996750950813293457e-01
9.990777969360351562e-01
9.987626075744628906e-01
9.977449178695678711e-01
9.985536932945251465e-01
9.998282790184020996e-01
9.951916337013244629e-01
9.983368515968322754e-01
9.949606657028198242e-01
9.890856742858886719e-01
9.909600019454956055e-01
9.932004809379577637e-01
9.943671822547912598e-01
9.887834191322326660e-01
9.980220198631286621e-01
9.973737597465515137e-01
9.924620389938354492e-01
9.983080625534057617e-01
9.479680657386779785e-01
9.891888499259948730e-01
9.875290989875793457e-01
9.919985532760620117e-01
9.898461103439331055e-01
9.993377327919006348e-01
9.991974234580993652e-01
9.943211674690246582e-01
9.988636374473571777e-01
9.991049170494079590e-01
9.922955036163330078e-01
9.993123412132263184e-01
9.939837455749511719e-01
9.923045635223388672e-01
9.730157256126403809e-01
9.826475977897644043e-01
9.968546628952026367e-01
9.951986670494079590e-01
9.984694719314575195e-01
9.814253449440002441e-01
9.897603988647460938e-01
9.886894226074218750e-01
9.970133304595947266e-01
9.973145127296447754e-01
9.956824779510498047e-01
9.788751602172851562e-01
9.809795022010803223e-01
9.939159154891967773e-01
9.999123215675354004e-01
9.957541823387145996e-01
9.988682866096496582e-01
9.963667988777160645e-01
9.850421547889709473e-01
9.989390969276428223e-01
9.727624058723449707e-01
9.991853237152099609e-01
9.969691038131713867e-01
9.935238957405090332e-01
9.988396167755126953e-01
9.971665143966674805e-01
9.918827414512634277e-01
9.977166652679443359e-01
9.865713119506835938e-01
9.995373487472534180e-01
9.901857972145080566e-01
9.822538495063781738e-01
9.995152950286865234e-01
9.957856535911560059e-01
9.929339885711669922e-01
9.979299902915954590e-01
9.952943325042724609e-01
9.624246954917907715e-01
9.989736676216125488e-01
9.956740736961364746e-01
9.971215724945068359e-01
9.906613826751708984e-01
9.989781379699707031e-01
9.978932142257690430e-01
9.984902739524841309e-01
9.923732876777648926e-01
9.922144412994384766e-01
9.952819347381591797e-01
9.961854219436645508e-01
9.862192869186401367e-01
9.850420355796813965e-01
9.936850666999816895e-01
9.986982941627502441e-01
9.917694926261901855e-01
9.957710504531860352e-01
9.987441897392272949e-01
9.987752437591552734e-01
9.926148653030395508e-01
9.989633560180664062e-01
9.959674477577209473e-01
9.800337553024291992e-01
9.977900981903076172e-01
9.977217912673950195e-01
9.942815899848937988e-01
9.988459348678588867e-01
9.971884489059448242e-01
9.989661574363708496e-01
9.322975277900695801e-01
9.697521328926086426e-01
9.912607669830322266e-01
9.988429546356201172e-01
9.935238957405090332e-01
9.858782887458801270e-01
9.778248071670532227e-01
9.838948249816894531e-01
9.854511022567749023e-01
9.932948946952819824e-01
9.816681146621704102e-01
9.742057919502258301e-01
9.982151985168457031e-01
9.946112036705017090e-01
9.887483716011047363e-01
9.898817539215087891e-01
9.963876008987426758e-01
9.955993294715881348e-01
9.991502165794372559e-01
9.954996109008789062e-01
9.809954762458801270e-01
9.889941811561584473e-01
9.948109984397888184e-01
9.678136110305786133e-01
9.980145692825317383e-01
9.968621730804443359e-01
9.957342147827148438e-01
9.962972998619079590e-01
9.952378273010253906e-01
9.915530681610107422e-01
9.990180134773254395e-01
9.999586939811706543e-01
9.945533275604248047e-01
9.971322417259216309e-01
9.934687018394470215e-01
9.898732900619506836e-01
9.903883337974548340e-01
9.964975714683532715e-01
9.970512986183166504e-01
9.998275041580200195e-01
9.828266501426696777e-01
9.516230225563049316e-01
9.831199049949645996e-01
9.902355670928955078e-01
9.906806945800781250e-01
9.891666769981384277e-01
9.949626922607421875e-01
9.960247874259948730e-01
9.302978515625000000e-01
9.975129961967468262e-01
9.968192577362060547e-01
9.935789108276367188e-01
9.947258234024047852e-01
9.982706904411315918e-01
9.978818893432617188e-01
9.783424139022827148e-01
9.895439147949218750e-01
9.930840730667114258e-01
9.905879497528076172e-01
9.905841946601867676e-01
9.896529316902160645e-01
9.864295125007629395e-01
9.974893331527709961e-01
9.756804108619689941e-01
9.312973022460937500e-01
9.992356896400451660e-01
9.944453239440917969e-01
9.946742057800292969e-01
9.977703690528869629e-01
9.978501200675964355e-01
9.956235289573669434e-01
9.932083487510681152e-01
9.989110231399536133e-01
9.927341341972351074e-01
9.984290003776550293e-01
9.969679713249206543e-01
9.968281984329223633e-01
9.940539002418518066e-01
9.971705675125122070e-01
9.993889331817626953e-01
9.933237433433532715e-01
9.940556883811950684e-01
9.945561289787292480e-01
9.981446266174316406e-01
9.879498481750488281e-01
9.989412426948547363e-01
9.965015649795532227e-01
9.993519783020019531e-01
9.981535077095031738e-01
9.947674870491027832e-01
9.985275864601135254e-01
9.973738789558410645e-01
9.608356356620788574e-01
9.149334430694580078e-01
9.920089244842529297e-01
9.981425404548645020e-01
9.980278015136718750e-01
9.991304874420166016e-01
9.926624298095703125e-01
9.994185566902160645e-01
9.996194243431091309e-01
9.692072272300720215e-01
9.895100593566894531e-01
9.950469136238098145e-01
9.647681713104248047e-01
9.987851977348327637e-01
9.885647892951965332e-01
9.795513749122619629e-01
9.899092912673950195e-01
9.980068206787109375e-01
9.926999807357788086e-01
9.938944578170776367e-01
9.990693330764770508e-01
9.904670119285583496e-01
9.968184232711791992e-01
9.975236654281616211e-01
9.840805530548095703e-01
9.745513200759887695e-01
9.988260269165039062e-01
9.617024660110473633e-01
9.932107329368591309e-01
9.592310190200805664e-01
9.829944968223571777e-01
9.977497458457946777e-01
9.979638457298278809e-01
9.925062060356140137e-01
9.966920614242553711e-01
9.503695368766784668e-01
9.912771582603454590e-01
9.991891980171203613e-01
9.965825676918029785e-01
9.994962811470031738e-01
