0.000000000000000000e+00
0.000000000000000000e+00
0.000000000000000000e+00
2.072538860103627020e-02
0.000000000000000000e+00
0.000000000000000000e+00
0.000000000000000000e+00
0.000000000000000000e+00
4.385964912280701511e-03
0.000000000000000000e+00
5.263157894736841813e-02
0.000000000000000000e+00
0.000000000000000000e+00
0.000000000000000000e+00
2.500000000000000139e-02
0.000000000000000000e+00
1.897018970189701809e-02
0.000000000000000000e+00
0.000000000000000000e+00
0.000000000000000000e+00
0.000000000000000000e+00
4.444444444444444614e-02
2.320185614849187838e-03
0.000000000000000000e+00
0.000000000000000000e+00
1.096892138939670885e-02
0.000000000000000000e+00
0.000000000000000000e+00
0.000000000000000000e+00
0.000000000000000000e+00
0.000000000000000000e+00
0.000000000000000000e+00
0.000000000000000000e+00
0.000000000000000000e+00
0.000000000000000000e+00
0.000000000000000000e+00
0.000000000000000000e+00
0.000000000000000000e+00
0.000000000000000000e+00
0.000000000000000000e+00
0.000000000000000000e+00
0.000000000000000000e+00
1.775147928994082885e-02
0.000000000000000000e+00
0.000000000000000000e+00
5.671077504725898291e-03
1.428571428571428527e-02
0.000000000000000000e+00
0.000000000000000000e+00
0.000000000000000000e+00
0.000000000000000000e+00
3.846153846153846367e-02
0.000000000000000000e+00
0.000000000000000000e+00
3.546099290780142105e-02
0.000000000000000000e+00
0.000000000000000000e+00
0.000000000000000000e+00
0.000000000000000000e+00
1.639344262295082053e-02
1.538461538461538547e-02
9.174311926605505096e-04
0.000000000000000000e+00
0.000000000000000000e+00
2.830188679245283084e-02
0.000000000000000000e+00
0.000000000000000000e+00
0.000000000000000000e+00
9.433962264150944077e-02
2.040816326530612082e-02
0.000000000000000000e+00
0.000000000000000000e+00
0.000000000000000000e+00
0.000000000000000000e+00
8.522727272727272096e-03
0.000000000000000000e+00
7.751937984496123923e-03
0.000000000000000000e+00
6.510416666666666305e-04
0.000000000000000000e+00
0.000000000000000000e+00
0.000000000000000000e+00
8.830022075055187630e-03
0.000000000000000000e+00
0.000000000000000000e+00
0.000000000000000000e+00
0.000000000000000000e+00
0.000000000000000000e+00
2.801120448179271819e-02
0.000000000000000000e+00
0.000000000000000000e+00
0.000000000000000000e+00
9.708737864077669061e-03
8.849557522123893682e-03
0.000000000000000000e+00
2.000000000000000111e-01
2.276867030965391836e-03
1.428571428571428492e-01
0.000000000000000000e+00
3.174603174603174427e-02
2.051282051282051280e-02
0.000000000000000000e+00
0.000000000000000000e+00
0.000000000000000000e+00
4.081632653061224858e-03
0.000000000000000000e+00
5.882352941176470507e-02
0.000000000000000000e+00
0.000000000000000000e+00
0.000000000000000000e+00
0.000000000000000000e+00
0.000000000000000000e+00
2.439024390243902524e-02
1.176470588235294101e-02
0.000000000000000000e+00
6.655574043261231441e-03
2.702702702702702853e-02
0.000000000000000000e+00
0.000000000000000000e+00
0.000000000000000000e+00
0.000000000000000000e+00
0.000000000000000000e+00
0.000000000000000000e+00
2.500000000000000000e-01
6.493506493506493935e-03
4.545454545454545234e-03
0.000000000000000000e+00
0.000000000000000000e+00
0.000000000000000000e+00
2.380952380952380820e-02
0.000000000000000000e+00
0.000000000000000000e+00
3.460207612456747510e-03
2.985074626865671672e-03
6.944444444444444753e-02
0.000000000000000000e+00
0.000000000000000000e+00
3.030303030303030387e-02
0.000000000000000000e+00
0.000000000000000000e+00
6.329113924050632813e-03
0.000000000000000000e+00
0.000000000000000000e+00
0.000000000000000000e+00
3.252032520325203596e-02
0.000000000000000000e+00
0.000000000000000000e+00
6.069802731411229335e-03
0.000000000000000000e+00
3.076923076923077094e-02
2.229299363057324779e-03
7.909604519774010925e-03
0.000000000000000000e+00
1.503194287861706058e-03
2.857142857142856984e-01
0.000000000000000000e+00
0.000000000000000000e+00
0.000000000000000000e+00
0.000000000000000000e+00
0.000000000000000000e+00
0.000000000000000000e+00
0.000000000000000000e+00
0.000000000000000000e+00
0.000000000000000000e+00
9.118541033434649987e-03
0.000000000000000000e+00
3.750000000000000000e-01
1.307189542483660170e-02
3.041825095057034203e-02
0.000000000000000000e+00
0.000000000000000000e+00
0.000000000000000000e+00
6.633499170812603811e-03
0.000000000000000000e+00
2.356020942408377020e-02
0.000000000000000000e+00
3.184713375796178504e-03
0.000000000000000000e+00
1.886792452830188607e-02
0.000000000000000000e+00
0.000000000000000000e+00
0.000000000000000000e+00
1.616628175519630589e-02
1.970443349753694603e-02
0.000000000000000000e+00
0.000000000000000000e+00
2.110817941952506521e-02
0.000000000000000000e+00
0.000000000000000000e+00
0.000000000000000000e+00
0.000000000000000000e+00
0.000000000000000000e+00
0.000000000000000000e+00
7.142857142857142461e-02
0.000000000000000000e+00
6.191950464396285200e-03
2.631578947368420907e-02
0.000000000000000000e+00
1.666666666666666574e-01
0.000000000000000000e+00
0.000000000000000000e+00
6.493506493506493935e-03
0.000000000000000000e+00
0.000000000000000000e+00
0.000000000000000000e+00
0.000000000000000000e+00
0.000000000000000000e+00
3.745318352059925134e-03
0.000000000000000000e+00
5.649717514124293766e-03
0.000000000000000000e+00
2.325581395348837177e-02
0.000000000000000000e+00
0.000000000000000000e+00
0.000000000000000000e+00
0.000000000000000000e+00
9.009009009009008931e-03
2.500000000000000139e-02
0.000000000000000000e+00
0.000000000000000000e+00
0.000000000000000000e+00
3.669724770642201822e-04
0.000000000000000000e+00
0.000000000000000000e+00
2.573529411764705847e-03
0.000000000000000000e+00
0.000000000000000000e+00
0.000000000000000000e+00
0.000000000000000000e+00
6.666666666666666574e-02
2.238805970149253602e-02
4.187604690117252559e-03
4.687500000000000000e-02
0.000000000000000000e+00
4.385964912280701511e-03
0.000000000000000000e+00
0.000000000000000000e+00
2.272727272727272790e-02
0.000000000000000000e+00
0.000000000000000000e+00
1.020408163265306041e-02
6.134969325153374377e-03
0.000000000000000000e+00
0.000000000000000000e+00
0.000000000000000000e+00
0.000000000000000000e+00
0.000000000000000000e+00
0.000000000000000000e+00
0.000000000000000000e+00
0.000000000000000000e+00
0.000000000000000000e+00
0.000000000000000000e+00
0.000000000000000000e+00
0.000000000000000000e+00
0.000000000000000000e+00
0.000000000000000000e+00
0.000000000000000000e+00
3.396226415094339562e-02
0.000000000000000000e+00
0.000000000000000000e+00
0.000000000000000000e+00
0.000000000000000000e+00
2.275682704811443375e-03
0.000000000000000000e+00
6.666666666666666574e-02
3.508771929824561209e-02
7.407407407407407690e-03
0.000000000000000000e+00
0.000000000000000000e+00
8.784773060029282821e-03
0.000000000000000000e+00
1.385681293302540480e-02
7.462686567164178962e-03
3.284072249589490861e-03
0.000000000000000000e+00
0.000000000000000000e+00
8.620689655172413673e-03
4.366812227074235581e-03
7.077140835102618778e-04
6.696428571428571057e-03
9.063444108761330165e-03
0.000000000000000000e+00
2.840909090909090988e-03
0.000000000000000000e+00
0.000000000000000000e+00
0.000000000000000000e+00
4.761904761904761640e-02
4.357298474945534190e-03
0.000000000000000000e+00
1.169590643274853736e-02
1.654533421575115877e-03
0.000000000000000000e+00
9.656652360515022293e-03
4.997501249375312614e-03
3.787878787878787984e-03
0.000000000000000000e+00
0.000000000000000000e+00
0.000000000000000000e+00
1.744186046511627883e-02
1.136363636363636395e-02
0.000000000000000000e+00
0.000000000000000000e+00
4.773269689737470386e-03
0.000000000000000000e+00
2.994011976047904373e-03
2.020202020202020200e-03
0.000000000000000000e+00
0.000000000000000000e+00
0.000000000000000000e+00
0.000000000000000000e+00
0.000000000000000000e+00
0.000000000000000000e+00
0.000000000000000000e+00
0.000000000000000000e+00
7.512520868113522869e-03
0.000000000000000000e+00
4.201680672268907381e-03
0.000000000000000000e+00
0.000000000000000000e+00
2.831969792322215369e-03
9.090909090909091161e-02
0.000000000000000000e+00
0.000000000000000000e+00
0.000000000000000000e+00
3.448275862068965469e-02
4.338394793926247418e-03
0.000000000000000000e+00
8.438818565400843172e-03
0.000000000000000000e+00
0.000000000000000000e+00
0.000000000000000000e+00
2.631578947368420907e-02
5.769230769230769551e-02
9.900990099009901110e-03
7.407407407407407690e-03
1.141552511415525051e-02
0.000000000000000000e+00
0.000000000000000000e+00
0.000000000000000000e+00
0.000000000000000000e+00
7.927519818799546453e-03
0.000000000000000000e+00
0.000000000000000000e+00
0.000000000000000000e+00
0.000000000000000000e+00
0.000000000000000000e+00
0.000000000000000000e+00
3.281378178835110942e-03
0.000000000000000000e+00
0.000000000000000000e+00
7.042253521126760722e-03
1.246882793017456328e-03
3.571428571428571317e-03
0.000000000000000000e+00
0.000000000000000000e+00
8.806262230919764677e-03
0.000000000000000000e+00
0.000000000000000000e+00
0.000000000000000000e+00
0.000000000000000000e+00
0.000000000000000000e+00
8.902077151335311897e-03
1.492537313432835792e-02
0.000000000000000000e+00
1.000000000000000056e-01
5.376344086021505805e-03
3.284072249589490861e-03
1.428571428571428527e-02
0.000000000000000000e+00
0.000000000000000000e+00
1.298701298701298787e-02
7.142857142857142461e-02
0.000000000000000000e+00
0.000000000000000000e+00
0.000000000000000000e+00
0.000000000000000000e+00
0.000000000000000000e+00
0.000000000000000000e+00
0.000000000000000000e+00
0.000000000000000000e+00
0.000000000000000000e+00
8.474576271186440649e-03
1.863354037267080793e-02
0.000000000000000000e+00
0.000000000000000000e+00
0.000000000000000000e+00
0.000000000000000000e+00
1.818181818181818094e-02
0.000000000000000000e+00
0.000000000000000000e+00
0.000000000000000000e+00
0.000000000000000000e+00
0.000000000000000000e+00
0.000000000000000000e+00
1.369863013698630061e-02
0.000000000000000000e+00
2.162162162162162282e-02
5.722460658082975660e-03
3.623188405797101493e-03
0.000000000000000000e+00
7.714561234329797741e-03
0.000000000000000000e+00
0.000000000000000000e+00
0.000000000000000000e+00
8.695652173913043584e-03
0.000000000000000000e+00
7.619047619047619258e-04
0.000000000000000000e+00
2.971277649389237295e-03
1.212121212121212120e-02
0.000000000000000000e+00
0.000000000000000000e+00
1.477832512315270866e-02
3.703703703703703498e-02
0.000000000000000000e+00
0.000000000000000000e+00
0.000000000000000000e+00
2.500000000000000139e-02
0.000000000000000000e+00
0.000000000000000000e+00
0.000000000000000000e+00
2.469135802469135665e-02
8.417508417508417357e-03
6.439742410303588016e-03
3.898635477582845787e-03
0.000000000000000000e+00
0.000000000000000000e+00
0.000000000000000000e+00
0.000000000000000000e+00
0.000000000000000000e+00
0.000000000000000000e+00
0.000000000000000000e+00
4.201680672268907381e-03
0.000000000000000000e+00
0.000000000000000000e+00
5.291005291005290712e-03
0.000000000000000000e+00
2.247191011235954994e-02
2.941176470588235253e-02
7.949125596184420219e-04
0.000000000000000000e+00
1.985702938840349426e-03
2.083333333333333218e-02
0.000000000000000000e+00
0.000000000000000000e+00
0.000000000000000000e+00
3.147953830010493271e-03
0.000000000000000000e+00
1.673640167364016636e-03
1.315789473684210453e-02
0.000000000000000000e+00
3.720930232558139483e-02
2.506963788300835619e-02
4.869141813755325718e-03
0.000000000000000000e+00
4.739336492890995622e-03
0.000000000000000000e+00
0.000000000000000000e+00
0.000000000000000000e+00
0.000000000000000000e+00
0.000000000000000000e+00
0.000000000000000000e+00
0.000000000000000000e+00
0.000000000000000000e+00
0.000000000000000000e+00
0.000000000000000000e+00
0.000000000000000000e+00
0.000000000000000000e+00
0.000000000000000000e+00
0.000000000000000000e+00
1.796407185628742451e-02
5.882352941176470507e-03
0.000000000000000000e+00
0.000000000000000000e+00
2.424242424242424240e-02
0.000000000000000000e+00
0.000000000000000000e+00
0.000000000000000000e+00
0.000000000000000000e+00
2.395209580838323325e-03
0.000000000000000000e+00
0.000000000000000000e+00
0.000000000000000000e+00
0.000000000000000000e+00
0.000000000000000000e+00
7.555723460521344666e-04
0.000000000000000000e+00
0.000000000000000000e+00
0.000000000000000000e+00
2.222222222222222099e-01
0.000000000000000000e+00
0.000000000000000000e+00
0.000000000000000000e+00
7.633587786259541687e-03
4.098360655737705131e-03
0.000000000000000000e+00
0.000000000000000000e+00
0.000000000000000000e+00
0.000000000000000000e+00
0.000000000000000000e+00
0.000000000000000000e+00
4.081632653061224858e-03
0.000000000000000000e+00
0.000000000000000000e+00
1.917808219178082293e-02
7.936507936507936067e-03
0.000000000000000000e+00
0.000000000000000000e+00
0.000000000000000000e+00
0.000000000000000000e+00
3.205128205128205017e-03
0.000000000000000000e+00
0.000000000000000000e+00
0.000000000000000000e+00
0.000000000000000000e+00
0.000000000000000000e+00
2.017291066282420747e-02
5.227391531625718776e-03
0.000000000000000000e+00
1.874999999999999931e-02
0.000000000000000000e+00
1.237964236588720741e-02
0.000000000000000000e+00
0.000000000000000000e+00
1.573033707865168634e-02
5.112474437627812125e-03
0.000000000000000000e+00
0.000000000000000000e+00
0.000000000000000000e+00
2.941176470588235253e-02
6.211180124223602064e-03
0.000000000000000000e+00
0.000000000000000000e+00
5.353319057815846124e-04
2.201027146001467358e-03
4.618937644341801312e-03
0.000000000000000000e+00
3.426613363792118620e-03
0.000000000000000000e+00
0.000000000000000000e+00
0.000000000000000000e+00
0.000000000000000000e+00
2.191780821917808236e-02
0.000000000000000000e+00
0.000000000000000000e+00
0.000000000000000000e+00
0.000000000000000000e+00
0.000000000000000000e+00
7.070707070707070441e-02
1.351351351351351426e-02
0.000000000000000000e+00
0.000000000000000000e+00
2.525252525252525207e-02
0.000000000000000000e+00
4.324324324324324391e-03
0.000000000000000000e+00
2.500000000000000000e-01
0.000000000000000000e+00
1.239669421487603340e-02
0.000000000000000000e+00
0.000000000000000000e+00
0.000000000000000000e+00
0.000000000000000000e+00
0.000000000000000000e+00
2.222222222222222099e-01
0.000000000000000000e+00
0.000000000000000000e+00
0.000000000000000000e+00
0.000000000000000000e+00
0.000000000000000000e+00
6.802721088435373896e-03
4.399472063352397955e-04
5.165289256198347251e-03
0.000000000000000000e+00
0.000000000000000000e+00
2.197802197802197974e-02
0.000000000000000000e+00
0.000000000000000000e+00
5.340453938584779556e-03
0.000000000000000000e+00
0.000000000000000000e+00
0.000000000000000000e+00
0.000000000000000000e+00
0.000000000000000000e+00
0.000000000000000000e+00
3.125000000000000000e-02
2.388059701492537337e-02
2.393617021276595730e-02
2.941176470588235253e-02
0.000000000000000000e+00
0.000000000000000000e+00
4.206983592763988361e-04
1.754385964912280604e-02
0.000000000000000000e+00
0.000000000000000000e+00
0.000000000000000000e+00
0.000000000000000000e+00
0.000000000000000000e+00
5.000000000000000278e-02
3.125000000000000173e-03
2.197802197802197974e-02
3.836317135549872220e-03
1.162790697674418589e-02
7.462686567164178962e-03
0.000000000000000000e+00
0.000000000000000000e+00
0.000000000000000000e+00
3.439052350019105881e-03
0.000000000000000000e+00
0.000000000000000000e+00
0.000000000000000000e+00
3.271537622682660785e-03
0.000000000000000000e+00
0.000000000000000000e+00
1.457194899817850636e-03
0.000000000000000000e+00
9.572431397574984171e-04
0.000000000000000000e+00
0.000000000000000000e+00
0.000000000000000000e+00
0.000000000000000000e+00
0.000000000000000000e+00
0.000000000000000000e+00
1.562500000000000000e-02
2.816901408450704376e-03
0.000000000000000000e+00
0.000000000000000000e+00
1.485884101040118796e-03
0.000000000000000000e+00
0.000000000000000000e+00
0.000000000000000000e+00
0.000000000000000000e+00
0.000000000000000000e+00
0.000000000000000000e+00
0.000000000000000000e+00
0.000000000000000000e+00
0.000000000000000000e+00
0.000000000000000000e+00
3.021148036253776432e-03
0.000000000000000000e+00
0.000000000000000000e+00
0.000000000000000000e+00
6.374501992031872746e-03
5.057803468208092561e-03
0.000000000000000000e+00
0.000000000000000000e+00
0.000000000000000000e+00
0.000000000000000000e+00
0.000000000000000000e+00
0.000000000000000000e+00
0.000000000000000000e+00
0.000000000000000000e+00
1.525054466230936837e-02
1.031991744066047476e-02
3.225806451612903223e-03
3.603603603603603572e-02
0.000000000000000000e+00
2.028397565922920864e-03
0.000000000000000000e+00
3.333333333333333287e-02
0.000000000000000000e+00
0.000000000000000000e+00
3.618817852834740629e-03
0.000000000000000000e+00
0.000000000000000000e+00
0.000000000000000000e+00
6.451612903225806273e-02
0.000000000000000000e+00
0.000000000000000000e+00
0.000000000000000000e+00
0.000000000000000000e+00
5.617977528089887485e-03
0.000000000000000000e+00
0.000000000000000000e+00
0.000000000000000000e+00
1.250000000000000000e-01
8.051529790660224770e-03
0.000000000000000000e+00
0.000000000000000000e+00
0.000000000000000000e+00
0.000000000000000000e+00
5.737234652897303840e-03
0.000000000000000000e+00
0.000000000000000000e+00
5.423728813559322397e-03
1.154734411085450328e-03
0.000000000000000000e+00
1.449275362318840597e-02
0.000000000000000000e+00
0.000000000000000000e+00
0.000000000000000000e+00
1.209677419354838676e-02
0.000000000000000000e+00
5.235602094240838014e-03
0.000000000000000000e+00
1.265822784810126563e-02
0.000000000000000000e+00
5.882352941176470507e-02
0.000000000000000000e+00
0.000000000000000000e+00
0.000000000000000000e+00
0.000000000000000000e+00
0.000000000000000000e+00
0.000000000000000000e+00
0.000000000000000000e+00
0.000000000000000000e+00
9.090909090909091161e-02
1.970443349753694603e-02
4.255319148936170109e-02
0.000000000000000000e+00
4.347826086956521618e-02
0.000000000000000000e+00
0.000000000000000000e+00
0.000000000000000000e+00
5.714285714285714281e-03
0.000000000000000000e+00
0.000000000000000000e+00
2.380952380952380820e-02
5.500550055005500906e-03
0.000000000000000000e+00
0.000000000000000000e+00
0.000000000000000000e+00
3.163555836760518700e-03
0.000000000000000000e+00
0.000000000000000000e+00
0.000000000000000000e+00
0.000000000000000000e+00
0.000000000000000000e+00
0.000000000000000000e+00
7.812500000000000000e-03
1.746419839329374805e-03
0.000000000000000000e+00
0.000000000000000000e+00
5.714285714285714281e-03
2.337662337662337747e-02
1.579778830963664976e-02
4.206098843322817957e-03
0.000000000000000000e+00
0.000000000000000000e+00
0.000000000000000000e+00
0.000000000000000000e+00
0.000000000000000000e+00
8.227067050596462800e-04
0.000000000000000000e+00
0.000000000000000000e+00
0.000000000000000000e+00
0.000000000000000000e+00
0.000000000000000000e+00
0.000000000000000000e+00
1.694915254237288130e-02
2.049180327868852305e-02
6.238303181534622568e-04
2.425876010781671116e-02
0.000000000000000000e+00
1.123595505617977497e-02
0.000000000000000000e+00
4.253056884635832320e-03
0.000000000000000000e+00
0.000000000000000000e+00
0.000000000000000000e+00
0.000000000000000000e+00
0.000000000000000000e+00
0.000000000000000000e+00
0.000000000000000000e+00
0.000000000000000000e+00
0.000000000000000000e+00
0.000000000000000000e+00
0.000000000000000000e+00
0.000000000000000000e+00
0.000000000000000000e+00
0.000000000000000000e+00
1.045296167247386845e-02
0.000000000000000000e+00
0.000000000000000000e+00
1.052631578947368363e-01
9.740259740259740034e-03
0.000000000000000000e+00
2.711864406779660938e-02
0.000000000000000000e+00
0.000000000000000000e+00
0.000000000000000000e+00
0.000000000000000000e+00
0.000000000000000000e+00
0.000000000000000000e+00
1.026342798494697195e-03
0.000000000000000000e+00
0.000000000000000000e+00
1.092896174863387977e-02
0.000000000000000000e+00
8.474576271186440432e-04
2.739726027397260122e-02
0.000000000000000000e+00
0.000000000000000000e+00
0.000000000000000000e+00
0.000000000000000000e+00
5.515719801434087587e-04
1.307189542483660170e-02
0.000000000000000000e+00
0.000000000000000000e+00
3.448275862068965469e-02
2.086230876216968021e-03
1.418439716312056703e-02
0.000000000000000000e+00
0.000000000000000000e+00
0.000000000000000000e+00
0.000000000000000000e+00
0.000000000000000000e+00
1.917808219178082293e-02
0.000000000000000000e+00
0.000000000000000000e+00
1.886792452830188607e-02
5.633802816901408578e-02
5.263157894736841813e-02
0.000000000000000000e+00
0.000000000000000000e+00
0.000000000000000000e+00
0.000000000000000000e+00
5.045408678102926599e-03
9.090909090909091161e-02
2.657807308970099730e-02
0.000000000000000000e+00
4.145555043758636891e-03
0.000000000000000000e+00
0.000000000000000000e+00
1.477832512315270866e-02
0.000000000000000000e+00
0.000000000000000000e+00
9.090909090909090468e-03
0.000000000000000000e+00
0.000000000000000000e+00
5.574912891986062713e-03
0.000000000000000000e+00
1.119402985074626801e-02
1.250000000000000000e-01
2.567394094993581330e-03
8.849557522123893682e-03
3.529827038475114726e-04
0.000000000000000000e+00
2.989040185984722514e-03
5.128205128205128027e-02
0.000000000000000000e+00
0.000000000000000000e+00
9.367681498829039805e-03
0.000000000000000000e+00
0.000000000000000000e+00
2.482269503546099404e-02
0.000000000000000000e+00
0.000000000000000000e+00
0.000000000000000000e+00
0.000000000000000000e+00
5.263157894736841813e-02
2.597402597402597574e-02
3.061224489795918297e-02
0.000000000000000000e+00
0.000000000000000000e+00
0.000000000000000000e+00
0.000000000000000000e+00
0.000000000000000000e+00
2.439024390243902524e-02
0.000000000000000000e+00
0.000000000000000000e+00
0.000000000000000000e+00
1.897018970189701809e-02
0.000000000000000000e+00
0.000000000000000000e+00
4.000000000000000083e-02
0.000000000000000000e+00
0.000000000000000000e+00
0.000000000000000000e+00
1.466992665036674810e-02
0.000000000000000000e+00
0.000000000000000000e+00
5.961251862891207148e-03
0.000000000000000000e+00
0.000000000000000000e+00
0.000000000000000000e+00
1.333333333333333315e-01
4.145077720207254041e-02
0.000000000000000000e+00
0.000000000000000000e+00
0.000000000000000000e+00
0.000000000000000000e+00
0.000000000000000000e+00
0.000000000000000000e+00
4.132231404958677801e-03
0.000000000000000000e+00
0.000000000000000000e+00
1.724137931034482735e-02
0.000000000000000000e+00
0.000000000000000000e+00
5.000000000000000278e-02
0.000000000000000000e+00
2.970297029702970160e-02
0.000000000000000000e+00
5.128205128205128201e-03
0.000000000000000000e+00
0.000000000000000000e+00
0.000000000000000000e+00
0.000000000000000000e+00
1.554404145077720178e-02
5.714285714285714107e-02
0.000000000000000000e+00
2.212389380530973421e-03
0.000000000000000000e+00
9.297520661157025051e-03
0.000000000000000000e+00
0.000000000000000000e+00
7.547169811320754776e-03
0.000000000000000000e+00
0.000000000000000000e+00
0.000000000000000000e+00
0.000000000000000000e+00
0.000000000000000000e+00
0.000000000000000000e+00
2.880806625855239674e-03
0.000000000000000000e+00
0.000000000000000000e+00
0.000000000000000000e+00
1.372549019607843257e-01
0.000000000000000000e+00
1.229508196721311453e-02
0.000000000000000000e+00
0.000000000000000000e+00
0.000000000000000000e+00
0.000000000000000000e+00
0.000000000000000000e+00
0.000000000000000000e+00
2.332361516034985385e-02
0.000000000000000000e+00
0.000000000000000000e+00
0.000000000000000000e+00
1.149425287356321823e-02
7.692307692307692735e-02
0.000000000000000000e+00
0.000000000000000000e+00
0.000000000000000000e+00
0.000000000000000000e+00
0.000000000000000000e+00
0.000000000000000000e+00
0.000000000000000000e+00
0.000000000000000000e+00
0.000000000000000000e+00
3.157894736842105192e-03
1.621621621621621712e-02
0.000000000000000000e+00
2.203856749311294827e-02
1.210653753026634440e-03
0.000000000000000000e+00
0.000000000000000000e+00
2.051282051282051280e-02
1.408450704225352144e-02
0.000000000000000000e+00
0.000000000000000000e+00
4.329004329004329001e-03
0.000000000000000000e+00
1.149425287356321823e-02
0.000000000000000000e+00
0.000000000000000000e+00
7.220216606498195203e-03
2.000000000000000111e-01
0.000000000000000000e+00
0.000000000000000000e+00
0.000000000000000000e+00
0.000000000000000000e+00
0.000000000000000000e+00
0.000000000000000000e+00
0.000000000000000000e+00
0.000000000000000000e+00
0.000000000000000000e+00
0.000000000000000000e+00
0.000000000000000000e+00
0.000000000000000000e+00
9.966777408637873120e-03
0.000000000000000000e+00
3.153579312519709868e-03
0.000000000000000000e+00
6.384676775738228581e-03
0.000000000000000000e+00
0.000000000000000000e+00
0.000000000000000000e+00
0.000000000000000000e+00
0.000000000000000000e+00
0.000000000000000000e+00
5.600000000000000117e-02
0.000000000000000000e+00
0.000000000000000000e+00
3.325573661456601368e-03
1.811594202898550747e-03
2.380952380952380820e-02
0.000000000000000000e+00
0.000000000000000000e+00
0.000000000000000000e+00
0.000000000000000000e+00
6.172839506172839164e-03
9.499683343888536656e-04
4.273504273504273934e-03
0.000000000000000000e+00
0.000000000000000000e+00
0.000000000000000000e+00
4.975124378109452641e-03
0.000000000000000000e+00
0.000000000000000000e+00
3.988603988603988890e-03
0.000000000000000000e+00
0.000000000000000000e+00
8.598452278589854012e-04
1.111111111111111049e-01
0.000000000000000000e+00
1.300390117035110475e-02
0.000000000000000000e+00
0.000000000000000000e+00
0.000000000000000000e+00
0.000000000000000000e+00
0.000000000000000000e+00
0.000000000000000000e+00
1.160092807424593919e-03
0.000000000000000000e+00
0.000000000000000000e+00
0.000000000000000000e+00
0.000000000000000000e+00
8.791208791208791201e-03
2.500000000000000000e-01
0.000000000000000000e+00
1.041666666666666609e-02
1.020408163265306041e-02
9.950248756218905283e-03
0.000000000000000000e+00
0.000000000000000000e+00
1.144819690898683361e-03
0.000000000000000000e+00
0.000000000000000000e+00
6.079027355623100280e-03
0.000000000000000000e+00
0.000000000000000000e+00
0.000000000000000000e+00
0.000000000000000000e+00
2.343750000000000000e-02
0.000000000000000000e+00
0.000000000000000000e+00
2.164502164502164500e-03
5.714285714285714107e-02
0.000000000000000000e+00
5.263157894736841813e-02
0.000000000000000000e+00
0.000000000000000000e+00
3.364737550471063286e-04
0.000000000000000000e+00
0.000000000000000000e+00
0.000000000000000000e+00
0.000000000000000000e+00
0.000000000000000000e+00
0.000000000000000000e+00
0.000000000000000000e+00
1.449275362318840597e-02
0.000000000000000000e+00
0.000000000000000000e+00
5.512679162072767029e-03
0.000000000000000000e+00
6.240249609984399592e-03
1.238390092879257040e-02
0.000000000000000000e+00
0.000000000000000000e+00
0.000000000000000000e+00
2.185792349726775954e-02
1.968503937007873988e-02
0.000000000000000000e+00
0.000000000000000000e+00
0.000000000000000000e+00
1.562500000000000000e-02
1.711351968054763365e-03
0.000000000000000000e+00
1.097092704333516239e-03
3.386386725364036541e-03
0.000000000000000000e+00
1.067235859124866619e-02
1.533742331288343551e-02
0.000000000000000000e+00
1.842105263157894565e-02
0.000000000000000000e+00
9.667024704618689540e-03
0.000000000000000000e+00
4.005340453938585100e-03
0.000000000000000000e+00
0.000000000000000000e+00
0.000000000000000000e+00
2.869440459110473608e-03
7.017543859649122938e-03
0.000000000000000000e+00
4.730368968779564802e-04
0.000000000000000000e+00
5.405405405405405705e-02
0.000000000000000000e+00
0.000000000000000000e+00
9.667024704618689540e-03
0.000000000000000000e+00
0.000000000000000000e+00
0.000000000000000000e+00
1.070950468540829946e-02
0.000000000000000000e+00
1.199999999999999956e-01
0.000000000000000000e+00
6.802721088435373896e-03
0.000000000000000000e+00
3.125000000000000000e-02
0.000000000000000000e+00
0.000000000000000000e+00
0.000000000000000000e+00
0.000000000000000000e+00
0.000000000000000000e+00
0.000000000000000000e+00
0.000000000000000000e+00
2.216312056737588815e-03
0.000000000000000000e+00
0.000000000000000000e+00
6.711409395973154217e-03
0.000000000000000000e+00
0.000000000000000000e+00
0.000000000000000000e+00
3.178639542275905959e-04
0.000000000000000000e+00
0.000000000000000000e+00
1.685393258426966245e-02
0.000000000000000000e+00
0.000000000000000000e+00
0.000000000000000000e+00
3.846153846153846367e-02
0.000000000000000000e+00
0.000000000000000000e+00
0.000000000000000000e+00
2.811244979919678890e-03
0.000000000000000000e+00
2.571428571428571383e-02
0.000000000000000000e+00
5.794701986754966991e-03
0.000000000000000000e+00
1.017811704834605674e-02
8.264462809917355601e-03
5.263157894736841813e-02
4.651162790697674354e-03
0.000000000000000000e+00
0.000000000000000000e+00
0.000000000000000000e+00
2.439024390243902524e-02
0.000000000000000000e+00
0.000000000000000000e+00
0.000000000000000000e+00
0.000000000000000000e+00
0.000000000000000000e+00
1.069518716577540045e-02
0.000000000000000000e+00
0.000000000000000000e+00
1.492537313432835792e-02
1.363636363636363535e-01
1.225490196078431356e-03
2.941176470588235253e-02
0.000000000000000000e+00
1.481481481481481538e-02
0.000000000000000000e+00
0.000000000000000000e+00
0.000000000000000000e+00
3.333333333333333287e-02
0.000000000000000000e+00
3.821656050955413858e-02
0.000000000000000000e+00
0.000000000000000000e+00
0.000000000000000000e+00
0.000000000000000000e+00
0.000000000000000000e+00
0.000000000000000000e+00
0.000000000000000000e+00
1.204819277108433798e-02
7.550018875047187408e-04
0.000000000000000000e+00
0.000000000000000000e+00
0.000000000000000000e+00
0.000000000000000000e+00
0.000000000000000000e+00
0.000000000000000000e+00
0.000000000000000000e+00
0.000000000000000000e+00
2.743484224965706247e-03
0.000000000000000000e+00
6.802721088435373896e-03
1.022727272727272721e-02
0.000000000000000000e+00
0.000000000000000000e+00
0.000000000000000000e+00
4.519774011299435186e-03
9.132420091324200406e-03
1.428571428571428492e-01
0.000000000000000000e+00
1.785714285714285615e-02
2.785515320334261847e-03
0.000000000000000000e+00
8.599508599508599513e-03
1.779359430604982115e-03
0.000000000000000000e+00
0.000000000000000000e+00
0.000000000000000000e+00
0.000000000000000000e+00
0.000000000000000000e+00
0.000000000000000000e+00
9.017132551848511734e-04
6.546644844517185251e-03
0.000000000000000000e+00
2.083333333333333218e-02
0.000000000000000000e+00
5.698005698005698290e-03
0.000000000000000000e+00
7.905138339920948515e-04
0.000000000000000000e+00
0.000000000000000000e+00
0.000000000000000000e+00
0.000000000000000000e+00
0.000000000000000000e+00
0.000000000000000000e+00
0.000000000000000000e+00
0.000000000000000000e+00
0.000000000000000000e+00
0.000000000000000000e+00
2.702702702702702853e-02
2.702702702702702853e-02
3.208556149732620395e-03
0.000000000000000000e+00
2.857142857142857054e-02
3.608247422680412042e-02
0.000000000000000000e+00
1.948051948051948007e-02
3.291639236339697228e-03
4.126547455295735516e-03
0.000000000000000000e+00
0.000000000000000000e+00
0.000000000000000000e+00
0.000000000000000000e+00
0.000000000000000000e+00
2.566570420275906313e-03
0.000000000000000000e+00
1.342281879194630843e-02
0.000000000000000000e+00
1.267828843106180714e-02
0.000000000000000000e+00
0.000000000000000000e+00
2.666666666666666838e-02
2.500000000000000139e-02
0.000000000000000000e+00
0.000000000000000000e+00
0.000000000000000000e+00
3.937007874015747977e-03
2.459016393442622905e-02
0.000000000000000000e+00
0.000000000000000000e+00
0.000000000000000000e+00
7.692307692307692735e-02
2.285714285714285643e-01
0.000000000000000000e+00
3.921568627450980338e-02
6.116207951070336442e-03
0.000000000000000000e+00
0.000000000000000000e+00
0.000000000000000000e+00
0.000000000000000000e+00
0.000000000000000000e+00
0.000000000000000000e+00
1.948051948051948007e-02
2.484472049689440826e-02
1.775147928994082885e-02
3.773584905660377214e-02
0.000000000000000000e+00
4.576659038901601841e-03
0.000000000000000000e+00
0.000000000000000000e+00
0.000000000000000000e+00
1.140065146579804546e-02
2.439024390243902524e-02
0.000000000000000000e+00
1.080246913580246854e-02
1.051401869158878448e-02
0.000000000000000000e+00
3.571428571428571230e-02
0.000000000000000000e+00
0.000000000000000000e+00
2.087682672233820425e-02
0.000000000000000000e+00
0.000000000000000000e+00
0.000000000000000000e+00
0.000000000000000000e+00
0.000000000000000000e+00
1.538461538461538547e-02
0.000000000000000000e+00
0.000000000000000000e+00
0.000000000000000000e+00
0.000000000000000000e+00
8.143322475570032720e-03
0.000000000000000000e+00
0.000000000000000000e+00
0.000000000000000000e+00
1.428571428571428527e-02
0.000000000000000000e+00
2.702702702702702853e-02
0.000000000000000000e+00
0.000000000000000000e+00
0.000000000000000000e+00
