0.000000000000000000e+00
0.000000000000000000e+00
0.000000000000000000e+00
0.000000000000000000e+00
0.000000000000000000e+00
0.000000000000000000e+00
0.000000000000000000e+00
0.000000000000000000e+00
1.282051282051282007e-02
1.253918495297805594e-02
0.000000000000000000e+00
0.000000000000000000e+00
0.000000000000000000e+00
8.974358974358974395e-02
0.000000000000000000e+00
0.000000000000000000e+00
0.000000000000000000e+00
0.000000000000000000e+00
1.666666666666666574e-01
0.000000000000000000e+00
0.000000000000000000e+00
0.000000000000000000e+00
1.666666666666666574e-01
0.000000000000000000e+00
1.199999999999999956e-01
4.347826086956521618e-02
8.928571428571428076e-03
3.016591251885369657e-03
0.000000000000000000e+00
9.302325581395348708e-02
0.000000000000000000e+00
4.219409282700421586e-03
0.000000000000000000e+00
0.000000000000000000e+00
0.000000000000000000e+00
1.080246913580246854e-02
9.287925696594426933e-03
9.090909090909091161e-02
0.000000000000000000e+00
0.000000000000000000e+00
2.272727272727272617e-03
0.000000000000000000e+00
5.000000000000000000e-01
4.862236628849271082e-03
3.171247357293868838e-03
0.000000000000000000e+00
3.125000000000000000e-02
0.000000000000000000e+00
2.500000000000000000e-01
7.270083605961468170e-04
0.000000000000000000e+00
6.868131868131868017e-03
0.000000000000000000e+00
0.000000000000000000e+00
5.000000000000000000e-01
3.174603174603174600e-03
0.000000000000000000e+00
2.116402116402116545e-03
0.000000000000000000e+00
0.000000000000000000e+00
0.000000000000000000e+00
0.000000000000000000e+00
0.000000000000000000e+00
0.000000000000000000e+00
4.285714285714285754e-02
0.000000000000000000e+00
0.000000000000000000e+00
2.586206896551724102e-02
0.000000000000000000e+00
0.000000000000000000e+00
2.941176470588235253e-02
0.000000000000000000e+00
0.000000000000000000e+00
4.016064257028112081e-03
0.000000000000000000e+00
0.000000000000000000e+00
0.000000000000000000e+00
0.000000000000000000e+00
6.306306306306305731e-02
0.000000000000000000e+00
0.000000000000000000e+00
0.000000000000000000e+00
4.210526315789473589e-02
1.098901098901098987e-02
2.702702702702702853e-02
8.928571428571428076e-03
3.333333333333333148e-01
8.333333333333333218e-03
0.000000000000000000e+00
4.065040650406504495e-03
2.898550724637681195e-03
8.281573498964803909e-03
2.469135802469135752e-03
2.203856749311294827e-02
0.000000000000000000e+00
0.000000000000000000e+00
0.000000000000000000e+00
0.000000000000000000e+00
0.000000000000000000e+00
0.000000000000000000e+00
0.000000000000000000e+00
2.155172413793103418e-03
0.000000000000000000e+00
5.235602094240838014e-03
0.000000000000000000e+00
0.000000000000000000e+00
0.000000000000000000e+00
0.000000000000000000e+00
1.076923076923076879e-02
0.000000000000000000e+00
1.860465116279069742e-02
0.000000000000000000e+00
0.000000000000000000e+00
0.000000000000000000e+00
8.714596949891068381e-03
0.000000000000000000e+00
2.857142857142857054e-02
0.000000000000000000e+00
0.000000000000000000e+00
5.000000000000000000e-01
3.025718608169440313e-03
0.000000000000000000e+00
4.950495049504950555e-03
4.672897196261681894e-03
0.000000000000000000e+00
0.000000000000000000e+00
0.000000000000000000e+00
6.211180124223602064e-03
0.000000000000000000e+00
2.857142857142857054e-02
0.000000000000000000e+00
6.250000000000000000e-02
1.239669421487603340e-02
0.000000000000000000e+00
1.515151515151515194e-02
5.910165484633569596e-03
0.000000000000000000e+00
5.882352941176470507e-02
4.469273743016759920e-02
5.524861878453038444e-03
0.000000000000000000e+00
0.000000000000000000e+00
5.479452054794520244e-02
2.500000000000000000e-01
7.246376811594202987e-03
0.000000000000000000e+00
0.000000000000000000e+00
0.000000000000000000e+00
1.739130434782608717e-02
1.250000000000000069e-02
0.000000000000000000e+00
0.000000000000000000e+00
3.571428571428571230e-02
0.000000000000000000e+00
0.000000000000000000e+00
0.000000000000000000e+00
0.000000000000000000e+00
0.000000000000000000e+00
0.000000000000000000e+00
3.333333333333333148e-01
3.363228699551569674e-03
0.000000000000000000e+00
7.393715341959334253e-04
0.000000000000000000e+00
0.000000000000000000e+00
0.000000000000000000e+00
1.654846335697399530e-03
0.000000000000000000e+00
0.000000000000000000e+00
2.880658436213991841e-02
0.000000000000000000e+00
0.000000000000000000e+00
9.009009009009008931e-03
0.000000000000000000e+00
3.259098316132536585e-03
0.000000000000000000e+00
0.000000000000000000e+00
0.000000000000000000e+00
0.000000000000000000e+00
0.000000000000000000e+00
1.315789473684210453e-02
0.000000000000000000e+00
0.000000000000000000e+00
0.000000000000000000e+00
2.941176470588235253e-02
0.000000000000000000e+00
0.000000000000000000e+00
0.000000000000000000e+00
0.000000000000000000e+00
0.000000000000000000e+00
0.000000000000000000e+00
0.000000000000000000e+00
0.000000000000000000e+00
6.234413965087282072e-03
0.000000000000000000e+00
0.000000000000000000e+00
2.173913043478260809e-02
3.225806451612903136e-02
1.818181818181818094e-02
0.000000000000000000e+00
2.856236115518882932e-03
2.583144979011946923e-03
2.597402597402597574e-02
1.818181818181818094e-02
0.000000000000000000e+00
0.000000000000000000e+00
0.000000000000000000e+00
0.000000000000000000e+00
1.891891891891891997e-02
0.000000000000000000e+00
2.000000000000000111e-01
4.000000000000000083e-02
0.000000000000000000e+00
3.243744207599629122e-03
0.000000000000000000e+00
0.000000000000000000e+00
9.523809523809524669e-03
1.250000000000000069e-02
4.472271914132379053e-03
0.000000000000000000e+00
0.000000000000000000e+00
3.987240829346092204e-03
0.000000000000000000e+00
2.481389578163771710e-03
0.000000000000000000e+00
0.000000000000000000e+00
9.157509157509157935e-03
4.705882352941176058e-03
6.279434850863422658e-03
0.000000000000000000e+00
1.194386383995222527e-03
2.439024390243902437e-03
0.000000000000000000e+00
0.000000000000000000e+00
0.000000000000000000e+00
0.000000000000000000e+00
0.000000000000000000e+00
2.439024390243902524e-02
0.000000000000000000e+00
3.703703703703703498e-02
4.395604395604395601e-03
1.265822784810126606e-03
0.000000000000000000e+00
0.000000000000000000e+00
0.000000000000000000e+00
0.000000000000000000e+00
2.222222222222222307e-02
2.859866539561487040e-03
3.203661327231121115e-03
0.000000000000000000e+00
0.000000000000000000e+00
0.000000000000000000e+00
1.666666666666666644e-02
1.626016260162601798e-02
0.000000000000000000e+00
0.000000000000000000e+00
0.000000000000000000e+00
0.000000000000000000e+00
0.000000000000000000e+00
0.000000000000000000e+00
0.000000000000000000e+00
0.000000000000000000e+00
1.913875598086124327e-02
0.000000000000000000e+00
0.000000000000000000e+00
1.666666666666666574e-01
0.000000000000000000e+00
4.415011037527593815e-03
6.250000000000000000e-02
1.104100946372239822e-02
0.000000000000000000e+00
1.685393258426966245e-02
0.000000000000000000e+00
0.000000000000000000e+00
0.000000000000000000e+00
6.250000000000000000e-02
0.000000000000000000e+00
0.000000000000000000e+00
3.521126760563380361e-03
0.000000000000000000e+00
0.000000000000000000e+00
0.000000000000000000e+00
0.000000000000000000e+00
0.000000000000000000e+00
1.288659793814432922e-02
0.000000000000000000e+00
0.000000000000000000e+00
0.000000000000000000e+00
0.000000000000000000e+00
0.000000000000000000e+00
2.469135802469135752e-03
0.000000000000000000e+00
3.045685279187817368e-02
2.356902356902356929e-02
0.000000000000000000e+00
0.000000000000000000e+00
0.000000000000000000e+00
0.000000000000000000e+00
5.000000000000000000e-01
1.045296167247386845e-02
3.802281368821292754e-03
4.424778761061946841e-03
0.000000000000000000e+00
0.000000000000000000e+00
0.000000000000000000e+00
2.655337227827934271e-03
1.924927815206929843e-03
0.000000000000000000e+00
1.170960187353629976e-03
0.000000000000000000e+00
0.000000000000000000e+00
0.000000000000000000e+00
0.000000000000000000e+00
0.000000000000000000e+00
4.415011037527593815e-03
4.889975550122249368e-03
0.000000000000000000e+00
0.000000000000000000e+00
2.103365384615384515e-03
1.173020527859237536e-02
2.079002079002079117e-03
0.000000000000000000e+00
0.000000000000000000e+00
0.000000000000000000e+00
0.000000000000000000e+00
0.000000000000000000e+00
0.000000000000000000e+00
9.259259259259258745e-03
1.428571428571428527e-02
0.000000000000000000e+00
0.000000000000000000e+00
0.000000000000000000e+00
0.000000000000000000e+00
0.000000000000000000e+00
0.000000000000000000e+00
0.000000000000000000e+00
0.000000000000000000e+00
6.628787878787878972e-03
0.000000000000000000e+00
0.000000000000000000e+00
0.000000000000000000e+00
2.173913043478260809e-02
0.000000000000000000e+00
0.000000000000000000e+00
0.000000000000000000e+00
3.821656050955414032e-03
0.000000000000000000e+00
0.000000000000000000e+00
2.312138728323699568e-03
0.000000000000000000e+00
0.000000000000000000e+00
3.217503217503217289e-03
5.649717514124293766e-03
4.761904761904761640e-02
1.010101010101010187e-02
4.424778761061946841e-03
0.000000000000000000e+00
2.564102564102564014e-02
1.904761904761904934e-02
3.306878306878306695e-03
0.000000000000000000e+00
0.000000000000000000e+00
0.000000000000000000e+00
4.669260700389104950e-03
0.000000000000000000e+00
1.834862385321101019e-02
9.433962264150943470e-04
1.428571428571428492e-01
0.000000000000000000e+00
0.000000000000000000e+00
1.428571428571428492e-01
0.000000000000000000e+00
3.050847457627118772e-02
0.000000000000000000e+00
2.000000000000000111e-01
1.554404145077720178e-02
5.660377358490566169e-02
0.000000000000000000e+00
1.063829787234042527e-02
0.000000000000000000e+00
1.250000000000000069e-02
1.000000000000000000e+00
1.250000000000000069e-02
0.000000000000000000e+00
0.000000000000000000e+00
3.703703703703703498e-02
0.000000000000000000e+00
0.000000000000000000e+00
1.047904191616766401e-02
3.710575139146567777e-03
0.000000000000000000e+00
0.000000000000000000e+00
0.000000000000000000e+00
1.051051051051051129e-02
0.000000000000000000e+00
1.127214170692431537e-02
7.299270072992700489e-03
1.239669421487603340e-02
0.000000000000000000e+00
0.000000000000000000e+00
0.000000000000000000e+00
0.000000000000000000e+00
0.000000000000000000e+00
0.000000000000000000e+00
0.000000000000000000e+00
0.000000000000000000e+00
9.523809523809524669e-03
0.000000000000000000e+00
0.000000000000000000e+00
0.000000000000000000e+00
0.000000000000000000e+00
0.000000000000000000e+00
2.778635381290521945e-03
6.578947368421052266e-03
0.000000000000000000e+00
4.000000000000000083e-02
1.362862010221465095e-02
0.000000000000000000e+00
0.000000000000000000e+00
0.000000000000000000e+00
0.000000000000000000e+00
0.000000000000000000e+00
7.438016528925619868e-03
8.645533141210375375e-03
0.000000000000000000e+00
0.000000000000000000e+00
2.125398512221041321e-03
2.316602316602316483e-02
0.000000000000000000e+00
0.000000000000000000e+00
1.142857142857142856e-02
1.136363636363636395e-02
0.000000000000000000e+00
2.272727272727272790e-02
6.086956521739130682e-02
2.849905003166560997e-03
0.000000000000000000e+00
0.000000000000000000e+00
0.000000000000000000e+00
2.222222222222222307e-02
0.000000000000000000e+00
7.547169811320754429e-02
0.000000000000000000e+00
2.680965147453083161e-03
0.000000000000000000e+00
0.000000000000000000e+00
0.000000000000000000e+00
6.585446163977609060e-04
3.358522250209907550e-03
6.793478260869565029e-03
0.000000000000000000e+00
9.153318077803203681e-03
0.000000000000000000e+00
1.115241635687732290e-02
2.784545770971110553e-03
0.000000000000000000e+00
0.000000000000000000e+00
5.555555555555555247e-02
0.000000000000000000e+00
0.000000000000000000e+00
0.000000000000000000e+00
0.000000000000000000e+00
3.333333333333333148e-01
8.695652173913043237e-02
0.000000000000000000e+00
0.000000000000000000e+00
0.000000000000000000e+00
7.874015748031495954e-03
0.000000000000000000e+00
1.932367149758454014e-02
0.000000000000000000e+00
5.000000000000000278e-02
0.000000000000000000e+00
1.960784313725490169e-02
0.000000000000000000e+00
8.447729672650474558e-03
0.000000000000000000e+00
0.000000000000000000e+00
1.979414093428345008e-03
0.000000000000000000e+00
3.333333333333333287e-02
0.000000000000000000e+00
0.000000000000000000e+00
3.333333333333333547e-03
0.000000000000000000e+00
0.000000000000000000e+00
0.000000000000000000e+00
0.000000000000000000e+00
2.702702702702702853e-02
2.000000000000000111e-01
2.489626556016597339e-02
2.202643171806167605e-03
1.232665639445300505e-02
0.000000000000000000e+00
0.000000000000000000e+00
0.000000000000000000e+00
4.164497657470067615e-03
2.380952380952380820e-02
0.000000000000000000e+00
0.000000000000000000e+00
1.162790697674418589e-02
0.000000000000000000e+00
1.005025125628140718e-02
0.000000000000000000e+00
0.000000000000000000e+00
0.000000000000000000e+00
0.000000000000000000e+00
0.000000000000000000e+00
4.098360655737704611e-02
0.000000000000000000e+00
1.075268817204301161e-02
0.000000000000000000e+00
0.000000000000000000e+00
0.000000000000000000e+00
1.030927835051546372e-02
0.000000000000000000e+00
0.000000000000000000e+00
1.302083333333333391e-02
0.000000000000000000e+00
2.298850574712643646e-03
4.545454545454545581e-02
0.000000000000000000e+00
0.000000000000000000e+00
8.807985907222548767e-04
1.960784313725490169e-02
0.000000000000000000e+00
1.079136690647482071e-02
0.000000000000000000e+00
3.856749311294766034e-03
0.000000000000000000e+00
0.000000000000000000e+00
0.000000000000000000e+00
2.666666666666666838e-02
0.000000000000000000e+00
0.000000000000000000e+00
0.000000000000000000e+00
0.000000000000000000e+00
1.470047776552738062e-03
0.000000000000000000e+00
0.000000000000000000e+00
0.000000000000000000e+00
2.016129032258064460e-02
0.000000000000000000e+00
0.000000000000000000e+00
8.403361344537814762e-03
1.923076923076923184e-02
3.921568627450980338e-02
9.132420091324200406e-03
1.285897985426489578e-03
0.000000000000000000e+00
0.000000000000000000e+00
7.782101167315175205e-03
0.000000000000000000e+00
0.000000000000000000e+00
2.531645569620253125e-02
3.243243243243243076e-03
0.000000000000000000e+00
0.000000000000000000e+00
0.000000000000000000e+00
7.196833393306944441e-04
8.287292817679557666e-03
0.000000000000000000e+00
1.666666666666666574e-01
0.000000000000000000e+00
9.331259720062209245e-03
1.391035548686244197e-02
1.360544217687074779e-02
2.564102564102564014e-02
0.000000000000000000e+00
2.631578947368420907e-02
0.000000000000000000e+00
0.000000000000000000e+00
9.049773755656109406e-03
6.160164271047228156e-03
0.000000000000000000e+00
9.160305343511450718e-03
1.574803149606299191e-02
0.000000000000000000e+00
0.000000000000000000e+00
6.679389312977099084e-03
0.000000000000000000e+00
0.000000000000000000e+00
0.000000000000000000e+00
0.000000000000000000e+00
0.000000000000000000e+00
0.000000000000000000e+00
0.000000000000000000e+00
8.771929824561403022e-03
0.000000000000000000e+00
0.000000000000000000e+00
1.490066225165562891e-02
0.000000000000000000e+00
0.000000000000000000e+00
6.306306306306305731e-02
0.000000000000000000e+00
0.000000000000000000e+00
6.896551724137930939e-02
1.390820584144645275e-03
5.882352941176470507e-02
2.857142857142857054e-02
9.983361064891846728e-03
3.231017770597738488e-03
0.000000000000000000e+00
8.303677342823249583e-03
1.346801346801346742e-02
2.816901408450704376e-03
0.000000000000000000e+00
3.885003885003885001e-03
0.000000000000000000e+00
3.636363636363636187e-02
0.000000000000000000e+00
0.000000000000000000e+00
2.507836990595611448e-03
0.000000000000000000e+00
7.990867579908675356e-03
1.973684210526315680e-02
0.000000000000000000e+00
0.000000000000000000e+00
0.000000000000000000e+00
0.000000000000000000e+00
1.434720229555236804e-03
0.000000000000000000e+00
4.356243949661181385e-03
1.678657074340527550e-02
0.000000000000000000e+00
1.357466063348416324e-02
2.702702702702702853e-02
0.000000000000000000e+00
0.000000000000000000e+00
9.090909090909091161e-02
7.692307692307692735e-02
0.000000000000000000e+00
1.666666666666666574e-01
0.000000000000000000e+00
5.723630417007358716e-03
0.000000000000000000e+00
0.000000000000000000e+00
0.000000000000000000e+00
3.125000000000000000e-02
1.376146788990825764e-02
6.172839506172839164e-03
0.000000000000000000e+00
2.373887240356083173e-02
0.000000000000000000e+00
0.000000000000000000e+00
0.000000000000000000e+00
0.000000000000000000e+00
4.761904761904761640e-02
0.000000000000000000e+00
2.666666666666666838e-02
3.886010362694300446e-03
0.000000000000000000e+00
0.000000000000000000e+00
0.000000000000000000e+00
0.000000000000000000e+00
0.000000000000000000e+00
1.960784313725490169e-02
3.690036900369003583e-03
5.555555555555555247e-02
3.448275862068965469e-02
2.884615384615384776e-03
2.317880794701986796e-02
1.214574898785425114e-02
0.000000000000000000e+00
0.000000000000000000e+00
1.000000000000000056e-01
3.333333333333333148e-01
7.564296520423600782e-03
0.000000000000000000e+00
0.000000000000000000e+00
1.869158878504672758e-02
1.210653753026634354e-02
6.217616580310880540e-03
0.000000000000000000e+00
1.980198019801980222e-02
7.692307692307692735e-02
0.000000000000000000e+00
0.000000000000000000e+00
0.000000000000000000e+00
0.000000000000000000e+00
2.667682926829268494e-03
6.833712984054669815e-03
9.287925696594426933e-03
0.000000000000000000e+00
0.000000000000000000e+00
0.000000000000000000e+00
8.695652173913043237e-02
7.407407407407406996e-02
0.000000000000000000e+00
3.698224852071005722e-03
0.000000000000000000e+00
0.000000000000000000e+00
0.000000000000000000e+00
0.000000000000000000e+00
0.000000000000000000e+00
0.000000000000000000e+00
0.000000000000000000e+00
1.736111111111111188e-02
0.000000000000000000e+00
0.000000000000000000e+00
2.747252747252747467e-03
0.000000000000000000e+00
0.000000000000000000e+00
6.141248720573182912e-03
0.000000000000000000e+00
0.000000000000000000e+00
1.123595505617977497e-02
0.000000000000000000e+00
1.049317943336831004e-02
2.371541501976284771e-03
0.000000000000000000e+00
0.000000000000000000e+00
1.724137931034482735e-02
0.000000000000000000e+00
2.767208578346593006e-03
0.000000000000000000e+00
2.309468822170900656e-03
0.000000000000000000e+00
1.719197707736389675e-03
3.773584905660377214e-02
1.754385964912280604e-02
7.591093117408906962e-04
6.250000000000000000e-02
6.250000000000000000e-02
0.000000000000000000e+00
2.320185614849187838e-03
1.075268817204301161e-02
0.000000000000000000e+00
5.263157894736841813e-02
9.708737864077669061e-03
7.692307692307692735e-02
3.389830508474576259e-02
9.009009009009008931e-03
0.000000000000000000e+00
0.000000000000000000e+00
0.000000000000000000e+00
8.379888268156424416e-03
1.360544217687074736e-03
6.833712984054669815e-03
4.022526146419951910e-03
0.000000000000000000e+00
0.000000000000000000e+00
0.000000000000000000e+00
0.000000000000000000e+00
2.314814814814814686e-02
2.205882352941176613e-02
0.000000000000000000e+00
0.000000000000000000e+00
0.000000000000000000e+00
2.000000000000000042e-02
0.000000000000000000e+00
0.000000000000000000e+00
2.614379084967320341e-02
2.865329512893982720e-03
0.000000000000000000e+00
1.212121212121212120e-02
2.941176470588235253e-02
2.282360612976850472e-03
3.409090909090908839e-02
0.000000000000000000e+00
2.653693056169836514e-03
2.717391304347826012e-02
1.709401709401709574e-02
0.000000000000000000e+00
0.000000000000000000e+00
0.000000000000000000e+00
0.000000000000000000e+00
2.610966057441253298e-03
1.179245283018868010e-02
0.000000000000000000e+00
1.097694840834248162e-02
0.000000000000000000e+00
0.000000000000000000e+00
0.000000000000000000e+00
3.117422930377554413e-03
1.484119916889284655e-03
3.603603603603603572e-02
0.000000000000000000e+00
2.127659574468085055e-02
1.173020527859237536e-02
0.000000000000000000e+00
0.000000000000000000e+00
1.134429948950652382e-03
2.500000000000000000e-01
0.000000000000000000e+00
1.724137931034482735e-02
0.000000000000000000e+00
8.394543546694648722e-03
1.732673267326732824e-02
0.000000000000000000e+00
1.111111111111111049e-01
0.000000000000000000e+00
0.000000000000000000e+00
0.000000000000000000e+00
0.000000000000000000e+00
4.430379746835443056e-02
0.000000000000000000e+00
2.366863905325443732e-02
1.729106628242075075e-02
0.000000000000000000e+00
0.000000000000000000e+00
2.857142857142857054e-02
1.449275362318840597e-02
0.000000000000000000e+00
0.000000000000000000e+00
0.000000000000000000e+00
1.136363636363636395e-02
0.000000000000000000e+00
0.000000000000000000e+00
0.000000000000000000e+00
0.000000000000000000e+00
0.000000000000000000e+00
1.351351351351351426e-02
7.142857142857142461e-02
0.000000000000000000e+00
0.000000000000000000e+00
3.022974607013301056e-03
0.000000000000000000e+00
0.000000000000000000e+00
4.329004329004329001e-03
0.000000000000000000e+00
2.266288951841359881e-02
0.000000000000000000e+00
2.127659574468085055e-02
0.000000000000000000e+00
0.000000000000000000e+00
0.000000000000000000e+00
6.134969325153374377e-03
2.770935960591133090e-03
3.260869565217391214e-02
8.196721311475410263e-03
4.480955937266616756e-03
6.666666666666666574e-02
0.000000000000000000e+00
1.915708812260536300e-03
0.000000000000000000e+00
1.282051282051282007e-02
0.000000000000000000e+00
0.000000000000000000e+00
3.142183817753338784e-03
0.000000000000000000e+00
0.000000000000000000e+00
1.538461538461538547e-02
4.109589041095890183e-02
0.000000000000000000e+00
0.000000000000000000e+00
3.787878787878787984e-03
1.136363636363636395e-02
0.000000000000000000e+00
0.000000000000000000e+00
2.743484224965706247e-03
0.000000000000000000e+00
0.000000000000000000e+00
0.000000000000000000e+00
2.346041055718475071e-02
2.325581395348837177e-02
2.771362586605080787e-03
0.000000000000000000e+00
5.263157894736841987e-03
0.000000000000000000e+00
1.025641025641025640e-02
0.000000000000000000e+00
0.000000000000000000e+00
0.000000000000000000e+00
0.000000000000000000e+00
0.000000000000000000e+00
7.305936073059360499e-03
0.000000000000000000e+00
1.584786053882725892e-03
0.000000000000000000e+00
3.793626707132018334e-03
1.795332136445242435e-03
0.000000000000000000e+00
0.000000000000000000e+00
0.000000000000000000e+00
0.000000000000000000e+00
0.000000000000000000e+00
0.000000000000000000e+00
0.000000000000000000e+00
0.000000000000000000e+00
0.000000000000000000e+00
1.982378854625550801e-02
9.090909090909090468e-03
0.000000000000000000e+00
7.345225603357817198e-03
0.000000000000000000e+00
0.000000000000000000e+00
2.547121752419765663e-03
0.000000000000000000e+00
5.263157894736841813e-02
1.267828843106180714e-02
0.000000000000000000e+00
0.000000000000000000e+00
0.000000000000000000e+00
2.247191011235954994e-02
0.000000000000000000e+00
0.000000000000000000e+00
9.433962264150943036e-03
0.000000000000000000e+00
0.000000000000000000e+00
8.547008547008547868e-03
0.000000000000000000e+00
3.535353535353535220e-02
2.220577350111028764e-03
1.428571428571428492e-01
0.000000000000000000e+00
1.486199575371549911e-02
8.620689655172413673e-03
2.851711026615969674e-03
5.464480874316939886e-03
0.000000000000000000e+00
1.358695652173913006e-02
3.361344537815125905e-02
1.754385964912280604e-02
0.000000000000000000e+00
0.000000000000000000e+00
3.381234150464919493e-03
8.695652173913043801e-04
0.000000000000000000e+00
0.000000000000000000e+00
2.229299363057324693e-02
0.000000000000000000e+00
0.000000000000000000e+00
9.009009009009008931e-03
2.105263157894736795e-03
1.408450704225352144e-02
0.000000000000000000e+00
2.564102564102564100e-03
0.000000000000000000e+00
0.000000000000000000e+00
6.818181818181817851e-03
0.000000000000000000e+00
3.703703703703703498e-02
6.688963210702341018e-03
2.358490566037735759e-03
0.000000000000000000e+00
2.597402597402597574e-02
1.339285714285714211e-02
0.000000000000000000e+00
1.195219123505976075e-02
0.000000000000000000e+00
0.000000000000000000e+00
4.084967320261438033e-04
4.860267314702308196e-03
1.212121212121212155e-01
1.111111111111111154e-02
0.000000000000000000e+00
4.958677685950413534e-03
0.000000000000000000e+00
0.000000000000000000e+00
0.000000000000000000e+00
9.803921568627450844e-03
1.133786848072562345e-02
2.645502645502645356e-02
0.000000000000000000e+00
0.000000000000000000e+00
1.372997711670480465e-02
7.604562737642585075e-04
0.000000000000000000e+00
2.027027027027027140e-02
1.532567049808429040e-02
0.000000000000000000e+00
0.000000000000000000e+00
0.000000000000000000e+00
0.000000000000000000e+00
6.451612903225806446e-03
1.136363636363636395e-02
0.000000000000000000e+00
1.796407185628742451e-02
0.000000000000000000e+00
6.216006216006216001e-03
1.855717930874507034e-03
0.000000000000000000e+00
1.250000000000000069e-02
4.536616979909267704e-03
5.630630630630630365e-03
9.137055837563452451e-03
2.083333333333333218e-02
0.000000000000000000e+00
0.000000000000000000e+00
2.000000000000000111e-01
2.222222222222222099e-01
1.498929336188436871e-02
0.000000000000000000e+00
0.000000000000000000e+00
4.545454545454545581e-02
6.622516556291390723e-03
3.262642740619902271e-03
0.000000000000000000e+00
1.315789473684210453e-02
0.000000000000000000e+00
0.000000000000000000e+00
0.000000000000000000e+00
2.830188679245283084e-02
3.955696202531645833e-03
9.787928221859705513e-03
6.923076923076923288e-03
5.405405405405405705e-03
2.662721893491124328e-02
6.666666666666666574e-02
9.615384615384615918e-04
0.000000000000000000e+00
5.405405405405405705e-03
0.000000000000000000e+00
1.210653753026634440e-03
3.067484662576687188e-03
2.525252525252525467e-03
0.000000000000000000e+00
6.415396952686447385e-03
0.000000000000000000e+00
1.185770750988142212e-02
0.000000000000000000e+00
2.000000000000000111e-01
0.000000000000000000e+00
5.157962604771115442e-03
5.769230769230769551e-02
3.333333333333333287e-02
0.000000000000000000e+00
0.000000000000000000e+00
1.639344262295082053e-02
5.813953488372092943e-03
6.250000000000000000e-02
0.000000000000000000e+00
0.000000000000000000e+00
2.985074626865671585e-02
0.000000000000000000e+00
1.327580484566876938e-03
7.598784194528875567e-03
1.400560224089635909e-02
9.090909090909091161e-02
2.068965517241379368e-03
4.716981132075471518e-03
0.000000000000000000e+00
2.564102564102564014e-02
0.000000000000000000e+00
0.000000000000000000e+00
3.652968036529680249e-03
0.000000000000000000e+00
6.439150032195749794e-03
0.000000000000000000e+00
0.000000000000000000e+00
3.508771929824561209e-02
0.000000000000000000e+00
0.000000000000000000e+00
1.072386058981233264e-02
8.639308855291577202e-03
4.484304932735425943e-03
1.444043321299639041e-02
0.000000000000000000e+00
2.732240437158469856e-02
0.000000000000000000e+00
0.000000000000000000e+00
3.301886792452830149e-02
0.000000000000000000e+00
3.125000000000000000e-02
0.000000000000000000e+00
0.000000000000000000e+00
5.486968449931412493e-03
1.515151515151515194e-02
0.000000000000000000e+00
9.090909090909091161e-02
2.127659574468085055e-02
0.000000000000000000e+00
0.000000000000000000e+00
0.000000000000000000e+00
0.000000000000000000e+00
0.000000000000000000e+00
2.072538860103627020e-02
1.202404809619238464e-02
0.000000000000000000e+00
9.287925696594426933e-03
0.000000000000000000e+00
0.000000000000000000e+00
1.010101010101010187e-02
2.777777777777777624e-02
1.159420289855072478e-02
0.000000000000000000e+00
0.000000000000000000e+00
2.259036144578313154e-03
0.000000000000000000e+00
0.000000000000000000e+00
8.771929824561403022e-03
0.000000000000000000e+00
0.000000000000000000e+00
0.000000000000000000e+00
1.123595505617977497e-02
0.000000000000000000e+00
0.000000000000000000e+00
0.000000000000000000e+00
0.000000000000000000e+00
0.000000000000000000e+00
0.000000000000000000e+00
0.000000000000000000e+00
0.000000000000000000e+00
2.272727272727272790e-02
2.144772117962466702e-03
0.000000000000000000e+00
4.705882352941176405e-02
0.000000000000000000e+00
0.000000000000000000e+00
2.409638554216867595e-02
9.375000000000000000e-02
0.000000000000000000e+00
0.000000000000000000e+00
2.232142857142857019e-03
0.000000000000000000e+00
7.968127490039840933e-04
3.076923076923077094e-02
0.000000000000000000e+00
0.000000000000000000e+00
7.017543859649122417e-02
0.000000000000000000e+00
1.270648030495552788e-03
0.000000000000000000e+00
1.072386058981233264e-02
0.000000000000000000e+00
7.407407407407406996e-02
1.041666666666666609e-02
0.000000000000000000e+00
0.000000000000000000e+00
2.721088435374149558e-02
0.000000000000000000e+00
7.194244604316547137e-03
1.282051282051282007e-02
0.000000000000000000e+00
9.708737864077669061e-03
3.448275862068965469e-02
0.000000000000000000e+00
1.474926253687315614e-02
1.392111368909512660e-03
3.427004797806716945e-03
0.000000000000000000e+00
9.419152276295132686e-03
0.000000000000000000e+00
0.000000000000000000e+00
1.077586206896551796e-02
0.000000000000000000e+00
0.000000000000000000e+00
0.000000000000000000e+00
3.508771929824561469e-03
6.230529595015576148e-03
4.793289394847214009e-03
0.000000000000000000e+00
9.463722397476340836e-03
8.918617614269788024e-03
4.854368932038834530e-03
6.681514476614699473e-03
3.617363344051446796e-03
0.000000000000000000e+00
1.785714285714285615e-02
0.000000000000000000e+00
0.000000000000000000e+00
0.000000000000000000e+00
3.869969040247678033e-03
0.000000000000000000e+00
0.000000000000000000e+00
1.293661060802069919e-02
3.642039542143600539e-03
0.000000000000000000e+00
0.000000000000000000e+00
0.000000000000000000e+00
7.142857142857142461e-02
0.000000000000000000e+00
0.000000000000000000e+00
6.451612903225806273e-02
3.731343283582089481e-03
6.071645415907710695e-03
1.547987616099071300e-03
4.166666666666666609e-03
0.000000000000000000e+00
9.708737864077669061e-03
9.419152276295132686e-03
0.000000000000000000e+00
0.000000000000000000e+00
1.534526854219948888e-02
5.228758169934640161e-03
0.000000000000000000e+00
0.000000000000000000e+00
0.000000000000000000e+00
0.000000000000000000e+00
3.692762186115213993e-03
0.000000000000000000e+00
1.694915254237288130e-02
0.000000000000000000e+00
0.000000000000000000e+00
0.000000000000000000e+00
5.410279531109107691e-03
0.000000000000000000e+00
0.000000000000000000e+00
0.000000000000000000e+00
0.000000000000000000e+00
0.000000000000000000e+00
7.961783439490445827e-03
0.000000000000000000e+00
0.000000000000000000e+00
0.000000000000000000e+00
0.000000000000000000e+00
1.965601965601965553e-02
8.830022075055187630e-03
8.791208791208791201e-03
0.000000000000000000e+00
0.000000000000000000e+00
2.734375000000000000e-02
7.042253521126760722e-03
0.000000000000000000e+00
2.988643156007172921e-03
2.836879432624113406e-02
1.648125257519571490e-03
0.000000000000000000e+00
0.000000000000000000e+00
1.618122977346278177e-02
0.000000000000000000e+00
1.030927835051546372e-02
0.000000000000000000e+00
0.000000000000000000e+00
1.176470588235294101e-01
1.339285714285714211e-02
3.846153846153846367e-02
1.001669449081802991e-02
0.000000000000000000e+00
6.250000000000000000e-02
0.000000000000000000e+00
2.701242571582928090e-03
0.000000000000000000e+00
0.000000000000000000e+00
0.000000000000000000e+00
1.687289088863891959e-03
2.272727272727272790e-02
1.030927835051546372e-02
0.000000000000000000e+00
3.289473684210526133e-02
0.000000000000000000e+00
5.924170616113743661e-03
1.176470588235294101e-02
2.000000000000000111e-01
0.000000000000000000e+00
3.174603174603174427e-02
3.762227238525206897e-03
5.555555555555555247e-02
5.059021922428330251e-03
2.565418163160595143e-03
0.000000000000000000e+00
0.000000000000000000e+00
0.000000000000000000e+00
1.071428571428571369e-01
5.000000000000000000e-01
1.176470588235294101e-02
9.732360097323601231e-03
0.000000000000000000e+00
0.000000000000000000e+00
0.000000000000000000e+00
0.000000000000000000e+00
5.000000000000000000e-01
0.000000000000000000e+00
0.000000000000000000e+00
8.196721311475410263e-03
1.666666666666666574e-01
4.935225169648365350e-03
0.000000000000000000e+00
1.538461538461538547e-02
1.483050847457627157e-02
9.980039920159680666e-03
0.000000000000000000e+00
1.587301587301587213e-02
0.000000000000000000e+00
2.053388090349076052e-03
0.000000000000000000e+00
0.000000000000000000e+00
0.000000000000000000e+00
5.018820577164366005e-03
0.000000000000000000e+00
0.000000000000000000e+00
0.000000000000000000e+00
0.000000000000000000e+00
1.818181818181818232e-01
0.000000000000000000e+00
4.812319538017324067e-03
1.302931596091205270e-02
4.184100418410041482e-03
0.000000000000000000e+00
4.761904761904761640e-02
8.810572687224670421e-03
0.000000000000000000e+00
0.000000000000000000e+00
1.204819277108433798e-02
0.000000000000000000e+00
1.070663811563169225e-03
0.000000000000000000e+00
0.000000000000000000e+00
6.250000000000000000e-02
0.000000000000000000e+00
6.696428571428571057e-03
1.307189542483660170e-02
0.000000000000000000e+00
0.000000000000000000e+00
0.000000000000000000e+00
1.433121019108280284e-02
0.000000000000000000e+00
0.000000000000000000e+00
6.250000000000000000e-02
5.376344086021505805e-03
0.000000000000000000e+00
1.213960546282245867e-02
3.246753246753246967e-03
0.000000000000000000e+00
0.000000000000000000e+00
0.000000000000000000e+00
0.000000000000000000e+00
0.000000000000000000e+00
0.000000000000000000e+00
7.827788649706457491e-03
0.000000000000000000e+00
9.871668311944717996e-04
1.086956521739130405e-02
0.000000000000000000e+00
2.392344497607655496e-02
2.932551319648093839e-03
0.000000000000000000e+00
0.000000000000000000e+00
0.000000000000000000e+00
0.000000000000000000e+00
1.474926253687315614e-03
2.770083102493074798e-03
0.000000000000000000e+00
0.000000000000000000e+00
0.000000000000000000e+00
0.000000000000000000e+00
0.000000000000000000e+00
2.083333333333333218e-02
0.000000000000000000e+00
3.546099290780141758e-03
1.321585903083700476e-02
0.000000000000000000e+00
0.000000000000000000e+00
