0.000000000000000000e+00
0.000000000000000000e+00
0.000000000000000000e+00
6.666666666666666574e-02
0.000000000000000000e+00
1.021972406745017990e-03
0.000000000000000000e+00
0.000000000000000000e+00
0.000000000000000000e+00
2.215189873417721528e-02
0.000000000000000000e+00
0.000000000000000000e+00
0.000000000000000000e+00
2.631578947368420907e-02
0.000000000000000000e+00
0.000000000000000000e+00
0.000000000000000000e+00
0.000000000000000000e+00
0.000000000000000000e+00
0.000000000000000000e+00
0.000000000000000000e+00
0.000000000000000000e+00
4.761904761904761640e-02
0.000000000000000000e+00
5.263157894736841813e-02
1.562500000000000000e-02
0.000000000000000000e+00
7.153075822603719575e-03
0.000000000000000000e+00
1.081081081081081141e-01
0.000000000000000000e+00
1.129943502824858753e-02
0.000000000000000000e+00
0.000000000000000000e+00
0.000000000000000000e+00
9.230769230769231629e-03
6.250000000000000347e-03
1.000000000000000056e-01
0.000000000000000000e+00
0.000000000000000000e+00
0.000000000000000000e+00
0.000000000000000000e+00
0.000000000000000000e+00
9.950248756218905283e-03
2.089864158829676279e-03
0.000000000000000000e+00
0.000000000000000000e+00
0.000000000000000000e+00
9.090909090909091161e-02
3.570153516601214019e-04
0.000000000000000000e+00
4.787961696306429482e-03
0.000000000000000000e+00
0.000000000000000000e+00
0.000000000000000000e+00
3.173595683909869684e-03
0.000000000000000000e+00
1.856763925729442962e-03
0.000000000000000000e+00
0.000000000000000000e+00
0.000000000000000000e+00
0.000000000000000000e+00
0.000000000000000000e+00
0.000000000000000000e+00
2.777777777777777624e-02
0.000000000000000000e+00
0.000000000000000000e+00
3.319502074688796683e-02
0.000000000000000000e+00
0.000000000000000000e+00
0.000000000000000000e+00
0.000000000000000000e+00
0.000000000000000000e+00
3.327787021630615721e-03
0.000000000000000000e+00
3.044140030441400135e-03
0.000000000000000000e+00
4.761904761904761640e-02
4.504504504504504292e-02
0.000000000000000000e+00
0.000000000000000000e+00
0.000000000000000000e+00
0.000000000000000000e+00
1.465201465201465200e-02
0.000000000000000000e+00
0.000000000000000000e+00
2.000000000000000111e-01
0.000000000000000000e+00
0.000000000000000000e+00
0.000000000000000000e+00
0.000000000000000000e+00
2.127659574468085141e-03
2.160493827160493620e-03
1.114206128133704739e-02
0.000000000000000000e+00
0.000000000000000000e+00
0.000000000000000000e+00
0.000000000000000000e+00
0.000000000000000000e+00
0.000000000000000000e+00
0.000000000000000000e+00
9.107468123861566477e-04
0.000000000000000000e+00
1.435406698564593332e-02
5.000000000000000000e-01
0.000000000000000000e+00
0.000000000000000000e+00
0.000000000000000000e+00
1.085271317829457349e-02
0.000000000000000000e+00
1.456310679611650533e-02
0.000000000000000000e+00
0.000000000000000000e+00
0.000000000000000000e+00
8.565310492505353798e-03
0.000000000000000000e+00
2.830188679245283084e-02
0.000000000000000000e+00
1.574803149606299191e-02
0.000000000000000000e+00
4.495504495504495934e-03
0.000000000000000000e+00
4.901960784313725422e-03
0.000000000000000000e+00
0.000000000000000000e+00
0.000000000000000000e+00
0.000000000000000000e+00
1.298701298701298787e-02
0.000000000000000000e+00
2.469135802469135665e-02
1.212121212121212155e-01
0.000000000000000000e+00
8.810572687224670421e-03
0.000000000000000000e+00
1.720430107526881719e-02
5.903187721369539467e-03
0.000000000000000000e+00
0.000000000000000000e+00
3.743315508021390070e-02
1.329787234042553203e-02
0.000000000000000000e+00
0.000000000000000000e+00
0.000000000000000000e+00
3.333333333333333148e-01
1.158301158301158242e-02
0.000000000000000000e+00
0.000000000000000000e+00
0.000000000000000000e+00
3.875968992248061962e-03
0.000000000000000000e+00
0.000000000000000000e+00
0.000000000000000000e+00
1.666666666666666644e-02
0.000000000000000000e+00
2.702702702702702853e-02
5.797101449275362389e-02
1.890359168241966025e-03
0.000000000000000000e+00
0.000000000000000000e+00
6.666666666666666297e-01
6.825938566552901092e-03
0.000000000000000000e+00
1.078360891445003531e-03
0.000000000000000000e+00
0.000000000000000000e+00
0.000000000000000000e+00
1.441614608361364673e-03
0.000000000000000000e+00
0.000000000000000000e+00
3.056768558951964906e-02
0.000000000000000000e+00
0.000000000000000000e+00
1.339285714285714211e-02
0.000000000000000000e+00
3.753351206434316512e-03
1.071975497702909626e-02
0.000000000000000000e+00
0.000000000000000000e+00
0.000000000000000000e+00
0.000000000000000000e+00
7.677543186180421989e-03
0.000000000000000000e+00
3.846153846153846367e-02
0.000000000000000000e+00
4.411764705882353227e-02
0.000000000000000000e+00
0.000000000000000000e+00
0.000000000000000000e+00
0.000000000000000000e+00
0.000000000000000000e+00
6.802721088435373896e-03
4.878048780487805047e-02
0.000000000000000000e+00
1.236093943139678509e-03
0.000000000000000000e+00
0.000000000000000000e+00
2.527075812274368061e-02
2.448979591836734568e-02
3.333333333333333287e-02
0.000000000000000000e+00
2.499218994064354802e-03
2.260251856635453558e-03
0.000000000000000000e+00
0.000000000000000000e+00
3.448275862068965469e-02
0.000000000000000000e+00
2.500000000000000000e-01
1.385041551246537356e-02
0.000000000000000000e+00
2.222222222222222099e-01
0.000000000000000000e+00
0.000000000000000000e+00
4.143646408839778833e-03
0.000000000000000000e+00
0.000000000000000000e+00
9.615384615384615918e-03
7.861635220125786153e-03
3.493449781659388725e-03
0.000000000000000000e+00
1.960784313725490169e-02
5.714285714285714281e-03
2.222222222222222099e-01
1.796407185628742494e-03
0.000000000000000000e+00
0.000000000000000000e+00
9.416195856873822365e-03
2.457002457002456942e-03
4.636785162287480368e-03
0.000000000000000000e+00
1.204456489009334561e-03
2.398081534772182090e-03
0.000000000000000000e+00
0.000000000000000000e+00
0.000000000000000000e+00
0.000000000000000000e+00
2.197802197802197800e-03
1.351351351351351426e-02
0.000000000000000000e+00
0.000000000000000000e+00
5.131964809384164002e-03
0.000000000000000000e+00
0.000000000000000000e+00
0.000000000000000000e+00
5.649717514124293766e-03
0.000000000000000000e+00
0.000000000000000000e+00
3.165558721114276539e-03
3.695150115473441049e-03
0.000000000000000000e+00
0.000000000000000000e+00
0.000000000000000000e+00
0.000000000000000000e+00
2.801120448179271819e-02
0.000000000000000000e+00
0.000000000000000000e+00
0.000000000000000000e+00
0.000000000000000000e+00
0.000000000000000000e+00
0.000000000000000000e+00
0.000000000000000000e+00
0.000000000000000000e+00
2.678571428571428423e-02
6.024096385542168988e-03
0.000000000000000000e+00
2.500000000000000000e-01
0.000000000000000000e+00
1.146788990825688137e-02
8.333333333333332871e-02
1.577287066246056690e-02
1.408450704225352144e-02
6.578947368421052266e-03
0.000000000000000000e+00
0.000000000000000000e+00
0.000000000000000000e+00
0.000000000000000000e+00
0.000000000000000000e+00
0.000000000000000000e+00
1.776198934280639498e-03
0.000000000000000000e+00
0.000000000000000000e+00
0.000000000000000000e+00
0.000000000000000000e+00
0.000000000000000000e+00
1.015228426395939007e-02
0.000000000000000000e+00
0.000000000000000000e+00
0.000000000000000000e+00
0.000000000000000000e+00
0.000000000000000000e+00
0.000000000000000000e+00
1.666666666666666574e-01
3.571428571428571230e-02
1.666666666666666644e-02
0.000000000000000000e+00
0.000000000000000000e+00
0.000000000000000000e+00
0.000000000000000000e+00
0.000000000000000000e+00
1.736111111111111188e-02
4.373974849644614304e-03
8.547008547008547868e-03
0.000000000000000000e+00
4.081632653061224858e-03
0.000000000000000000e+00
1.602564102564102509e-03
2.375296912114014357e-03
0.000000000000000000e+00
7.905138339920948515e-04
0.000000000000000000e+00
0.000000000000000000e+00
0.000000000000000000e+00
0.000000000000000000e+00
0.000000000000000000e+00
3.382187147688838630e-03
4.000000000000000083e-03
0.000000000000000000e+00
0.000000000000000000e+00
2.129601460298144282e-03
9.287925696594426933e-03
4.166666666666666609e-03
0.000000000000000000e+00
0.000000000000000000e+00
0.000000000000000000e+00
0.000000000000000000e+00
0.000000000000000000e+00
0.000000000000000000e+00
0.000000000000000000e+00
2.739726027397260122e-02
0.000000000000000000e+00
1.079913606911447020e-02
0.000000000000000000e+00
5.128205128205128201e-03
0.000000000000000000e+00
2.500000000000000000e-01
0.000000000000000000e+00
0.000000000000000000e+00
7.655502392344497829e-03
0.000000000000000000e+00
0.000000000000000000e+00
0.000000000000000000e+00
0.000000000000000000e+00
0.000000000000000000e+00
0.000000000000000000e+00
0.000000000000000000e+00
3.863490019317450223e-03
0.000000000000000000e+00
0.000000000000000000e+00
4.530011325028312878e-03
5.000000000000000000e-01
0.000000000000000000e+00
3.246753246753246967e-03
1.694915254237288130e-02
0.000000000000000000e+00
0.000000000000000000e+00
4.385964912280701511e-03
0.000000000000000000e+00
4.444444444444444614e-02
1.762114537444934084e-02
4.672897196261681894e-03
0.000000000000000000e+00
0.000000000000000000e+00
0.000000000000000000e+00
0.000000000000000000e+00
0.000000000000000000e+00
2.446483180428134577e-02
1.845018450184501791e-03
0.000000000000000000e+00
0.000000000000000000e+00
0.000000000000000000e+00
0.000000000000000000e+00
0.000000000000000000e+00
2.909090909090909088e-02
1.499999999999999944e-02
0.000000000000000000e+00
1.098901098901098987e-02
1.818181818181818094e-02
0.000000000000000000e+00
1.114649681528662346e-02
0.000000000000000000e+00
1.298701298701298787e-02
0.000000000000000000e+00
1.880877742946708564e-02
7.462686567164178962e-03
0.000000000000000000e+00
1.199999999999999956e-01
0.000000000000000000e+00
0.000000000000000000e+00
8.595988538681948593e-03
5.511328842620942872e-03
0.000000000000000000e+00
0.000000000000000000e+00
0.000000000000000000e+00
7.564296520423600782e-03
0.000000000000000000e+00
9.708737864077669061e-03
1.115241635687732290e-02
1.260504201680672301e-02
0.000000000000000000e+00
0.000000000000000000e+00
0.000000000000000000e+00
0.000000000000000000e+00
0.000000000000000000e+00
0.000000000000000000e+00
0.000000000000000000e+00
0.000000000000000000e+00
4.830917874396135035e-03
0.000000000000000000e+00
8.547008547008547868e-03
0.000000000000000000e+00
0.000000000000000000e+00
0.000000000000000000e+00
0.000000000000000000e+00
2.789832610043397210e-03
0.000000000000000000e+00
0.000000000000000000e+00
0.000000000000000000e+00
1.188455008488964286e-02
0.000000000000000000e+00
0.000000000000000000e+00
0.000000000000000000e+00
0.000000000000000000e+00
0.000000000000000000e+00
7.512520868113522869e-03
1.449275362318840597e-02
0.000000000000000000e+00
0.000000000000000000e+00
4.314994606256741805e-03
2.953586497890295370e-02
0.000000000000000000e+00
0.000000000000000000e+00
2.272727272727272790e-02
1.699716713881019997e-02
0.000000000000000000e+00
4.444444444444444614e-02
3.125000000000000000e-02
1.259842519685039309e-03
0.000000000000000000e+00
1.764705882352941152e-02
0.000000000000000000e+00
7.058823529411764608e-02
0.000000000000000000e+00
4.838709677419354704e-02
0.000000000000000000e+00
3.568242640499554117e-03
1.000000000000000021e-02
0.000000000000000000e+00
0.000000000000000000e+00
3.234152652005174906e-04
1.751313485113835389e-03
6.775067750677507203e-03
0.000000000000000000e+00
6.550218340611353371e-03
5.000000000000000000e-01
8.771929824561403022e-03
3.084304318026045121e-03
7.692307692307692735e-02
0.000000000000000000e+00
2.597402597402597574e-02
3.448275862068965469e-02
3.333333333333333148e-01
0.000000000000000000e+00
0.000000000000000000e+00
0.000000000000000000e+00
4.545454545454545581e-02
1.333333333333333315e-01
0.000000000000000000e+00
0.000000000000000000e+00
4.385964912280701511e-02
0.000000000000000000e+00
3.864734299516908028e-02
0.000000000000000000e+00
1.052631578947368363e-01
2.000000000000000111e-01
3.773584905660377214e-02
5.555555555555555247e-02
4.162330905306972292e-03
0.000000000000000000e+00
0.000000000000000000e+00
2.365930599369085209e-03
0.000000000000000000e+00
6.451612903225806273e-02
0.000000000000000000e+00
0.000000000000000000e+00
1.034482758620689641e-02
0.000000000000000000e+00
0.000000000000000000e+00
0.000000000000000000e+00
0.000000000000000000e+00
0.000000000000000000e+00
0.000000000000000000e+00
1.255230125523012531e-02
6.564551422319474597e-03
9.160305343511450718e-03
0.000000000000000000e+00
4.366812227074235581e-03
0.000000000000000000e+00
3.634475597092419637e-03
2.857142857142857054e-02
0.000000000000000000e+00
0.000000000000000000e+00
0.000000000000000000e+00
5.405405405405405705e-02
0.000000000000000000e+00
0.000000000000000000e+00
0.000000000000000000e+00
0.000000000000000000e+00
0.000000000000000000e+00
0.000000000000000000e+00
4.724409448818897572e-02
1.408450704225352144e-02
3.783783783783783994e-02
0.000000000000000000e+00
8.021390374331551637e-03
0.000000000000000000e+00
4.210526315789473589e-02
0.000000000000000000e+00
0.000000000000000000e+00
2.604166666666666522e-03
0.000000000000000000e+00
0.000000000000000000e+00
0.000000000000000000e+00
0.000000000000000000e+00
0.000000000000000000e+00
1.166861143523920553e-03
2.040816326530612082e-02
0.000000000000000000e+00
3.584229390681003581e-03
0.000000000000000000e+00
3.861003861003861094e-03
0.000000000000000000e+00
0.000000000000000000e+00
0.000000000000000000e+00
2.985074626865671585e-02
0.000000000000000000e+00
0.000000000000000000e+00
0.000000000000000000e+00
0.000000000000000000e+00
7.336757153338224887e-04
1.126126126126126116e-03
0.000000000000000000e+00
0.000000000000000000e+00
2.800000000000000058e-02
0.000000000000000000e+00
6.920415224913494586e-04
0.000000000000000000e+00
3.448275862068965469e-02
1.785714285714285615e-02
1.138952164009111694e-02
8.528784648187632883e-04
0.000000000000000000e+00
0.000000000000000000e+00
0.000000000000000000e+00
0.000000000000000000e+00
0.000000000000000000e+00
2.395209580838323499e-02
7.438894792773645057e-03
0.000000000000000000e+00
0.000000000000000000e+00
0.000000000000000000e+00
2.141327623126338450e-03
9.641873278236914868e-03
0.000000000000000000e+00
0.000000000000000000e+00
0.000000000000000000e+00
1.078582434514637964e-02
1.226993865030674875e-02
6.666666666666667095e-03
2.424242424242424240e-02
1.282051282051282007e-02
2.592592592592592518e-02
2.325581395348837177e-02
0.000000000000000000e+00
1.293103448275862051e-02
4.204625087596356413e-03
0.000000000000000000e+00
1.280000000000000061e-02
0.000000000000000000e+00
0.000000000000000000e+00
0.000000000000000000e+00
7.525870178739416973e-03
0.000000000000000000e+00
0.000000000000000000e+00
0.000000000000000000e+00
2.739726027397260295e-03
0.000000000000000000e+00
0.000000000000000000e+00
7.407407407407407690e-03
4.347826086956521792e-03
5.000000000000000000e-01
0.000000000000000000e+00
6.932409012131715391e-03
2.836879432624113406e-02
0.000000000000000000e+00
0.000000000000000000e+00
0.000000000000000000e+00
1.428571428571428492e-01
1.639344262295082053e-02
2.046384720327421459e-03
0.000000000000000000e+00
0.000000000000000000e+00
1.034482758620689641e-02
0.000000000000000000e+00
0.000000000000000000e+00
9.227220299884660026e-03
1.360544217687074779e-02
2.025111381125961965e-03
0.000000000000000000e+00
2.707930367504835477e-03
0.000000000000000000e+00
3.468208092485548788e-02
0.000000000000000000e+00
0.000000000000000000e+00
3.176620076238881752e-03
0.000000000000000000e+00
9.433962264150943036e-03
4.666666666666666879e-02
0.000000000000000000e+00
0.000000000000000000e+00
0.000000000000000000e+00
0.000000000000000000e+00
5.979073243647234880e-03
0.000000000000000000e+00
4.938271604938271504e-03
2.035623409669211348e-02
0.000000000000000000e+00
1.113585746102449883e-02
0.000000000000000000e+00
7.462686567164178962e-03
0.000000000000000000e+00
1.818181818181818232e-01
0.000000000000000000e+00
0.000000000000000000e+00
0.000000000000000000e+00
2.999999999999999889e-01
4.262574595055413675e-03
0.000000000000000000e+00
0.000000000000000000e+00
0.000000000000000000e+00
1.449275362318840597e-02
1.435406698564593332e-02
5.714285714285714281e-03
1.886792452830188607e-02
2.431610942249240112e-02
0.000000000000000000e+00
0.000000000000000000e+00
0.000000000000000000e+00
0.000000000000000000e+00
0.000000000000000000e+00
4.125412541254125463e-04
3.982300884955752157e-02
3.880983182406209670e-03
0.000000000000000000e+00
0.000000000000000000e+00
0.000000000000000000e+00
1.470588235294117627e-02
0.000000000000000000e+00
0.000000000000000000e+00
3.097893432465923316e-03
5.555555555555555247e-02
1.818181818181818094e-02
4.930966469428007919e-03
2.333333333333333440e-02
6.211180124223602064e-03
4.000000000000000083e-02
0.000000000000000000e+00
0.000000000000000000e+00
0.000000000000000000e+00
1.088646967340591021e-02
0.000000000000000000e+00
3.703703703703703498e-02
2.134146341463414795e-02
9.523809523809524669e-03
5.274261603375527199e-03
0.000000000000000000e+00
2.216748768472906472e-02
0.000000000000000000e+00
0.000000000000000000e+00
0.000000000000000000e+00
0.000000000000000000e+00
0.000000000000000000e+00
3.029155622870124791e-03
4.424778761061946841e-03
2.923976608187134341e-03
0.000000000000000000e+00
0.000000000000000000e+00
0.000000000000000000e+00
3.333333333333333287e-02
3.125000000000000000e-02
0.000000000000000000e+00
2.661596958174904885e-03
0.000000000000000000e+00
7.092198581560283516e-03
0.000000000000000000e+00
0.000000000000000000e+00
0.000000000000000000e+00
0.000000000000000000e+00
0.000000000000000000e+00
3.831417624521072599e-03
0.000000000000000000e+00
0.000000000000000000e+00
5.681818181818181976e-03
3.030303030303030387e-02
0.000000000000000000e+00
5.175983436853002009e-03
0.000000000000000000e+00
0.000000000000000000e+00
0.000000000000000000e+00
0.000000000000000000e+00
5.291005291005290712e-03
1.587301587301587300e-03
0.000000000000000000e+00
3.333333333333333148e-01
3.703703703703703498e-02
4.545454545454545581e-02
3.112033195020746674e-03
0.000000000000000000e+00
2.272727272727272617e-03
0.000000000000000000e+00
5.184331797235023145e-03
0.000000000000000000e+00
1.000000000000000021e-02
7.550969041026932326e-04
6.060606060606060774e-02
9.090909090909091161e-02
0.000000000000000000e+00
8.000000000000000167e-03
3.296703296703296787e-02
0.000000000000000000e+00
5.263157894736841813e-02
8.086253369272237632e-03
0.000000000000000000e+00
4.761904761904761640e-02
1.242236024844720413e-02
1.818181818181818094e-02
0.000000000000000000e+00
0.000000000000000000e+00
8.695652173913043584e-03
1.360544217687074736e-03
1.132502831257078089e-02
2.819170358437374149e-03
0.000000000000000000e+00
2.857142857142856984e-01
0.000000000000000000e+00
0.000000000000000000e+00
2.347417840375586734e-02
7.662835249042145198e-03
0.000000000000000000e+00
4.504504504504504465e-03
0.000000000000000000e+00
2.325581395348837177e-02
0.000000000000000000e+00
0.000000000000000000e+00
2.797202797202797200e-02
2.063557573256293715e-03
0.000000000000000000e+00
1.923076923076923184e-02
0.000000000000000000e+00
2.265372168284789621e-03
3.875968992248061962e-03
1.092896174863387977e-02
3.083700440528634387e-03
1.499999999999999944e-02
2.089552238805970213e-02
0.000000000000000000e+00
0.000000000000000000e+00
0.000000000000000000e+00
0.000000000000000000e+00
2.635046113306982983e-03
1.002506265664160345e-02
0.000000000000000000e+00
9.955752212389380393e-03
0.000000000000000000e+00
0.000000000000000000e+00
0.000000000000000000e+00
6.920415224913494586e-04
1.198681450404555067e-03
8.771929824561403022e-03
0.000000000000000000e+00
0.000000000000000000e+00
8.379888268156424416e-03
1.587301587301587213e-02
0.000000000000000000e+00
5.643340857787809911e-04
0.000000000000000000e+00
0.000000000000000000e+00
9.230769230769231282e-02
0.000000000000000000e+00
5.107252298263534156e-03
1.941747572815533812e-02
5.464480874316939886e-03
0.000000000000000000e+00
0.000000000000000000e+00
1.935483870967742021e-02
5.882352941176470507e-02
2.000000000000000111e-01
4.268292682926829590e-02
0.000000000000000000e+00
4.294478527607362150e-02
5.571030640668523694e-03
0.000000000000000000e+00
1.162790697674418589e-02
8.108108108108108558e-02
0.000000000000000000e+00
0.000000000000000000e+00
2.325581395348837177e-02
0.000000000000000000e+00
7.448789571694599577e-03
0.000000000000000000e+00
2.941176470588235253e-02
0.000000000000000000e+00
0.000000000000000000e+00
0.000000000000000000e+00
1.111111111111111154e-02
0.000000000000000000e+00
0.000000000000000000e+00
1.226993865030674875e-02
1.821493624772313295e-03
0.000000000000000000e+00
0.000000000000000000e+00
5.020920502092050125e-03
0.000000000000000000e+00
2.312138728323699308e-02
1.111111111111111049e-01
1.923076923076923184e-02
0.000000000000000000e+00
0.000000000000000000e+00
0.000000000000000000e+00
6.451612903225806446e-03
1.537042729787888072e-03
2.173913043478260809e-02
5.333333333333333155e-03
4.501125281320329796e-03
0.000000000000000000e+00
0.000000000000000000e+00
9.487666034155597906e-04
0.000000000000000000e+00
8.291873963515754981e-03
0.000000000000000000e+00
0.000000000000000000e+00
3.507404520654715512e-03
0.000000000000000000e+00
1.098901098901098987e-02
4.854368932038834530e-03
2.666666666666666838e-02
0.000000000000000000e+00
0.000000000000000000e+00
0.000000000000000000e+00
1.149425287356321823e-02
0.000000000000000000e+00
6.410256410256410034e-03
0.000000000000000000e+00
3.906250000000000000e-03
0.000000000000000000e+00
1.111111111111111049e-01
9.118541033434649987e-03
0.000000000000000000e+00
3.211009174311926784e-03
0.000000000000000000e+00
2.061855670103092744e-02
0.000000000000000000e+00
1.960784313725490169e-02
3.947368421052631360e-02
0.000000000000000000e+00
8.130081300813008990e-03
0.000000000000000000e+00
0.000000000000000000e+00
8.802816901408451120e-03
0.000000000000000000e+00
1.574803149606299191e-03
0.000000000000000000e+00
2.286585365853658399e-03
8.865248226950355262e-03
0.000000000000000000e+00
6.410256410256410034e-03
0.000000000000000000e+00
0.000000000000000000e+00
0.000000000000000000e+00
0.000000000000000000e+00
0.000000000000000000e+00
0.000000000000000000e+00
0.000000000000000000e+00
1.304347826086956451e-02
0.000000000000000000e+00
0.000000000000000000e+00
6.335797254487856786e-03
0.000000000000000000e+00
0.000000000000000000e+00
2.466699555994079918e-03
0.000000000000000000e+00
0.000000000000000000e+00
1.391035548686244197e-02
0.000000000000000000e+00
0.000000000000000000e+00
0.000000000000000000e+00
4.761904761904761640e-02
1.000000000000000000e+00
0.000000000000000000e+00
5.617977528089887485e-02
1.265822784810126563e-02
6.250000000000000000e-02
9.174311926605505096e-03
0.000000000000000000e+00
1.612903225806451568e-02
1.510003775009437482e-03
1.250000000000000000e-01
0.000000000000000000e+00
8.146639511201628561e-03
0.000000000000000000e+00
0.000000000000000000e+00
5.235602094240838014e-03
0.000000000000000000e+00
8.287292817679557666e-03
3.333333333333333287e-02
0.000000000000000000e+00
0.000000000000000000e+00
0.000000000000000000e+00
3.320880033208800305e-03
1.170275014628437702e-03
0.000000000000000000e+00
5.000000000000000278e-02
2.058823529411764677e-02
0.000000000000000000e+00
0.000000000000000000e+00
0.000000000000000000e+00
2.132196162046908275e-03
1.351351351351351426e-02
0.000000000000000000e+00
0.000000000000000000e+00
0.000000000000000000e+00
0.000000000000000000e+00
8.839779005524862551e-03
0.000000000000000000e+00
1.818181818181818094e-02
1.005025125628140718e-02
0.000000000000000000e+00
4.347826086956521792e-03
1.777777777777777776e-02
2.136752136752136794e-02
0.000000000000000000e+00
1.836734693877551186e-02
0.000000000000000000e+00
0.000000000000000000e+00
0.000000000000000000e+00
6.134969325153374377e-03
0.000000000000000000e+00
0.000000000000000000e+00
0.000000000000000000e+00
4.142502071251035617e-03
0.000000000000000000e+00
0.000000000000000000e+00
2.247191011235954994e-02
9.857612267250822138e-03
8.968609865470851886e-03
1.092896174863387977e-02
0.000000000000000000e+00
0.000000000000000000e+00
1.118568232662192456e-02
0.000000000000000000e+00
0.000000000000000000e+00
3.571428571428571317e-03
1.232032854209445631e-02
0.000000000000000000e+00
0.000000000000000000e+00
0.000000000000000000e+00
0.000000000000000000e+00
3.174603174603174600e-03
2.464788732394366036e-02
0.000000000000000000e+00
1.424501424501424529e-02
0.000000000000000000e+00
5.380476556495004080e-03
2.087682672233820251e-03
0.000000000000000000e+00
3.614457831325301046e-02
5.825242718446602130e-03
7.769145394006659634e-03
8.138351983723295796e-03
0.000000000000000000e+00
6.666666666666666297e-01
0.000000000000000000e+00
0.000000000000000000e+00
6.250000000000000000e-02
8.714596949891068381e-03
0.000000000000000000e+00
0.000000000000000000e+00
0.000000000000000000e+00
0.000000000000000000e+00
2.899484536082474334e-03
1.886792452830188607e-02
1.731601731601731600e-02
0.000000000000000000e+00
0.000000000000000000e+00
0.000000000000000000e+00
1.869158878504672758e-02
3.229713362939039007e-03
1.322314049586776827e-02
4.633204633204632966e-03
0.000000000000000000e+00
2.339181286549707472e-02
5.050505050505050414e-02
1.963350785340314038e-03
0.000000000000000000e+00
0.000000000000000000e+00
0.000000000000000000e+00
1.206272617611580137e-03
0.000000000000000000e+00
3.369839932603201169e-03
3.773584905660377388e-03
7.537688442211054954e-03
0.000000000000000000e+00
2.040816326530612429e-03
0.000000000000000000e+00
0.000000000000000000e+00
0.000000000000000000e+00
3.873466752743705797e-03
2.222222222222222307e-02
2.941176470588235253e-02
0.000000000000000000e+00
0.000000000000000000e+00
1.694915254237288130e-02
1.315789473684210453e-02
1.250000000000000000e-01
0.000000000000000000e+00
0.000000000000000000e+00
1.428571428571428527e-02
0.000000000000000000e+00
1.016949152542372895e-03
1.081916537867078781e-02
1.333333333333333419e-02
0.000000000000000000e+00
2.670226969292389778e-03
2.457002457002456942e-03
0.000000000000000000e+00
5.645161290322580488e-02
0.000000000000000000e+00
0.000000000000000000e+00
7.149240393208221474e-03
0.000000000000000000e+00
6.531678641410842805e-03
0.000000000000000000e+00
4.545454545454545581e-02
1.754385964912280604e-02
0.000000000000000000e+00
0.000000000000000000e+00
1.075268817204301161e-02
2.004454342984409929e-02
4.761904761904762334e-03
9.140767824497257957e-03
0.000000000000000000e+00
3.550295857988165771e-02
1.501501501501501488e-02
0.000000000000000000e+00
3.571428571428571230e-02
0.000000000000000000e+00
3.571428571428571230e-02
0.000000000000000000e+00
0.000000000000000000e+00
9.433962264150943036e-03
5.464480874316939886e-03
0.000000000000000000e+00
0.000000000000000000e+00
0.000000000000000000e+00
0.000000000000000000e+00
1.000000000000000056e-01
0.000000000000000000e+00
9.523809523809524669e-03
0.000000000000000000e+00
1.111111111111111154e-02
1.079913606911447020e-02
0.000000000000000000e+00
1.080246913580246854e-02
0.000000000000000000e+00
0.000000000000000000e+00
0.000000000000000000e+00
1.149425287356321823e-02
1.159420289855072478e-02
0.000000000000000000e+00
0.000000000000000000e+00
2.325581395348837177e-03
0.000000000000000000e+00
5.000000000000000000e-01
2.528089887640449368e-02
0.000000000000000000e+00
0.000000000000000000e+00
0.000000000000000000e+00
2.352941176470588203e-02
2.547770700636942803e-02
0.000000000000000000e+00
0.000000000000000000e+00
0.000000000000000000e+00
0.000000000000000000e+00
0.000000000000000000e+00
0.000000000000000000e+00
0.000000000000000000e+00
2.310231023102310086e-02
4.955947136563877004e-03
0.000000000000000000e+00
1.063829787234042527e-02
0.000000000000000000e+00
1.428571428571428527e-02
1.215805471124620056e-02
6.666666666666666574e-02
0.000000000000000000e+00
0.000000000000000000e+00
0.000000000000000000e+00
6.389776357827476206e-04
0.000000000000000000e+00
6.451612903225806273e-02
0.000000000000000000e+00
0.000000000000000000e+00
3.636363636363636187e-02
2.564102564102564014e-02
2.218700475435816249e-03
4.255319148936170109e-02
1.010101010101010187e-02
0.000000000000000000e+00
3.749999999999999861e-02
1.111111111111111154e-02
1.013513513513513570e-02
0.000000000000000000e+00
1.904761904761904934e-02
0.000000000000000000e+00
1.960784313725490169e-02
2.857142857142857054e-02
0.000000000000000000e+00
9.259259259259258745e-03
0.000000000000000000e+00
0.000000000000000000e+00
1.204819277108433798e-02
4.705882352941176600e-04
2.784545770971110553e-03
1.000000000000000000e+00
1.577287066246056734e-03
0.000000000000000000e+00
0.000000000000000000e+00
9.505703422053231669e-03
0.000000000000000000e+00
0.000000000000000000e+00
0.000000000000000000e+00
3.133159268929504044e-03
3.144654088050314635e-03
4.830917874396135035e-03
0.000000000000000000e+00
7.610350076103500339e-03
3.468208092485549135e-03
0.000000000000000000e+00
1.360544217687074779e-02
2.820306204673650279e-03
0.000000000000000000e+00
3.809523809523809867e-02
0.000000000000000000e+00
3.448275862068965469e-02
0.000000000000000000e+00
3.528028224225793642e-03
0.000000000000000000e+00
0.000000000000000000e+00
1.293661060802069919e-02
3.151260504201680752e-03
0.000000000000000000e+00
0.000000000000000000e+00
4.901960784313725422e-03
0.000000000000000000e+00
0.000000000000000000e+00
0.000000000000000000e+00
0.000000000000000000e+00
1.838235294117647120e-02
3.560830860534124499e-03
2.980625931445603574e-03
0.000000000000000000e+00
0.000000000000000000e+00
1.398601398601398600e-02
1.582278481012658333e-02
1.351351351351351426e-02
0.000000000000000000e+00
1.474201474201474252e-02
5.780346820809248269e-03
0.000000000000000000e+00
0.000000000000000000e+00
0.000000000000000000e+00
0.000000000000000000e+00
3.753753753753753721e-03
0.000000000000000000e+00
0.000000000000000000e+00
0.000000000000000000e+00
0.000000000000000000e+00
0.000000000000000000e+00
3.656307129798903096e-03
0.000000000000000000e+00
0.000000000000000000e+00
0.000000000000000000e+00
6.172839506172839164e-03
0.000000000000000000e+00
1.134521880064829832e-02
0.000000000000000000e+00
1.818181818181818094e-02
0.000000000000000000e+00
0.000000000000000000e+00
1.499999999999999944e-02
9.414225941422594418e-03
1.576576576576576433e-02
0.000000000000000000e+00
0.000000000000000000e+00
3.891050583657587603e-03
4.252303330970942305e-03
0.000000000000000000e+00
4.206730769230769031e-03
2.684563758389261687e-02
8.200082000820007721e-04
0.000000000000000000e+00
0.000000000000000000e+00
1.003344481605351196e-02
0.000000000000000000e+00
0.000000000000000000e+00
0.000000000000000000e+00
0.000000000000000000e+00
0.000000000000000000e+00
0.000000000000000000e+00
0.000000000000000000e+00
1.302931596091205270e-02
0.000000000000000000e+00
0.000000000000000000e+00
2.777777777777777624e-02
3.725385843533794358e-03
0.000000000000000000e+00
1.666666666666666574e-01
1.250000000000000000e-01
1.656543346217559300e-03
0.000000000000000000e+00
0.000000000000000000e+00
0.000000000000000000e+00
2.730375426621160437e-02
0.000000000000000000e+00
3.631961259079903321e-03
4.597701149425287293e-02
2.000000000000000111e-01
0.000000000000000000e+00
3.684210526315789130e-02
3.046458492003046529e-03
0.000000000000000000e+00
3.861003861003861094e-03
3.065917220235053753e-03
0.000000000000000000e+00
0.000000000000000000e+00
0.000000000000000000e+00
3.703703703703703498e-02
0.000000000000000000e+00
0.000000000000000000e+00
9.975062344139650622e-03
0.000000000000000000e+00
0.000000000000000000e+00
0.000000000000000000e+00
0.000000000000000000e+00
0.000000000000000000e+00
0.000000000000000000e+00
0.000000000000000000e+00
0.000000000000000000e+00
0.000000000000000000e+00
5.593536357986326861e-03
0.000000000000000000e+00
8.000000000000000167e-03
8.583690987124463490e-03
7.575757575757575968e-03
0.000000000000000000e+00
3.846153846153846367e-02
1.796407185628742451e-02
0.000000000000000000e+00
4.000000000000000222e-01
0.000000000000000000e+00
0.000000000000000000e+00
4.430379746835443229e-03
0.000000000000000000e+00
0.000000000000000000e+00
8.474576271186440649e-03
0.000000000000000000e+00
1.818181818181818232e-01
0.000000000000000000e+00
2.881844380403458025e-03
1.324503311258278145e-02
1.673640167364016593e-02
0.000000000000000000e+00
0.000000000000000000e+00
1.731601731601731600e-02
0.000000000000000000e+00
0.000000000000000000e+00
1.694915254237288130e-02
0.000000000000000000e+00
0.000000000000000000e+00
0.000000000000000000e+00
0.000000000000000000e+00
0.000000000000000000e+00
0.000000000000000000e+00
1.103752759381898541e-02
1.016518424396442230e-02
0.000000000000000000e+00
0.000000000000000000e+00
0.000000000000000000e+00
1.057401812688821795e-02
0.000000000000000000e+00
0.000000000000000000e+00
0.000000000000000000e+00
0.000000000000000000e+00
0.000000000000000000e+00
1.109350237717908125e-02
8.077544426494346220e-04
0.000000000000000000e+00
0.000000000000000000e+00
2.575107296137339047e-02
0.000000000000000000e+00
0.000000000000000000e+00
0.000000000000000000e+00
6.972111553784860437e-03
0.000000000000000000e+00
1.491795126802585763e-03
0.000000000000000000e+00
0.000000000000000000e+00
2.764976958525345793e-02
8.522727272727272096e-03
0.000000000000000000e+00
0.000000000000000000e+00
1.333333333333333419e-02
0.000000000000000000e+00
1.366120218579234971e-03
9.101941747572815829e-04
0.000000000000000000e+00
0.000000000000000000e+00
0.000000000000000000e+00
0.000000000000000000e+00
0.000000000000000000e+00
4.166666666666666435e-02
0.000000000000000000e+00
1.145038167938931296e-02
1.673640167364016593e-02
0.000000000000000000e+00
0.000000000000000000e+00
