9.976285099983215332e-01
9.973368644714355469e-01
9.986034035682678223e-01
9.978370070457458496e-01
9.876192212104797363e-01
9.618318080902099609e-01
9.943249821662902832e-01
9.991080760955810547e-01
9.980354309082031250e-01
9.984219670295715332e-01
9.894945621490478516e-01
9.887088537216186523e-01
9.975915551185607910e-01
9.797115921974182129e-01
9.983068704605102539e-01
9.984411001205444336e-01
9.982084035873413086e-01
9.921771287918090820e-01
9.925104379653930664e-01
9.957989454269409180e-01
9.911330342292785645e-01
9.957091212272644043e-01
9.848150610923767090e-01
9.849264621734619141e-01
9.925155639648437500e-01
9.980437755584716797e-01
9.961893558502197266e-01
9.978185892105102539e-01
9.994041919708251953e-01
9.697794318199157715e-01
9.842277169227600098e-01
9.667780399322509766e-01
9.875359535217285156e-01
9.861125946044921875e-01
9.629378318786621094e-01
9.981300830841064453e-01
9.971284270286560059e-01
9.990146160125732422e-01
9.870299696922302246e-01
9.826470613479614258e-01
9.907603263854980469e-01
9.977601170539855957e-01
9.980636835098266602e-01
9.997705221176147461e-01
9.976654052734375000e-01
9.990383386611938477e-01
9.895633459091186523e-01
9.388676285743713379e-01
9.985059499740600586e-01
9.968097209930419922e-01
9.934020638465881348e-01
9.927825927734375000e-01
9.805963039398193359e-01
9.858043193817138672e-01
9.960706233978271484e-01
9.941747784614562988e-01
9.963735938072204590e-01
9.898706674575805664e-01
9.989504218101501465e-01
9.990422725677490234e-01
9.924420714378356934e-01
9.933996796607971191e-01
9.879636764526367188e-01
9.919640421867370605e-01
9.932641983032226562e-01
9.976789355278015137e-01
9.886562824249267578e-01
9.966174960136413574e-01
9.974815845489501953e-01
9.952276349067687988e-01
9.865576624870300293e-01
9.992302060127258301e-01
9.984012842178344727e-01
9.906014800071716309e-01
9.562299847602844238e-01
9.921968579292297363e-01
9.954838752746582031e-01
9.784655570983886719e-01
9.915946125984191895e-01
9.770148992538452148e-01
9.933052062988281250e-01
9.838793873786926270e-01
9.974918961524963379e-01
9.975792765617370605e-01
9.979475736618041992e-01
9.999493360519409180e-01
9.972110986709594727e-01
9.966781139373779297e-01
9.969040155410766602e-01
9.994507431983947754e-01
9.821112155914306641e-01
9.889609813690185547e-01
9.974555373191833496e-01
8.095247745513916016e-01
9.294861555099487305e-01
9.994282722473144531e-01
9.867027997970581055e-01
9.487015008926391602e-01
9.978010654449462891e-01
9.924325346946716309e-01
9.927664995193481445e-01
9.968907237052917480e-01
9.931363463401794434e-01
9.955419898033142090e-01
9.875298142433166504e-01
9.988728165626525879e-01
9.835401773452758789e-01
9.924665689468383789e-01
9.984315633773803711e-01
9.951235055923461914e-01
9.970712661743164062e-01
9.783084392547607422e-01
9.973826408386230469e-01
9.915217757225036621e-01
9.982846975326538086e-01
9.968390464782714844e-01
9.988877773284912109e-01
9.992833733558654785e-01
9.973778128623962402e-01
9.951597452163696289e-01
9.974411129951477051e-01
9.781485199928283691e-01
9.908080101013183594e-01
9.985324144363403320e-01
9.989138841629028320e-01
9.974822402000427246e-01
9.574501514434814453e-01
9.933651685714721680e-01
9.985325336456298828e-01
9.995822906494140625e-01
9.485657811164855957e-01
9.999753236770629883e-01
9.962946772575378418e-01
9.981482028961181641e-01
9.884637594223022461e-01
9.990670084953308105e-01
9.911425709724426270e-01
9.905591607093811035e-01
9.899619221687316895e-01
9.947190284729003906e-01
9.921292662620544434e-01
9.960530400276184082e-01
9.930734038352966309e-01
9.933478236198425293e-01
9.919531941413879395e-01
9.983683228492736816e-01
9.945424199104309082e-01
9.984314441680908203e-01
9.799498319625854492e-01
9.808451533317565918e-01
9.869865775108337402e-01
9.937285184860229492e-01
9.914212822914123535e-01
9.750816822052001953e-01
9.973856210708618164e-01
9.967905879020690918e-01
9.971031546592712402e-01
9.929800033569335938e-01
9.874851703643798828e-01
9.990895986557006836e-01
9.958764314651489258e-01
9.960837960243225098e-01
9.943718910217285156e-01
9.941902160644531250e-01
9.934116005897521973e-01
9.997466206550598145e-01
9.198428392410278320e-01
9.911960363388061523e-01
9.779718518257141113e-01
9.989907145500183105e-01
9.796928167343139648e-01
9.942373037338256836e-01
9.988408088684082031e-01
9.956625103950500488e-01
9.953497052192687988e-01
9.805781245231628418e-01
9.931518435478210449e-01
9.721355438232421875e-01
9.970125555992126465e-01
9.785065650939941406e-01
9.989973902702331543e-01
9.946799278259277344e-01
9.990443587303161621e-01
9.981975555419921875e-01
9.999439716339111328e-01
9.954668283462524414e-01
9.929252266883850098e-01
9.981927275657653809e-01
9.933019280433654785e-01
9.889652729034423828e-01
9.980229735374450684e-01
9.978274703025817871e-01
9.912403225898742676e-01
9.972269535064697266e-01
9.986295700073242188e-01
9.947483539581298828e-01
9.680934548377990723e-01
8.492823839187622070e-01
9.897795319557189941e-01
9.988566637039184570e-01
9.919674992561340332e-01
9.697433710098266602e-01
9.985774755477905273e-01
9.738008379936218262e-01
9.978045225143432617e-01
9.962885379791259766e-01
9.936983585357666016e-01
9.960228800773620605e-01
9.994117021560668945e-01
9.847013950347900391e-01
9.990157485008239746e-01
9.768176078796386719e-01
9.758484959602355957e-01
9.635617733001708984e-01
9.963763356208801270e-01
9.936338663101196289e-01
9.974854588508605957e-01
9.948482513427734375e-01
9.719190597534179688e-01
9.981868267059326172e-01
9.919593334197998047e-01
9.890687465667724609e-01
9.915667772293090820e-01
9.868446588516235352e-01
9.903914332389831543e-01
9.991415739059448242e-01
9.989458918571472168e-01
9.192155003547668457e-01
9.971002936363220215e-01
9.868949055671691895e-01
9.955781102180480957e-01
9.923976063728332520e-01
9.973174333572387695e-01
9.984091520309448242e-01
9.941917061805725098e-01
9.711405634880065918e-01
9.900874495506286621e-01
9.974952340126037598e-01
9.892008900642395020e-01
9.959525465965270996e-01
9.966700673103332520e-01
9.726298451423645020e-01
9.895300865173339844e-01
9.982284307479858398e-01
9.999409317970275879e-01
9.918511509895324707e-01
9.945163130760192871e-01
9.969499707221984863e-01
9.979856014251708984e-01
9.801688194274902344e-01
9.785746335983276367e-01
9.989937543869018555e-01
9.971466064453125000e-01
9.978297948837280273e-01
9.941000938415527344e-01
9.639922976493835449e-01
9.995363950729370117e-01
9.970141649246215820e-01
9.946787357330322266e-01
9.976907968521118164e-01
9.980265498161315918e-01
9.923138618469238281e-01
9.967678785324096680e-01
9.986250996589660645e-01
9.980943799018859863e-01
9.886413216590881348e-01
9.809952378273010254e-01
9.988482594490051270e-01
9.494746923446655273e-01
9.644384980201721191e-01
9.962957501411437988e-01
9.986326694488525391e-01
9.910647869110107422e-01
9.932514429092407227e-01
9.882715940475463867e-01
9.921955466270446777e-01
9.989550113677978516e-01
9.989657998085021973e-01
9.990158081054687500e-01
9.748031497001647949e-01
9.906604886054992676e-01
9.970008134841918945e-01
9.921187758445739746e-01
9.994773268699645996e-01
9.990227818489074707e-01
9.987350106239318848e-01
9.972827434539794922e-01
9.833875298500061035e-01
9.958131313323974609e-01
9.987274408340454102e-01
9.811103343963623047e-01
9.104787707328796387e-01
9.988295435905456543e-01
9.983165860176086426e-01
9.917302727699279785e-01
9.850158095359802246e-01
9.885551333427429199e-01
9.918071627616882324e-01
9.933573603630065918e-01
9.970344901084899902e-01
9.996337890625000000e-01
9.988197684288024902e-01
9.918043613433837891e-01
9.973348379135131836e-01
9.970729947090148926e-01
9.968611001968383789e-01
9.930060505867004395e-01
9.619607925415039062e-01
9.907943010330200195e-01
9.945424199104309082e-01
9.938445091247558594e-01
9.898614883422851562e-01
9.787620902061462402e-01
9.330360293388366699e-01
9.986748695373535156e-01
9.989706277847290039e-01
9.978470206260681152e-01
9.944934844970703125e-01
9.742409586906433105e-01
9.971655011177062988e-01
9.919824600219726562e-01
9.967449307441711426e-01
9.742039442062377930e-01
9.993850588798522949e-01
9.863159060478210449e-01
9.985272288322448730e-01
9.820975065231323242e-01
9.816916584968566895e-01
9.981015324592590332e-01
9.974576830863952637e-01
9.827960729598999023e-01
9.992364048957824707e-01
9.996290206909179688e-01
9.970818161964416504e-01
9.973636269569396973e-01
9.947459697723388672e-01
9.935749769210815430e-01
9.969642758369445801e-01
9.901479482650756836e-01
9.906352162361145020e-01
9.954282641410827637e-01
9.971531033515930176e-01
9.946619272232055664e-01
9.971582293510437012e-01
9.992934465408325195e-01
9.902328848838806152e-01
9.889606833457946777e-01
9.839956760406494141e-01
9.888525009155273438e-01
9.683411717414855957e-01
9.980450272560119629e-01
9.958605766296386719e-01
9.995428919792175293e-01
9.973364472389221191e-01
9.928565621376037598e-01
9.924443364143371582e-01
9.931892752647399902e-01
9.622352123260498047e-01
9.919084310531616211e-01
9.990953803062438965e-01
9.945785999298095703e-01
9.956596493721008301e-01
9.972607493400573730e-01
9.956029057502746582e-01
9.976521730422973633e-01
9.982228279113769531e-01
9.939222931861877441e-01
9.659551978111267090e-01
9.898821115493774414e-01
9.965652227401733398e-01
9.950064420700073242e-01
9.983190894126892090e-01
9.951608777046203613e-01
9.955515861511230469e-01
9.935461878776550293e-01
9.861333966255187988e-01
9.984462857246398926e-01
9.944765567779541016e-01
9.842734932899475098e-01
9.973606467247009277e-01
9.978269338607788086e-01
9.942015409469604492e-01
9.990679025650024414e-01
9.901446104049682617e-01
9.958052039146423340e-01
9.958687424659729004e-01
9.941197037696838379e-01
9.936032295227050781e-01
9.951014518737792969e-01
9.949380755424499512e-01
9.984549283981323242e-01
9.979828000068664551e-01
9.979274868965148926e-01
9.917643666267395020e-01
9.956066012382507324e-01
9.961727261543273926e-01
9.929099082946777344e-01
9.975985884666442871e-01
9.975232481956481934e-01
9.956211447715759277e-01
9.944642782211303711e-01
9.992552399635314941e-01
9.915832281112670898e-01
9.986656308174133301e-01
9.816719889640808105e-01
9.975311756134033203e-01
9.970461726188659668e-01
9.971842765808105469e-01
9.938836693763732910e-01
9.961068630218505859e-01
9.989594221115112305e-01
9.968045353889465332e-01
9.932844638824462891e-01
9.962878823280334473e-01
9.973474740982055664e-01
9.863921999931335449e-01
9.907015562057495117e-01
8.572601079940795898e-01
9.964739084243774414e-01
9.940829873085021973e-01
9.953390359878540039e-01
9.772219657897949219e-01
9.983622431755065918e-01
9.536855220794677734e-01
9.948154091835021973e-01
9.981527924537658691e-01
9.898660182952880859e-01
9.925196766853332520e-01
9.985055923461914062e-01
9.954374432563781738e-01
9.914098381996154785e-01
9.673998355865478516e-01
9.978701472282409668e-01
9.945831298828125000e-01
9.953911900520324707e-01
9.854490756988525391e-01
9.917207956314086914e-01
9.923748970031738281e-01
9.894301891326904297e-01
9.972383379936218262e-01
9.963467717170715332e-01
9.989681839942932129e-01
9.802762269973754883e-01
9.980742931365966797e-01
9.848417043685913086e-01
9.901223778724670410e-01
9.928781390190124512e-01
9.908276200294494629e-01
9.824463129043579102e-01
9.960830807685852051e-01
9.924264550209045410e-01
9.974261522293090820e-01
9.998829960823059082e-01
9.993910789489746094e-01
9.958081841468811035e-01
9.647736549377441406e-01
9.986563920974731445e-01
9.968630671501159668e-01
9.907627701759338379e-01
9.546772241592407227e-01
9.959801435470581055e-01
9.974128007888793945e-01
9.840472340583801270e-01
9.617239236831665039e-01
9.936184883117675781e-01
9.967612624168395996e-01
9.925229549407958984e-01
9.959405660629272461e-01
9.944790005683898926e-01
9.813950657844543457e-01
9.959071278572082520e-01
9.985143542289733887e-01
9.974461793899536133e-01
9.982870221138000488e-01
9.934854507446289062e-01
9.996433258056640625e-01
9.979934692382812500e-01
9.947140216827392578e-01
9.386146664619445801e-01
9.985197782516479492e-01
9.933901429176330566e-01
9.981288313865661621e-01
9.741075038909912109e-01
9.827166199684143066e-01
9.843996763229370117e-01
9.942386746406555176e-01
9.726344943046569824e-01
9.892404079437255859e-01
9.970192313194274902e-01
9.980616569519042969e-01
9.977712631225585938e-01
9.973527193069458008e-01
9.985844492912292480e-01
9.940552115440368652e-01
9.975103735923767090e-01
9.980670809745788574e-01
9.917842745780944824e-01
9.906561970710754395e-01
9.989547729492187500e-01
9.956690669059753418e-01
9.979357719421386719e-01
9.973770380020141602e-01
9.970127344131469727e-01
9.905936121940612793e-01
9.901549816131591797e-01
9.989496469497680664e-01
9.822948575019836426e-01
9.998583793640136719e-01
9.898189902305603027e-01
9.992716312408447266e-01
9.833490252494812012e-01
9.963761568069458008e-01
9.946817755699157715e-01
9.957706928253173828e-01
9.983161687850952148e-01
9.960262775421142578e-01
9.972729682922363281e-01
9.954367876052856445e-01
9.976544976234436035e-01
9.983618855476379395e-01
9.857171773910522461e-01
9.978209137916564941e-01
9.775300025939941406e-01
9.632614254951477051e-01
9.952871203422546387e-01
9.791269898414611816e-01
9.945975542068481445e-01
9.924076795578002930e-01
9.978358745574951172e-01
9.989862442016601562e-01
9.990332126617431641e-01
9.838533401489257812e-01
9.991883039474487305e-01
9.936854243278503418e-01
9.977372288703918457e-01
9.981461167335510254e-01
9.986363649368286133e-01
9.931223988533020020e-01
9.988648295402526855e-01
9.958211779594421387e-01
9.950534105300903320e-01
9.975412487983703613e-01
9.917723536491394043e-01
9.980417490005493164e-01
9.941790103912353516e-01
9.924950003623962402e-01
9.990038871765136719e-01
9.894656538963317871e-01
9.908604621887207031e-01
9.904822111129760742e-01
9.927832484245300293e-01
9.994279146194458008e-01
9.999494552612304688e-01
9.929072856903076172e-01
9.913460016250610352e-01
9.914337396621704102e-01
9.946675896644592285e-01
9.980596303939819336e-01
9.931032061576843262e-01
9.976577162742614746e-01
9.889405965805053711e-01
9.986770153045654297e-01
9.817221164703369141e-01
9.855762720108032227e-01
9.910418391227722168e-01
9.954708218574523926e-01
9.828667044639587402e-01
9.977660775184631348e-01
9.945382475852966309e-01
9.665682315826416016e-01
9.827480316162109375e-01
9.871135950088500977e-01
9.970269203186035156e-01
9.969900250434875488e-01
9.922280311584472656e-01
9.768334031105041504e-01
9.930590391159057617e-01
9.978782534599304199e-01
9.980728030204772949e-01
9.971309304237365723e-01
9.919241666793823242e-01
9.555121660232543945e-01
9.989901185035705566e-01
9.974659681320190430e-01
9.980249404907226562e-01
9.827957153320312500e-01
9.573414921760559082e-01
9.873759150505065918e-01
9.980850815773010254e-01
9.998005032539367676e-01
9.889755845069885254e-01
9.965098500251770020e-01
9.866970181465148926e-01
9.876356124877929688e-01
9.987094402313232422e-01
9.982676506042480469e-01
9.925655126571655273e-01
9.915230870246887207e-01
9.985162019729614258e-01
9.964337348937988281e-01
9.981325864791870117e-01
9.985917806625366211e-01
9.928511381149291992e-01
9.957002401351928711e-01
9.807813763618469238e-01
9.794471859931945801e-01
9.948967695236206055e-01
9.970899224281311035e-01
9.974380731582641602e-01
9.842794537544250488e-01
9.988256096839904785e-01
9.928122758865356445e-01
9.868749380111694336e-01
9.728348851203918457e-01
9.940021038055419922e-01
9.981231689453125000e-01
9.931693673133850098e-01
9.153021574020385742e-01
9.952762722969055176e-01
9.960801005363464355e-01
9.972306489944458008e-01
9.713845252990722656e-01
9.985073804855346680e-01
9.968351125717163086e-01
9.981009960174560547e-01
9.953052401542663574e-01
9.935380220413208008e-01
9.987261295318603516e-01
9.967032074928283691e-01
9.982733726501464844e-01
9.931263923645019531e-01
9.871671199798583984e-01
9.934671521186828613e-01
9.955309033393859863e-01
9.988349080085754395e-01
9.932783246040344238e-01
9.956996440887451172e-01
9.816868305206298828e-01
9.980887770652770996e-01
9.891995787620544434e-01
9.949850440025329590e-01
9.989578723907470703e-01
9.972329139709472656e-01
9.874799251556396484e-01
9.981124997138977051e-01
9.946951866149902344e-01
9.955985546112060547e-01
9.947354197502136230e-01
9.922093749046325684e-01
8.949671387672424316e-01
9.977034330368041992e-01
9.978715181350708008e-01
9.982885718345642090e-01
9.889866113662719727e-01
9.827469587326049805e-01
9.953104257583618164e-01
9.986702203750610352e-01
9.969149827957153320e-01
9.767818450927734375e-01
9.945899844169616699e-01
9.927395582199096680e-01
9.793839454650878906e-01
9.887443184852600098e-01
9.955567717552185059e-01
9.974434375762939453e-01
9.990273714065551758e-01
9.997453093528747559e-01
9.753236770629882812e-01
9.942776560783386230e-01
9.739300608634948730e-01
9.957525134086608887e-01
9.483354091644287109e-01
9.958078861236572266e-01
9.876322150230407715e-01
9.984347820281982422e-01
9.986521005630493164e-01
9.966378211975097656e-01
9.993377327919006348e-01
9.998836517333984375e-01
9.940958023071289062e-01
9.930536746978759766e-01
9.987692832946777344e-01
9.971069693565368652e-01
9.975562095642089844e-01
9.972562789916992188e-01
9.936889410018920898e-01
9.992510080337524414e-01
9.991734623908996582e-01
9.923216104507446289e-01
9.851999282836914062e-01
9.992465376853942871e-01
9.746186137199401855e-01
9.988982677459716797e-01
9.995929002761840820e-01
9.996748566627502441e-01
9.955377578735351562e-01
9.934756159782409668e-01
9.985995292663574219e-01
9.864941835403442383e-01
9.857854843139648438e-01
9.992309808731079102e-01
9.373734593391418457e-01
9.979378581047058105e-01
9.966015815734863281e-01
9.998348355293273926e-01
9.959280490875244141e-01
9.961924552917480469e-01
9.981007575988769531e-01
9.974052906036376953e-01
9.857504367828369141e-01
9.961722493171691895e-01
9.988127350807189941e-01
9.991108179092407227e-01
9.782959818840026855e-01
9.981948137283325195e-01
9.963383674621582031e-01
9.985122680664062500e-01
9.471216201782226562e-01
9.957884550094604492e-01
9.967494010925292969e-01
9.968579411506652832e-01
9.981666207313537598e-01
9.971240162849426270e-01
9.958987236022949219e-01
9.966124892234802246e-01
9.875960946083068848e-01
9.990836381912231445e-01
9.982215762138366699e-01
9.970573782920837402e-01
9.976518750190734863e-01
9.936195015907287598e-01
9.929813742637634277e-01
9.976673126220703125e-01
9.933663606643676758e-01
9.931943416595458984e-01
9.888863563537597656e-01
9.766334295272827148e-01
9.845094084739685059e-01
9.953542947769165039e-01
9.972004890441894531e-01
9.962711930274963379e-01
9.857072234153747559e-01
9.978473186492919922e-01
9.989926815032958984e-01
9.420047402381896973e-01
9.985716342926025391e-01
9.846923947334289551e-01
9.989866614341735840e-01
9.791531562805175781e-01
9.764539599418640137e-01
9.724088907241821289e-01
9.732277393341064453e-01
9.978006482124328613e-01
9.976247549057006836e-01
9.965223670005798340e-01
9.860411882400512695e-01
9.995231032371520996e-01
9.891571998596191406e-01
9.980877041816711426e-01
9.937818646430969238e-01
9.979986548423767090e-01
9.981995820999145508e-01
9.986907243728637695e-01
9.982846975326538086e-01
9.996004700660705566e-01
9.922019243240356445e-01
9.977992177009582520e-01
9.958813786506652832e-01
9.947882890701293945e-01
9.956209063529968262e-01
9.984847903251647949e-01
9.960014820098876953e-01
9.910031557083129883e-01
9.982928633689880371e-01
9.972164630889892578e-01
9.965798854827880859e-01
9.763516187667846680e-01
9.697269797325134277e-01
9.903996586799621582e-01
9.798876047134399414e-01
9.903811216354370117e-01
9.990504980087280273e-01
9.883435368537902832e-01
9.995678067207336426e-01
9.991688132286071777e-01
9.697631001472473145e-01
9.950115084648132324e-01
9.996988773345947266e-01
9.992036223411560059e-01
9.983782172203063965e-01
9.989961385726928711e-01
9.981738924980163574e-01
9.650540351867675781e-01
9.079525470733642578e-01
9.974216818809509277e-01
9.801006317138671875e-01
9.972790479660034180e-01
9.919615983963012695e-01
9.972813129425048828e-01
9.989318251609802246e-01
9.872695803642272949e-01
9.132642745971679688e-01
9.975636601448059082e-01
9.939756989479064941e-01
9.988967180252075195e-01
9.997962117195129395e-01
9.980370998382568359e-01
9.897683858871459961e-01
9.878194332122802734e-01
9.870535731315612793e-01
9.959065914154052734e-01
9.921094775199890137e-01
9.971027374267578125e-01
9.925484657287597656e-01
9.973923563957214355e-01
9.985778927803039551e-01
9.942116737365722656e-01
9.996654987335205078e-01
9.897758364677429199e-01
9.978172779083251953e-01
9.953390955924987793e-01
9.942182898521423340e-01
9.958458542823791504e-01
9.984136223793029785e-01
9.967421889305114746e-01
9.917504191398620605e-01
9.976027607917785645e-01
9.678048491477966309e-01
9.969463944435119629e-01
9.946935176849365234e-01
9.985130429267883301e-01
9.902021884918212891e-01
9.993241429328918457e-01
9.968250989913940430e-01
9.957322478294372559e-01
9.948998093605041504e-01
9.843971133232116699e-01
9.990286827087402344e-01
9.979440569877624512e-01
9.985578060150146484e-01
9.963002204895019531e-01
9.916102886199951172e-01
9.916616082191467285e-01
9.971877336502075195e-01
9.991598725318908691e-01
9.815204739570617676e-01
9.925126433372497559e-01
9.782632589340209961e-01
9.924154281616210938e-01
9.927014708518981934e-01
9.734675288200378418e-01
9.744916558265686035e-01
9.998837709426879883e-01
9.959205985069274902e-01
9.979699850082397461e-01
9.984368085861206055e-01
9.802321195602416992e-01
9.975626468658447266e-01
9.996259808540344238e-01
9.970501065254211426e-01
9.988300800323486328e-01
9.895386099815368652e-01
9.931489229202270508e-01
9.997380375862121582e-01
9.998158812522888184e-01
9.934145212173461914e-01
9.995882511138916016e-01
9.369804263114929199e-01
9.337856769561767578e-01
9.698215126991271973e-01
9.987240433692932129e-01
9.989333748817443848e-01
9.953008890151977539e-01
9.953505396842956543e-01
9.985671639442443848e-01
9.953796267509460449e-01
9.952893853187561035e-01
9.989033937454223633e-01
9.627441167831420898e-01
9.891138076782226562e-01
9.982531666755676270e-01
9.927481412887573242e-01
9.985621571540832520e-01
9.895995259284973145e-01
9.934586286544799805e-01
9.985836744308471680e-01
9.992071986198425293e-01
9.956461191177368164e-01
8.549664616584777832e-01
9.972232580184936523e-01
9.951733350753784180e-01
9.834224581718444824e-01
9.711990952491760254e-01
9.862735271453857422e-01
9.970219135284423828e-01
9.602770805358886719e-01
9.967474937438964844e-01
9.983698129653930664e-01
9.966134428977966309e-01
9.842680692672729492e-01
9.998168945312500000e-01
9.872041344642639160e-01
9.936595559120178223e-01
9.835610389709472656e-01
9.987397789955139160e-01
9.936001300811767578e-01
9.829599261283874512e-01
9.942085146903991699e-01
9.956687092781066895e-01
9.968386292457580566e-01
9.976454973220825195e-01
9.961360096931457520e-01
9.933309555053710938e-01
9.969950318336486816e-01
9.933078289031982422e-01
9.939642548561096191e-01
9.898247718811035156e-01
9.919696450233459473e-01
9.958566427230834961e-01
9.955551028251647949e-01
9.903147220611572266e-01
9.981830120086669922e-01
9.969612360000610352e-01
9.993137717247009277e-01
9.965665340423583984e-01
9.851152300834655762e-01
9.988577365875244141e-01
9.983416199684143066e-01
9.988158941268920898e-01
9.976679086685180664e-01
9.923713207244873047e-01
9.961172342300415039e-01
9.926916956901550293e-01
9.880706667900085449e-01
9.989182353019714355e-01
9.979158639907836914e-01
9.910702705383300781e-01
9.977912902832031250e-01
9.955795407295227051e-01
9.546222686767578125e-01
9.828446507453918457e-01
9.993183612823486328e-01
9.971410632133483887e-01
9.934689402580261230e-01
9.938933253288269043e-01
9.965361356735229492e-01
9.838445782661437988e-01
9.850947260856628418e-01
9.970075488090515137e-01
9.990217089653015137e-01
9.945031404495239258e-01
9.943379163742065430e-01
9.953197240829467773e-01
9.991254806518554688e-01
9.921403527259826660e-01
9.990080595016479492e-01
9.986258149147033691e-01
9.766968488693237305e-01
9.940931797027587891e-01
9.975640177726745605e-01
9.956847429275512695e-01
9.749470949172973633e-01
9.900279641151428223e-01
9.413264989852905273e-01
9.975838065147399902e-01
9.997453689575195312e-01
9.867156147956848145e-01
9.932710528373718262e-01
9.969198703765869141e-01
9.971903562545776367e-01
9.993097782135009766e-01
9.866027832031250000e-01
9.920153617858886719e-01
9.994689822196960449e-01
9.819255471229553223e-01
9.969334006309509277e-01
9.895179867744445801e-01
9.855552315711975098e-01
9.379017949104309082e-01
9.962933659553527832e-01
9.982139468193054199e-01
9.996128678321838379e-01
9.803339838981628418e-01
9.963965415954589844e-01
9.978004693984985352e-01
9.853158593177795410e-01
9.991580843925476074e-01
9.916524291038513184e-01
9.974361658096313477e-01
9.946308135986328125e-01
9.395637512207031250e-01
9.004853963851928711e-01
9.952557682991027832e-01
9.628208279609680176e-01
9.963832497596740723e-01
9.859225153923034668e-01
9.882306456565856934e-01
9.511467814445495605e-01
9.978553056716918945e-01
9.937850236892700195e-01
9.946179986000061035e-01
9.968070983886718750e-01
9.975679516792297363e-01
9.913781285285949707e-01
9.872812628746032715e-01
9.956609606742858887e-01
9.988466501235961914e-01
9.979243278503417969e-01
9.991961121559143066e-01
9.961290955543518066e-01
9.237676262855529785e-01
9.849485754966735840e-01
9.806741476058959961e-01
9.922007918357849121e-01
9.961647391319274902e-01
9.983638525009155273e-01
9.961884021759033203e-01
9.881578683853149414e-01
9.799128174781799316e-01
9.769044518470764160e-01
9.974076747894287109e-01
9.938442111015319824e-01
9.061887264251708984e-01
9.945127367973327637e-01
9.950679540634155273e-01
9.977322816848754883e-01
9.993527531623840332e-01
9.993706345558166504e-01
9.844012856483459473e-01
9.793789386749267578e-01
9.939083456993103027e-01
9.896643161773681641e-01
9.979423880577087402e-01
9.755176901817321777e-01
9.931549429893493652e-01
9.573330283164978027e-01
9.984323978424072266e-01
9.824078083038330078e-01
9.939698576927185059e-01
9.949398040771484375e-01
9.829188585281372070e-01
9.872357845306396484e-01
9.980534911155700684e-01
9.798778891563415527e-01
9.981229305267333984e-01
9.971776604652404785e-01
9.992181062698364258e-01
9.942231178283691406e-01
9.663512706756591797e-01
9.929913282394409180e-01
9.957963228225708008e-01
9.959700107574462891e-01
9.939919114112854004e-01
9.980716705322265625e-01
9.956895112991333008e-01
9.931837916374206543e-01
9.989999532699584961e-01
9.886842966079711914e-01
9.965646862983703613e-01
9.948379397392272949e-01
9.910447001457214355e-01
9.969860315322875977e-01
9.683280587196350098e-01
9.961110353469848633e-01
9.934681057929992676e-01
9.907703399658203125e-01
9.944096207618713379e-01
9.974017739295959473e-01
9.985876083374023438e-01
9.960029125213623047e-01
9.992862939834594727e-01
9.921287298202514648e-01
9.980748295783996582e-01
9.981632828712463379e-01
9.989863038063049316e-01
9.955411553382873535e-01
9.859305620193481445e-01
9.976790547370910645e-01
9.984656572341918945e-01
9.986708760261535645e-01
9.979572296142578125e-01
9.976801872253417969e-01
9.986698031425476074e-01
9.997996687889099121e-01
9.933430552482604980e-01
9.986078143119812012e-01
9.940710663795471191e-01
9.895888566970825195e-01
9.931341409683227539e-01
9.908989667892456055e-01
9.956658482551574707e-01
9.926136136054992676e-01
9.977651834487915039e-01
9.970205426216125488e-01
9.908003211021423340e-01
9.985380768775939941e-01
9.588043689727783203e-01
9.851573705673217773e-01
9.918823242187500000e-01
9.909195899963378906e-01
9.811283946037292480e-01
9.998532533645629883e-01
9.905401468276977539e-01
9.988346099853515625e-01
9.990020394325256348e-01
9.940007328987121582e-01
9.992978572845458984e-01
9.928539395332336426e-01
9.930969476699829102e-01
9.807713627815246582e-01
9.767588973045349121e-01
9.987674355506896973e-01
9.930438995361328125e-01
9.979721307754516602e-01
9.824326038360595703e-01
9.905558824539184570e-01
9.871122241020202637e-01
9.970790743827819824e-01
9.971976876258850098e-01
9.946091771125793457e-01
9.825810790061950684e-01
9.706467986106872559e-01
9.925951957702636719e-01
9.999308586120605469e-01
9.947195649147033691e-01
9.985436797142028809e-01
9.970638155937194824e-01
9.837580919265747070e-01
9.989897608757019043e-01
9.722289443016052246e-01
9.991892576217651367e-01
9.982295632362365723e-01
9.945268034934997559e-01
9.989855885505676270e-01
9.973667860031127930e-01
9.749672412872314453e-01
9.977514743804931641e-01
9.815855026245117188e-01
9.984171390533447266e-01
9.909043908119201660e-01
9.759716987609863281e-01
9.999835491180419922e-01
9.950268864631652832e-01
9.941768646240234375e-01
9.979081749916076660e-01
9.956774711608886719e-01
9.652867913246154785e-01
9.990040063858032227e-01
9.954907894134521484e-01
9.979413747787475586e-01
9.903806447982788086e-01
9.990152120590209961e-01
9.983420968055725098e-01
9.975389838218688965e-01
9.958605766296386719e-01
9.920682311058044434e-01
9.939501881599426270e-01
9.959979057312011719e-01
9.834692478179931641e-01
9.850385785102844238e-01
9.937438368797302246e-01
9.987909197807312012e-01
9.882611632347106934e-01
9.960768818855285645e-01
9.986487030982971191e-01
9.976110458374023438e-01
9.947313070297241211e-01
9.979817271232604980e-01
9.947001934051513672e-01
9.794152975082397461e-01
9.979541301727294922e-01
9.975265860557556152e-01
9.938780665397644043e-01
9.988266825675964355e-01
9.970014095306396484e-01
9.990401864051818848e-01
9.223181605339050293e-01
9.586144685745239258e-01
9.927130937576293945e-01
9.982405304908752441e-01
9.948447346687316895e-01
9.476232528686523438e-01
9.800212979316711426e-01
9.817989468574523926e-01
9.859523773193359375e-01
9.932882785797119141e-01
9.873822331428527832e-01
9.712997674942016602e-01
9.958155751228332520e-01
9.940245747566223145e-01
9.897708296775817871e-01
9.900450110435485840e-01
9.961504340171813965e-01
9.958263635635375977e-01
9.991781115531921387e-01
9.955610036849975586e-01
9.595621228218078613e-01
9.908093810081481934e-01
9.929693937301635742e-01
9.639359712600708008e-01
9.978803396224975586e-01
9.960685372352600098e-01
9.957369565963745117e-01
9.968369603157043457e-01
9.951344132423400879e-01
9.914423227310180664e-01
9.991891980171203613e-01
9.999547600746154785e-01
9.968163371086120605e-01
9.957292675971984863e-01
9.944304227828979492e-01
9.921154379844665527e-01
9.897639751434326172e-01
9.972549080848693848e-01
9.974697232246398926e-01
9.996128082275390625e-01
9.829130768775939941e-01
9.466239809989929199e-01
9.801856875419616699e-01
9.895231723785400391e-01
9.874528050422668457e-01
9.974046349525451660e-01
9.963392019271850586e-01
9.955852627754211426e-01
9.380752444267272949e-01
9.788767695426940918e-01
9.965912699699401855e-01
9.898181557655334473e-01
9.962310791015625000e-01
9.983633756637573242e-01
9.978817701339721680e-01
9.841181635856628418e-01
9.854649305343627930e-01
9.944629669189453125e-01
9.921809434890747070e-01
9.932523965835571289e-01
9.903469681739807129e-01
9.857473373413085938e-01
9.976661205291748047e-01
9.891326427459716797e-01
9.266203641891479492e-01
9.991563558578491211e-01
9.952861666679382324e-01
9.968867301940917969e-01
9.976388216018676758e-01
9.966532588005065918e-01
9.962475299835205078e-01
9.931529164314270020e-01
9.989766478538513184e-01
9.946781396865844727e-01
9.972919821739196777e-01
9.989180564880371094e-01
9.970392584800720215e-01
9.949618577957153320e-01
9.969213008880615234e-01
9.995574951171875000e-01
9.931941032409667969e-01
9.962461590766906738e-01
9.946075081825256348e-01
9.981297850608825684e-01
9.918470978736877441e-01
9.989231824874877930e-01
9.958747029304504395e-01
9.996094703674316406e-01
9.967442750930786133e-01
9.967356920242309570e-01
9.978697299957275391e-01
9.969742298126220703e-01
9.657552838325500488e-01
9.155802130699157715e-01
9.912187457084655762e-01
9.982739686965942383e-01
9.983215928077697754e-01
9.992054104804992676e-01
9.943455457687377930e-01
9.994274973869323730e-01
9.996783137321472168e-01
9.685277938842773438e-01
9.893569350242614746e-01
9.959819316864013672e-01
9.613538384437561035e-01
9.986299872398376465e-01
9.885404706001281738e-01
9.794356226921081543e-01
9.889956712722778320e-01
9.982261657714843750e-01
9.925786256790161133e-01
9.943749308586120605e-01
9.989978671073913574e-01
9.924135804176330566e-01
9.944571256637573242e-01
9.973476529121398926e-01
9.842897057533264160e-01
9.753842949867248535e-01
9.964613318443298340e-01
9.500809907913208008e-01
9.929123520851135254e-01
9.562150239944458008e-01
9.809272289276123047e-01
9.960676431655883789e-01
9.981423616409301758e-01
9.956508278846740723e-01
9.967874288558959961e-01
9.528570771217346191e-01
9.899795055389404297e-01
9.991468191146850586e-01
9.922528862953186035e-01
9.994652271270751953e-01
