0.000000000000000000e+00
0.000000000000000000e+00
0.000000000000000000e+00
0.000000000000000000e+00
0.000000000000000000e+00
0.000000000000000000e+00
0.000000000000000000e+00
0.000000000000000000e+00
0.000000000000000000e+00
1.261829652996845387e-02
0.000000000000000000e+00
0.000000000000000000e+00
0.000000000000000000e+00
6.944444444444444753e-02
0.000000000000000000e+00
0.000000000000000000e+00
0.000000000000000000e+00
0.000000000000000000e+00
0.000000000000000000e+00
0.000000000000000000e+00
0.000000000000000000e+00
5.882352941176470507e-02
0.000000000000000000e+00
0.000000000000000000e+00
8.695652173913043237e-02
0.000000000000000000e+00
0.000000000000000000e+00
1.024890190336749662e-02
2.307692307692307820e-01
1.315789473684210453e-01
0.000000000000000000e+00
1.015965166908563110e-02
1.398601398601398600e-02
0.000000000000000000e+00
0.000000000000000000e+00
9.202453987730061999e-03
6.309148264984226935e-03
0.000000000000000000e+00
0.000000000000000000e+00
0.000000000000000000e+00
0.000000000000000000e+00
0.000000000000000000e+00
0.000000000000000000e+00
9.819967266775777442e-03
2.173913043478260896e-03
0.000000000000000000e+00
0.000000000000000000e+00
0.000000000000000000e+00
0.000000000000000000e+00
3.627130939426913216e-04
0.000000000000000000e+00
3.396739130434782514e-03
0.000000000000000000e+00
0.000000000000000000e+00
0.000000000000000000e+00
3.080714725816389218e-03
0.000000000000000000e+00
2.122578933404085759e-03
0.000000000000000000e+00
0.000000000000000000e+00
0.000000000000000000e+00
0.000000000000000000e+00
0.000000000000000000e+00
0.000000000000000000e+00
1.142857142857142821e-01
0.000000000000000000e+00
0.000000000000000000e+00
2.941176470588235253e-02
1.000000000000000056e-01
0.000000000000000000e+00
0.000000000000000000e+00
0.000000000000000000e+00
0.000000000000000000e+00
4.022526146419951910e-03
0.000000000000000000e+00
0.000000000000000000e+00
0.000000000000000000e+00
0.000000000000000000e+00
2.020202020202020374e-02
1.000000000000000000e+00
0.000000000000000000e+00
0.000000000000000000e+00
0.000000000000000000e+00
3.472222222222222029e-03
2.777777777777777624e-02
0.000000000000000000e+00
3.333333333333333148e-01
9.009009009009008931e-03
0.000000000000000000e+00
1.619433198380566818e-02
4.411764705882352880e-03
4.301075268817204297e-03
3.093102381688834102e-03
1.971830985915493106e-02
4.405286343612334994e-04
2.785515320334261847e-03
0.000000000000000000e+00
0.000000000000000000e+00
0.000000000000000000e+00
1.554404145077720178e-02
0.000000000000000000e+00
2.457757296466973884e-03
0.000000000000000000e+00
1.546391752577319645e-02
5.000000000000000000e-01
0.000000000000000000e+00
0.000000000000000000e+00
0.000000000000000000e+00
1.068702290076335888e-02
0.000000000000000000e+00
9.803921568627450844e-03
0.000000000000000000e+00
0.000000000000000000e+00
0.000000000000000000e+00
2.132196162046908275e-03
0.000000000000000000e+00
0.000000000000000000e+00
0.000000000000000000e+00
8.264462809917355601e-03
0.000000000000000000e+00
2.496255616575137476e-03
7.142857142857142634e-03
5.076142131979695035e-03
4.830917874396135035e-03
0.000000000000000000e+00
0.000000000000000000e+00
0.000000000000000000e+00
1.234567901234567833e-02
0.000000000000000000e+00
2.380952380952380820e-02
2.702702702702702853e-02
0.000000000000000000e+00
4.098360655737705131e-03
0.000000000000000000e+00
1.746724890829694232e-02
5.854800936768150312e-03
0.000000000000000000e+00
0.000000000000000000e+00
1.595744680851063704e-02
5.376344086021505805e-03
0.000000000000000000e+00
0.000000000000000000e+00
5.194805194805195148e-02
0.000000000000000000e+00
1.075268817204301161e-02
0.000000000000000000e+00
0.000000000000000000e+00
0.000000000000000000e+00
1.229508196721311453e-02
0.000000000000000000e+00
0.000000000000000000e+00
2.032520325203251987e-02
3.703703703703703498e-02
0.000000000000000000e+00
0.000000000000000000e+00
0.000000000000000000e+00
9.496676163342830483e-04
5.000000000000000000e-01
0.000000000000000000e+00
0.000000000000000000e+00
2.252252252252252233e-03
0.000000000000000000e+00
1.839587932303164090e-03
0.000000000000000000e+00
0.000000000000000000e+00
0.000000000000000000e+00
2.159309021113243847e-03
0.000000000000000000e+00
0.000000000000000000e+00
2.222222222222222307e-02
0.000000000000000000e+00
0.000000000000000000e+00
1.777777777777777776e-02
0.000000000000000000e+00
1.081081081081081098e-03
3.179650238473768088e-03
0.000000000000000000e+00
0.000000000000000000e+00
0.000000000000000000e+00
0.000000000000000000e+00
1.153846153846153910e-02
0.000000000000000000e+00
0.000000000000000000e+00
0.000000000000000000e+00
5.555555555555555247e-02
0.000000000000000000e+00
0.000000000000000000e+00
0.000000000000000000e+00
0.000000000000000000e+00
5.000000000000000278e-02
3.436426116838487907e-03
0.000000000000000000e+00
0.000000000000000000e+00
2.469135802469135752e-03
0.000000000000000000e+00
0.000000000000000000e+00
1.760563380281690224e-02
1.619433198380566818e-02
3.333333333333333287e-02
0.000000000000000000e+00
2.194357366771159962e-03
3.238341968911916894e-03
0.000000000000000000e+00
0.000000000000000000e+00
0.000000000000000000e+00
0.000000000000000000e+00
0.000000000000000000e+00
5.999999999999999778e-01
1.662049861495844966e-02
0.000000000000000000e+00
2.222222222222222099e-01
0.000000000000000000e+00
7.547169811320754776e-03
4.699248120300751619e-03
0.000000000000000000e+00
0.000000000000000000e+00
5.181347150259067551e-03
1.075268817204301161e-02
7.130124777183600299e-03
0.000000000000000000e+00
0.000000000000000000e+00
4.728132387706855677e-03
0.000000000000000000e+00
2.464571780653111634e-03
0.000000000000000000e+00
0.000000000000000000e+00
9.276437847866419659e-03
2.409638554216867682e-03
9.493670886075949653e-03
0.000000000000000000e+00
1.503307276007215948e-03
0.000000000000000000e+00
0.000000000000000000e+00
0.000000000000000000e+00
0.000000000000000000e+00
0.000000000000000000e+00
2.314814814814814686e-03
2.777777777777777624e-02
0.000000000000000000e+00
3.703703703703703498e-02
5.185185185185185036e-03
3.916449086161879513e-03
0.000000000000000000e+00
0.000000000000000000e+00
0.000000000000000000e+00
0.000000000000000000e+00
0.000000000000000000e+00
2.202643171806167605e-03
3.272557269752220718e-03
0.000000000000000000e+00
0.000000000000000000e+00
0.000000000000000000e+00
8.000000000000000167e-03
1.600000000000000033e-02
0.000000000000000000e+00
0.000000000000000000e+00
0.000000000000000000e+00
0.000000000000000000e+00
0.000000000000000000e+00
1.923076923076923184e-02
0.000000000000000000e+00
0.000000000000000000e+00
1.913875598086124327e-02
0.000000000000000000e+00
0.000000000000000000e+00
9.090909090909091161e-02
0.000000000000000000e+00
6.741573033707865328e-03
1.666666666666666574e-01
1.567398119122256905e-02
0.000000000000000000e+00
1.744186046511627883e-02
0.000000000000000000e+00
3.333333333333333148e-01
0.000000000000000000e+00
0.000000000000000000e+00
0.000000000000000000e+00
0.000000000000000000e+00
3.466204506065857695e-03
0.000000000000000000e+00
0.000000000000000000e+00
0.000000000000000000e+00
0.000000000000000000e+00
0.000000000000000000e+00
7.957559681697612755e-03
0.000000000000000000e+00
0.000000000000000000e+00
0.000000000000000000e+00
0.000000000000000000e+00
0.000000000000000000e+00
2.364066193853427839e-03
0.000000000000000000e+00
2.010050251256281437e-02
2.702702702702702853e-02
1.250000000000000000e-01
0.000000000000000000e+00
0.000000000000000000e+00
0.000000000000000000e+00
0.000000000000000000e+00
9.803921568627450844e-03
3.735325506937032993e-03
2.049180327868852305e-02
0.000000000000000000e+00
6.134969325153374377e-03
0.000000000000000000e+00
0.000000000000000000e+00
2.853067047075606363e-03
0.000000000000000000e+00
1.181567546278062186e-03
0.000000000000000000e+00
0.000000000000000000e+00
0.000000000000000000e+00
0.000000000000000000e+00
0.000000000000000000e+00
2.287021154945683213e-03
3.976143141153081102e-03
0.000000000000000000e+00
0.000000000000000000e+00
2.429395687822654294e-03
1.834862385321101019e-02
0.000000000000000000e+00
0.000000000000000000e+00
0.000000000000000000e+00
0.000000000000000000e+00
0.000000000000000000e+00
3.257328990228013175e-03
1.190476190476190410e-02
0.000000000000000000e+00
0.000000000000000000e+00
0.000000000000000000e+00
8.620689655172413673e-03
4.291845493562231745e-03
1.036269430051813510e-02
0.000000000000000000e+00
0.000000000000000000e+00
0.000000000000000000e+00
0.000000000000000000e+00
7.729468599033816230e-03
0.000000000000000000e+00
0.000000000000000000e+00
0.000000000000000000e+00
0.000000000000000000e+00
0.000000000000000000e+00
0.000000000000000000e+00
0.000000000000000000e+00
5.085823267641449534e-03
0.000000000000000000e+00
0.000000000000000000e+00
5.854800936768150312e-03
0.000000000000000000e+00
0.000000000000000000e+00
1.927401220687439704e-03
5.865102639296187678e-03
5.882352941176470507e-02
9.345794392523363789e-03
1.777777777777777776e-02
1.369863013698630148e-03
1.219512195121951262e-02
1.255230125523012531e-02
4.593175853018372640e-03
0.000000000000000000e+00
2.127659574468085055e-02
0.000000000000000000e+00
6.097560975609756309e-03
0.000000000000000000e+00
1.501501501501501488e-02
2.764976958525345620e-03
2.307692307692307820e-01
0.000000000000000000e+00
0.000000000000000000e+00
0.000000000000000000e+00
0.000000000000000000e+00
2.545454545454545539e-02
0.000000000000000000e+00
0.000000000000000000e+00
5.555555555555555768e-03
6.451612903225806446e-03
0.000000000000000000e+00
9.174311926605505096e-03
0.000000000000000000e+00
0.000000000000000000e+00
0.000000000000000000e+00
1.869158878504672758e-02
0.000000000000000000e+00
0.000000000000000000e+00
4.000000000000000083e-02
0.000000000000000000e+00
0.000000000000000000e+00
9.063444108761330165e-03
3.807106598984771710e-03
0.000000000000000000e+00
0.000000000000000000e+00
0.000000000000000000e+00
1.011560693641618512e-02
0.000000000000000000e+00
1.311475409836065573e-02
1.851851851851851749e-02
4.098360655737705131e-03
0.000000000000000000e+00
0.000000000000000000e+00
0.000000000000000000e+00
0.000000000000000000e+00
0.000000000000000000e+00
5.847953216374268681e-03
0.000000000000000000e+00
0.000000000000000000e+00
1.401869158878504655e-02
0.000000000000000000e+00
1.149425287356321823e-02
0.000000000000000000e+00
0.000000000000000000e+00
0.000000000000000000e+00
1.851851851851851749e-02
2.199874292897548763e-03
0.000000000000000000e+00
0.000000000000000000e+00
0.000000000000000000e+00
1.018675721561969512e-02
0.000000000000000000e+00
0.000000000000000000e+00
0.000000000000000000e+00
0.000000000000000000e+00
0.000000000000000000e+00
7.493755203996669764e-03
1.416430594900849882e-02
0.000000000000000000e+00
0.000000000000000000e+00
6.600660066006600740e-03
2.362204724409448786e-02
0.000000000000000000e+00
0.000000000000000000e+00
2.339181286549707472e-02
1.416430594900849882e-02
0.000000000000000000e+00
0.000000000000000000e+00
6.299212598425196763e-02
2.880921895006402153e-03
0.000000000000000000e+00
5.000000000000000278e-02
0.000000000000000000e+00
2.272727272727272790e-02
0.000000000000000000e+00
1.492537313432835792e-02
7.149240393208221474e-03
0.000000000000000000e+00
0.000000000000000000e+00
0.000000000000000000e+00
6.474587245063127524e-04
3.439380911435941605e-03
8.152173913043478035e-03
0.000000000000000000e+00
9.132420091324200406e-03
3.333333333333333148e-01
4.895960832313341060e-03
3.141361256544502722e-03
0.000000000000000000e+00
1.408450704225352144e-02
2.564102564102564014e-02
3.571428571428571230e-02
1.666666666666666574e-01
0.000000000000000000e+00
0.000000000000000000e+00
1.000000000000000056e-01
0.000000000000000000e+00
0.000000000000000000e+00
5.076142131979695035e-03
2.272727272727272790e-02
8.130081300813008990e-03
0.000000000000000000e+00
2.898550724637681195e-02
0.000000000000000000e+00
0.000000000000000000e+00
0.000000000000000000e+00
1.886792452830188607e-02
0.000000000000000000e+00
5.235602094240838014e-03
0.000000000000000000e+00
0.000000000000000000e+00
1.589825119236884044e-03
0.000000000000000000e+00
0.000000000000000000e+00
5.000000000000000000e-01
0.000000000000000000e+00
3.322259136212624663e-03
0.000000000000000000e+00
0.000000000000000000e+00
0.000000000000000000e+00
0.000000000000000000e+00
3.821656050955413858e-02
0.000000000000000000e+00
4.310344827586206837e-03
0.000000000000000000e+00
8.968609865470851886e-03
0.000000000000000000e+00
1.442307692307692388e-02
0.000000000000000000e+00
2.587991718426501005e-03
0.000000000000000000e+00
7.692307692307692735e-02
0.000000000000000000e+00
0.000000000000000000e+00
2.564102564102564014e-02
0.000000000000000000e+00
0.000000000000000000e+00
0.000000000000000000e+00
0.000000000000000000e+00
6.578947368421052266e-03
2.000000000000000111e-01
0.000000000000000000e+00
0.000000000000000000e+00
4.494382022471909988e-02
0.000000000000000000e+00
5.050505050505050934e-03
0.000000000000000000e+00
1.086956521739130405e-02
0.000000000000000000e+00
0.000000000000000000e+00
5.037783375314861326e-03
0.000000000000000000e+00
2.096436058700209756e-03
4.166666666666666435e-02
0.000000000000000000e+00
6.250000000000000000e-02
5.780346820809248920e-04
4.347826086956521618e-02
0.000000000000000000e+00
5.524861878453038444e-03
4.385964912280701511e-03
5.571030640668523694e-03
0.000000000000000000e+00
0.000000000000000000e+00
0.000000000000000000e+00
1.428571428571428527e-02
0.000000000000000000e+00
0.000000000000000000e+00
0.000000000000000000e+00
0.000000000000000000e+00
1.086169442433019584e-03
2.826455624646693164e-03
0.000000000000000000e+00
0.000000000000000000e+00
1.659751037344398342e-02
0.000000000000000000e+00
2.089136490250696494e-03
1.459854014598540098e-02
0.000000000000000000e+00
9.090909090909091161e-02
4.494382022471910508e-03
4.240882103477523280e-04
1.111111111111111154e-02
0.000000000000000000e+00
0.000000000000000000e+00
0.000000000000000000e+00
0.000000000000000000e+00
1.923076923076923184e-02
3.188097768331561981e-03
0.000000000000000000e+00
0.000000000000000000e+00
0.000000000000000000e+00
1.795332136445242435e-03
5.689900426742532276e-03
0.000000000000000000e+00
0.000000000000000000e+00
0.000000000000000000e+00
1.213960546282245867e-02
1.068702290076335888e-02
1.492537313432835792e-02
1.618122977346278177e-02
0.000000000000000000e+00
1.171875000000000000e-02
0.000000000000000000e+00
0.000000000000000000e+00
1.171303074670571043e-02
6.202618883528600996e-03
0.000000000000000000e+00
1.261829652996845387e-02
2.608695652173912902e-02
5.000000000000000000e-01
0.000000000000000000e+00
6.660323501427212363e-03
0.000000000000000000e+00
0.000000000000000000e+00
6.250000000000000000e-02
0.000000000000000000e+00
0.000000000000000000e+00
0.000000000000000000e+00
0.000000000000000000e+00
1.376146788990825764e-02
0.000000000000000000e+00
0.000000000000000000e+00
1.322314049586776827e-02
2.362204724409448786e-02
0.000000000000000000e+00
5.660377358490566169e-02
0.000000000000000000e+00
0.000000000000000000e+00
1.587301587301587213e-02
1.039140976792518210e-03
0.000000000000000000e+00
0.000000000000000000e+00
0.000000000000000000e+00
0.000000000000000000e+00
0.000000000000000000e+00
1.020408163265306041e-02
1.661129568106312418e-02
2.846685644570963718e-03
1.709401709401709574e-02
3.436426116838487907e-03
0.000000000000000000e+00
4.022988505747126381e-02
0.000000000000000000e+00
0.000000000000000000e+00
4.504504504504504465e-03
0.000000000000000000e+00
1.067615658362989356e-02
2.721088435374149558e-02
0.000000000000000000e+00
0.000000000000000000e+00
0.000000000000000000e+00
0.000000000000000000e+00
2.967359050445103966e-03
0.000000000000000000e+00
4.997501249375312614e-03
1.496259351620947593e-02
0.000000000000000000e+00
1.082251082251082207e-02
1.666666666666666574e-01
0.000000000000000000e+00
0.000000000000000000e+00
0.000000000000000000e+00
0.000000000000000000e+00
0.000000000000000000e+00
0.000000000000000000e+00
1.000000000000000056e-01
5.076142131979695035e-03
0.000000000000000000e+00
0.000000000000000000e+00
0.000000000000000000e+00
1.538461538461538547e-02
1.333333333333333419e-02
0.000000000000000000e+00
0.000000000000000000e+00
2.469135802469135665e-02
0.000000000000000000e+00
2.500000000000000000e-01
0.000000000000000000e+00
0.000000000000000000e+00
0.000000000000000000e+00
4.078303425774877839e-04
1.818181818181818094e-02
4.504504504504504465e-03
0.000000000000000000e+00
0.000000000000000000e+00
3.164556962025316406e-03
1.538461538461538547e-02
0.000000000000000000e+00
0.000000000000000000e+00
1.850709438618136898e-03
0.000000000000000000e+00
1.851851851851851749e-02
1.998001998001998000e-03
1.393728222996515678e-02
1.224489795918367284e-02
0.000000000000000000e+00
0.000000000000000000e+00
0.000000000000000000e+00
0.000000000000000000e+00
7.692307692307692735e-03
0.000000000000000000e+00
0.000000000000000000e+00
3.095975232198142600e-03
7.653061224489795741e-03
4.255319148936170283e-03
0.000000000000000000e+00
1.411764705882352991e-02
0.000000000000000000e+00
0.000000000000000000e+00
0.000000000000000000e+00
0.000000000000000000e+00
0.000000000000000000e+00
1.940240589833139339e-03
4.545454545454545234e-03
1.201201201201201191e-02
0.000000000000000000e+00
0.000000000000000000e+00
0.000000000000000000e+00
0.000000000000000000e+00
0.000000000000000000e+00
0.000000000000000000e+00
1.880406167732230063e-03
0.000000000000000000e+00
0.000000000000000000e+00
0.000000000000000000e+00
0.000000000000000000e+00
0.000000000000000000e+00
0.000000000000000000e+00
0.000000000000000000e+00
7.326007326007326001e-03
8.333333333333332871e-02
0.000000000000000000e+00
8.426966292134831227e-03
0.000000000000000000e+00
0.000000000000000000e+00
4.206098843322817957e-03
0.000000000000000000e+00
0.000000000000000000e+00
1.149425287356321823e-02
0.000000000000000000e+00
4.338394793926247418e-03
3.152088258471237407e-03
0.000000000000000000e+00
0.000000000000000000e+00
0.000000000000000000e+00
0.000000000000000000e+00
3.443526170798898167e-03
0.000000000000000000e+00
2.288329519450800920e-03
0.000000000000000000e+00
2.839295854628052281e-03
0.000000000000000000e+00
1.811594202898550790e-02
1.000000000000000021e-03
8.955223880597014408e-02
0.000000000000000000e+00
0.000000000000000000e+00
6.818181818181817851e-03
1.980198019801980222e-02
0.000000000000000000e+00
0.000000000000000000e+00
1.061007957559681643e-02
0.000000000000000000e+00
3.846153846153846367e-02
0.000000000000000000e+00
0.000000000000000000e+00
0.000000000000000000e+00
0.000000000000000000e+00
5.540166204986149597e-03
1.344086021505376451e-03
1.011235955056179713e-02
3.719008264462809934e-03
0.000000000000000000e+00
1.428571428571428492e-01
0.000000000000000000e+00
0.000000000000000000e+00
1.851851851851851749e-02
2.142857142857142877e-02
8.000000000000000167e-02
4.184100418410041482e-03
0.000000000000000000e+00
0.000000000000000000e+00
1.111111111111111049e-01
1.190476190476190410e-02
2.054794520547945091e-02
2.921535893155258797e-03
0.000000000000000000e+00
6.451612903225806446e-03
0.000000000000000000e+00
1.937984496124030981e-03
3.773584905660377214e-02
1.477832512315270866e-02
2.628120893561103864e-03
1.063829787234042527e-02
1.377410468319559267e-02
0.000000000000000000e+00
0.000000000000000000e+00
0.000000000000000000e+00
0.000000000000000000e+00
2.577319587628865930e-03
1.431980906921241116e-02
0.000000000000000000e+00
1.121076233183856442e-02
0.000000000000000000e+00
0.000000000000000000e+00
0.000000000000000000e+00
0.000000000000000000e+00
2.096436058700209756e-03
1.834862385321101019e-02
0.000000000000000000e+00
4.166666666666666435e-02
1.146131805157593088e-02
0.000000000000000000e+00
0.000000000000000000e+00
1.691093573844419315e-03
0.000000000000000000e+00
0.000000000000000000e+00
7.017543859649122417e-02
0.000000000000000000e+00
4.056795131845841729e-03
2.238805970149253602e-02
1.515151515151515194e-02
0.000000000000000000e+00
4.000000000000000222e-01
0.000000000000000000e+00
0.000000000000000000e+00
0.000000000000000000e+00
4.819277108433735191e-02
2.000000000000000111e-01
3.067484662576687102e-02
1.416430594900849882e-02
0.000000000000000000e+00
0.000000000000000000e+00
1.142857142857142821e-01
0.000000000000000000e+00
0.000000000000000000e+00
0.000000000000000000e+00
0.000000000000000000e+00
7.561436672967864099e-03
0.000000000000000000e+00
0.000000000000000000e+00
0.000000000000000000e+00
0.000000000000000000e+00
0.000000000000000000e+00
1.325757575757575794e-02
6.666666666666666574e-02
0.000000000000000000e+00
0.000000000000000000e+00
4.307692307692307515e-03
0.000000000000000000e+00
3.703703703703703498e-02
2.529510961214165125e-03
4.838709677419354704e-02
2.535211267605633895e-02
0.000000000000000000e+00
2.173913043478260809e-02
0.000000000000000000e+00
1.492537313432835792e-02
6.289308176100629269e-03
6.289308176100629269e-03
1.539882968894364058e-03
4.597701149425287293e-02
5.540166204986149597e-03
5.908419497784343083e-03
0.000000000000000000e+00
0.000000000000000000e+00
2.759889604415823559e-03
0.000000000000000000e+00
9.771986970684038223e-03
0.000000000000000000e+00
0.000000000000000000e+00
3.960396039603960444e-03
0.000000000000000000e+00
1.960784313725490169e-02
5.181347150259067551e-03
2.777777777777777624e-02
0.000000000000000000e+00
0.000000000000000000e+00
3.676470588235294067e-03
2.272727272727272790e-02
0.000000000000000000e+00
6.451612903225806446e-03
1.349527665317138943e-03
0.000000000000000000e+00
0.000000000000000000e+00
1.428571428571428492e-01
2.266288951841359881e-02
0.000000000000000000e+00
1.867413632119514560e-03
9.090909090909091161e-02
1.666666666666666644e-02
0.000000000000000000e+00
1.010101010101010187e-02
5.128205128205128027e-02
0.000000000000000000e+00
0.000000000000000000e+00
0.000000000000000000e+00
9.090909090909091161e-02
8.042895442359249483e-03
0.000000000000000000e+00
6.269592476489027968e-03
0.000000000000000000e+00
3.017729158807996945e-03
6.932409012131715391e-03
0.000000000000000000e+00
0.000000000000000000e+00
0.000000000000000000e+00
0.000000000000000000e+00
1.666666666666666574e-01
0.000000000000000000e+00
0.000000000000000000e+00
0.000000000000000000e+00
9.090909090909091161e-02
1.569506726457399123e-02
1.098901098901098987e-02
0.000000000000000000e+00
7.454739084132055646e-03
0.000000000000000000e+00
0.000000000000000000e+00
2.466699555994079918e-03
0.000000000000000000e+00
0.000000000000000000e+00
1.199400299850074923e-02
0.000000000000000000e+00
5.000000000000000278e-02
0.000000000000000000e+00
2.105263157894736795e-02
0.000000000000000000e+00
0.000000000000000000e+00
0.000000000000000000e+00
2.100840336134453951e-02
0.000000000000000000e+00
0.000000000000000000e+00
0.000000000000000000e+00
3.125000000000000000e-02
1.513431706394249062e-03
0.000000000000000000e+00
0.000000000000000000e+00
6.211180124223602064e-03
0.000000000000000000e+00
3.676470588235294067e-03
2.312138728323699308e-02
0.000000000000000000e+00
1.312335958005249326e-02
8.771929824561403022e-03
9.740259740259740034e-03
0.000000000000000000e+00
0.000000000000000000e+00
2.922755741127348698e-03
8.784773060029283038e-04
0.000000000000000000e+00
1.355932203389830504e-01
1.929260450160771856e-02
0.000000000000000000e+00
0.000000000000000000e+00
9.615384615384615918e-03
2.123142250530785525e-03
1.895734597156398249e-02
0.000000000000000000e+00
0.000000000000000000e+00
0.000000000000000000e+00
0.000000000000000000e+00
8.752735229759299462e-03
0.000000000000000000e+00
0.000000000000000000e+00
6.578947368421052266e-03
3.558718861209964231e-03
4.376367614879649731e-03
4.424778761061946841e-03
8.888888888888888881e-03
0.000000000000000000e+00
1.028806584362139918e-02
0.000000000000000000e+00
0.000000000000000000e+00
4.106776180698151887e-04
7.263922518159806642e-03
6.451612903225806273e-02
1.162790697674418589e-02
0.000000000000000000e+00
4.173622704507512320e-03
1.111111111111111049e-01
0.000000000000000000e+00
0.000000000000000000e+00
6.430868167202572275e-03
1.707317073170731836e-02
1.129943502824858753e-02
0.000000000000000000e+00
0.000000000000000000e+00
1.659751037344398342e-02
1.573564122738001572e-03
0.000000000000000000e+00
2.013422818791946178e-02
9.980039920159680666e-03
0.000000000000000000e+00
0.000000000000000000e+00
0.000000000000000000e+00
0.000000000000000000e+00
2.941176470588235253e-03
1.798561151079136611e-02
0.000000000000000000e+00
6.024096385542168988e-03
0.000000000000000000e+00
6.844106463878327218e-03
2.078042022627568652e-03
0.000000000000000000e+00
0.000000000000000000e+00
4.413619167717528803e-03
4.474272930648769478e-03
7.246376811594202987e-03
1.010101010101010187e-02
0.000000000000000000e+00
0.000000000000000000e+00
0.000000000000000000e+00
7.142857142857142461e-02
1.265822784810126563e-02
0.000000000000000000e+00
0.000000000000000000e+00
1.111111111111111049e-01
3.174603174603174600e-03
3.196930946291560039e-03
0.000000000000000000e+00
4.149377593360995854e-03
0.000000000000000000e+00
0.000000000000000000e+00
0.000000000000000000e+00
2.970297029702970160e-02
3.642250101173613846e-03
1.127214170692431537e-02
5.327245053272450237e-03
5.263157894736841987e-03
2.292263610315186176e-02
6.666666666666666574e-02
3.300330033003300370e-03
0.000000000000000000e+00
5.291005291005290712e-03
0.000000000000000000e+00
0.000000000000000000e+00
0.000000000000000000e+00
1.672240802675585255e-03
0.000000000000000000e+00
6.622516556291390723e-03
0.000000000000000000e+00
8.000000000000000167e-03
0.000000000000000000e+00
0.000000000000000000e+00
0.000000000000000000e+00
5.817711700064641389e-03
0.000000000000000000e+00
3.333333333333333287e-02
0.000000000000000000e+00
0.000000000000000000e+00
0.000000000000000000e+00
1.129943502824858753e-02
5.882352941176470507e-02
0.000000000000000000e+00
0.000000000000000000e+00
0.000000000000000000e+00
0.000000000000000000e+00
2.316346790205162098e-03
1.248049921996879918e-02
1.600000000000000033e-02
0.000000000000000000e+00
1.343183344526527930e-03
7.371007371007371259e-03
0.000000000000000000e+00
4.800000000000000100e-02
0.000000000000000000e+00
0.000000000000000000e+00
8.960573476702508953e-04
0.000000000000000000e+00
6.472491909385113575e-03
0.000000000000000000e+00
1.869158878504672758e-02
0.000000000000000000e+00
0.000000000000000000e+00
2.985074626865671585e-02
1.772151898734177292e-02
1.128668171557562112e-02
4.424778761061946841e-03
1.261261261261261216e-02
0.000000000000000000e+00
3.278688524590164105e-02
1.851851851851851749e-02
0.000000000000000000e+00
3.139013452914798247e-02
0.000000000000000000e+00
0.000000000000000000e+00
0.000000000000000000e+00
0.000000000000000000e+00
8.032128514056224161e-03
2.717391304347826012e-02
0.000000000000000000e+00
0.000000000000000000e+00
2.040816326530612082e-02
0.000000000000000000e+00
0.000000000000000000e+00
1.176470588235294101e-02
9.174311926605505096e-03
0.000000000000000000e+00
1.980198019801980222e-02
1.304347826086956451e-02
0.000000000000000000e+00
1.085271317829457349e-02
0.000000000000000000e+00
0.000000000000000000e+00
4.000000000000000083e-02
2.409638554216867595e-02
1.466275659824047006e-02
0.000000000000000000e+00
0.000000000000000000e+00
2.272727272727272617e-03
0.000000000000000000e+00
5.000000000000000000e-01
1.179941002949852491e-02
4.255319148936170283e-03
0.000000000000000000e+00
0.000000000000000000e+00
1.111111111111111154e-02
2.285714285714285712e-02
0.000000000000000000e+00
0.000000000000000000e+00
0.000000000000000000e+00
0.000000000000000000e+00
0.000000000000000000e+00
0.000000000000000000e+00
0.000000000000000000e+00
2.372881355932203451e-02
5.431830526887560830e-03
0.000000000000000000e+00
6.593406593406593574e-02
3.333333333333333148e-01
1.333333333333333419e-02
1.483679525222551983e-02
7.142857142857142461e-02
0.000000000000000000e+00
0.000000000000000000e+00
2.239641657334826442e-03
6.418485237483953325e-04
0.000000000000000000e+00
1.666666666666666644e-02
0.000000000000000000e+00
0.000000000000000000e+00
5.660377358490566169e-02
8.108108108108108558e-02
1.283285210137953157e-03
2.000000000000000042e-02
1.030927835051546372e-02
0.000000000000000000e+00
7.142857142857142461e-02
0.000000000000000000e+00
1.162790697674418589e-02
0.000000000000000000e+00
1.618122977346278177e-02
0.000000000000000000e+00
6.535947712418300852e-03
1.315789473684210453e-02
0.000000000000000000e+00
0.000000000000000000e+00
6.666666666666666574e-02
1.779359430604982376e-02
8.823529411764705760e-03
2.314814814814814686e-03
3.165670066830812354e-03
0.000000000000000000e+00
1.088646967340591021e-02
0.000000000000000000e+00
0.000000000000000000e+00
5.882352941176470507e-03
0.000000000000000000e+00
0.000000000000000000e+00
7.614213197969543420e-03
4.636785162287480368e-03
6.269592476489027968e-03
4.778972520908004486e-03
0.000000000000000000e+00
9.360374414976599389e-03
5.656108597285067728e-03
1.515151515151515194e-02
1.498929336188436871e-02
3.133568350959655205e-03
0.000000000000000000e+00
2.803738317757009310e-02
0.000000000000000000e+00
0.000000000000000000e+00
0.000000000000000000e+00
3.518373729476153081e-03
0.000000000000000000e+00
0.000000000000000000e+00
1.140684410646387870e-02
3.151260504201680752e-03
8.333333333333332871e-02
1.666666666666666574e-01
2.506265664160400863e-03
2.307692307692307820e-01
0.000000000000000000e+00
0.000000000000000000e+00
5.882352941176470507e-02
1.083032490974729194e-02
3.525264394829612322e-03
4.504504504504504465e-03
4.065040650406504495e-03
3.367003367003366856e-03
7.575757575757575968e-03
7.824726134585289691e-03
6.289308176100629269e-03
0.000000000000000000e+00
1.785714285714285615e-02
6.553079947575360040e-03
0.000000000000000000e+00
0.000000000000000000e+00
0.000000000000000000e+00
0.000000000000000000e+00
3.760812335464460126e-03
0.000000000000000000e+00
0.000000000000000000e+00
0.000000000000000000e+00
0.000000000000000000e+00
0.000000000000000000e+00
3.574620196604110737e-03
7.874015748031495954e-03
0.000000000000000000e+00
0.000000000000000000e+00
6.329113924050632813e-03
0.000000000000000000e+00
8.038585209003214910e-03
1.666666666666666574e-01
1.785714285714285615e-02
0.000000000000000000e+00
0.000000000000000000e+00
9.779951100244498735e-03
8.359456635318705114e-03
9.029345372460495858e-03
0.000000000000000000e+00
2.692307692307692457e-02
6.224066390041493348e-03
2.380952380952380820e-02
3.584229390681003581e-03
2.684563758389261687e-02
0.000000000000000000e+00
0.000000000000000000e+00
0.000000000000000000e+00
2.547770700636942803e-02
0.000000000000000000e+00
0.000000000000000000e+00
0.000000000000000000e+00
0.000000000000000000e+00
3.157894736842105088e-01
0.000000000000000000e+00
3.125000000000000000e-02
7.987220447284344715e-03
0.000000000000000000e+00
0.000000000000000000e+00
0.000000000000000000e+00
3.246753246753246967e-03
0.000000000000000000e+00
0.000000000000000000e+00
0.000000000000000000e+00
1.116071428571428509e-03
0.000000000000000000e+00
0.000000000000000000e+00
2.000000000000000111e-01
2.333333333333333440e-02
0.000000000000000000e+00
3.571428571428571317e-03
1.052631578947368397e-02
1.428571428571428492e-01
0.000000000000000000e+00
4.040404040404040747e-02
6.033182503770739315e-03
5.882352941176470507e-02
5.070422535211267442e-03
2.606882168925964399e-03
0.000000000000000000e+00
0.000000000000000000e+00
0.000000000000000000e+00
3.333333333333333287e-02
0.000000000000000000e+00
1.111111111111111154e-02
9.937888198757764344e-03
3.333333333333333287e-02
0.000000000000000000e+00
7.575757575757575968e-03
0.000000000000000000e+00
0.000000000000000000e+00
0.000000000000000000e+00
0.000000000000000000e+00
0.000000000000000000e+00
0.000000000000000000e+00
4.372267332916926659e-03
0.000000000000000000e+00
4.761904761904761640e-02
8.146639511201628561e-03
8.720930232558139414e-03
0.000000000000000000e+00
0.000000000000000000e+00
0.000000000000000000e+00
0.000000000000000000e+00
0.000000000000000000e+00
0.000000000000000000e+00
0.000000000000000000e+00
4.361370716510903391e-03
1.694915254237288130e-02
0.000000000000000000e+00
0.000000000000000000e+00
0.000000000000000000e+00
4.000000000000000222e-01
0.000000000000000000e+00
6.054490413723511225e-03
1.718213058419244127e-02
1.333333333333333419e-02
0.000000000000000000e+00
0.000000000000000000e+00
9.132420091324200406e-03
0.000000000000000000e+00
2.127659574468085055e-02
1.162790697674418589e-02
0.000000000000000000e+00
1.070663811563169225e-03
0.000000000000000000e+00
0.000000000000000000e+00
0.000000000000000000e+00
0.000000000000000000e+00
8.928571428571428076e-03
9.900990099009901110e-03
0.000000000000000000e+00
1.020408163265306041e-02
0.000000000000000000e+00
1.083591331269349867e-02
1.587301587301587213e-02
0.000000000000000000e+00
0.000000000000000000e+00
5.102040816326530205e-03
0.000000000000000000e+00
7.621951219512194953e-03
1.652892561983471034e-03
0.000000000000000000e+00
0.000000000000000000e+00
4.035874439461883262e-02
1.428571428571428492e-01
0.000000000000000000e+00
7.843137254901960675e-03
0.000000000000000000e+00
1.430615164520743915e-03
0.000000000000000000e+00
0.000000000000000000e+00
1.941747572815533812e-02
1.190476190476190410e-02
0.000000000000000000e+00
9.090909090909091161e-02
0.000000000000000000e+00
0.000000000000000000e+00
0.000000000000000000e+00
1.869158878504672975e-03
0.000000000000000000e+00
0.000000000000000000e+00
0.000000000000000000e+00
0.000000000000000000e+00
0.000000000000000000e+00
0.000000000000000000e+00
0.000000000000000000e+00
3.521126760563380361e-03
1.541850220264317194e-02
0.000000000000000000e+00
0.000000000000000000e+00
