9.969906806945800781e-01
9.970792531967163086e-01
9.972895979881286621e-01
9.952950477600097656e-01
9.877999424934387207e-01
9.529395103454589844e-01
9.948087334632873535e-01
9.984835386276245117e-01
9.968380928039550781e-01
9.986431598663330078e-01
9.897300004959106445e-01
9.784142374992370605e-01
9.967389702796936035e-01
9.552112221717834473e-01
9.986016154289245605e-01
9.978598356246948242e-01
9.978621006011962891e-01
9.894924759864807129e-01
9.871571063995361328e-01
9.947489500045776367e-01
9.908994436264038086e-01
9.965862631797790527e-01
9.841645359992980957e-01
9.769107699394226074e-01
9.888468980789184570e-01
9.947320222854614258e-01
9.913502931594848633e-01
9.961013197898864746e-01
9.994555115699768066e-01
9.868987202644348145e-01
9.599425792694091797e-01
9.489490389823913574e-01
9.876828789710998535e-01
9.841735363006591797e-01
9.469203948974609375e-01
9.961820244789123535e-01
9.929863810539245605e-01
9.977014660835266113e-01
9.828328490257263184e-01
9.749346375465393066e-01
9.944660663604736328e-01
9.961767792701721191e-01
9.980351924896240234e-01
9.998187422752380371e-01
9.949644207954406738e-01
9.991655349731445312e-01
9.918244481086730957e-01
8.923098444938659668e-01
9.981069564819335938e-01
9.970331788063049316e-01
9.909837245941162109e-01
9.952452778816223145e-01
9.866415262222290039e-01
9.871623516082763672e-01
9.971470236778259277e-01
9.965132474899291992e-01
9.963063001632690430e-01
9.932108521461486816e-01
9.995868802070617676e-01
9.994740486145019531e-01
9.887037873268127441e-01
9.929799437522888184e-01
9.841868281364440918e-01
9.947997331619262695e-01
9.959988594055175781e-01
9.957106709480285645e-01
9.843477010726928711e-01
9.965815544128417969e-01
9.953026771545410156e-01
9.952986836433410645e-01
9.885977506637573242e-01
9.993085861206054688e-01
9.961721897125244141e-01
9.866873025894165039e-01
9.388608932495117188e-01
9.971037507057189941e-01
9.951327443122863770e-01
9.712936878204345703e-01
9.892829060554504395e-01
9.557006359100341797e-01
9.852633476257324219e-01
9.811673164367675781e-01
9.972264766693115234e-01
9.976713061332702637e-01
9.977661967277526855e-01
9.997364282608032227e-01
9.977987408638000488e-01
9.955979585647583008e-01
9.951275587081909180e-01
9.996812939643859863e-01
9.655644297599792480e-01
9.912022352218627930e-01
9.965729117393493652e-01
8.293781876564025879e-01
9.275264739990234375e-01
9.993466734886169434e-01
9.884926676750183105e-01
9.312809109687805176e-01
9.959946870803833008e-01
9.780802726745605469e-01
9.868028163909912109e-01
9.960196614265441895e-01
9.952780008316040039e-01
9.917539954185485840e-01
9.881334304809570312e-01
9.990981817245483398e-01
9.830784201622009277e-01
9.748855233192443848e-01
9.963718652725219727e-01
9.951118826866149902e-01
9.829527735710144043e-01
9.758368730545043945e-01
9.947408437728881836e-01
9.838008284568786621e-01
9.973264932632446289e-01
9.971114397048950195e-01
9.982362389564514160e-01
9.984063506126403809e-01
9.979957938194274902e-01
9.953133463859558105e-01
9.980320334434509277e-01
9.699553251266479492e-01
9.861138463020324707e-01
9.986289143562316895e-01
9.980330467224121094e-01
9.978049993515014648e-01
9.679972529411315918e-01
9.959110617637634277e-01
9.976080060005187988e-01
9.947322010993957520e-01
9.257002472877502441e-01
9.998968243598937988e-01
9.931935667991638184e-01
9.946893453598022461e-01
9.931343793869018555e-01
9.985897541046142578e-01
9.890601634979248047e-01
9.888795018196105957e-01
9.903877973556518555e-01
9.949666857719421387e-01
9.937078952789306641e-01
9.991295933723449707e-01
9.885028600692749023e-01
9.915370941162109375e-01
9.877411723136901855e-01
9.974502921104431152e-01
9.956997036933898926e-01
9.991261959075927734e-01
9.740438461303710938e-01
9.599987864494323730e-01
9.825370311737060547e-01
9.912371635437011719e-01
9.932091832160949707e-01
9.713147878646850586e-01
9.978168010711669922e-01
9.956090450286865234e-01
9.940798282623291016e-01
9.926614165306091309e-01
9.911061525344848633e-01
9.989940524101257324e-01
9.949023723602294922e-01
9.960352778434753418e-01
9.950361251831054688e-01
9.900120496749877930e-01
9.973199963569641113e-01
9.998654723167419434e-01
9.974994063377380371e-01
9.863536953926086426e-01
9.816617369651794434e-01
9.979543089866638184e-01
9.723986387252807617e-01
9.943336844444274902e-01
9.980595707893371582e-01
9.983914494514465332e-01
9.832008481025695801e-01
9.868497848510742188e-01
9.927271008491516113e-01
9.727972745895385742e-01
9.985417723655700684e-01
9.753583073616027832e-01
9.979551434516906738e-01
9.928597211837768555e-01
9.977883696556091309e-01
9.999432563781738281e-01
9.997423291206359863e-01
9.964936375617980957e-01
9.962966442108154297e-01
9.640104770660400391e-01
9.877602458000183105e-01
9.948462843894958496e-01
9.978712201118469238e-01
9.948032498359680176e-01
9.916005730628967285e-01
9.888134002685546875e-01
9.984257817268371582e-01
9.979523420333862305e-01
9.689989089965820312e-01
7.578711509704589844e-01
9.949053525924682617e-01
9.982865452766418457e-01
9.873378276824951172e-01
9.700577855110168457e-01
9.993765354156494141e-01
9.863327741622924805e-01
9.977533817291259766e-01
9.968656897544860840e-01
9.928060770034790039e-01
9.971220493316650391e-01
9.989176392555236816e-01
9.827725291252136230e-01
9.929403662681579590e-01
9.719703793525695801e-01
9.670740365982055664e-01
9.568615555763244629e-01
9.982529282569885254e-01
9.931734204292297363e-01
9.969525337219238281e-01
9.927331805229187012e-01
9.662470817565917969e-01
9.987568855285644531e-01
9.932032227516174316e-01
9.972037672996520996e-01
9.782773852348327637e-01
9.924123883247375488e-01
9.904837608337402344e-01
9.991850256919860840e-01
9.988865256309509277e-01
7.977866530418395996e-01
9.983583092689514160e-01
9.700925350189208984e-01
9.945133924484252930e-01
9.885224699974060059e-01
9.962584972381591797e-01
9.987074732780456543e-01
9.913272261619567871e-01
9.566020369529724121e-01
9.742013216018676758e-01
9.975295662879943848e-01
9.903538823127746582e-01
9.963496327400207520e-01
9.966203570365905762e-01
9.948386549949645996e-01
9.921906590461730957e-01
9.974531531333923340e-01
9.992453455924987793e-01
9.917759299278259277e-01
9.885292053222656250e-01
9.953267574310302734e-01
9.986463189125061035e-01
9.790638089179992676e-01
9.656141400337219238e-01
9.977636337280273438e-01
9.959080815315246582e-01
9.970109462738037109e-01
9.911842942237854004e-01
9.567162990570068359e-01
9.979126453399658203e-01
9.971041679382324219e-01
9.928311705589294434e-01
9.878614544868469238e-01
9.987723231315612793e-01
9.856415987014770508e-01
9.847776889801025391e-01
9.981296062469482422e-01
9.972902536392211914e-01
9.816780090332031250e-01
9.605469107627868652e-01
9.986168742179870605e-01
9.746072888374328613e-01
9.605883955955505371e-01
9.952843189239501953e-01
9.998298287391662598e-01
9.909354448318481445e-01
9.927347302436828613e-01
9.863767027854919434e-01
9.940720200538635254e-01
9.980273246765136719e-01
9.980064630508422852e-01
9.977583289146423340e-01
9.702290892601013184e-01
9.931988716125488281e-01
9.960439801216125488e-01
9.972687959671020508e-01
9.993803501129150391e-01
9.986386895179748535e-01
9.982785582542419434e-01
9.961423873901367188e-01
9.750282764434814453e-01
9.957089424133300781e-01
9.986119866371154785e-01
9.886135458946228027e-01
9.443460106849670410e-01
9.989278316497802734e-01
9.989929199218750000e-01
9.926819801330566406e-01
9.818540215492248535e-01
9.858583807945251465e-01
9.915131926536560059e-01
9.966040253639221191e-01
9.954506158828735352e-01
9.973737001419067383e-01
9.980778694152832031e-01
9.914190173149108887e-01
9.978155493736267090e-01
9.949240088462829590e-01
9.995732307434082031e-01
9.899040460586547852e-01
9.320099353790283203e-01
9.900307655334472656e-01
9.925680756568908691e-01
9.944387078285217285e-01
9.873375892639160156e-01
9.878777265548706055e-01
9.182505607604980469e-01
9.980502128601074219e-01
9.986758232116699219e-01
9.964298009872436523e-01
9.920063018798828125e-01
9.801911115646362305e-01
9.987080097198486328e-01
9.929081797599792480e-01
9.976136088371276855e-01
9.730877876281738281e-01
9.994958043098449707e-01
9.891678094863891602e-01
9.990612864494323730e-01
9.894391894340515137e-01
9.784451723098754883e-01
9.984744191169738770e-01
9.898374676704406738e-01
9.916192889213562012e-01
9.983994960784912109e-01
9.992512464523315430e-01
9.954305887222290039e-01
9.977598786354064941e-01
9.967884421348571777e-01
9.924429655075073242e-01
9.980602264404296875e-01
9.864115118980407715e-01
9.852728247642517090e-01
9.951213002204895020e-01
9.986133575439453125e-01
9.926384091377258301e-01
9.974470138549804688e-01
9.983044266700744629e-01
9.926471114158630371e-01
9.908806085586547852e-01
9.831075072288513184e-01
9.873097538948059082e-01
9.688442349433898926e-01
9.888542890548706055e-01
9.909490942955017090e-01
9.991288781166076660e-01
9.975167512893676758e-01
9.929102659225463867e-01
9.940507411956787109e-01
9.911698698997497559e-01
9.559040069580078125e-01
9.743016958236694336e-01
9.989496469497680664e-01
9.906540513038635254e-01
9.965307712554931641e-01
9.978332519531250000e-01
9.967754483222961426e-01
9.979848265647888184e-01
9.967092871665954590e-01
9.968150854110717773e-01
9.688571691513061523e-01
9.865278601646423340e-01
9.975742697715759277e-01
9.943413138389587402e-01
9.988048076629638672e-01
9.948692321777343750e-01
9.947151541709899902e-01
9.925058484077453613e-01
9.756156206130981445e-01
9.981184005737304688e-01
9.913485050201416016e-01
9.915309548377990723e-01
9.965640306472778320e-01
9.959343075752258301e-01
9.935137033462524414e-01
9.981304407119750977e-01
9.926686286926269531e-01
9.958469271659851074e-01
9.959116578102111816e-01
9.958086609840393066e-01
9.949564337730407715e-01
9.948770403861999512e-01
9.985652565956115723e-01
9.974370002746582031e-01
9.978856444358825684e-01
9.985390901565551758e-01
9.921101331710815430e-01
9.978570342063903809e-01
9.955438375473022461e-01
9.889773130416870117e-01
9.974833726882934570e-01
9.964842796325683594e-01
9.924125075340270996e-01
9.935562610626220703e-01
9.985824823379516602e-01
9.953155517578125000e-01
9.971921443939208984e-01
9.695990681648254395e-01
9.974532723426818848e-01
9.982008934020996094e-01
9.954193830490112305e-01
9.868726730346679688e-01
9.944026470184326172e-01
9.987588524818420410e-01
9.953015446662902832e-01
9.938988685607910156e-01
9.970144629478454590e-01
9.957937002182006836e-01
9.905370473861694336e-01
9.889953732490539551e-01
8.424481153488159180e-01
9.970620870590209961e-01
9.936488866806030273e-01
9.938464760780334473e-01
9.737049341201782227e-01
9.976519346237182617e-01
9.539716243743896484e-01
9.921578168869018555e-01
9.957134723663330078e-01
9.900380969047546387e-01
9.952954053878784180e-01
9.978508949279785156e-01
9.931933283805847168e-01
9.858674407005310059e-01
9.701383113861083984e-01
9.965870976448059082e-01
9.923031926155090332e-01
9.953004717826843262e-01
9.809322953224182129e-01
9.923403859138488770e-01
9.825019836425781250e-01
9.757671356201171875e-01
9.966838359832763672e-01
9.937009215354919434e-01
9.978101849555969238e-01
9.709867835044860840e-01
9.961619377136230469e-01
9.783685803413391113e-01
9.840890169143676758e-01
9.921514391899108887e-01
9.899433255195617676e-01
9.786278605461120605e-01
9.962558746337890625e-01
9.910225868225097656e-01
9.968178272247314453e-01
9.997537136077880859e-01
9.992439746856689453e-01
9.927796721458435059e-01
9.521457552909851074e-01
9.992324709892272949e-01
9.961144924163818359e-01
9.887534379959106445e-01
9.303671717643737793e-01
9.943897128105163574e-01
9.961280822753906250e-01
9.882395267486572266e-01
9.661781191825866699e-01
9.916030168533325195e-01
9.919615387916564941e-01
9.913199543952941895e-01
9.784073829650878906e-01
9.931671619415283203e-01
9.947760105133056641e-01
9.947484135627746582e-01
9.978286027908325195e-01
9.973552227020263672e-01
9.988403320312500000e-01
9.885511398315429688e-01
9.984692335128784180e-01
9.979938864707946777e-01
9.740416407585144043e-01
9.193165302276611328e-01
9.987437129020690918e-01
9.930534362792968750e-01
9.985222816467285156e-01
9.704388380050659180e-01
9.883924722671508789e-01
9.804860949516296387e-01
9.877272844314575195e-01
9.747086763381958008e-01
9.879511594772338867e-01
9.932596683502197266e-01
9.967811107635498047e-01
9.969047904014587402e-01
9.986135959625244141e-01
9.987829327583312988e-01
9.912002086639404297e-01
9.972110986709594727e-01
9.980970025062561035e-01
9.884189963340759277e-01
9.973502755165100098e-01
9.984911084175109863e-01
9.964421391487121582e-01
9.965921044349670410e-01
9.966328144073486328e-01
9.955113530158996582e-01
9.746450185775756836e-01
9.879016876220703125e-01
9.978730678558349609e-01
9.794455766677856445e-01
9.997068643569946289e-01
9.913570880889892578e-01
9.931784272193908691e-01
9.741573929786682129e-01
9.949007630348205566e-01
9.938412904739379883e-01
9.963352680206298828e-01
9.989134669303894043e-01
9.946729540824890137e-01
9.973682165145874023e-01
9.952713251113891602e-01
9.948335886001586914e-01
9.969207644462585449e-01
9.895547628402709961e-01
9.966793656349182129e-01
9.794400930404663086e-01
9.512958526611328125e-01
9.937646985054016113e-01
9.723809957504272461e-01
9.977980256080627441e-01
9.894151687622070312e-01
9.970515370368957520e-01
9.985044598579406738e-01
9.986484050750732422e-01
9.791712760925292969e-01
9.990198612213134766e-01
9.917340278625488281e-01
9.969981908798217773e-01
9.970555901527404785e-01
9.978258609771728516e-01
9.827042818069458008e-01
9.977593421936035156e-01
9.950266480445861816e-01
9.936530590057373047e-01
9.974113702774047852e-01
9.933116436004638672e-01
9.979138374328613281e-01
9.901652336120605469e-01
9.959529042243957520e-01
9.978656172752380371e-01
9.915841221809387207e-01
9.934415817260742188e-01
9.942860603332519531e-01
9.952481985092163086e-01
9.992973804473876953e-01
9.996083378791809082e-01
9.921894073486328125e-01
9.937621951103210449e-01
9.921837449073791504e-01
9.906186461448669434e-01
9.996090531349182129e-01
9.960634708404541016e-01
9.977688789367675781e-01
9.912947416305541992e-01
9.995102286338806152e-01
9.753437638282775879e-01
9.834959506988525391e-01
9.913593530654907227e-01
9.934584498405456543e-01
9.591311216354370117e-01
9.960449337959289551e-01
9.972392320632934570e-01
9.674539566040039062e-01
9.746329784393310547e-01
9.925852417945861816e-01
9.980003237724304199e-01
9.968245029449462891e-01
9.840179681777954102e-01
9.781061410903930664e-01
9.866374135017395020e-01
9.968270659446716309e-01
9.961088895797729492e-01
9.984588027000427246e-01
9.886357784271240234e-01
9.705039262771606445e-01
9.977518320083618164e-01
9.971607327461242676e-01
9.974874854087829590e-01
9.828324913978576660e-01
9.371098279953002930e-01
9.729080200195312500e-01
9.973708391189575195e-01
9.999770522117614746e-01
9.812529683113098145e-01
9.960796236991882324e-01
9.837458729743957520e-01
9.852771759033203125e-01
9.993463158607482910e-01
9.990628957748413086e-01
9.919172525405883789e-01
9.858319163322448730e-01
9.985921382904052734e-01
9.942364096641540527e-01
9.967880249023437500e-01
9.982181787490844727e-01
9.969300627708435059e-01
9.942371249198913574e-01
9.810011982917785645e-01
9.690977334976196289e-01
9.951262474060058594e-01
9.950867891311645508e-01
9.964343309402465820e-01
9.829915761947631836e-01
9.996711611747741699e-01
9.913527369499206543e-01
9.887735247611999512e-01
9.613682627677917480e-01
9.903700947761535645e-01
9.971244335174560547e-01
9.933742880821228027e-01
8.959020972251892090e-01
9.949344396591186523e-01
9.955484867095947266e-01
9.991571307182312012e-01
9.947978854179382324e-01
9.989989995956420898e-01
9.940893650054931641e-01
9.962106347084045410e-01
9.943445324897766113e-01
9.907014966011047363e-01
9.982244372367858887e-01
9.958989024162292480e-01
9.991046190261840820e-01
9.951036572456359863e-01
9.997391104698181152e-01
9.948922991752624512e-01
9.983552098274230957e-01
9.990811944007873535e-01
9.933542013168334961e-01
9.962697625160217285e-01
9.795778989791870117e-01
9.985356926918029785e-01
9.946377873420715332e-01
9.901015162467956543e-01
9.980630874633789062e-01
9.980078935623168945e-01
9.778378009796142578e-01
9.978203177452087402e-01
9.973480105400085449e-01
9.906447529792785645e-01
9.936668872833251953e-01
9.926823377609252930e-01
8.857674598693847656e-01
9.966848492622375488e-01
9.974625706672668457e-01
9.987438917160034180e-01
9.821113348007202148e-01
9.975741505622863770e-01
9.929246902465820312e-01
9.974960684776306152e-01
9.964155554771423340e-01
9.784935712814331055e-01
9.955512881278991699e-01
9.912609457969665527e-01
9.707120656967163086e-01
9.870338439941406250e-01
9.916151165962219238e-01
9.974892735481262207e-01
9.978544712066650391e-01
9.985252618789672852e-01
9.822741150856018066e-01
9.941206574440002441e-01
9.767076373100280762e-01
9.935809373855590820e-01
9.267774820327758789e-01
9.935279488563537598e-01
9.881685376167297363e-01
9.979199171066284180e-01
9.990196824073791504e-01
9.967639446258544922e-01
9.996662139892578125e-01
9.977121949195861816e-01
9.888202548027038574e-01
9.893513321876525879e-01
9.965300559997558594e-01
9.972288012504577637e-01
9.977906346321105957e-01
9.959192276000976562e-01
9.938079118728637695e-01
9.991915225982666016e-01
9.982273578643798828e-01
9.942733645439147949e-01
9.973941445350646973e-01
9.985357522964477539e-01
9.710360765457153320e-01
9.996565580368041992e-01
9.985877871513366699e-01
9.996643662452697754e-01
9.939568042755126953e-01
9.920425415039062500e-01
9.978755116462707520e-01
9.796887040138244629e-01
9.822536110877990723e-01
9.983860254287719727e-01
9.545110464096069336e-01
9.980576038360595703e-01
9.972845911979675293e-01
9.962277412414550781e-01
9.889981746673583984e-01
9.969625473022460938e-01
9.968512654304504395e-01
9.848319888114929199e-01
9.919579029083251953e-01
9.986992478370666504e-01
9.982733726501464844e-01
9.758470654487609863e-01
9.951579570770263672e-01
9.940357208251953125e-01
9.974834918975830078e-01
9.553856253623962402e-01
9.951144456863403320e-01
9.980235099792480469e-01
9.931977987289428711e-01
9.976534843444824219e-01
9.978187084197998047e-01
9.958505034446716309e-01
9.906512498855590820e-01
9.979286789894104004e-01
9.949297904968261719e-01
9.972954392433166504e-01
9.904713630676269531e-01
9.891213178634643555e-01
9.930850863456726074e-01
9.975226521492004395e-01
9.858821630477905273e-01
9.922723174095153809e-01
9.901419281959533691e-01
9.780804514884948730e-01
9.937442541122436523e-01
9.958167672157287598e-01
9.985767006874084473e-01
9.940651655197143555e-01
9.893240332603454590e-01
9.963797330856323242e-01
9.977188110351562500e-01
9.068251848220825195e-01
9.991213679313659668e-01
9.734045267105102539e-01
9.980127811431884766e-01
9.734655022621154785e-01
9.794946908950805664e-01
9.775201082229614258e-01
9.763289690017700195e-01
9.967213869094848633e-01
9.976348280906677246e-01
9.998974800109863281e-01
9.853817224502563477e-01
9.997331500053405762e-01
9.928950667381286621e-01
9.977674484252929688e-01
9.939606785774230957e-01
9.996593594551086426e-01
9.969109892845153809e-01
9.987103343009948730e-01
9.974671602249145508e-01
9.989378452301025391e-01
9.981557726860046387e-01
9.991723895072937012e-01
9.952454566955566406e-01
9.950044751167297363e-01
9.917719364166259766e-01
9.982650279998779297e-01
9.949694275856018066e-01
9.871572256088256836e-01
9.979588389396667480e-01
9.962161183357238770e-01
9.922159314155578613e-01
9.743309617042541504e-01
9.619880318641662598e-01
9.931766390800476074e-01
9.749130606651306152e-01
9.754841923713684082e-01
9.978563189506530762e-01
9.869273304939270020e-01
9.994481205940246582e-01
9.984089732170104980e-01
9.736458063125610352e-01
9.961802363395690918e-01
9.987899661064147949e-01
9.998324513435363770e-01
9.977090954780578613e-01
9.989124536514282227e-01
9.972847700119018555e-01
9.538178443908691406e-01
8.327679038047790527e-01
9.977080821990966797e-01
9.524610638618469238e-01
9.962219595909118652e-01
9.881800413131713867e-01
9.981784820556640625e-01
9.977079033851623535e-01
9.847200512886047363e-01
8.615189790725708008e-01
9.967517256736755371e-01
9.971908330917358398e-01
9.990828633308410645e-01
9.998980760574340820e-01
9.954201579093933105e-01
9.837766289710998535e-01
9.972485899925231934e-01
9.861961603164672852e-01
9.959759712219238281e-01
9.889637827873229980e-01
9.969984889030456543e-01
9.903032183647155762e-01
9.909781813621520996e-01
9.967544078826904297e-01
9.978995919227600098e-01
9.946410059928894043e-01
9.997520446777343750e-01
9.881387948989868164e-01
9.977641701698303223e-01
9.922356009483337402e-01
9.911628365516662598e-01
9.877863526344299316e-01
9.988228082656860352e-01
9.961091279983520508e-01
9.662435054779052734e-01
9.983456730842590332e-01
9.569818973541259766e-01
9.976234436035156250e-01
9.931963682174682617e-01
9.994658231735229492e-01
9.895562529563903809e-01
9.993090629577636719e-01
9.959369301795959473e-01
9.949809908866882324e-01
9.892824292182922363e-01
9.796275496482849121e-01
9.996853470802307129e-01
9.976143836975097656e-01
9.983100891113281250e-01
9.952562451362609863e-01
9.892508983612060547e-01
9.718968868255615234e-01
9.958877563476562500e-01
9.986701011657714844e-01
9.824586510658264160e-01
9.903448224067687988e-01
9.665088653564453125e-01
9.901869893074035645e-01
9.938178062438964844e-01
9.677728414535522461e-01
9.691380262374877930e-01
9.998022913932800293e-01
9.994887113571166992e-01
9.958755373954772949e-01
9.988625645637512207e-01
9.748737812042236328e-01
9.986461400985717773e-01
9.997453093528747559e-01
9.965062141418457031e-01
9.994091391563415527e-01
9.864738583564758301e-01
9.938417673110961914e-01
9.991663694381713867e-01
9.998764991760253906e-01
9.987640976905822754e-01
9.996576905250549316e-01
9.231427907943725586e-01
9.408203959465026855e-01
9.617440700531005859e-01
9.848157167434692383e-01
9.946026802062988281e-01
9.988653659820556641e-01
9.937940239906311035e-01
9.920629858970642090e-01
9.974548816680908203e-01
9.917225837707519531e-01
9.960266947746276855e-01
9.967912435531616211e-01
9.632784128189086914e-01
9.759491682052612305e-01
9.972519278526306152e-01
9.897912144660949707e-01
9.984036684036254883e-01
9.847717881202697754e-01
9.926276206970214844e-01
9.973472356796264648e-01
9.991734623908996582e-01
9.979359507560729980e-01
8.352335691452026367e-01
9.963240027427673340e-01
9.938613772392272949e-01
9.935711026191711426e-01
9.947797656059265137e-01
9.932519197463989258e-01
9.959782958030700684e-01
9.594871401786804199e-01
9.985424280166625977e-01
9.921380281448364258e-01
9.972249865531921387e-01
9.789959788322448730e-01
9.969884753227233887e-01
9.714633822441101074e-01
9.926846623420715332e-01
9.861239194869995117e-01
9.988769888877868652e-01
9.935342669486999512e-01
9.775905013084411621e-01
9.959628582000732422e-01
9.924126863479614258e-01
9.906099438667297363e-01
9.948619604110717773e-01
9.982348680496215820e-01
9.891248941421508789e-01
9.981185197830200195e-01
9.993235468864440918e-01
9.846214056015014648e-01
9.874767065048217773e-01
9.911856055259704590e-01
9.866325855255126953e-01
9.980109333992004395e-01
9.964401125907897949e-01
9.459139108657836914e-01
9.980075955390930176e-01
9.936787486076354980e-01
9.993665218353271484e-01
9.951807856559753418e-01
9.870203137397766113e-01
9.990686774253845215e-01
9.971783161163330078e-01
9.978899955749511719e-01
9.983888268470764160e-01
9.948635697364807129e-01
9.948210120201110840e-01
9.892023205757141113e-01
9.896685481071472168e-01
9.979717731475830078e-01
9.980391263961791992e-01
9.928443431854248047e-01
9.959037899971008301e-01
9.979128837585449219e-01
9.581486582756042480e-01
9.851292371749877930e-01
9.984806180000305176e-01
9.965531229972839355e-01
9.819156527519226074e-01
9.879019856452941895e-01
9.953476190567016602e-01
9.795095920562744141e-01
9.657277464866638184e-01
9.971985220909118652e-01
9.980738162994384766e-01
9.945173859596252441e-01
9.665984511375427246e-01
9.971085786819458008e-01
9.987758994102478027e-01
9.922752380371093750e-01
9.978302717208862305e-01
9.954547286033630371e-01
9.704157710075378418e-01
9.962519407272338867e-01
9.962072968482971191e-01
9.977396130561828613e-01
9.809970855712890625e-01
9.868801236152648926e-01
9.480230808258056641e-01
9.977805018424987793e-01
9.986707568168640137e-01
9.886801838874816895e-01
9.939454197883605957e-01
9.913372993469238281e-01
9.976029992103576660e-01
9.996708631515502930e-01
9.836453795433044434e-01
9.927122592926025391e-01
9.988901615142822266e-01
9.789785742759704590e-01
9.957631230354309082e-01
9.837772846221923828e-01
9.916031360626220703e-01
8.858394026756286621e-01
9.936558604240417480e-01
9.981119036674499512e-01
9.997117519378662109e-01
9.872264266014099121e-01
9.841964244842529297e-01
9.970349669456481934e-01
9.855129718780517578e-01
9.984180927276611328e-01
9.898494482040405273e-01
9.921887516975402832e-01
9.966949820518493652e-01
9.215852022171020508e-01
8.625555038452148438e-01
9.949223399162292480e-01
9.553704261779785156e-01
9.962370991706848145e-01
9.838346838951110840e-01
9.893395900726318359e-01
9.435226321220397949e-01
9.967619180679321289e-01
9.906040430068969727e-01
9.919630885124206543e-01
9.972066283226013184e-01
9.986497759819030762e-01
9.922615885734558105e-01
8.742456436157226562e-01
9.907198548316955566e-01
9.958239793777465820e-01
9.975823163986206055e-01
9.993029832839965820e-01
9.980666637420654297e-01
9.253386855125427246e-01
9.748597145080566406e-01
9.769868254661560059e-01
9.950875043869018555e-01
9.933205246925354004e-01
9.980463385581970215e-01
9.941628575325012207e-01
9.904327392578125000e-01
9.782463908195495605e-01
9.705033302307128906e-01
9.958639144897460938e-01
9.932320713996887207e-01
9.639526605606079102e-01
9.969722032546997070e-01
9.944491386413574219e-01
9.922604560852050781e-01
9.983329176902770996e-01
9.973756670951843262e-01
9.898680448532104492e-01
9.790500998497009277e-01
9.938498139381408691e-01
9.861440658569335938e-01
9.971582889556884766e-01
9.752224683761596680e-01
9.912227392196655273e-01
9.619413614273071289e-01
9.982407093048095703e-01
9.745574593544006348e-01
9.981136322021484375e-01
9.963574409484863281e-01
9.872786998748779297e-01
9.897240400314331055e-01
9.957586526870727539e-01
9.608487486839294434e-01
9.980285763740539551e-01
9.965854287147521973e-01
9.977687001228332520e-01
9.960405826568603516e-01
9.537647366523742676e-01
9.896858334541320801e-01
9.932805895805358887e-01
9.941760301589965820e-01
9.910120368003845215e-01
9.950457215309143066e-01
9.935859441757202148e-01
9.869159460067749023e-01
9.999797940254211426e-01
9.703344106674194336e-01
9.971686005592346191e-01
9.945315122604370117e-01
9.941511750221252441e-01
9.973313808441162109e-01
9.572381973266601562e-01
9.952401518821716309e-01
9.882742166519165039e-01
9.869830608367919922e-01
9.939381480216979980e-01
9.986841082572937012e-01
9.973754286766052246e-01
9.890707731246948242e-01
9.979317188262939453e-01
9.951931834220886230e-01
9.977708458900451660e-01
9.989798665046691895e-01
9.983845949172973633e-01
9.948472976684570312e-01
9.889253377914428711e-01
9.971803426742553711e-01
9.985575079917907715e-01
9.987889528274536133e-01
9.973776936531066895e-01
9.964030385017395020e-01
9.997944235801696777e-01
9.996597170829772949e-01
9.962370991706848145e-01
9.951289296150207520e-01
9.925012588500976562e-01
9.841564893722534180e-01
9.914494752883911133e-01
9.914147257804870605e-01
9.931247234344482422e-01
9.858915805816650391e-01
9.925668835639953613e-01
9.979748129844665527e-01
9.892199635505676270e-01
9.976903200149536133e-01
9.331596493721008301e-01
9.806496500968933105e-01
9.913481473922729492e-01
9.898219108581542969e-01
9.962982535362243652e-01
9.904766082763671875e-01
9.987741708755493164e-01
9.994130730628967285e-01
9.982944130897521973e-01
9.983669519424438477e-01
9.952855706214904785e-01
9.988660812377929688e-01
9.933878779411315918e-01
9.649267792701721191e-01
9.650221467018127441e-01
9.847433567047119141e-01
9.965938329696655273e-01
9.928184151649475098e-01
9.973315000534057617e-01
9.741469621658325195e-01
9.903699159622192383e-01
9.910612702369689941e-01
9.979925155639648438e-01
9.972383975982666016e-01
9.964315295219421387e-01
9.585741758346557617e-01
9.747065305709838867e-01
9.921230673789978027e-01
9.999585151672363281e-01
9.976645708084106445e-01
9.995729923248291016e-01
9.967764616012573242e-01
9.905476570129394531e-01
9.979554414749145508e-01
9.983263015747070312e-01
9.986081123352050781e-01
9.974662065505981445e-01
9.905056953430175781e-01
9.985406398773193359e-01
9.970532059669494629e-01
9.765148162841796875e-01
9.961248040199279785e-01
9.771451950073242188e-01
9.991608262062072754e-01
9.959782958030700684e-01
9.768232703208923340e-01
9.990494251251220703e-01
9.925559759140014648e-01
9.876425862312316895e-01
9.973089694976806641e-01
9.960428476333618164e-01
9.882333278656005859e-01
9.977468252182006836e-01
9.963309764862060547e-01
9.998938441276550293e-01
9.880357980728149414e-01
9.978142380714416504e-01
9.994611144065856934e-01
9.955198168754577637e-01
9.913206100463867188e-01
9.867174625396728516e-01
9.961226582527160645e-01
9.945380687713623047e-01
9.825387597084045410e-01
9.807647466659545898e-01
9.918361902236938477e-01
9.971426129341125488e-01
9.884968996047973633e-01
9.932389259338378906e-01
9.973972439765930176e-01
9.981248378753662109e-01
9.944394230842590332e-01
9.991762042045593262e-01
9.958320856094360352e-01
9.773773550987243652e-01
9.959558248519897461e-01
9.975987672805786133e-01
9.960331320762634277e-01
9.976565241813659668e-01
9.979145526885986328e-01
9.979162812232971191e-01
8.370757102966308594e-01
9.566506147384643555e-01
9.882071614265441895e-01
9.974864125251770020e-01
9.923418760299682617e-01
9.492512345314025879e-01
9.405940771102905273e-01
9.720693826675415039e-01
9.819747209548950195e-01
9.942368268966674805e-01
9.455137252807617188e-01
9.702680706977844238e-01
9.979029297828674316e-01
9.955122470855712891e-01
9.900079369544982910e-01
9.891108274459838867e-01
9.972316622734069824e-01
9.965286254882812500e-01
9.987164139747619629e-01
9.939554333686828613e-01
9.808616638183593750e-01
9.887570738792419434e-01
9.935344457626342773e-01
9.521786570549011230e-01
9.980520009994506836e-01
9.933740496635437012e-01
9.957802891731262207e-01
9.954148530960083008e-01
9.912427067756652832e-01
9.916820526123046875e-01
9.992956519126892090e-01
9.999574422836303711e-01
9.958546757698059082e-01
9.971603751182556152e-01
9.907422661781311035e-01
9.867187738418579102e-01
9.854591488838195801e-01
9.989878535270690918e-01
9.958410859107971191e-01
9.993352293968200684e-01
9.883761405944824219e-01
9.537276029586791992e-01
9.822272658348083496e-01
9.906432032585144043e-01
9.943447113037109375e-01
9.877932667732238770e-01
9.917688369750976562e-01
9.959979057312011719e-01
9.275298714637756348e-01
9.849756956100463867e-01
9.980956912040710449e-01
9.845457673072814941e-01
9.951124787330627441e-01
9.989700317382812500e-01
9.952726364135742188e-01
9.802627563476562500e-01
9.764044880867004395e-01
9.951485991477966309e-01
9.985507726669311523e-01
9.869345426559448242e-01
9.890843033790588379e-01
9.852566719055175781e-01
9.982904791831970215e-01
9.746890068054199219e-01
9.194741845130920410e-01
9.981046319007873535e-01
9.969432950019836426e-01
9.962927699089050293e-01
9.981203079223632812e-01
9.939801096916198730e-01
9.923143386840820312e-01
9.960595369338989258e-01
9.984979033470153809e-01
9.835628867149353027e-01
9.991325139999389648e-01
9.973372220993041992e-01
9.963391423225402832e-01
9.955872893333435059e-01
9.978665709495544434e-01
9.996967911720275879e-01
9.942514896392822266e-01
9.922047853469848633e-01
9.962050914764404297e-01
9.984092712402343750e-01
9.902337193489074707e-01
9.979308843612670898e-01
9.973505735397338867e-01
9.997309446334838867e-01
9.975350499153137207e-01
9.954321384429931641e-01
9.970991611480712891e-01
9.967215657234191895e-01
9.643875956535339355e-01
8.841026425361633301e-01
9.981650114059448242e-01
9.978151917457580566e-01
9.978753924369812012e-01
9.998335838317871094e-01
9.852832555770874023e-01
9.996576905250549316e-01
9.997528791427612305e-01
9.629414677619934082e-01
9.894871711730957031e-01
9.942373037338256836e-01
9.418348073959350586e-01
9.988073706626892090e-01
9.926715493202209473e-01
9.619665145874023438e-01
9.977865219116210938e-01
9.981314539909362793e-01
9.847338795661926270e-01
9.951204657554626465e-01
9.980417490005493164e-01
9.852970242500305176e-01
9.943295121192932129e-01
9.966214895248413086e-01
9.733585715293884277e-01
9.776906967163085938e-01
9.976354837417602539e-01
9.812836050987243652e-01
9.943485856056213379e-01
9.569006562232971191e-01
9.752254486083984375e-01
9.942796826362609863e-01
9.970893859863281250e-01
9.932003021240234375e-01
9.957329630851745605e-01
9.515582323074340820e-01
9.843856692314147949e-01
9.988235831260681152e-01
9.884792566299438477e-01
9.993270635604858398e-01
