0.000000000000000000e+00
0.000000000000000000e+00
0.000000000000000000e+00
1.881720430107526945e-02
0.000000000000000000e+00
0.000000000000000000e+00
1.333333333333333315e-01
1.595744680851063704e-02
0.000000000000000000e+00
1.315789473684210453e-02
0.000000000000000000e+00
0.000000000000000000e+00
0.000000000000000000e+00
0.000000000000000000e+00
0.000000000000000000e+00
0.000000000000000000e+00
1.428571428571428492e-01
0.000000000000000000e+00
0.000000000000000000e+00
0.000000000000000000e+00
0.000000000000000000e+00
0.000000000000000000e+00
1.538461538461538547e-02
0.000000000000000000e+00
0.000000000000000000e+00
0.000000000000000000e+00
0.000000000000000000e+00
3.144654088050314461e-02
0.000000000000000000e+00
2.631578947368420907e-02
1.748251748251748250e-03
0.000000000000000000e+00
0.000000000000000000e+00
0.000000000000000000e+00
0.000000000000000000e+00
7.518796992481202590e-03
0.000000000000000000e+00
0.000000000000000000e+00
0.000000000000000000e+00
0.000000000000000000e+00
0.000000000000000000e+00
0.000000000000000000e+00
1.188903566710700077e-02
0.000000000000000000e+00
0.000000000000000000e+00
0.000000000000000000e+00
3.174603174603174427e-02
0.000000000000000000e+00
3.567181926278240305e-03
2.150537634408602149e-03
0.000000000000000000e+00
0.000000000000000000e+00
0.000000000000000000e+00
0.000000000000000000e+00
0.000000000000000000e+00
4.807692307692307959e-03
0.000000000000000000e+00
0.000000000000000000e+00
7.915567282321900322e-03
1.219512195121951262e-02
0.000000000000000000e+00
0.000000000000000000e+00
1.476014760147601433e-02
4.285714285714285754e-02
2.185792349726775954e-02
0.000000000000000000e+00
0.000000000000000000e+00
0.000000000000000000e+00
0.000000000000000000e+00
0.000000000000000000e+00
0.000000000000000000e+00
0.000000000000000000e+00
0.000000000000000000e+00
0.000000000000000000e+00
8.620689655172413673e-03
0.000000000000000000e+00
0.000000000000000000e+00
0.000000000000000000e+00
0.000000000000000000e+00
0.000000000000000000e+00
0.000000000000000000e+00
0.000000000000000000e+00
0.000000000000000000e+00
0.000000000000000000e+00
0.000000000000000000e+00
0.000000000000000000e+00
2.213088839709137067e-03
0.000000000000000000e+00
0.000000000000000000e+00
2.142857142857142877e-02
0.000000000000000000e+00
0.000000000000000000e+00
1.052631578947368397e-02
2.000000000000000111e-01
8.403361344537814762e-03
0.000000000000000000e+00
0.000000000000000000e+00
1.146788990825688137e-03
0.000000000000000000e+00
0.000000000000000000e+00
0.000000000000000000e+00
0.000000000000000000e+00
0.000000000000000000e+00
1.666666666666666574e-01
0.000000000000000000e+00
0.000000000000000000e+00
0.000000000000000000e+00
0.000000000000000000e+00
0.000000000000000000e+00
0.000000000000000000e+00
0.000000000000000000e+00
0.000000000000000000e+00
1.028806584362139918e-02
2.473498233215547584e-02
0.000000000000000000e+00
0.000000000000000000e+00
0.000000000000000000e+00
1.785714285714285615e-02
0.000000000000000000e+00
5.358338914936369539e-03
2.857142857142857054e-02
0.000000000000000000e+00
0.000000000000000000e+00
0.000000000000000000e+00
0.000000000000000000e+00
0.000000000000000000e+00
0.000000000000000000e+00
7.142857142857142461e-02
3.333333333333333287e-02
0.000000000000000000e+00
0.000000000000000000e+00
6.511627906976744443e-03
0.000000000000000000e+00
1.866666666666666821e-02
9.803921568627450844e-03
2.614379084967320341e-02
0.000000000000000000e+00
0.000000000000000000e+00
0.000000000000000000e+00
1.432664756446991490e-02
0.000000000000000000e+00
2.058823529411764608e-01
2.173913043478260809e-02
0.000000000000000000e+00
0.000000000000000000e+00
7.692307692307692735e-02
0.000000000000000000e+00
7.395234182415776590e-03
0.000000000000000000e+00
1.590909090909090745e-02
0.000000000000000000e+00
0.000000000000000000e+00
0.000000000000000000e+00
8.333333333333332871e-02
3.737319807794981311e-03
0.000000000000000000e+00
0.000000000000000000e+00
4.704652378463147246e-03
0.000000000000000000e+00
0.000000000000000000e+00
0.000000000000000000e+00
0.000000000000000000e+00
0.000000000000000000e+00
0.000000000000000000e+00
0.000000000000000000e+00
0.000000000000000000e+00
0.000000000000000000e+00
3.773584905660377388e-03
0.000000000000000000e+00
2.325581395348837177e-02
0.000000000000000000e+00
0.000000000000000000e+00
0.000000000000000000e+00
0.000000000000000000e+00
1.075268817204301161e-02
6.172839506172839164e-03
0.000000000000000000e+00
0.000000000000000000e+00
0.000000000000000000e+00
4.347826086956521618e-02
0.000000000000000000e+00
0.000000000000000000e+00
0.000000000000000000e+00
2.899601304820587089e-03
0.000000000000000000e+00
4.201680672268907381e-03
0.000000000000000000e+00
0.000000000000000000e+00
0.000000000000000000e+00
0.000000000000000000e+00
0.000000000000000000e+00
8.733624454148471161e-03
0.000000000000000000e+00
0.000000000000000000e+00
0.000000000000000000e+00
0.000000000000000000e+00
0.000000000000000000e+00
0.000000000000000000e+00
0.000000000000000000e+00
3.372681281618886834e-03
9.581603321622484456e-04
0.000000000000000000e+00
0.000000000000000000e+00
0.000000000000000000e+00
1.680672268907562952e-02
5.102040816326530205e-03
1.156069364161849654e-02
6.211180124223602064e-03
0.000000000000000000e+00
0.000000000000000000e+00
0.000000000000000000e+00
3.896103896103896014e-02
2.232142857142857019e-03
0.000000000000000000e+00
0.000000000000000000e+00
0.000000000000000000e+00
9.836065573770492662e-03
6.201550387596899139e-03
0.000000000000000000e+00
4.219409282700421586e-03
1.745200698080279266e-03
0.000000000000000000e+00
0.000000000000000000e+00
4.021447721179624742e-03
0.000000000000000000e+00
0.000000000000000000e+00
0.000000000000000000e+00
1.094890510948905160e-02
0.000000000000000000e+00
0.000000000000000000e+00
0.000000000000000000e+00
1.954397394136807645e-02
0.000000000000000000e+00
0.000000000000000000e+00
0.000000000000000000e+00
5.424954792043399678e-03
0.000000000000000000e+00
5.982905982905983334e-03
0.000000000000000000e+00
0.000000000000000000e+00
1.333333333333333315e-01
0.000000000000000000e+00
0.000000000000000000e+00
0.000000000000000000e+00
4.000000000000000083e-02
0.000000000000000000e+00
2.158273381294963968e-03
0.000000000000000000e+00
0.000000000000000000e+00
0.000000000000000000e+00
0.000000000000000000e+00
0.000000000000000000e+00
0.000000000000000000e+00
0.000000000000000000e+00
1.030927835051546372e-02
0.000000000000000000e+00
0.000000000000000000e+00
0.000000000000000000e+00
0.000000000000000000e+00
0.000000000000000000e+00
0.000000000000000000e+00
3.144654088050314635e-03
1.000000000000000021e-02
7.462686567164178962e-03
0.000000000000000000e+00
0.000000000000000000e+00
0.000000000000000000e+00
0.000000000000000000e+00
0.000000000000000000e+00
0.000000000000000000e+00
4.597701149425287293e-03
0.000000000000000000e+00
1.035196687370600489e-03
0.000000000000000000e+00
3.225806451612903136e-02
6.776379477250725827e-03
9.070294784580499106e-03
1.333333333333333315e-01
0.000000000000000000e+00
4.608294930875576033e-03
0.000000000000000000e+00
0.000000000000000000e+00
0.000000000000000000e+00
0.000000000000000000e+00
0.000000000000000000e+00
0.000000000000000000e+00
0.000000000000000000e+00
5.128205128205128027e-02
0.000000000000000000e+00
0.000000000000000000e+00
0.000000000000000000e+00
0.000000000000000000e+00
1.781737193763919744e-02
1.691331923890063496e-02
0.000000000000000000e+00
0.000000000000000000e+00
0.000000000000000000e+00
2.857142857142856984e-01
0.000000000000000000e+00
0.000000000000000000e+00
1.176470588235294101e-02
0.000000000000000000e+00
1.845018450184501791e-03
1.730103806228373755e-03
2.280130293159609006e-03
0.000000000000000000e+00
0.000000000000000000e+00
0.000000000000000000e+00
1.832460732984293045e-02
0.000000000000000000e+00
5.144694533762057993e-03
2.500000000000000000e-01
0.000000000000000000e+00
0.000000000000000000e+00
0.000000000000000000e+00
2.564102564102564014e-02
1.111111111111111049e-01
0.000000000000000000e+00
0.000000000000000000e+00
5.277044854881266303e-03
0.000000000000000000e+00
7.792207792207792028e-02
4.347826086956521618e-02
2.478753541076487207e-03
0.000000000000000000e+00
0.000000000000000000e+00
0.000000000000000000e+00
0.000000000000000000e+00
1.886792452830188607e-02
0.000000000000000000e+00
0.000000000000000000e+00
4.527447651386531068e-03
0.000000000000000000e+00
5.235602094240838014e-03
0.000000000000000000e+00
0.000000000000000000e+00
2.331606217616580268e-02
0.000000000000000000e+00
0.000000000000000000e+00
0.000000000000000000e+00
2.380952380952380820e-02
3.480278422273781758e-03
0.000000000000000000e+00
0.000000000000000000e+00
0.000000000000000000e+00
4.958677685950413361e-02
2.941176470588235253e-02
0.000000000000000000e+00
0.000000000000000000e+00
8.333333333333332871e-02
0.000000000000000000e+00
0.000000000000000000e+00
5.555555555555555247e-02
0.000000000000000000e+00
0.000000000000000000e+00
2.092050209205020828e-02
0.000000000000000000e+00
0.000000000000000000e+00
1.030927835051546372e-02
0.000000000000000000e+00
1.333333333333333419e-02
0.000000000000000000e+00
0.000000000000000000e+00
8.771929824561403022e-03
0.000000000000000000e+00
0.000000000000000000e+00
2.493074792243767449e-02
0.000000000000000000e+00
7.692307692307692735e-03
4.634994206257242108e-03
0.000000000000000000e+00
0.000000000000000000e+00
0.000000000000000000e+00
0.000000000000000000e+00
0.000000000000000000e+00
0.000000000000000000e+00
0.000000000000000000e+00
0.000000000000000000e+00
0.000000000000000000e+00
2.564102564102564014e-02
0.000000000000000000e+00
0.000000000000000000e+00
0.000000000000000000e+00
0.000000000000000000e+00
0.000000000000000000e+00
0.000000000000000000e+00
0.000000000000000000e+00
0.000000000000000000e+00
0.000000000000000000e+00
0.000000000000000000e+00
3.409090909090908839e-02
0.000000000000000000e+00
6.930693069306931298e-02
0.000000000000000000e+00
0.000000000000000000e+00
0.000000000000000000e+00
0.000000000000000000e+00
3.912800447177193844e-03
4.166666666666666435e-02
0.000000000000000000e+00
1.307189542483660040e-03
0.000000000000000000e+00
0.000000000000000000e+00
0.000000000000000000e+00
0.000000000000000000e+00
0.000000000000000000e+00
0.000000000000000000e+00
0.000000000000000000e+00
0.000000000000000000e+00
2.821316614420062846e-02
0.000000000000000000e+00
1.666666666666666644e-02
3.025210084033613366e-03
1.388888888888888812e-02
0.000000000000000000e+00
0.000000000000000000e+00
0.000000000000000000e+00
0.000000000000000000e+00
2.985074626865671585e-02
3.571428571428571230e-02
0.000000000000000000e+00
3.614457831325301046e-02
0.000000000000000000e+00
0.000000000000000000e+00
0.000000000000000000e+00
0.000000000000000000e+00
0.000000000000000000e+00
1.169590643274853736e-02
3.225806451612903136e-02
0.000000000000000000e+00
0.000000000000000000e+00
2.777777777777777624e-02
3.174603174603174427e-02
0.000000000000000000e+00
8.333333333333332871e-02
7.518796992481202590e-03
0.000000000000000000e+00
2.337662337662337747e-02
1.069518716577540045e-02
2.220812182741116903e-03
2.500000000000000000e-01
0.000000000000000000e+00
0.000000000000000000e+00
0.000000000000000000e+00
4.184100418410041482e-03
9.259259259259259613e-04
0.000000000000000000e+00
0.000000000000000000e+00
0.000000000000000000e+00
0.000000000000000000e+00
1.000000000000000056e-01
0.000000000000000000e+00
0.000000000000000000e+00
1.351351351351351426e-02
0.000000000000000000e+00
2.222222222222222099e-01
0.000000000000000000e+00
2.666666666666666838e-02
0.000000000000000000e+00
4.878048780487804874e-03
0.000000000000000000e+00
0.000000000000000000e+00
1.363636363636363535e-01
0.000000000000000000e+00
0.000000000000000000e+00
0.000000000000000000e+00
0.000000000000000000e+00
0.000000000000000000e+00
0.000000000000000000e+00
6.369426751592357008e-03
3.381642512077294438e-02
2.209944751381215378e-02
0.000000000000000000e+00
2.808988764044943742e-02
0.000000000000000000e+00
0.000000000000000000e+00
2.500000000000000000e-01
0.000000000000000000e+00
0.000000000000000000e+00
0.000000000000000000e+00
6.287331027978622627e-04
0.000000000000000000e+00
2.688172043010752903e-03
0.000000000000000000e+00
0.000000000000000000e+00
0.000000000000000000e+00
0.000000000000000000e+00
0.000000000000000000e+00
1.818181818181818094e-02
6.775067750677506769e-04
0.000000000000000000e+00
0.000000000000000000e+00
9.174311926605505096e-03
0.000000000000000000e+00
0.000000000000000000e+00
0.000000000000000000e+00
0.000000000000000000e+00
0.000000000000000000e+00
9.090909090909091161e-02
1.949317738791422894e-02
0.000000000000000000e+00
1.333333333333333419e-02
0.000000000000000000e+00
0.000000000000000000e+00
0.000000000000000000e+00
0.000000000000000000e+00
0.000000000000000000e+00
2.500000000000000000e-01
0.000000000000000000e+00
1.418439716312056833e-03
0.000000000000000000e+00
0.000000000000000000e+00
2.173913043478260809e-02
1.351351351351351426e-02
2.158273381294964141e-02
3.501945525291828842e-02
0.000000000000000000e+00
0.000000000000000000e+00
0.000000000000000000e+00
0.000000000000000000e+00
3.184713375796178504e-03
2.257336343115123965e-03
0.000000000000000000e+00
0.000000000000000000e+00
0.000000000000000000e+00
5.426356589147286746e-03
0.000000000000000000e+00
8.333333333333333218e-03
1.150086256469235206e-03
0.000000000000000000e+00
1.871657754010695035e-02
4.273504273504273934e-03
0.000000000000000000e+00
1.428571428571428492e-01
2.941176470588235253e-02
0.000000000000000000e+00
2.880000000000000181e-03
5.714285714285714281e-03
0.000000000000000000e+00
0.000000000000000000e+00
0.000000000000000000e+00
0.000000000000000000e+00
2.695417789757412544e-02
1.666666666666666574e-01
1.923076923076923184e-02
1.366742596810933963e-02
0.000000000000000000e+00
0.000000000000000000e+00
0.000000000000000000e+00
0.000000000000000000e+00
0.000000000000000000e+00
0.000000000000000000e+00
1.851851851851851749e-02
0.000000000000000000e+00
0.000000000000000000e+00
1.718213058419244127e-02
0.000000000000000000e+00
2.343750000000000000e-02
0.000000000000000000e+00
0.000000000000000000e+00
7.905138339920948082e-03
5.636978579481397716e-03
8.146639511201628561e-03
7.154213036565978089e-03
3.432494279176201164e-03
0.000000000000000000e+00
0.000000000000000000e+00
8.238928939237898791e-03
8.605851979345955543e-04
0.000000000000000000e+00
0.000000000000000000e+00
9.389671361502347630e-03
0.000000000000000000e+00
2.279202279202279316e-02
0.000000000000000000e+00
0.000000000000000000e+00
0.000000000000000000e+00
0.000000000000000000e+00
5.555555555555555247e-02
0.000000000000000000e+00
0.000000000000000000e+00
0.000000000000000000e+00
0.000000000000000000e+00
3.010033444816053415e-03
0.000000000000000000e+00
1.351351351351351426e-02
0.000000000000000000e+00
8.858267716535432948e-03
0.000000000000000000e+00
5.434782608695652023e-03
2.597402597402597574e-02
0.000000000000000000e+00
0.000000000000000000e+00
0.000000000000000000e+00
0.000000000000000000e+00
0.000000000000000000e+00
8.000000000000000167e-03
0.000000000000000000e+00
2.341920374707259951e-03
0.000000000000000000e+00
2.881844380403458025e-03
0.000000000000000000e+00
0.000000000000000000e+00
0.000000000000000000e+00
5.641748942172073247e-03
0.000000000000000000e+00
0.000000000000000000e+00
0.000000000000000000e+00
0.000000000000000000e+00
0.000000000000000000e+00
0.000000000000000000e+00
0.000000000000000000e+00
4.424778761061946841e-03
0.000000000000000000e+00
0.000000000000000000e+00
3.076923076923077094e-02
2.099737532808398921e-02
1.224489795918367319e-01
0.000000000000000000e+00
0.000000000000000000e+00
4.923682914820285902e-04
0.000000000000000000e+00
0.000000000000000000e+00
0.000000000000000000e+00
1.754385964912280604e-02
0.000000000000000000e+00
0.000000000000000000e+00
0.000000000000000000e+00
4.017857142857143155e-02
0.000000000000000000e+00
0.000000000000000000e+00
1.000000000000000056e-01
3.337041156840934563e-03
8.130081300813008990e-03
0.000000000000000000e+00
0.000000000000000000e+00
4.245283018867924453e-03
2.236421725239616520e-02
6.666666666666666574e-02
0.000000000000000000e+00
0.000000000000000000e+00
0.000000000000000000e+00
0.000000000000000000e+00
1.619433198380566818e-02
2.613524991832734314e-03
1.123595505617977497e-02
0.000000000000000000e+00
0.000000000000000000e+00
8.928571428571428076e-03
0.000000000000000000e+00
0.000000000000000000e+00
0.000000000000000000e+00
0.000000000000000000e+00
0.000000000000000000e+00
0.000000000000000000e+00
3.030303030303030387e-02
0.000000000000000000e+00
2.857142857142857054e-02
2.968460111317254048e-03
0.000000000000000000e+00
0.000000000000000000e+00
4.280821917808218940e-03
1.818181818181818094e-02
0.000000000000000000e+00
0.000000000000000000e+00
0.000000000000000000e+00
0.000000000000000000e+00
0.000000000000000000e+00
3.960396039603960444e-02
0.000000000000000000e+00
0.000000000000000000e+00
2.419354838709677352e-02
4.883342376559956545e-03
0.000000000000000000e+00
3.853564547206165657e-03
1.360544217687074736e-03
0.000000000000000000e+00
1.730103806228373755e-03
0.000000000000000000e+00
4.504504504504504292e-02
2.500000000000000000e-01
0.000000000000000000e+00
0.000000000000000000e+00
1.918465227817745672e-02
2.197802197802197974e-02
3.139717425431711329e-03
3.225806451612903136e-02
4.672897196261681894e-03
0.000000000000000000e+00
0.000000000000000000e+00
0.000000000000000000e+00
2.762430939226519222e-02
0.000000000000000000e+00
0.000000000000000000e+00
0.000000000000000000e+00
2.717391304347826012e-03
0.000000000000000000e+00
3.533568904593639530e-03
0.000000000000000000e+00
0.000000000000000000e+00
0.000000000000000000e+00
0.000000000000000000e+00
0.000000000000000000e+00
0.000000000000000000e+00
0.000000000000000000e+00
0.000000000000000000e+00
0.000000000000000000e+00
1.807228915662650523e-02
2.777777777777777624e-02
5.586592178770949900e-03
0.000000000000000000e+00
0.000000000000000000e+00
0.000000000000000000e+00
1.766784452296819765e-03
4.155844155844155841e-03
0.000000000000000000e+00
5.186721991701244601e-03
0.000000000000000000e+00
6.250000000000000347e-03
1.202886928628708885e-03
0.000000000000000000e+00
0.000000000000000000e+00
0.000000000000000000e+00
0.000000000000000000e+00
0.000000000000000000e+00
0.000000000000000000e+00
2.935420743639921559e-03
0.000000000000000000e+00
0.000000000000000000e+00
0.000000000000000000e+00
0.000000000000000000e+00
2.314814814814814686e-03
0.000000000000000000e+00
0.000000000000000000e+00
0.000000000000000000e+00
6.250000000000000000e-02
3.205128205128205017e-03
6.982156710628394450e-03
0.000000000000000000e+00
5.307855626326963812e-04
2.320185614849187838e-03
0.000000000000000000e+00
0.000000000000000000e+00
0.000000000000000000e+00
2.000000000000000042e-02
0.000000000000000000e+00
0.000000000000000000e+00
0.000000000000000000e+00
1.083815028901733996e-03
8.000000000000000383e-04
7.462686567164178962e-03
0.000000000000000000e+00
0.000000000000000000e+00
1.227495908346972180e-03
0.000000000000000000e+00
0.000000000000000000e+00
0.000000000000000000e+00
0.000000000000000000e+00
0.000000000000000000e+00
0.000000000000000000e+00
9.554140127388534645e-03
0.000000000000000000e+00
1.290322580645161289e-02
4.651162790697674354e-02
0.000000000000000000e+00
0.000000000000000000e+00
0.000000000000000000e+00
4.545454545454545581e-02
0.000000000000000000e+00
0.000000000000000000e+00
0.000000000000000000e+00
2.463054187192118254e-03
0.000000000000000000e+00
1.923076923076923184e-02
4.347826086956521618e-02
0.000000000000000000e+00
0.000000000000000000e+00
0.000000000000000000e+00
1.111111111111111154e-02
1.052631578947368363e-01
0.000000000000000000e+00
0.000000000000000000e+00
2.217294900221729488e-03
0.000000000000000000e+00
0.000000000000000000e+00
1.428571428571428492e-01
0.000000000000000000e+00
0.000000000000000000e+00
2.000000000000000111e-01
0.000000000000000000e+00
1.372997711670480465e-02
0.000000000000000000e+00
0.000000000000000000e+00
0.000000000000000000e+00
0.000000000000000000e+00
0.000000000000000000e+00
4.329004329004329001e-03
0.000000000000000000e+00
1.069518716577540045e-02
0.000000000000000000e+00
1.373626373626373603e-02
0.000000000000000000e+00
2.380952380952380820e-02
0.000000000000000000e+00
0.000000000000000000e+00
0.000000000000000000e+00
0.000000000000000000e+00
0.000000000000000000e+00
0.000000000000000000e+00
7.329842931937172873e-03
2.371541501976284425e-02
0.000000000000000000e+00
0.000000000000000000e+00
8.568980291345330369e-04
6.211180124223602064e-03
0.000000000000000000e+00
1.112347052280311449e-03
0.000000000000000000e+00
0.000000000000000000e+00
0.000000000000000000e+00
0.000000000000000000e+00
0.000000000000000000e+00
0.000000000000000000e+00
2.049180327868852305e-02
4.608294930875576033e-03
2.084781097984711451e-03
0.000000000000000000e+00
0.000000000000000000e+00
0.000000000000000000e+00
1.020408163265306041e-02
5.882352941176470507e-02
0.000000000000000000e+00
0.000000000000000000e+00
0.000000000000000000e+00
2.439024390243902524e-02
0.000000000000000000e+00
4.880694143167028237e-03
0.000000000000000000e+00
0.000000000000000000e+00
8.426966292134831227e-03
0.000000000000000000e+00
0.000000000000000000e+00
0.000000000000000000e+00
1.840490797546012400e-02
0.000000000000000000e+00
0.000000000000000000e+00
1.052631578947368397e-02
0.000000000000000000e+00
0.000000000000000000e+00
0.000000000000000000e+00
2.577319587628865843e-02
0.000000000000000000e+00
0.000000000000000000e+00
7.328691828508611134e-04
0.000000000000000000e+00
3.703703703703703498e-02
0.000000000000000000e+00
3.076923076923077094e-02
1.661129568106312418e-02
0.000000000000000000e+00
0.000000000000000000e+00
0.000000000000000000e+00
2.017291066282420747e-02
2.873563218390804558e-03
0.000000000000000000e+00
3.389830508474576259e-02
0.000000000000000000e+00
0.000000000000000000e+00
0.000000000000000000e+00
7.483629560336763423e-03
0.000000000000000000e+00
3.045685279187817368e-02
2.936378466557912001e-03
0.000000000000000000e+00
3.257328990228013175e-03
0.000000000000000000e+00
0.000000000000000000e+00
1.351351351351351426e-02
2.116402116402116285e-02
2.433090024330900308e-03
0.000000000000000000e+00
0.000000000000000000e+00
0.000000000000000000e+00
0.000000000000000000e+00
5.000000000000000000e-01
0.000000000000000000e+00
0.000000000000000000e+00
0.000000000000000000e+00
1.834862385321101019e-02
8.354218880534669545e-04
5.547850208044382940e-03
2.816901408450704289e-02
0.000000000000000000e+00
4.301075268817204644e-02
5.454545454545454974e-03
0.000000000000000000e+00
1.438848920863309427e-02
0.000000000000000000e+00
0.000000000000000000e+00
0.000000000000000000e+00
0.000000000000000000e+00
2.898550724637681195e-02
0.000000000000000000e+00
0.000000000000000000e+00
0.000000000000000000e+00
0.000000000000000000e+00
2.680965147453083161e-02
0.000000000000000000e+00
0.000000000000000000e+00
0.000000000000000000e+00
3.190810465858328129e-03
0.000000000000000000e+00
0.000000000000000000e+00
0.000000000000000000e+00
0.000000000000000000e+00
0.000000000000000000e+00
2.662721893491124328e-02
1.000000000000000056e-01
0.000000000000000000e+00
0.000000000000000000e+00
4.735595895816890714e-03
1.129943502824858753e-02
8.875739644970414427e-03
0.000000000000000000e+00
9.285051067780872823e-04
0.000000000000000000e+00
0.000000000000000000e+00
2.395209580838323499e-02
1.597444089456868943e-02
0.000000000000000000e+00
4.469273743016759920e-02
0.000000000000000000e+00
0.000000000000000000e+00
0.000000000000000000e+00
0.000000000000000000e+00
0.000000000000000000e+00
8.771929824561403022e-03
4.761904761904761640e-02
0.000000000000000000e+00
0.000000000000000000e+00
0.000000000000000000e+00
0.000000000000000000e+00
0.000000000000000000e+00
5.882352941176470507e-02
2.649006622516556289e-03
0.000000000000000000e+00
1.876675603217158039e-02
1.052631578947368363e-01
4.878048780487805047e-02
0.000000000000000000e+00
1.428571428571428492e-01
0.000000000000000000e+00
0.000000000000000000e+00
0.000000000000000000e+00
0.000000000000000000e+00
0.000000000000000000e+00
0.000000000000000000e+00
1.428571428571428492e-01
1.257861635220125854e-02
5.128205128205128201e-03
0.000000000000000000e+00
0.000000000000000000e+00
0.000000000000000000e+00
2.336448598130840947e-03
0.000000000000000000e+00
0.000000000000000000e+00
0.000000000000000000e+00
0.000000000000000000e+00
0.000000000000000000e+00
0.000000000000000000e+00
0.000000000000000000e+00
0.000000000000000000e+00
3.311258278145695622e-02
0.000000000000000000e+00
0.000000000000000000e+00
0.000000000000000000e+00
0.000000000000000000e+00
0.000000000000000000e+00
0.000000000000000000e+00
0.000000000000000000e+00
0.000000000000000000e+00
2.838892831795599824e-03
4.109589041095890183e-02
0.000000000000000000e+00
1.909307875894988155e-02
0.000000000000000000e+00
0.000000000000000000e+00
0.000000000000000000e+00
8.483563096500531045e-03
0.000000000000000000e+00
0.000000000000000000e+00
0.000000000000000000e+00
2.551020408163265363e-02
0.000000000000000000e+00
0.000000000000000000e+00
9.090909090909090468e-03
0.000000000000000000e+00
8.264462809917355601e-03
1.045296167247386845e-02
0.000000000000000000e+00
0.000000000000000000e+00
0.000000000000000000e+00
0.000000000000000000e+00
0.000000000000000000e+00
8.152173913043478035e-03
1.236858379715522665e-03
0.000000000000000000e+00
3.642039542143600539e-03
5.488474204171240808e-03
0.000000000000000000e+00
0.000000000000000000e+00
0.000000000000000000e+00
7.246376811594202987e-03
0.000000000000000000e+00
0.000000000000000000e+00
1.871657754010695035e-02
2.374670184696569750e-02
0.000000000000000000e+00
0.000000000000000000e+00
3.636363636363636187e-02
0.000000000000000000e+00
1.119402985074626801e-02
9.090909090909091161e-02
0.000000000000000000e+00
0.000000000000000000e+00
3.086419753086419582e-03
0.000000000000000000e+00
0.000000000000000000e+00
1.057082452431289685e-03
0.000000000000000000e+00
0.000000000000000000e+00
0.000000000000000000e+00
2.500000000000000000e-01
0.000000000000000000e+00
0.000000000000000000e+00
0.000000000000000000e+00
2.951787471302066371e-03
0.000000000000000000e+00
4.610655737704917947e-03
0.000000000000000000e+00
0.000000000000000000e+00
0.000000000000000000e+00
0.000000000000000000e+00
7.246376811594202987e-03
9.711880867594690743e-04
0.000000000000000000e+00
0.000000000000000000e+00
4.629629629629629373e-03
0.000000000000000000e+00
0.000000000000000000e+00
0.000000000000000000e+00
9.756097560975609748e-03
0.000000000000000000e+00
0.000000000000000000e+00
0.000000000000000000e+00
0.000000000000000000e+00
2.433090024330900308e-03
0.000000000000000000e+00
0.000000000000000000e+00
0.000000000000000000e+00
2.645502645502645356e-02
0.000000000000000000e+00
9.433962264150944077e-02
0.000000000000000000e+00
0.000000000000000000e+00
0.000000000000000000e+00
1.219512195121951262e-02
0.000000000000000000e+00
0.000000000000000000e+00
0.000000000000000000e+00
0.000000000000000000e+00
0.000000000000000000e+00
5.882352941176470507e-02
0.000000000000000000e+00
1.562500000000000000e-02
0.000000000000000000e+00
0.000000000000000000e+00
0.000000000000000000e+00
3.448275862068965469e-02
0.000000000000000000e+00
0.000000000000000000e+00
1.805869074492099172e-02
7.407407407407407690e-03
0.000000000000000000e+00
0.000000000000000000e+00
0.000000000000000000e+00
4.726536124240378334e-03
1.000000000000000056e-01
0.000000000000000000e+00
0.000000000000000000e+00
4.376367614879649731e-03
0.000000000000000000e+00
2.639296187683284542e-02
0.000000000000000000e+00
0.000000000000000000e+00
5.452562704471101453e-03
0.000000000000000000e+00
0.000000000000000000e+00
0.000000000000000000e+00
0.000000000000000000e+00
0.000000000000000000e+00
0.000000000000000000e+00
0.000000000000000000e+00
0.000000000000000000e+00
9.287925696594426933e-03
1.342281879194630843e-02
1.960784313725490169e-02
2.222222222222222099e-01
1.612903225806451568e-02
5.494505494505494934e-03
1.485884101040118796e-03
0.000000000000000000e+00
0.000000000000000000e+00
3.273322422258592625e-03
1.165501165501165587e-02
3.095975232198142600e-03
0.000000000000000000e+00
1.470588235294117627e-02
2.539682539682539680e-02
0.000000000000000000e+00
0.000000000000000000e+00
0.000000000000000000e+00
0.000000000000000000e+00
0.000000000000000000e+00
0.000000000000000000e+00
0.000000000000000000e+00
0.000000000000000000e+00
0.000000000000000000e+00
0.000000000000000000e+00
4.075394803871625060e-03
0.000000000000000000e+00
1.333333333333333419e-02
0.000000000000000000e+00
0.000000000000000000e+00
0.000000000000000000e+00
3.400204012240734563e-04
5.847953216374268681e-03
0.000000000000000000e+00
0.000000000000000000e+00
3.061224489795918297e-02
0.000000000000000000e+00
3.076923076923077094e-02
0.000000000000000000e+00
4.054054054054054279e-02
0.000000000000000000e+00
2.061855670103092744e-02
0.000000000000000000e+00
0.000000000000000000e+00
0.000000000000000000e+00
0.000000000000000000e+00
0.000000000000000000e+00
0.000000000000000000e+00
1.355932203389830469e-02
4.667444574095682211e-03
3.448275862068965469e-02
3.050108932461873500e-03
0.000000000000000000e+00
0.000000000000000000e+00
1.902949571836346420e-03
0.000000000000000000e+00
0.000000000000000000e+00
3.086419753086419582e-02
2.173913043478260809e-02
0.000000000000000000e+00
0.000000000000000000e+00
0.000000000000000000e+00
0.000000000000000000e+00
0.000000000000000000e+00
1.277955271565495154e-02
0.000000000000000000e+00
0.000000000000000000e+00
0.000000000000000000e+00
0.000000000000000000e+00
0.000000000000000000e+00
0.000000000000000000e+00
0.000000000000000000e+00
0.000000000000000000e+00
0.000000000000000000e+00
1.505457282649604869e-03
0.000000000000000000e+00
2.630590003757985601e-03
0.000000000000000000e+00
0.000000000000000000e+00
0.000000000000000000e+00
0.000000000000000000e+00
0.000000000000000000e+00
0.000000000000000000e+00
4.385964912280701511e-02
0.000000000000000000e+00
0.000000000000000000e+00
4.518072289156626307e-03
0.000000000000000000e+00
0.000000000000000000e+00
0.000000000000000000e+00
0.000000000000000000e+00
8.695652173913043584e-03
5.649717514124293766e-03
2.877237851662404165e-03
0.000000000000000000e+00
0.000000000000000000e+00
0.000000000000000000e+00
0.000000000000000000e+00
0.000000000000000000e+00
8.084074373484235630e-04
0.000000000000000000e+00
0.000000000000000000e+00
4.545454545454545581e-02
8.333333333333332871e-02
4.166666666666666609e-03
0.000000000000000000e+00
0.000000000000000000e+00
0.000000000000000000e+00
0.000000000000000000e+00
0.000000000000000000e+00
1.111111111111111049e-01
0.000000000000000000e+00
0.000000000000000000e+00
6.659267480577136210e-03
0.000000000000000000e+00
1.512859304084720156e-03
0.000000000000000000e+00
0.000000000000000000e+00
3.395585738539898084e-03
8.403361344537815629e-04
9.677419354838709409e-02
0.000000000000000000e+00
0.000000000000000000e+00
0.000000000000000000e+00
0.000000000000000000e+00
1.728608470181503941e-03
0.000000000000000000e+00
9.009009009009008931e-03
0.000000000000000000e+00
0.000000000000000000e+00
1.221166892808683846e-02
0.000000000000000000e+00
0.000000000000000000e+00
0.000000000000000000e+00
0.000000000000000000e+00
0.000000000000000000e+00
8.130081300813008990e-03
1.149425287356321823e-02
0.000000000000000000e+00
7.968127490039840499e-03
0.000000000000000000e+00
4.830917874396135035e-03
0.000000000000000000e+00
0.000000000000000000e+00
1.516875237011755702e-03
0.000000000000000000e+00
1.120448179271708693e-02
0.000000000000000000e+00
0.000000000000000000e+00
0.000000000000000000e+00
3.614457831325301046e-02
0.000000000000000000e+00
0.000000000000000000e+00
2.171552660152008783e-03
0.000000000000000000e+00
3.115264797507788074e-03
0.000000000000000000e+00
0.000000000000000000e+00
5.515719801434087587e-04
1.829268292682926719e-02
1.236093943139678509e-03
0.000000000000000000e+00
5.000000000000000000e-01
0.000000000000000000e+00
0.000000000000000000e+00
1.333333333333333419e-02
0.000000000000000000e+00
0.000000000000000000e+00
2.206114087614245191e-03
4.329004329004329001e-03
0.000000000000000000e+00
0.000000000000000000e+00
0.000000000000000000e+00
0.000000000000000000e+00
0.000000000000000000e+00
0.000000000000000000e+00
7.692307692307692735e-02
0.000000000000000000e+00
0.000000000000000000e+00
0.000000000000000000e+00
0.000000000000000000e+00
6.711409395973154217e-03
5.000000000000000000e-01
0.000000000000000000e+00
0.000000000000000000e+00
5.714285714285714281e-03
0.000000000000000000e+00
4.054054054054054279e-02
0.000000000000000000e+00
1.419110690633869441e-03
0.000000000000000000e+00
0.000000000000000000e+00
0.000000000000000000e+00
0.000000000000000000e+00
0.000000000000000000e+00
2.702702702702702853e-02
0.000000000000000000e+00
0.000000000000000000e+00
