9.988306164741516113e-01
9.995169043540954590e-01
9.807311296463012695e-01
9.344179034233093262e-01
9.812907576560974121e-01
9.865906834602355957e-01
9.854338765144348145e-01
9.136079549789428711e-01
9.829729795455932617e-01
9.902323484420776367e-01
9.918814897537231445e-01
9.784414768218994141e-01
9.791249632835388184e-01
5.780568122863769531e-01
9.411731958389282227e-01
8.092557191848754883e-01
9.676154255867004395e-01
3.419016003608703613e-01
8.752393126487731934e-01
9.680158495903015137e-01
9.984233975410461426e-01
9.462483525276184082e-01
9.857428073883056641e-01
9.994415640830993652e-01
9.607417583465576172e-01
9.920924305915832520e-01
9.946279525756835938e-01
9.943947792053222656e-01
9.656637310981750488e-01
9.950572848320007324e-01
9.773279428482055664e-01
6.203337907791137695e-01
8.923266530036926270e-01
9.778026938438415527e-01
7.414608597755432129e-01
9.905226230621337891e-01
9.763571023941040039e-01
9.917156696319580078e-01
9.940578937530517578e-01
9.748147130012512207e-01
9.433066844940185547e-01
9.929377436637878418e-01
9.892087578773498535e-01
9.814805984497070312e-01
8.127760887145996094e-01
9.975042939186096191e-01
9.521099328994750977e-01
9.940659403800964355e-01
9.166183471679687500e-01
9.771351814270019531e-01
9.993795752525329590e-01
9.619333744049072266e-01
9.679557681083679199e-01
9.908459186553955078e-01
9.044272303581237793e-01
9.046146869659423828e-01
9.866293072700500488e-01
9.350110292434692383e-01
9.759697914123535156e-01
9.772595763206481934e-01
7.845287322998046875e-01
9.529225230216979980e-01
9.376885294914245605e-01
9.927330613136291504e-01
9.321195483207702637e-01
9.757480025291442871e-01
6.790684461593627930e-01
9.668119549751281738e-01
9.739195704460144043e-01
9.475540518760681152e-01
9.481855630874633789e-01
9.885028004646301270e-01
9.459519982337951660e-01
9.721961021423339844e-01
9.816311001777648926e-01
9.015549421310424805e-01
9.691358208656311035e-01
9.741730093955993652e-01
9.786435365676879883e-01
9.951865673065185547e-01
9.879831671714782715e-01
4.639299809932708740e-01
9.966608285903930664e-01
9.455991983413696289e-01
9.923669099807739258e-01
9.673596620559692383e-01
9.873649477958679199e-01
7.979734539985656738e-01
9.175823926925659180e-01
9.544652104377746582e-01
9.494206905364990234e-01
9.776450395584106445e-01
9.766983985900878906e-01
9.935511946678161621e-01
9.398569464683532715e-01
9.719308614730834961e-01
9.892589449882507324e-01
9.866588115692138672e-01
9.506770968437194824e-01
9.922053217887878418e-01
9.847703576087951660e-01
9.847999215126037598e-01
9.602184891700744629e-01
9.929832816123962402e-01
9.959553480148315430e-01
9.888565540313720703e-01
9.780333638191223145e-01
9.859727025032043457e-01
9.992458224296569824e-01
9.291149377822875977e-01
9.775625467300415039e-01
9.948768019676208496e-01
9.659983515739440918e-01
9.245263338088989258e-01
9.534862041473388672e-01
9.821498990058898926e-01
9.877436161041259766e-01
8.838773369789123535e-01
9.233111143112182617e-01
9.557574987411499023e-01
9.870349168777465820e-01
9.986733794212341309e-01
9.875295162200927734e-01
9.577982425689697266e-01
9.835808277130126953e-01
9.987544417381286621e-01
8.017084002494812012e-01
9.649926424026489258e-01
9.771814942359924316e-01
7.210624217987060547e-01
9.889517426490783691e-01
9.707634449005126953e-01
9.651458263397216797e-01
9.397995471954345703e-01
9.649580717086791992e-01
9.927135705947875977e-01
9.796749353408813477e-01
9.743538498878479004e-01
9.936583042144775391e-01
8.977442979812622070e-01
9.899807572364807129e-01
9.915969967842102051e-01
9.677116274833679199e-01
4.187189340591430664e-01
9.547900557518005371e-01
9.707982540130615234e-01
9.851961135864257812e-01
9.496376514434814453e-01
9.881847500801086426e-01
9.880490303039550781e-01
5.534576773643493652e-01
9.982382059097290039e-01
9.707598090171813965e-01
9.588831663131713867e-01
9.482656121253967285e-01
9.079826474189758301e-01
9.920290112495422363e-01
9.454261660575866699e-01
9.863056540489196777e-01
9.589772820472717285e-01
9.621024131774902344e-01
9.996644258499145508e-01
9.900339245796203613e-01
9.854484796524047852e-01
9.844287633895874023e-01
7.518618106842041016e-01
9.897417426109313965e-01
9.533030390739440918e-01
9.505341649055480957e-01
9.928397536277770996e-01
9.291990399360656738e-01
9.932667613029479980e-01
9.899224042892456055e-01
9.624854922294616699e-01
8.131848573684692383e-01
9.766316413879394531e-01
9.280304908752441406e-01
9.019020795822143555e-01
9.543510675430297852e-01
9.136688709259033203e-01
9.246897101402282715e-01
8.124424219131469727e-01
9.695886969566345215e-01
9.744899868965148926e-01
9.935530424118041992e-01
9.928123950958251953e-01
9.638225436210632324e-01
9.868304729461669922e-01
9.590100049972534180e-01
9.796544313430786133e-01
9.334903359413146973e-01
9.832497239112854004e-01
9.743682146072387695e-01
9.724789857864379883e-01
9.995575547218322754e-01
9.425135254859924316e-01
9.873860478401184082e-01
9.733892679214477539e-01
9.825684428215026855e-01
8.941587805747985840e-01
9.800195097923278809e-01
9.240540862083435059e-01
9.846310615539550781e-01
9.809891581535339355e-01
9.897289872169494629e-01
9.823906421661376953e-01
9.460447430610656738e-01
9.892765283584594727e-01
9.418603777885437012e-01
9.908819198608398438e-01
9.799134135246276855e-01
9.941586256027221680e-01
9.889215230941772461e-01
9.735245704650878906e-01
9.816125035285949707e-01
9.798967838287353516e-01
9.096044898033142090e-01
9.922164678573608398e-01
9.683782458305358887e-01
9.911805987358093262e-01
9.845281839370727539e-01
9.864457249641418457e-01
9.778402447700500488e-01
8.847472071647644043e-01
9.733502268791198730e-01
9.884941577911376953e-01
9.973176717758178711e-01
9.177568554878234863e-01
9.591999650001525879e-01
9.956094622611999512e-01
9.884719848632812500e-01
9.674103856086730957e-01
9.960418939590454102e-01
9.879685640335083008e-01
9.633151292800903320e-01
9.501442909240722656e-01
9.888127446174621582e-01
9.494634270668029785e-01
9.754540920257568359e-01
9.396085739135742188e-01
9.865922927856445312e-01
9.960181117057800293e-01
9.632851481437683105e-01
8.755816221237182617e-01
9.223695397377014160e-01
9.895458221435546875e-01
9.836307764053344727e-01
9.934350848197937012e-01
9.583290219306945801e-01
9.836340546607971191e-01
9.985889792442321777e-01
9.894882440567016602e-01
9.814795851707458496e-01
9.116339087486267090e-01
7.609363794326782227e-01
9.709732532501220703e-01
8.602204918861389160e-01
9.584996700286865234e-01
9.965667128562927246e-01
9.286006093025207520e-01
9.235026836395263672e-01
9.050801396369934082e-01
9.694380760192871094e-01
9.922763705253601074e-01
9.794969558715820312e-01
9.374725222587585449e-01
9.455701708793640137e-01
9.922266602516174316e-01
9.798215627670288086e-01
9.557424783706665039e-01
9.629708528518676758e-01
9.642592668533325195e-01
9.807187318801879883e-01
9.855238795280456543e-01
9.658867716789245605e-01
8.596774935722351074e-01
9.915475845336914062e-01
9.885264039039611816e-01
8.017795085906982422e-01
9.705471992492675781e-01
8.808275461196899414e-01
9.849451780319213867e-01
9.431880116462707520e-01
9.931809902191162109e-01
9.967296123504638672e-01
9.761983156204223633e-01
9.334654808044433594e-01
9.775290489196777344e-01
9.499331116676330566e-01
9.656442403793334961e-01
9.809672832489013672e-01
9.940950870513916016e-01
9.881451725959777832e-01
9.815422892570495605e-01
9.861930012702941895e-01
9.010081887245178223e-01
9.856209754943847656e-01
9.223806858062744141e-01
9.754800200462341309e-01
9.345732331275939941e-01
9.911078214645385742e-01
8.890600800514221191e-01
7.783748507499694824e-01
9.225117564201354980e-01
9.819635748863220215e-01
6.967236399650573730e-01
7.251934409141540527e-01
9.896084666252136230e-01
9.616554379463195801e-01
9.347811341285705566e-01
9.948576092720031738e-01
9.997504949569702148e-01
9.642993211746215820e-01
9.470565915107727051e-01
9.774481654167175293e-01
9.871892929077148438e-01
9.999654889106750488e-01
8.971307873725891113e-01
9.390475153923034668e-01
9.466097354888916016e-01
9.809153079986572266e-01
9.708771109580993652e-01
8.680453300476074219e-01
9.880720973014831543e-01
9.831187725067138672e-01
9.736133813858032227e-01
9.918504953384399414e-01
9.798470139503479004e-01
9.979260563850402832e-01
9.822207093238830566e-01
9.231891632080078125e-01
8.465415239334106445e-01
9.868875741958618164e-01
9.803677797317504883e-01
9.879717826843261719e-01
9.226033687591552734e-01
9.549583196640014648e-01
9.127024412155151367e-01
9.011831283569335938e-01
9.908991456031799316e-01
8.779954910278320312e-01
9.908428788185119629e-01
9.531069993972778320e-01
8.770048022270202637e-01
9.767750501632690430e-01
9.594120383262634277e-01
9.611193537712097168e-01
9.893698096275329590e-01
9.928123354911804199e-01
9.562212824821472168e-01
9.110873341560363770e-01
9.717888236045837402e-01
9.908319711685180664e-01
9.797586202621459961e-01
9.925586581230163574e-01
9.966338276863098145e-01
9.759011268615722656e-01
9.822595715522766113e-01
9.817047119140625000e-01
9.616196751594543457e-01
9.708736538887023926e-01
9.544393420219421387e-01
9.681671857833862305e-01
9.865635037422180176e-01
9.678043723106384277e-01
9.371314644813537598e-01
9.870775938034057617e-01
9.754921197891235352e-01
9.941983222961425781e-01
9.220503568649291992e-01
9.723672270774841309e-01
8.934922814369201660e-01
9.795269370079040527e-01
7.672637701034545898e-01
9.378011822700500488e-01
9.980937838554382324e-01
9.790071845054626465e-01
9.891872406005859375e-01
9.286307692527770996e-01
8.996233940124511719e-01
9.565866589546203613e-01
8.733443021774291992e-01
8.001011013984680176e-01
9.905641674995422363e-01
9.631021618843078613e-01
9.829213619232177734e-01
9.597890973091125488e-01
9.837393760681152344e-01
9.330173730850219727e-01
9.770819544792175293e-01
9.907495379447937012e-01
9.864699840545654297e-01
9.935066699981689453e-01
9.623085260391235352e-01
9.491851329803466797e-01
9.834443926811218262e-01
9.420331120491027832e-01
9.780585765838623047e-01
9.844174385070800781e-01
6.126267910003662109e-01
9.708369970321655273e-01
9.990127682685852051e-01
9.854701757431030273e-01
9.863155484199523926e-01
9.948189854621887207e-01
9.615578055381774902e-01
9.975378513336181641e-01
7.482936978340148926e-01
9.910662770271301270e-01
4.549411535263061523e-01
9.797291159629821777e-01
9.072511196136474609e-01
9.631375670433044434e-01
6.612805724143981934e-01
9.696744084358215332e-01
8.839432001113891602e-01
9.946430325508117676e-01
9.646379947662353516e-01
9.895732402801513672e-01
7.549949288368225098e-01
9.786963462829589844e-01
7.973504066467285156e-01
9.547348618507385254e-01
9.594529867172241211e-01
9.511318802833557129e-01
9.586319923400878906e-01
9.065710902214050293e-01
9.879451394081115723e-01
9.355549812316894531e-01
8.751612305641174316e-01
9.939272999763488770e-01
9.466029405593872070e-01
9.891101121902465820e-01
9.764636158943176270e-01
8.972091674804687500e-01
9.700601100921630859e-01
9.392105340957641602e-01
9.699844121932983398e-01
9.596697092056274414e-01
9.830197095870971680e-01
8.853479027748107910e-01
9.788599014282226562e-01
9.881934523582458496e-01
8.372811675071716309e-01
9.168463349342346191e-01
9.897650480270385742e-01
9.963787198066711426e-01
9.683949947357177734e-01
9.998422265052795410e-01
9.908481240272521973e-01
9.863401651382446289e-01
9.578495025634765625e-01
9.871262907981872559e-01
9.922415018081665039e-01
9.505521059036254883e-01
8.483541011810302734e-01
9.360195398330688477e-01
9.519985318183898926e-01
8.510791659355163574e-01
9.672490954399108887e-01
7.702531814575195312e-01
9.652233123779296875e-01
9.956321120262145996e-01
9.254615306854248047e-01
9.851416945457458496e-01
9.217999577522277832e-01
9.839274883270263672e-01
9.868376851081848145e-01
9.766622185707092285e-01
9.826101660728454590e-01
9.737603068351745605e-01
9.952341318130493164e-01
9.749792814254760742e-01
9.699404835700988770e-01
9.874569177627563477e-01
9.755361676216125488e-01
9.949984550476074219e-01
9.844569563865661621e-01
9.774115085601806641e-01
9.145355820655822754e-01
8.889396190643310547e-01
9.285008311271667480e-01
8.843667507171630859e-01
9.959678649902343750e-01
9.933976531028747559e-01
8.655813932418823242e-01
9.788202047348022461e-01
9.764129519462585449e-01
9.755685329437255859e-01
9.753577709197998047e-01
9.777886867523193359e-01
9.361803531646728516e-01
9.952382445335388184e-01
9.986967444419860840e-01
8.917994499206542969e-01
9.806383848190307617e-01
9.810103774070739746e-01
9.705007076263427734e-01
9.752601385116577148e-01
9.853827357292175293e-01
9.508067965507507324e-01
9.668054580688476562e-01
9.996128678321838379e-01
9.959868788719177246e-01
9.979420900344848633e-01
9.842761158943176270e-01
9.976394772529602051e-01
9.574407935142517090e-01
8.792796134948730469e-01
9.908640980720520020e-01
9.830410480499267578e-01
9.298728108406066895e-01
9.302290678024291992e-01
7.991142272949218750e-01
9.652867913246154785e-01
9.888839125633239746e-01
9.803061485290527344e-01
9.891089797019958496e-01
9.549127221107482910e-01
9.561773538589477539e-01
8.522247076034545898e-01
9.777998328208923340e-01
9.848372340202331543e-01
9.395655393600463867e-01
9.694414138793945312e-01
8.223407864570617676e-01
9.825587272644042969e-01
8.582674860954284668e-01
9.097162485122680664e-01
9.331571459770202637e-01
9.031115174293518066e-01
9.746151566505432129e-01
9.885478615760803223e-01
9.754716157913208008e-01
9.856524467468261719e-01
8.549079298973083496e-01
9.864414334297180176e-01
9.960662126541137695e-01
9.858663082122802734e-01
9.726345539093017578e-01
9.232875108718872070e-01
9.264740347862243652e-01
9.901251792907714844e-01
9.978401660919189453e-01
9.842400550842285156e-01
9.965757727622985840e-01
9.594623446464538574e-01
9.981108307838439941e-01
9.701840877532958984e-01
9.204261302947998047e-01
9.653701782226562500e-01
9.720683097839355469e-01
9.900175929069519043e-01
9.224734306335449219e-01
8.948153257369995117e-01
9.725742340087890625e-01
9.806637167930603027e-01
9.030647277832031250e-01
9.896296858787536621e-01
9.697751402854919434e-01
9.558923840522766113e-01
9.852894544601440430e-01
9.701297879219055176e-01
8.220682740211486816e-01
9.952348470687866211e-01
9.613965153694152832e-01
9.700289964675903320e-01
9.930301904678344727e-01
9.598380327224731445e-01
9.949432611465454102e-01
9.563149213790893555e-01
6.991180777549743652e-01
9.409297108650207520e-01
9.667891263961791992e-01
9.788151383399963379e-01
9.777121543884277344e-01
8.805251717567443848e-01
9.927564859390258789e-01
9.656170010566711426e-01
9.899772405624389648e-01
7.170203924179077148e-01
9.807699322700500488e-01
8.995132446289062500e-01
9.859333038330078125e-01
9.241688847541809082e-01
9.924274682998657227e-01
9.232943058013916016e-01
9.930622577667236328e-01
9.540250897407531738e-01
9.831042885780334473e-01
9.825413823127746582e-01
9.717250466346740723e-01
8.759230375289916992e-01
9.751446843147277832e-01
9.795998930931091309e-01
9.836552143096923828e-01
9.527365565299987793e-01
9.868093132972717285e-01
9.992129802703857422e-01
9.185790419578552246e-01
8.896188139915466309e-01
9.968806505203247070e-01
9.710437655448913574e-01
9.786094427108764648e-01
9.779579639434814453e-01
9.960194230079650879e-01
8.230998516082763672e-01
9.079705476760864258e-01
5.429505109786987305e-01
9.998223781585693359e-01
7.654005885124206543e-01
4.324572384357452393e-01
9.261816143989562988e-01
9.641665220260620117e-01
9.768854975700378418e-01
9.302702546119689941e-01
9.839525818824768066e-01
9.610596895217895508e-01
9.798772335052490234e-01
9.159082174301147461e-01
9.951010346412658691e-01
9.348853230476379395e-01
9.876789450645446777e-01
8.198481202125549316e-01
9.808670282363891602e-01
9.716039299964904785e-01
9.839062690734863281e-01
9.703169465065002441e-01
9.639038443565368652e-01
9.949483275413513184e-01
9.863719940185546875e-01
9.025477766990661621e-01
9.341382980346679688e-01
6.514650583267211914e-01
9.735122919082641602e-01
9.570902585983276367e-01
9.946660399436950684e-01
9.439827203750610352e-01
9.995356798171997070e-01
9.983276724815368652e-01
9.733093976974487305e-01
9.769568443298339844e-01
9.885820746421813965e-01
9.885085821151733398e-01
9.881126284599304199e-01
9.944787621498107910e-01
9.801160097122192383e-01
8.443223834037780762e-01
9.807586669921875000e-01
9.452198147773742676e-01
9.765706062316894531e-01
8.815200328826904297e-01
9.947751760482788086e-01
9.874176979064941406e-01
9.901642203330993652e-01
9.261640310287475586e-01
9.867171645164489746e-01
7.859465479850769043e-01
9.939895868301391602e-01
9.843525886535644531e-01
9.632943272590637207e-01
9.646431803703308105e-01
9.798070192337036133e-01
9.996463656425476074e-01
9.615456461906433105e-01
9.004340171813964844e-01
8.682786226272583008e-01
9.310495257377624512e-01
9.983430504798889160e-01
9.940729737281799316e-01
9.288575649261474609e-01
9.782688617706298828e-01
8.988689780235290527e-01
9.595468044281005859e-01
9.905652999877929688e-01
8.994594812393188477e-01
7.395846843719482422e-01
9.808626174926757812e-01
9.915841221809387207e-01
9.336444735527038574e-01
9.884818196296691895e-01
8.158596158027648926e-01
9.928510189056396484e-01
9.867893457412719727e-01
9.273774027824401855e-01
9.883373975753784180e-01
9.900400042533874512e-01
9.813737869262695312e-01
9.957028627395629883e-01
9.778757095336914062e-01
9.842904210090637207e-01
9.757036566734313965e-01
9.396323561668395996e-01
9.948112964630126953e-01
9.787140488624572754e-01
8.829474449157714844e-01
8.856223225593566895e-01
9.869643449783325195e-01
9.962243437767028809e-01
9.934240579605102539e-01
8.175807595252990723e-01
9.797549247741699219e-01
8.301566839218139648e-01
9.730374813079833984e-01
4.329049885272979736e-01
9.832969903945922852e-01
9.913292527198791504e-01
9.908962249755859375e-01
9.427446722984313965e-01
9.599020481109619141e-01
9.077584147453308105e-01
7.957968115806579590e-01
9.006550312042236328e-01
9.656229019165039062e-01
9.454853534698486328e-01
9.795016646385192871e-01
9.072163105010986328e-01
9.014011025428771973e-01
8.955438733100891113e-01
9.405089020729064941e-01
9.829085469245910645e-01
9.677722454071044922e-01
9.767306447029113770e-01
9.660452008247375488e-01
9.286801815032958984e-01
8.963870406150817871e-01
9.979225993156433105e-01
9.673607349395751953e-01
9.917874336242675781e-01
8.782351016998291016e-01
7.370411157608032227e-01
9.952145814895629883e-01
9.775745272636413574e-01
9.692211747169494629e-01
9.872813224792480469e-01
8.845473527908325195e-01
9.689814448356628418e-01
9.408364892005920410e-01
7.254552841186523438e-01
9.884238839149475098e-01
9.704719185829162598e-01
9.670654535293579102e-01
9.906100034713745117e-01
8.760215044021606445e-01
9.178095459938049316e-01
9.631413817405700684e-01
8.268076777458190918e-01
9.900020360946655273e-01
9.547960162162780762e-01
9.148409366607666016e-01
9.935958385467529297e-01
9.968027472496032715e-01
9.838767051696777344e-01
9.922887682914733887e-01
9.960688352584838867e-01
9.777531027793884277e-01
9.866191148757934570e-01
9.922513961791992188e-01
9.951667189598083496e-01
9.795771241188049316e-01
9.185181856155395508e-01
8.800298571586608887e-01
9.854381084442138672e-01
9.897200465202331543e-01
9.978400468826293945e-01
9.476445913314819336e-01
9.983451366424560547e-01
9.821343421936035156e-01
9.551061987876892090e-01
9.783650040626525879e-01
9.898062944412231445e-01
9.684682488441467285e-01
9.484668970108032227e-01
9.812017679214477539e-01
9.939095973968505859e-01
9.394584894180297852e-01
9.005935192108154297e-01
9.779242873191833496e-01
8.331139683723449707e-01
9.628915786743164062e-01
9.774439930915832520e-01
9.940124154090881348e-01
8.861640095710754395e-01
4.515288770198822021e-01
7.376726269721984863e-01
9.940928220748901367e-01
9.648562669754028320e-01
9.777948260307312012e-01
9.648804664611816406e-01
9.959231019020080566e-01
9.900823831558227539e-01
8.996837139129638672e-01
9.600068330764770508e-01
9.418867230415344238e-01
9.695267677307128906e-01
9.897599220275878906e-01
9.878146648406982422e-01
9.223142862319946289e-01
8.714197278022766113e-01
9.396789073944091797e-01
9.970377087593078613e-01
9.951451420783996582e-01
9.726310968399047852e-01
9.958078265190124512e-01
9.760060310363769531e-01
9.729138612747192383e-01
9.839237332344055176e-01
9.455108642578125000e-01
9.766210913658142090e-01
9.878166913986206055e-01
9.884747862815856934e-01
8.857944607734680176e-01
8.537800908088684082e-01
9.240120053291320801e-01
9.983884692192077637e-01
9.739819169044494629e-01
9.559257626533508301e-01
9.642660021781921387e-01
9.300547242164611816e-01
9.443872570991516113e-01
9.671154022216796875e-01
9.285642504692077637e-01
9.839097857475280762e-01
9.805362820625305176e-01
9.847117066383361816e-01
9.630466103553771973e-01
9.739379286766052246e-01
6.995092034339904785e-01
9.942117333412170410e-01
9.736974239349365234e-01
9.928689002990722656e-01
9.829580783843994141e-01
9.227780699729919434e-01
9.883152842521667480e-01
8.783525228500366211e-01
9.941361546516418457e-01
8.932977318763732910e-01
9.717061519622802734e-01
9.807964563369750977e-01
9.742338061332702637e-01
9.269716739654541016e-01
6.361643671989440918e-01
9.802321791648864746e-01
9.968028068542480469e-01
9.926566481590270996e-01
9.830558300018310547e-01
9.889270067214965820e-01
9.091231822967529297e-01
8.869674801826477051e-01
9.952403306961059570e-01
9.904274344444274902e-01
9.964876770973205566e-01
8.046205639839172363e-01
9.985575675964355469e-01
9.873108863830566406e-01
9.827939867973327637e-01
9.408770203590393066e-01
9.880998134613037109e-01
9.894863963127136230e-01
9.527597427368164062e-01
9.895472526550292969e-01
9.400940537452697754e-01
8.365859389305114746e-01
9.727839231491088867e-01
9.823127388954162598e-01
9.698280096054077148e-01
9.034901261329650879e-01
9.976447820663452148e-01
7.802774310111999512e-01
6.690545678138732910e-01
9.775736331939697266e-01
9.852526783943176270e-01
9.857135415077209473e-01
9.862270355224609375e-01
9.930387139320373535e-01
9.976360797882080078e-01
9.795344471931457520e-01
9.949859976768493652e-01
9.612873792648315430e-01
9.994848966598510742e-01
9.689826369285583496e-01
9.943361282348632812e-01
9.932034611701965332e-01
9.266536831855773926e-01
8.749301433563232422e-01
9.833652377128601074e-01
7.385252118110656738e-01
9.966678619384765625e-01
6.882132291793823242e-01
9.583840370178222656e-01
9.850478172302246094e-01
9.404289722442626953e-01
9.756410717964172363e-01
9.600804448127746582e-01
9.493151307106018066e-01
8.378423452377319336e-01
9.952681660652160645e-01
9.878800511360168457e-01
8.815348148345947266e-01
9.122099876403808594e-01
9.858057498931884766e-01
6.735747456550598145e-01
9.718762040138244629e-01
9.916622042655944824e-01
9.859463572502136230e-01
9.595457911491394043e-01
9.302107095718383789e-01
8.207794427871704102e-01
7.922567129135131836e-01
9.393284320831298828e-01
9.284356236457824707e-01
9.885394573211669922e-01
9.418822526931762695e-01
8.996542096138000488e-01
6.104533672332763672e-01
9.707496762275695801e-01
9.411503672599792480e-01
9.748539924621582031e-01
9.083175659179687500e-01
9.038963317871093750e-01
7.661535143852233887e-01
8.933508992195129395e-01
9.092032909393310547e-01
9.722615480422973633e-01
8.711353540420532227e-01
7.476673126220703125e-01
9.996079802513122559e-01
9.802654981613159180e-01
9.831641912460327148e-01
9.884099960327148438e-01
9.223889708518981934e-01
9.879433512687683105e-01
9.002910256385803223e-01
9.638149142265319824e-01
9.203914403915405273e-01
9.929420948028564453e-01
9.720799922943115234e-01
9.674636721611022949e-01
9.837979674339294434e-01
9.557335376739501953e-01
9.740892052650451660e-01
9.797626733779907227e-01
9.914947152137756348e-01
9.773805737495422363e-01
9.781833887100219727e-01
9.859693050384521484e-01
9.254603385925292969e-01
9.879743456840515137e-01
9.296192526817321777e-01
9.301590323448181152e-01
9.676783084869384766e-01
9.856130480766296387e-01
9.908426403999328613e-01
9.726244807243347168e-01
9.262844324111938477e-01
9.846000075340270996e-01
8.950837254524230957e-01
9.793812632560729980e-01
9.919233322143554688e-01
9.565736651420593262e-01
9.935371875762939453e-01
9.969412684440612793e-01
9.597196578979492188e-01
8.090225458145141602e-01
9.920428395271301270e-01
8.976838588714599609e-01
9.825945496559143066e-01
9.291806221008300781e-01
9.916727542877197266e-01
9.952341318130493164e-01
9.888448119163513184e-01
9.689337015151977539e-01
9.803922772407531738e-01
9.888745546340942383e-01
9.515283703804016113e-01
9.703097343444824219e-01
9.950553178787231445e-01
9.888014197349548340e-01
9.757140278816223145e-01
9.969937205314636230e-01
9.680960178375244141e-01
9.782263636589050293e-01
9.884179234504699707e-01
9.898986816406250000e-01
9.453404545783996582e-01
8.985366821289062500e-01
9.760202765464782715e-01
9.889832139015197754e-01
9.380942583084106445e-01
9.856057167053222656e-01
9.988641738891601562e-01
9.785101413726806641e-01
9.764741063117980957e-01
9.617623686790466309e-01
8.379007577896118164e-01
9.166519641876220703e-01
9.273445606231689453e-01
9.738892912864685059e-01
9.694916009902954102e-01
9.843356609344482422e-01
9.920043349266052246e-01
9.711046218872070312e-01
9.900333285331726074e-01
9.812639355659484863e-01
9.032579660415649414e-01
8.515162467956542969e-01
9.549594521522521973e-01
9.591639637947082520e-01
9.917790293693542480e-01
9.570950865745544434e-01
9.623535871505737305e-01
9.869343042373657227e-01
8.643300533294677734e-01
9.809540510177612305e-01
9.643771648406982422e-01
9.317716360092163086e-01
9.354847073554992676e-01
9.920803904533386230e-01
9.898711442947387695e-01
9.245100021362304688e-01
9.933756589889526367e-01
9.651104211807250977e-01
9.276065826416015625e-01
9.085835218429565430e-01
9.960036873817443848e-01
9.246771931648254395e-01
9.849032759666442871e-01
8.803006410598754883e-01
9.743713140487670898e-01
9.899817705154418945e-01
9.972729086875915527e-01
9.776734113693237305e-01
9.947770833969116211e-01
9.923557043075561523e-01
9.935926198959350586e-01
9.393824934959411621e-01
8.940847516059875488e-01
9.809256792068481445e-01
9.907068610191345215e-01
9.863046407699584961e-01
8.887909054756164551e-01
9.965064525604248047e-01
6.091799139976501465e-01
9.842420816421508789e-01
9.448720812797546387e-01
9.909561872482299805e-01
9.778042435646057129e-01
9.714493155479431152e-01
9.965305924415588379e-01
9.322627782821655273e-01
9.968140721321105957e-01
9.911122322082519531e-01
8.174865841865539551e-01
9.001665711402893066e-01
6.631988883018493652e-01
9.282914996147155762e-01
9.118430614471435547e-01
9.249519109725952148e-01
9.812316894531250000e-01
9.855261445045471191e-01
9.492986798286437988e-01
9.922813177108764648e-01
9.756150245666503906e-01
9.775707125663757324e-01
9.516527652740478516e-01
9.968870282173156738e-01
9.866011142730712891e-01
9.772797822952270508e-01
9.657576084136962891e-01
3.995698392391204834e-01
9.728153347969055176e-01
9.799643158912658691e-01
9.560387134552001953e-01
9.562442302703857422e-01
9.893864393234252930e-01
9.784576296806335449e-01
9.002926945686340332e-01
9.630223512649536133e-01
9.955493807792663574e-01
9.669511318206787109e-01
9.824694991111755371e-01
9.503672122955322266e-01
9.507507681846618652e-01
9.592033028602600098e-01
9.891519546508789062e-01
9.679828286170959473e-01
8.891349434852600098e-01
9.926561117172241211e-01
8.552398681640625000e-01
9.355844855308532715e-01
9.739118814468383789e-01
9.718512892723083496e-01
9.846031069755554199e-01
8.910876512527465820e-01
9.376803636550903320e-01
9.572833180427551270e-01
9.843834042549133301e-01
9.965603947639465332e-01
6.640335917472839355e-01
9.963423609733581543e-01
9.514107704162597656e-01
9.456855654716491699e-01
8.855103850364685059e-01
9.749896526336669922e-01
9.856652021408081055e-01
9.899089336395263672e-01
9.868937134742736816e-01
9.883732795715332031e-01
8.491357564926147461e-01
8.727564215660095215e-01
9.779826402664184570e-01
9.864299893379211426e-01
9.829400777816772461e-01
8.849238157272338867e-01
9.502588510513305664e-01
9.761220216751098633e-01
8.777257204055786133e-01
9.880131483078002930e-01
9.887318611145019531e-01
9.828617572784423828e-01
8.546462655067443848e-01
9.928234219551086426e-01
9.864220619201660156e-01
9.132919907569885254e-01
9.961508512496948242e-01
8.673749566078186035e-01
9.922825694084167480e-01
9.440857768058776855e-01
8.492253422737121582e-01
9.880442023277282715e-01
9.797808527946472168e-01
9.864562749862670898e-01
9.319199919700622559e-01
9.171429872512817383e-01
9.957080483436584473e-01
9.804188013076782227e-01
9.821720123291015625e-01
9.951769709587097168e-01
9.993168115615844727e-01
9.358625411987304688e-01
9.993602633476257324e-01
9.860132932662963867e-01
9.724856019020080566e-01
9.936626553535461426e-01
9.660529494285583496e-01
9.786650538444519043e-01
9.972904920578002930e-01
7.914931774139404297e-01
9.499235153198242188e-01
8.409612178802490234e-01
9.822103977203369141e-01
9.910699725151062012e-01
9.867237210273742676e-01
9.806135296821594238e-01
9.951748847961425781e-01
8.717234730720520020e-01
6.429263949394226074e-01
9.971702694892883301e-01
9.657831192016601562e-01
8.411784768104553223e-01
9.975273609161376953e-01
9.834832549095153809e-01
9.517738819122314453e-01
9.476889371871948242e-01
9.962849617004394531e-01
8.690780997276306152e-01
9.877486824989318848e-01
9.891207218170166016e-01
9.901096224784851074e-01
9.993410110473632812e-01
9.860153198242187500e-01
9.924681782722473145e-01
8.966910243034362793e-01
9.699376821517944336e-01
9.781337380409240723e-01
9.947490692138671875e-01
6.611402034759521484e-01
7.413509488105773926e-01
9.576907753944396973e-01
3.131246268749237061e-01
9.927086830139160156e-01
9.901288747787475586e-01
8.024304509162902832e-01
9.845537543296813965e-01
9.736343026161193848e-01
9.935985207557678223e-01
9.854690432548522949e-01
9.765852093696594238e-01
9.924870729446411133e-01
9.994881153106689453e-01
9.616099596023559570e-01
9.621514081954956055e-01
9.590418934822082520e-01
9.398286342620849609e-01
9.682003855705261230e-01
8.599071502685546875e-01
9.799506068229675293e-01
8.461200594902038574e-01
9.921681880950927734e-01
9.865970015525817871e-01
9.932241439819335938e-01
9.913095235824584961e-01
9.719340801239013672e-01
9.058222174644470215e-01
8.016471862792968750e-01
3.139207959175109863e-01
9.455216526985168457e-01
9.880936145782470703e-01
9.599871635437011719e-01
9.694023132324218750e-01
9.687440991401672363e-01
9.921434521675109863e-01
7.637173533439636230e-01
9.421221613883972168e-01
9.711917638778686523e-01
9.837375879287719727e-01
9.347000718116760254e-01
8.666906952857971191e-01
9.369822740554809570e-01
9.770693182945251465e-01
9.993695616722106934e-01
9.876281023025512695e-01
9.784700870513916016e-01
9.901257753372192383e-01
9.914640188217163086e-01
9.443157911300659180e-01
9.966002106666564941e-01
9.884056448936462402e-01
9.247741103172302246e-01
9.164993762969970703e-01
9.364700317382812500e-01
9.732744097709655762e-01
9.893820881843566895e-01
9.436870217323303223e-01
9.847677946090698242e-01
9.579652547836303711e-01
9.706290364265441895e-01
9.536662697792053223e-01
9.877527952194213867e-01
8.890415430068969727e-01
9.676657915115356445e-01
9.620454311370849609e-01
9.216590523719787598e-01
7.938708662986755371e-01
9.840589165687561035e-01
9.614986181259155273e-01
9.673072695732116699e-01
9.317724108695983887e-01
7.843639850616455078e-01
7.129316329956054688e-01
9.351151585578918457e-01
9.883000254631042480e-01
8.189600706100463867e-01
3.010683953762054443e-01
9.753143787384033203e-01
9.974110126495361328e-01
9.528559446334838867e-01
9.752978682518005371e-01
5.013000369071960449e-01
9.676260948181152344e-01
9.831299781799316406e-01
9.897448420524597168e-01
6.307697296142578125e-01
9.775433540344238281e-01
9.464662075042724609e-01
9.901479482650756836e-01
9.788722991943359375e-01
9.214295148849487305e-01
9.812665581703186035e-01
9.917318820953369141e-01
9.896431565284729004e-01
9.890757203102111816e-01
9.578662514686584473e-01
9.750787019729614258e-01
9.941435456275939941e-01
8.858795166015625000e-01
9.896106123924255371e-01
9.982964992523193359e-01
9.422814846038818359e-01
9.960548877716064453e-01
9.969921112060546875e-01
9.533516168594360352e-01
9.941431879997253418e-01
9.374151825904846191e-01
9.954667687416076660e-01
9.870603680610656738e-01
9.941431879997253418e-01
7.192292809486389160e-01
9.905869364738464355e-01
8.910620212554931641e-01
9.600539207458496094e-01
9.314272403717041016e-01
9.902498722076416016e-01
8.722822070121765137e-01
9.934362173080444336e-01
5.818231105804443359e-01
9.478155374526977539e-01
9.793932437896728516e-01
9.901003241539001465e-01
9.554439783096313477e-01
9.954341053962707520e-01
9.347326755523681641e-01
