3.608805418480187654e-04
3.601008211262524128e-04
1.152339245891198516e-04
4.405286163091659546e-03
5.740527994930744171e-04
2.439024299383163452e-02
7.142857462167739868e-02
1.265822816640138626e-02
1.204819302074611187e-03
9.551098337396979332e-04
4.533091560006141663e-04
5.181347019970417023e-03
3.795642624027095735e-05
3.039513714611530304e-03
1.019367948174476624e-03
1.203369465656578541e-03
1.785714365541934967e-02
1.566170685691758990e-04
2.083333395421504974e-02
9.980039903894066811e-04
3.623188531491905451e-04
2.941176481544971466e-02
1.636661239899694920e-03
1.198753307107836008e-04
4.405286163091659546e-03
1.785714365541934967e-02
1.234567910432815552e-02
1.666666753590106964e-02
9.324878919869661331e-05
1.374003913952037692e-04
1.007150785881094635e-04
2.708559040911495686e-04
3.042287717107683420e-04
2.840909000951796770e-04
2.347417874261736870e-03
3.194888122379779816e-03
2.127659507095813751e-03
7.812500000000000000e-03
4.419889592099934816e-05
6.333122146315872669e-04
8.403361774981021881e-03
5.617977585643529892e-03
8.000000379979610443e-03
5.263157933950424194e-02
1.812250848161056638e-04
2.659574383869767189e-03
7.639419636689126492e-04
3.601008211262524128e-04
2.679528370208572596e-05
1.234567910432815552e-02
8.495454676449298859e-05
1.250000000000000000e-01
2.272727340459823608e-02
4.405286163091659546e-03
1.315789483487606049e-02
5.181347019970417023e-03
2.224199306510854512e-05
1.315789483487606049e-02
1.755309785949066281e-04
1.492537278681993484e-02
1.123595517128705978e-02
2.000000029802322388e-01
7.028394611552357674e-05
5.477351078297942877e-05
3.042287717107683420e-04
9.164222865365445614e-05
4.629629664123058319e-03
1.164144341601058841e-04
1.984127098694443703e-03
2.631578966975212097e-02
1.370989921269938350e-04
1.812250848161056638e-04
9.203018271364271641e-05
2.876869984902441502e-04
1.019367948174476624e-03
3.558718832209706306e-03
1.785714365541934967e-02
8.024393900996074080e-05
6.198474875418469310e-05
2.115059178322553635e-04
9.920635493472218513e-04
1.908396952785551548e-03
1.612903201021254063e-03
7.471049320884048939e-05
3.042287717107683420e-04
3.042287717107683420e-04
5.136106628924608231e-04
1.288161729462444782e-04
3.042287717107683420e-04
7.743953574390616268e-06
3.559985780157148838e-04
3.115264698863029480e-03
1.237623742781579494e-03
5.973715451546013355e-04
3.559985780157148838e-04
4.184100311249494553e-03
2.232142956927418709e-03
1.782531151548027992e-03
6.720430101267993450e-04
4.761904850602149963e-02
1.908396952785551548e-03
3.042287717107683420e-04
9.920635493472218513e-04
1.672240789048373699e-03
1.812250848161056638e-04
2.134745045623276383e-05
5.221932078711688519e-04
3.126954252365976572e-04
1.571832690387964249e-04
1.812250848161056638e-04
3.042287717107683420e-04
4.870920674875378609e-04
1.812250848161056638e-04
4.048583097755908966e-03
1.132374600274488330e-04
2.638522535562515259e-03
3.769317700061947107e-04
6.925207562744617462e-04
1.030609055305831134e-04
2.421307610347867012e-03
3.419972781557589769e-04
1.112718382501043379e-04
4.629629664123058319e-03
2.741153002716600895e-05
3.663003677502274513e-03
7.042253389954566956e-03
5.649717524647712708e-03
1.035196706652641296e-03
6.666666828095912933e-03
3.663003677502274513e-03
1.234567910432815552e-02
8.888888987712562084e-04
3.030303120613098145e-02
1.571832690387964249e-04
1.370989921269938350e-04
1.689189230091869831e-03
3.601008211262524128e-04
3.344481578096747398e-03
1.245329971425235271e-03
3.995205624960362911e-04
1.571832690387964249e-04
3.030302934348583221e-03
9.832841897150501609e-05
4.863813228439539671e-04
5.428881850093603134e-04
1.812250848161056638e-04
1.949317753314971924e-03
4.878048785030841827e-03
8.453085320070385933e-04
1.812250848161056638e-04
5.181347019970417023e-03
4.347826167941093445e-02
1.098901126533746719e-02
4.405286163091659546e-03
1.050640858011320233e-04
2.387204585829749703e-04
6.397952674888074398e-04
8.389261784031987190e-04
4.863813228439539671e-04
2.044989727437496185e-03
1.397038286086171865e-04
1.204819302074611187e-03
5.382131203077733517e-04
2.806859993143007159e-05
2.347417874261736870e-03
1.178133825305849314e-04
1.370989921269938350e-04
3.225806402042508125e-03
1.666666716337203979e-01
3.692898462759330869e-05
4.618937673512846231e-04
3.038959403056651354e-05
1.011122367344796658e-03
1.019367948174476624e-03
1.785714365541934967e-02
1.282051298767328262e-02
1.234567910432815552e-02
1.620745519176125526e-03
1.785714365541934967e-02
2.567394112702459097e-04
1.610305975191295147e-03
9.182736393995583057e-04
4.405286163091659546e-03
1.785714365541934967e-02
5.181347019970417023e-03
4.761904850602149963e-02
3.042287717107683420e-04
3.571428731083869934e-02
6.666666595265269279e-04
3.105590119957923889e-03
8.354219025932252407e-04
4.249893827363848686e-04
1.737015845719724894e-04
2.762431045994162560e-03
3.042287717107683420e-04
1.369863003492355347e-02
2.525252522900700569e-03
3.189853714502532966e-06
3.601008211262524128e-04
4.539264773484319448e-04
5.899704992771148682e-04
3.637686313595622778e-04
3.584229387342929840e-03
2.867794537451118231e-04
1.908396952785551548e-03
1.571832690387964249e-04
6.734006456099450588e-04
2.380952471867203712e-03
2.272727340459823608e-02
1.526717562228441238e-03
5.555555596947669983e-02
4.184100311249494553e-03
2.220248716184869409e-04
5.882352963089942932e-02
2.272727340459823608e-02
1.211827402585186064e-04
7.142857182770967484e-03
5.847953259944915771e-03
1.300221047131344676e-04
1.061345756170339882e-04
1.591596374055370688e-04
1.052631624042987823e-02
5.553704249905422330e-05
1.203369465656578541e-03
4.030632844660431147e-04
7.849909889046102762e-05
2.871912729460746050e-04
1.545117411296814680e-04
8.980691200122237206e-05
1.370989921269938350e-04
1.000000014901161194e-01
1.176470611244440079e-02
1.666666716337203979e-01
3.377237298991531134e-04
3.663003677502274513e-03
1.914242020575329661e-04
3.194888122379779816e-03
1.075268816202878952e-02
2.261931658722460270e-04
2.380952425301074982e-02
1.265822816640138626e-02
1.785714365541934967e-02
8.084727596724405885e-05
1.724137924611568451e-02
6.207324913702905178e-04
4.761904850602149963e-02
6.181233766255900264e-05
4.184100311249494553e-03
2.777777798473834991e-02
1.238390104845166206e-04
8.934155630413442850e-05
1.571832690387964249e-04
1.259445853065699339e-04
1.000000014901161194e-01
1.206840352097060531e-05
3.154574194923043251e-03
6.002400768920779228e-04
1.666666716337203979e-01
3.042287717107683420e-04
1.123595517128705978e-02
2.347417874261736870e-03
2.144542086170986295e-04
4.142502148170024157e-04
1.538461539894342422e-03
3.238341887481510639e-04
6.410256493836641312e-03
3.115264698863029480e-03
3.178639453835785389e-04
9.920635493472218513e-04
4.878048785030841827e-03
4.587155766785144806e-03
2.500000037252902985e-02
2.638522535562515259e-03
3.042287717107683420e-04
3.559985780157148838e-04
4.405286163091659546e-03
1.812250848161056638e-04
9.718172950670123100e-04
2.232142956927418709e-03
1.370989921269938350e-04
2.347417874261736870e-03
1.492537325248122215e-03
4.142502148170024157e-04
4.830917809158563614e-03
1.308900536969304085e-03
1.494768308475613594e-03
2.088991022901609540e-04
4.863813228439539671e-04
1.984127098694443703e-03
2.702702768146991730e-02
3.030303120613098145e-02
1.480384962633252144e-04
1.612903201021254063e-03
4.405286163091659546e-03
6.993006914854049683e-03
3.042287717107683420e-04
2.621575549710541964e-05
8.920606342144310474e-04
1.812250848161056638e-04
3.601008211262524128e-04
4.587155766785144806e-03
2.108814805978909135e-04
5.882352963089942932e-02
1.923076994717121124e-02
7.692307978868484497e-02
1.763668376952409744e-03
3.042287717107683420e-04
1.795332180336117744e-03
3.042287717107683420e-04
1.133786863647401333e-03
4.184100311249494553e-03
1.102535868994891644e-03
1.650165067985653877e-03
4.273504484444856644e-03
3.717472078278660774e-03
2.083333395421504974e-02
1.218026853166520596e-03
7.299270015209913254e-03
1.323188917012885213e-05
3.030302934348583221e-03
1.785714295692741871e-03
2.449779422022402287e-04
1.320131996180862188e-04
7.079645729390904307e-05
1.490535069024190307e-04
1.241773279616609216e-04
2.876869984902441502e-04
3.042287717107683420e-04
3.218538768123835325e-04
1.666666753590106964e-02
4.863813228439539671e-04
1.785714365541934967e-02
1.812250848161056638e-04
8.000000379979610443e-03
4.065371103934012353e-05
1.111111138015985489e-02
1.900779316201806068e-04
4.065040498971939087e-03
2.592016535345464945e-04
1.254705130122601986e-03
4.166666790843009949e-02
2.890173345804214478e-03
4.065371103934012353e-05
3.737199949682690203e-05
1.007150785881094635e-04
2.040816238150000572e-03
3.194888122379779816e-03
1.111111138015985489e-02
4.385965003166347742e-04
9.920635493472218513e-04
4.878048785030841827e-03
1.370989921269938350e-04
1.370989921269938350e-04
1.161049112852197140e-05
6.605020025745034218e-04
2.500000037252902985e-02
2.617801073938608170e-03
5.941770505160093307e-04
1.447177957743406296e-03
3.717472078278660774e-03
8.920606342144310474e-04
4.273504484444856644e-03
4.302925954107195139e-04
1.094690742320381105e-04
2.592016535345464945e-04
3.042287717107683420e-04
4.863813228439539671e-04
3.042287717107683420e-04
1.612903201021254063e-03
2.347417874261736870e-03
1.102535868994891644e-03
5.494505632668733597e-03
1.240079436684027314e-04
5.564830498769879341e-04
9.514747653156518936e-04
1.931993756443262100e-04
3.225806355476379395e-02
8.446659194305539131e-05
3.246753243729472160e-03
1.665556337684392929e-04
6.999859760981053114e-05
3.639010246843099594e-04
1.019367948174476624e-03
4.539264773484319448e-04
2.083333395421504974e-02
2.061005798168480396e-04
4.863813228439539671e-04
4.084967367816716433e-04
6.911805394338443875e-05
3.601008211262524128e-04
1.356852153548970819e-04
8.695652359165251255e-04
7.782101165503263474e-04
3.328894672449678183e-04
1.812250848161056638e-04
3.042287717107683420e-04
1.785714365541934967e-02
4.016064107418060303e-03
2.506265649572014809e-03
1.234567910432815552e-02
1.234567910432815552e-02
3.951007383875548840e-04
4.048583097755908966e-03
1.057082437910139561e-03
2.272727340459823608e-02
1.912045874632894993e-03
6.763154669897630811e-05
4.405286163091659546e-03
1.250000000000000000e-01
1.370989921269938350e-04
3.194888122379779816e-04
1.571832690387964249e-04
4.761904850602149963e-02
3.436426166445016861e-03
6.684492109343409538e-04
2.083333395421504974e-02
1.016570095089264214e-04
4.405286163091659546e-03
5.263157933950424194e-02
2.083333395421504974e-02
2.242152579128742218e-03
2.272727340459823608e-02
1.011122367344796658e-03
4.166666883975267410e-03
9.718172950670123100e-04
1.357773289782926440e-04
4.863813228439539671e-04
9.203018271364271641e-05
2.380952425301074982e-02
2.183406148105859756e-03
1.020408142358064651e-02
2.481143383192829788e-05
3.559985780157148838e-04
3.178639453835785389e-04
5.464480724185705185e-03
1.748251728713512421e-03
1.174122371594421566e-04
5.952381179668009281e-04
1.571832690387964249e-04
3.831417532637715340e-03
4.024144727736711502e-04
6.570302066393196583e-04
2.113718073815107346e-04
1.087547570932656527e-04
8.839388465275987983e-05
2.232142956927418709e-03
6.289307959377765656e-03
2.791736333165317774e-04
1.370989921269938350e-04
1.610305975191295147e-03
1.812250848161056638e-04
1.999999955296516418e-02
1.785714365541934967e-02
1.754385977983474731e-02
1.127395662479102612e-03
1.234567910432815552e-02
1.422717923560412601e-05
2.592016535345464945e-04
1.480384962633252144e-04
7.396996807074174285e-05
2.222222276031970978e-02
1.351351384073495865e-03
1.388888899236917496e-02
1.200480182887986302e-04
9.980039903894066811e-04
3.389830468222498894e-03
4.627487214747816324e-04
3.559985780157148838e-04
1.358511071885004640e-04
2.483238058630377054e-04
1.812250848161056638e-04
1.785714365541934967e-02
4.048583097755908966e-03
3.042287717107683420e-04
3.042287717107683420e-04
4.458911280380561948e-05
3.709198790602385998e-04
3.559985780157148838e-04
1.183291897177696228e-04
1.812250848161056638e-04
5.087246245238929987e-05
2.183406148105859756e-03
3.559985780157148838e-04
2.171647065551951528e-05
1.996007980778813362e-03
4.405286163091659546e-03
5.555555596947669983e-02
4.515692126005887985e-05
4.273504484444856644e-03
1.984127098694443703e-03
3.703703731298446655e-02
1.994017948163673282e-04
6.925207562744617462e-04
2.272727340459823608e-02
3.042287717107683420e-04
2.997601986862719059e-04
3.489183436613529921e-04
7.407407276332378387e-03
1.666666753590106964e-02
1.279099524253979325e-04
3.032140666618943214e-04
4.184100311249494553e-03
4.813941268366761506e-05
5.740527994930744171e-04
1.785714365541934967e-02
3.267973894253373146e-03
1.061345756170339882e-04
3.042287717107683420e-04
1.298701297491788864e-02
1.569858752191066742e-03
2.638522535562515259e-03
1.234567910432815552e-02
2.083333395421504974e-02
5.938242538832128048e-04
1.964636612683534622e-03
1.612903201021254063e-03
1.785714365541934967e-02
1.250000000000000000e-01
4.137360374443233013e-04
2.500000037252902985e-02
1.033057807944715023e-03
8.000000379979610443e-03
3.601008211262524128e-04
1.571832690387964249e-04
3.125000046566128731e-03
2.659574383869767189e-03
1.204819302074611187e-03
1.067235833033919334e-03
1.571832690387964249e-04
4.065371103934012353e-05
2.500000037252902985e-02
7.015574374236166477e-05
1.356852153548970819e-04
7.692307699471712112e-03
5.952381179668009281e-04
1.886792480945587158e-02
1.562500000000000000e-02
1.612903201021254063e-03
4.370629321783781052e-04
5.524862091988325119e-03
9.090909361839294434e-02
3.999999910593032837e-02
3.042287717107683420e-04
3.225806355476379395e-02
2.058884128928184509e-04
8.051529875956475735e-04
3.042287717107683420e-04
7.948430720716714859e-06
1.333333365619182587e-02
3.344481578096747398e-03
1.480384962633252144e-04
5.181347019970417023e-03
1.019367948174476624e-03
3.640997601905837655e-05
3.601008211262524128e-04
2.872737823054194450e-04
2.867794537451118231e-04
1.562500023283064365e-03
4.166666883975267410e-03
1.371365942759439349e-04
4.784688819199800491e-03
4.863813228439539671e-04
3.559985780157148838e-04
8.810572908259928226e-04
9.203018271364271641e-05
2.802690723910927773e-04
5.891363252885639668e-05
1.272264635190367699e-03
4.863813228439539671e-04
1.490979630034416914e-04
2.380952425301074982e-02
4.291845485568046570e-03
2.659574383869767189e-03
1.203369465656578541e-03
3.225806355476379395e-02
1.785714365541934967e-02
3.194888122379779816e-03
1.571832690387964249e-04
2.000000029802322388e-01
6.747638108208775520e-04
1.315789483487606049e-02
1.091107478714548051e-04
6.570302066393196583e-04
1.812250848161056638e-04
3.150300835841335356e-05
4.184100311249494553e-03
1.666666716337203979e-01
3.042287717107683420e-04
3.042287717107683420e-04
6.596306338906288147e-04
1.336201694357441738e-05
1.428571436554193497e-02
1.061345756170339882e-04
2.037074737017974257e-04
7.964954420458525419e-05
4.405286163091659546e-03
5.555555596947669983e-02
4.863813228439539671e-04
1.697792904451489449e-03
2.506265649572014809e-03
4.761904850602149963e-02
4.863813228439539671e-04
1.315789483487606049e-02
2.272727340459823608e-02
2.267573727294802666e-03
3.225806355476379395e-02
5.208333488553762436e-03
4.048583097755908966e-03
3.846153849735856056e-04
4.405286163091659546e-03
7.794839621055871248e-05
7.692307978868484497e-02
9.203018271364271641e-05
1.571832690387964249e-04
4.166666883975267410e-03
2.002924338739831001e-05
8.012820617295801640e-04
3.039513539988547564e-04
1.146131835412234068e-04
1.661129528656601906e-03
1.683501614024862647e-04
1.069518737494945526e-03
2.183406148105859756e-03
3.042287717107683420e-04
1.094690742320381105e-04
3.242331877117976546e-05
2.242152579128742218e-03
3.559985780157148838e-04
2.272727340459823608e-02
3.616505637182854116e-05
3.559985780157148838e-04
1.928640267578884959e-04
4.208754107821732759e-04
3.709198790602385998e-04
3.639010246843099594e-04
4.078303463757038116e-04
1.731301890686154366e-04
1.706484588794410229e-03
7.042253389954566956e-03
1.351351384073495865e-02
3.194888122379779816e-03
3.042287717107683420e-04
1.369863003492355347e-02
2.702702768146991730e-02
1.785714365541934967e-02
1.571832690387964249e-04
4.098360426723957062e-03
1.449485425837337971e-04
3.999999910593032837e-02
1.754078257363289595e-04
6.004202805343084037e-05
3.225806355476379395e-02
2.272727340459823608e-02
1.612903201021254063e-03
1.748251728713512421e-03
1.724137924611568451e-02
3.073140687774866819e-04
1.428571492433547974e-01
2.272727340459823608e-02
9.514747653156518936e-04
1.587301678955554962e-02
1.795332180336117744e-03
6.570302066393196583e-04
3.334444772917777300e-04
1.512401649961248040e-04
2.083333395421504974e-02
1.626016222871840000e-03
3.263707621954381466e-04
3.717472078278660774e-03
3.559985780157148838e-04
2.242152579128742218e-03
1.612903201021254063e-03
6.766357546439394355e-05
4.237647317495429888e-06
1.869857951533049345e-04
3.601008211262524128e-04
1.369863003492355347e-02
3.639010246843099594e-04
7.770007941871881485e-04
3.571428731083869934e-02
3.086419776082038879e-03
3.559985780157148838e-04
3.253831528127193451e-05
3.228097193641588092e-05
1.123595517128705978e-02
5.181347019970417023e-03
3.639010246843099594e-04
1.370989921269938350e-04
3.178639453835785389e-04
3.996802552137523890e-04
6.191950524225831032e-04
1.237623742781579494e-03
7.547169807367026806e-04
1.785714365541934967e-02
1.101321540772914886e-03
1.812250848161056638e-04
2.439024299383163452e-02
2.061005798168480396e-04
3.194888122379779816e-03
3.559985780157148838e-04
2.506265591364353895e-04
2.897710946854203939e-04
1.270647975616157055e-03
5.542008511838503182e-05
2.380952471867203712e-03
2.288329415023326874e-03
2.962085418403148651e-04
1.408450654707849026e-03
4.184100311249494553e-03
2.941176481544971466e-02
6.666667014360427856e-02
9.372071363031864166e-04
5.747126415371894836e-03
3.479471197351813316e-04
1.237623742781579494e-03
7.503000961150974035e-05
1.038745176629163325e-04
1.479289960116147995e-03
4.405286163091659546e-03
6.082725012674927711e-04
9.920635493472218513e-04
9.090909361839294434e-02
2.232142956927418709e-03
1.230103043781127781e-05
3.182686050422489643e-04
3.030302934348583221e-03
8.598452550359070301e-04
3.891050582751631737e-03
1.587301678955554962e-02
1.785714365541934967e-02
7.407407276332378387e-03
1.689189230091869831e-03
7.582076068501919508e-05
1.234567910432815552e-02
1.785714365541934967e-02
1.019367948174476624e-03
1.218026853166520596e-03
3.194888122379779816e-03
5.464480724185705185e-03
8.333333581686019897e-02
1.019367948174476624e-03
6.925207562744617462e-04
2.624671906232833862e-03
3.559985780157148838e-04
3.012048080563545227e-03
6.426735199056565762e-04
3.042287717107683420e-04
2.343017840757966042e-04
6.329114083200693130e-03
6.666667014360427856e-02
1.812250848161056638e-04
3.448275849223136902e-02
1.785714365541934967e-02
2.083333395421504974e-02
4.065371103934012353e-05
1.912045874632894993e-03
9.920635493472218513e-04
5.524862091988325119e-03
4.488330450840294361e-04
1.019367948174476624e-03
1.314060413278639317e-03
1.141552464105188847e-03
4.977600765414535999e-04
3.311258275061845779e-03
4.539264773484319448e-04
6.925207562744617462e-04
2.960331621579825878e-04
3.732736222445964813e-04
1.007150785881094635e-04
6.505334022222086787e-05
2.635740675032138824e-04
4.065371103934012353e-05
3.178639453835785389e-04
4.192872147541493177e-04
5.428881850093603134e-04
2.500000037252902985e-02
2.173913083970546722e-02
4.878048785030841827e-03
4.539264773484319448e-04
1.908396952785551548e-03
1.724137924611568451e-03
1.075268816202878952e-02
1.724137924611568451e-02
4.065371103934012353e-05
1.480384962633252144e-04
1.234567910432815552e-02
1.571832690387964249e-04
1.019367948174476624e-03
5.305039667291566730e-05
3.030303120613098145e-02
1.812250848161056638e-04
3.618337723310105503e-05
1.351351384073495865e-02
4.587155766785144806e-03
2.174385735997930169e-04
3.030302934348583221e-03
1.234567910432815552e-02
3.448275849223136902e-03
6.770939216949045658e-05
1.265822816640138626e-02
1.724137924611568451e-02
1.562500000000000000e-02
1.298701297491788864e-02
2.347417874261736870e-03
7.686394965276122093e-04
1.234567910432815552e-02
2.879355160985141993e-04
3.042287717107683420e-04
4.133939510211348534e-04
3.601008211262524128e-04
1.315789483487606049e-02
1.812250848161056638e-04
1.370989921269938350e-04
5.154639366082847118e-04
9.596928721293807030e-04
2.638522535562515259e-03
1.571832690387964249e-04
1.886792480945587158e-02
1.370989921269938350e-04
1.019367948174476624e-03
2.534661507525015622e-05
2.380952471867203712e-03
1.224439765792340040e-04
9.920635493472218513e-04
3.030303120613098145e-02
1.571832690387964249e-04
1.021450501866638660e-03
3.042287717107683420e-04
6.925207562744617462e-04
2.463054144755005836e-03
3.042287717107683420e-04
5.939653055975213647e-05
1.234567910432815552e-02
1.571832690387964249e-04
5.181347019970417023e-03
1.204819302074611187e-03
5.952381179668009281e-04
1.063275522028561682e-05
9.514747653156518936e-04
2.272727340459823608e-02
1.498576311860233545e-04
1.078748609870672226e-03
1.011122367344796658e-03
1.072616141755133867e-04
5.744155350839719176e-05
4.405286163091659546e-03
5.555555596947669983e-02
4.629629664123058319e-03
2.083333395421504974e-02
1.094690742320381105e-04
8.136696415022015572e-04
1.785714365541934967e-02
2.638522535562515259e-03
1.689189230091869831e-03
5.511160270543769002e-05
4.580852109938859940e-04
5.813953466713428497e-04
4.863813228439539671e-04
1.812250848161056638e-04
7.401924231089651585e-04
5.263157933950424194e-02
4.184100311249494553e-03
3.042287717107683420e-04
5.952381179668009281e-04
1.443001441657543182e-03
1.019367948174476624e-03
3.042287717107683420e-04
1.444669178454205394e-04
1.666666753590106964e-02
5.428881850093603134e-04
3.042287717107683420e-04
2.272727340459823608e-02
3.571428731083869934e-02
1.683501614024862647e-04
1.310272491537034512e-04
3.559985780157148838e-04
1.019367948174476624e-03
9.708737954497337341e-03
7.617306255269795656e-05
9.563886851537972689e-05
1.571832690387964249e-04
6.410256610251963139e-04
3.556187730282545090e-04
6.993007264100015163e-04
4.405286163091659546e-03
1.111111138015985489e-02
5.248792876955121756e-05
4.761904850602149963e-02
4.821600741706788540e-04
3.042287717107683420e-04
4.761904850602149963e-02
4.395604482851922512e-04
4.405286163091659546e-03
1.785714365541934967e-02
1.612903201021254063e-03
5.047700688010081649e-05
1.279099524253979325e-04
1.571832690387964249e-04
1.408450654707849026e-03
1.812250848161056638e-04
5.617977585643529892e-03
2.390994495726772584e-06
3.559985780157148838e-04
1.795332180336117744e-03
1.250000000000000000e-01
3.623188473284244537e-03
1.234567910432815552e-02
6.925207562744617462e-04
2.469135913997888565e-03
1.795332180336117744e-03
1.434720237739384174e-03
3.278688527643680573e-04
8.726003579795360565e-04
2.506265649572014809e-03
4.878048785030841827e-03
4.385964944958686829e-03
1.571832690387964249e-04
4.374453274067491293e-04
1.984127098694443703e-03
2.083333395421504974e-02
5.494505632668733597e-03
1.965408737305551767e-04
1.250000018626451492e-02
1.061345756170339882e-04
4.980079829692840576e-04
4.587155766785144806e-03
3.323363198433071375e-04
1.019367948174476624e-03
5.604878424492198974e-06
9.920635493472218513e-04
4.184100311249494553e-03
8.196720853447914124e-03
8.000000379979610443e-03
1.610305975191295147e-03
2.274795260746032000e-04
1.571832690387964249e-04
3.328894672449678183e-04
1.785714365541934967e-02
4.405286163091659546e-03
1.571832690387964249e-04
4.048583097755908966e-03
3.042287717107683420e-04
4.878048785030841827e-03
1.785714365541934967e-02
4.081632650922983885e-04
3.042287717107683420e-04
2.680965233594179153e-03
1.076426240615546703e-03
5.313496221788227558e-04
1.689189230091869831e-03
3.012048255186527967e-04
9.523809887468814850e-03
9.090909361839294434e-02
1.102535868994891644e-03
8.064515888690948486e-03
1.999999955296516418e-02
4.315925762057304382e-04
5.181347019970417023e-03
1.733102253638207912e-03
1.370989921269938350e-04
1.061345756170339882e-04
4.420866607688367367e-04
1.812250848161056638e-04
2.240645262645557523e-04
2.638522535562515259e-03
3.039513714611530304e-03
2.424242411507293582e-04
1.480384962633252144e-04
4.329004324972629547e-03
2.083333395421504974e-02
1.706193434074521065e-04
2.942041901405900717e-04
4.761904850602149963e-02
9.380863048136234283e-04
1.019367948174476624e-03
4.065371103934012353e-05
1.369863003492355347e-02
1.422717923560412601e-05
1.071811348083429039e-04
1.250000000000000000e-01
4.098360659554600716e-04
1.795332180336117744e-03
2.113718073815107346e-04
2.439024299383163452e-02
1.571832690387964249e-04
1.282051298767328262e-02
1.019367948174476624e-03
1.571832690387964249e-04
1.785714365541934967e-02
1.689189230091869831e-03
3.125976945739239454e-04
9.708737954497337341e-03
1.785714365541934967e-02
3.030303120613098145e-02
2.624671906232833862e-03
3.042287717107683420e-04
2.083333395421504974e-02
9.999999776482582092e-03
3.909304214175790548e-04
1.886792480945587158e-02
5.511463677976280451e-05
1.254705130122601986e-03
4.166666790843009949e-02
1.666666753590106964e-02
6.939143349882215261e-05
2.053388161584734917e-03
1.315789530053734779e-03
2.802690723910927773e-04
1.315789483487606049e-02
1.546073035569861531e-04
9.310987079516053200e-04
4.016064107418060303e-03
1.123595517128705978e-02
3.181369902449660003e-05
4.065371103934012353e-05
2.119991549989208579e-04
3.316529546282254159e-05
1.089324592612683773e-03
2.258355962112545967e-04
1.242189773620339110e-05
2.500000037252902985e-02
2.444987883791327477e-03
1.571832690387964249e-04
4.071661096531897783e-04
2.192982472479343414e-03
3.639010246843099594e-04
1.619433169253170490e-04
2.325581386685371399e-02
1.748251728713512421e-03
1.234567910432815552e-02
1.094690742320381105e-04
1.061345756170339882e-04
9.920635493472218513e-04
1.265822816640138626e-02
4.065371103934012353e-05
1.356852153548970819e-04
4.166666883975267410e-03
1.428979740012437105e-04
1.169864262919872999e-04
2.127659507095813751e-03
1.370989921269938350e-04
1.915708766318857670e-03
1.075268816202878952e-02
3.271180903539061546e-04
3.559985780157148838e-04
1.480384962633252144e-04
1.754078257363289595e-04
1.030927803367376328e-02
1.061345756170339882e-04
7.407407276332378387e-03
5.555555596947669983e-02
7.332990935537964106e-05
1.292490633204579353e-04
8.000000379979610443e-03
2.597402548417448997e-03
6.435006507672369480e-04
2.500000037252902985e-02
1.356852153548970819e-04
9.718172950670123100e-04
1.123595517128705978e-02
1.984127098694443703e-03
1.061345756170339882e-04
1.019367948174476624e-03
1.237623742781579494e-03
1.612903177738189697e-02
2.439024299383163452e-02
2.281021879753097892e-04
2.637826546560972929e-04
4.761904850602149963e-02
3.225806355476379395e-02
6.786102312617003918e-05
1.571832690387964249e-04
1.785714365541934967e-02
4.539264773484319448e-04
1.612903201021254063e-03
1.408450654707849026e-03
3.586157254176214337e-05
1.785714365541934967e-02
1.908396952785551548e-03
1.035196706652641296e-03
4.166666883975267410e-03
5.555555596947669983e-02
4.863813228439539671e-04
1.234567910432815552e-02
1.250000000000000000e-01
3.717472078278660774e-03
2.500000037252902985e-02
3.194888122379779816e-03
5.154639016836881638e-03
6.666667014360427856e-02
1.370989921269938350e-04
1.219512149691581726e-02
4.539264773484319448e-04
9.920635493472218513e-04
1.605136436410248280e-03
1.101321540772914886e-03
3.448275849223136902e-02
1.315789483487606049e-02
1.237623742781579494e-03
1.370989921269938350e-04
2.024291548877954483e-03
4.166666790843009949e-02
2.640054844960104674e-05
1.000000014901161194e-01
1.298701297491788864e-02
9.861933067440986633e-04
4.098360659554600716e-04
1.571832690387964249e-04
2.659574383869767189e-03
8.912655757740139961e-04
4.405286163091659546e-03
4.030632844660431147e-04
1.237623742781579494e-03
6.031727025401778519e-05
1.408450654707849026e-03
1.556178031023591757e-04
1.494768308475613594e-03
1.370989921269938350e-04
6.198474875418469310e-05
3.568879328668117523e-04
3.194888122379779816e-03
1.075268816202878952e-02
4.539264773484319448e-04
3.863987512886524200e-04
2.420721430098637938e-04
1.785714365541934967e-02
3.042287717107683420e-04
4.863813228439539671e-04
1.439470215700566769e-04
2.232142956927418709e-03
1.061345756170339882e-04
1.785714365541934967e-02
1.666666753590106964e-02
1.369863003492355347e-02
5.288207321427762508e-04
1.812250848161056638e-04
3.559985780157148838e-04
2.288329415023326874e-03
1.136363670229911804e-02
3.225806355476379395e-02
1.689189230091869831e-03
8.196720853447914124e-03
1.812250848161056638e-04
3.831417532637715340e-03
4.405286163091659546e-03
2.139495045412331820e-04
1.984127098694443703e-03
2.252252306789159775e-03
3.042287717107683420e-04
4.184100311249494553e-03
3.726337672560475767e-05
3.042287717107683420e-04
1.075268816202878952e-02
1.218026853166520596e-03
1.785714365541934967e-02
1.610305975191295147e-03
1.785714365541934967e-02
9.803921915590763092e-03
1.795332180336117744e-03
3.644315002020448446e-04
1.650165067985653877e-03
4.878048785030841827e-03
3.042287717107683420e-04
1.758705620886757970e-04
2.369106805417686701e-04
1.130965829361230135e-04
1.941747614182531834e-04
2.183406148105859756e-03
2.949852496385574341e-04
5.184033070690929890e-04
4.166666883975267410e-03
2.127659507095813751e-03
2.272727340459823608e-02
3.042287717107683420e-04
4.312203673180192709e-04
2.154243848053738475e-04
9.789525211090222001e-05
1.526717562228441238e-03
5.331342981662601233e-05
5.154639016836881638e-03
4.184100311249494553e-03
1.812250848161056638e-04
1.886792480945587158e-02
1.408450654707849026e-03
6.925207562744617462e-04
1.424907386535778642e-04
3.601008211262524128e-04
9.718172950670123100e-04
1.812250848161056638e-04
1.238390104845166206e-04
1.019367948174476624e-03
4.166666883975267410e-03
2.857142873108386993e-02
2.352166302443947643e-05
8.849557489156723022e-03
8.333333581686019897e-02
3.465003392193466425e-04
1.180219551315531135e-04
8.474576286971569061e-03
8.583691087551414967e-04
1.700680237263441086e-03
1.102535868994891644e-03
5.181347019970417023e-03
1.785714365541934967e-02
1.453488366678357124e-03
3.042287717107683420e-04
3.178639453835785389e-04
3.559985780157148838e-04
3.636363660916686058e-03
6.763154669897630811e-05
1.571832690387964249e-04
1.602820993866771460e-04
6.097560748457908630e-03
4.208754107821732759e-04
2.203128387918695807e-04
7.641170668648555875e-05
7.633587811142206192e-03
1.785714365541934967e-02
4.587155766785144806e-03
1.190476212650537491e-02
1.123595517128705978e-02
8.000000379979610443e-03
1.250000000000000000e-01
3.571428731083869934e-02
1.812250848161056638e-04
1.234567910432815552e-02
3.580379416234791279e-04
3.639010246843099594e-04
2.232142956927418709e-03
3.042287717107683420e-04
3.225806355476379395e-02
3.030303120613098145e-02
2.232142956927418709e-03
8.928571478463709354e-04
1.362397801131010056e-03
2.500000037252902985e-02
3.194888122379779816e-03
2.500000037252902985e-02
2.105263061821460724e-03
1.315789483487606049e-02
6.666667014360427856e-02
1.612903201021254063e-03
1.785714365541934967e-02
1.812250848161056638e-04
3.639010246843099594e-04
2.876869984902441502e-04
2.994012087583541870e-03
3.663003677502274513e-03
1.237623742781579494e-03
1.812250848161056638e-04
2.862540713977068663e-05
1.061345756170339882e-04
2.272727340459823608e-02
3.601008211262524128e-04
1.303781027672812343e-04
1.123595517128705978e-02
4.878048785030841827e-03
1.668891927693039179e-04
6.787023448850959539e-05
2.433599320283974521e-06
1.279263087781146169e-04
1.061345756170339882e-04
1.571832690387964249e-04
4.405286163091659546e-03
1.812250848161056638e-04
4.405286163091659546e-03
6.666667014360427856e-02
2.347417874261736870e-03
1.428571413271129131e-03
1.636661239899694920e-03
1.571832690387964249e-04
1.571832690387964249e-04
1.785714365541934967e-02
1.234567910432815552e-02
3.115264698863029480e-03
4.761904850602149963e-02
1.111111138015985489e-02
5.649717524647712708e-03
1.572326989844441414e-03
4.166666883975267410e-03
1.020408142358064651e-02
4.166666883975267410e-03
2.941176481544971466e-02
1.014198758639395237e-03
1.918649213621392846e-04
1.689189230091869831e-03
1.683501614024862647e-04
1.035196706652641296e-03
5.265790605335496366e-06
1.131388125941157341e-05
1.571832690387964249e-04
1.841620658524334431e-03
9.718172950670123100e-04
1.111111138015985489e-02
1.370989921269938350e-04
4.065371103934012353e-05
8.000000379979610443e-03
1.571832690387964249e-04
1.019367948174476624e-03
5.882352963089942932e-02
5.053057102486491203e-04
3.042287717107683420e-04
