9.976171255111694336e-01
9.952083826065063477e-01
9.935743212699890137e-01
9.941198229789733887e-01
9.978600740432739258e-01
9.618107676506042480e-01
9.920904040336608887e-01
9.807940721511840820e-01
9.878291487693786621e-01
9.983499646186828613e-01
9.918590784072875977e-01
9.996703863143920898e-01
9.919474124908447266e-01
9.987807273864746094e-01
9.756907224655151367e-01
9.866377711296081543e-01
9.981020092964172363e-01
9.976154565811157227e-01
9.998448491096496582e-01
9.800853133201599121e-01
9.994736909866333008e-01
9.932747483253479004e-01
9.978899955749511719e-01
9.984866380691528320e-01
9.995316863059997559e-01
9.946609735488891602e-01
9.914440512657165527e-01
9.961889386177062988e-01
9.999337792396545410e-01
9.992585182189941406e-01
9.865564703941345215e-01
9.978258013725280762e-01
9.972692131996154785e-01
9.710127711296081543e-01
9.957684874534606934e-01
9.981428384780883789e-01
9.971683621406555176e-01
9.999153017997741699e-01
9.969550967216491699e-01
9.971490502357482910e-01
9.948762655258178711e-01
9.983535408973693848e-01
9.937691688537597656e-01
9.955096244812011719e-01
9.982350468635559082e-01
9.997750520706176758e-01
9.968957901000976562e-01
9.372158646583557129e-01
9.983391761779785156e-01
9.415222406387329102e-01
9.831861257553100586e-01
9.890052676200866699e-01
9.863680601119995117e-01
9.941957592964172363e-01
9.997054934501647949e-01
9.942643046379089355e-01
9.957955479621887207e-01
9.971088171005249023e-01
9.942018389701843262e-01
9.998983740806579590e-01
9.762258529663085938e-01
9.724853038787841797e-01
9.996524453163146973e-01
9.995530247688293457e-01
9.970759153366088867e-01
9.964159131050109863e-01
9.927226305007934570e-01
9.987160563468933105e-01
9.997686147689819336e-01
9.498875737190246582e-01
9.900584220886230469e-01
9.788342118263244629e-01
9.955769181251525879e-01
9.831018447875976562e-01
9.930850267410278320e-01
9.757010936737060547e-01
9.971374273300170898e-01
9.976096749305725098e-01
9.976998567581176758e-01
9.999465346336364746e-01
9.966183304786682129e-01
9.886260032653808594e-01
9.908820986747741699e-01
9.989715218544006348e-01
9.976017475128173828e-01
9.885011911392211914e-01
9.998883605003356934e-01
9.766685366630554199e-01
9.942587018013000488e-01
9.937003254890441895e-01
9.974774122238159180e-01
9.899614453315734863e-01
9.981231093406677246e-01
9.990379214286804199e-01
9.306645989418029785e-01
9.863604903221130371e-01
9.968848228454589844e-01
9.866570234298706055e-01
9.993466734886169434e-01
9.974439144134521484e-01
7.798665165901184082e-01
9.959708452224731445e-01
9.858648777008056641e-01
9.952053427696228027e-01
9.999417066574096680e-01
9.975031614303588867e-01
9.943830966949462891e-01
9.974392652511596680e-01
9.976638555526733398e-01
9.936993718147277832e-01
9.994580745697021484e-01
9.911063909530639648e-01
9.768441915512084961e-01
9.834447503089904785e-01
9.958759546279907227e-01
9.927608370780944824e-01
9.899581074714660645e-01
9.946063160896301270e-01
9.949884414672851562e-01
9.996242523193359375e-01
9.976993203163146973e-01
9.955148696899414062e-01
9.976263642311096191e-01
9.960792064666748047e-01
9.727162718772888184e-01
9.917495846748352051e-01
9.307514429092407227e-01
9.897879362106323242e-01
9.951801300048828125e-01
9.981451034545898438e-01
9.989349246025085449e-01
9.922877550125122070e-01
9.983482956886291504e-01
9.913796186447143555e-01
9.983851909637451172e-01
9.965780377388000488e-01
9.825297594070434570e-01
9.959111809730529785e-01
9.990541934967041016e-01
9.961675405502319336e-01
9.980960488319396973e-01
9.999992251396179199e-01
9.956318736076354980e-01
9.999471306800842285e-01
9.941235184669494629e-01
9.966487884521484375e-01
9.804444909095764160e-01
9.977030754089355469e-01
9.941272735595703125e-01
9.856174588203430176e-01
9.646756649017333984e-01
9.967340230941772461e-01
9.987106323242187500e-01
9.871672391891479492e-01
9.876077771186828613e-01
9.928789138793945312e-01
9.965314865112304688e-01
9.999977350234985352e-01
9.973010420799255371e-01
9.999442100524902344e-01
9.967616200447082520e-01
9.791447520256042480e-01
9.254097938537597656e-01
9.635781645774841309e-01
9.986748695373535156e-01
9.939443469047546387e-01
9.973657727241516113e-01
9.687471389770507812e-01
9.937432408332824707e-01
9.983374476432800293e-01
9.993721246719360352e-01
9.999483823776245117e-01
9.992567300796508789e-01
9.937572479248046875e-01
9.897513985633850098e-01
9.939264655113220215e-01
9.991628527641296387e-01
9.950334429740905762e-01
9.988253712654113770e-01
9.982444643974304199e-01
9.960978031158447266e-01
9.924368262290954590e-01
9.975318312644958496e-01
9.988941550254821777e-01
9.981753230094909668e-01
9.972193241119384766e-01
9.609107971191406250e-01
9.786012768745422363e-01
9.990658760070800781e-01
9.992896914482116699e-01
9.867645502090454102e-01
9.931035637855529785e-01
9.733976125717163086e-01
9.746978282928466797e-01
9.721351265907287598e-01
9.945899248123168945e-01
9.983478188514709473e-01
9.984091520309448242e-01
9.946771264076232910e-01
9.974374771118164062e-01
9.977107048034667969e-01
9.982644319534301758e-01
9.985653758049011230e-01
9.941099882125854492e-01
9.997693896293640137e-01
9.976207017898559570e-01
9.973565340042114258e-01
9.993849992752075195e-01
9.973447918891906738e-01
9.960601925849914551e-01
9.984194636344909668e-01
9.864817261695861816e-01
9.933516979217529297e-01
9.961507916450500488e-01
9.937732815742492676e-01
9.690174460411071777e-01
9.968827962875366211e-01
9.981071352958679199e-01
9.976202249526977539e-01
9.935306906700134277e-01
9.929521679878234863e-01
9.845781326293945312e-01
9.994154572486877441e-01
9.949854612350463867e-01
9.950910210609436035e-01
9.950607419013977051e-01
9.959209561347961426e-01
9.966050982475280762e-01
9.979777932167053223e-01
9.994699358940124512e-01
9.922948479652404785e-01
9.848050475120544434e-01
9.973293542861938477e-01
9.971761107444763184e-01
9.885694384574890137e-01
8.948634266853332520e-01
9.696462750434875488e-01
9.946958422660827637e-01
9.768769145011901855e-01
9.885942935943603516e-01
9.979444742202758789e-01
9.968799948692321777e-01
9.999428391456604004e-01
9.650719761848449707e-01
9.797194600105285645e-01
9.978910088539123535e-01
9.952476024627685547e-01
9.863480925559997559e-01
9.933052659034729004e-01
9.959816336631774902e-01
9.926927089691162109e-01
9.976414442062377930e-01
9.911569356918334961e-01
9.986592531204223633e-01
9.835489392280578613e-01
9.976573586463928223e-01
9.997683167457580566e-01
9.966393113136291504e-01
9.988379478454589844e-01
9.910326004028320312e-01
9.965364933013916016e-01
9.408630132675170898e-01
9.987211823463439941e-01
9.814151525497436523e-01
9.163262248039245605e-01
9.984643459320068359e-01
9.801582694053649902e-01
9.922748208045959473e-01
9.967459440231323242e-01
9.980134367942810059e-01
9.754472970962524414e-01
9.962928295135498047e-01
9.909245967864990234e-01
9.994294047355651855e-01
9.852122068405151367e-01
9.989278316497802734e-01
9.983000159263610840e-01
9.847776293754577637e-01
9.967226386070251465e-01
9.963186383247375488e-01
9.960184693336486816e-01
9.932804703712463379e-01
9.931259155273437500e-01
9.947789311408996582e-01
9.976371526718139648e-01
9.720315337181091309e-01
9.208461642265319824e-01
9.821560382843017578e-01
9.922804236412048340e-01
9.756644964218139648e-01
9.967542886734008789e-01
9.994562864303588867e-01
9.983411431312561035e-01
9.987172484397888184e-01
9.903498291969299316e-01
9.921622872352600098e-01
9.916617870330810547e-01
9.964864253997802734e-01
9.999114274978637695e-01
9.986513257026672363e-01
9.930342435836791992e-01
9.887953996658325195e-01
9.968269467353820801e-01
9.792240262031555176e-01
9.984851479530334473e-01
9.552308320999145508e-01
9.951155781745910645e-01
9.848005175590515137e-01
9.921838045120239258e-01
9.932916760444641113e-01
9.926370978355407715e-01
9.640880227088928223e-01
9.857814908027648926e-01
9.540197253227233887e-01
9.941563606262207031e-01
9.987995028495788574e-01
9.939845800399780273e-01
9.912304282188415527e-01
9.979218840599060059e-01
9.989554882049560547e-01
9.885080456733703613e-01
9.883594512939453125e-01
9.997981786727905273e-01
9.807374477386474609e-01
9.443781971931457520e-01
9.929772019386291504e-01
9.914647340774536133e-01
9.931172132492065430e-01
9.982727766036987305e-01
9.945842027664184570e-01
9.993243813514709473e-01
9.513853788375854492e-01
9.915764927864074707e-01
9.769033789634704590e-01
9.990661740303039551e-01
9.967893958091735840e-01
9.980416297912597656e-01
9.926299452781677246e-01
9.984968304634094238e-01
9.937202334403991699e-01
9.985663890838623047e-01
9.982720613479614258e-01
9.517014026641845703e-01
9.789173007011413574e-01
9.643224477767944336e-01
9.927294254302978516e-01
9.868913292884826660e-01
9.551180005073547363e-01
9.968247413635253906e-01
9.999880194664001465e-01
9.768335223197937012e-01
9.933528900146484375e-01
9.977158308029174805e-01
9.989522695541381836e-01
9.974473714828491211e-01
9.963933229446411133e-01
9.007585644721984863e-01
9.988715052604675293e-01
9.993213415145874023e-01
9.890705943107604980e-01
9.942579865455627441e-01
9.985675215721130371e-01
9.810620546340942383e-01
9.875182509422302246e-01
9.946381449699401855e-01
9.992327690124511719e-01
9.877892136573791504e-01
9.996186494827270508e-01
9.840484857559204102e-01
9.972915053367614746e-01
9.999035596847534180e-01
9.908899664878845215e-01
9.995513558387756348e-01
9.965064525604248047e-01
9.987301826477050781e-01
9.985114336013793945e-01
9.975091218948364258e-01
9.989173412322998047e-01
9.979384541511535645e-01
9.999173283576965332e-01
9.967763423919677734e-01
9.998972415924072266e-01
9.986427426338195801e-01
9.852743148803710938e-01
9.990053772926330566e-01
9.966617226600646973e-01
9.937167167663574219e-01
9.900863766670227051e-01
9.986604452133178711e-01
9.689028859138488770e-01
9.941295385360717773e-01
9.888100028038024902e-01
9.865008592605590820e-01
9.989256262779235840e-01
9.931486845016479492e-01
9.981027245521545410e-01
9.970855116844177246e-01
9.968732595443725586e-01
9.997501969337463379e-01
9.729319810867309570e-01
9.862393736839294434e-01
9.782535433769226074e-01
9.993309974670410156e-01
9.947602748870849609e-01
9.841142892837524414e-01
9.979650378227233887e-01
9.944137334823608398e-01
9.929689168930053711e-01
9.945411086082458496e-01
9.940956830978393555e-01
9.930171370506286621e-01
9.924215078353881836e-01
9.959598183631896973e-01
9.975900053977966309e-01
9.892190694808959961e-01
9.929623007774353027e-01
9.902260303497314453e-01
9.987981319427490234e-01
9.977383613586425781e-01
9.921295642852783203e-01
9.680339097976684570e-01
9.951949119567871094e-01
9.820651412010192871e-01
9.978495836257934570e-01
9.981428980827331543e-01
9.917808771133422852e-01
9.959756731986999512e-01
9.987909197807312012e-01
9.974031448364257812e-01
9.955240488052368164e-01
9.660704731941223145e-01
9.978425502777099609e-01
9.980958700180053711e-01
9.984526634216308594e-01
9.930645823478698730e-01
9.976884722709655762e-01
9.932142496109008789e-01
9.966935515403747559e-01
9.971451163291931152e-01
9.778383374214172363e-01
9.990142583847045898e-01
9.944785237312316895e-01
9.974432587623596191e-01
9.990978240966796875e-01
9.976916313171386719e-01
9.956855177879333496e-01
9.999745488166809082e-01
9.989475607872009277e-01
9.872236847877502441e-01
9.748395681381225586e-01
9.963415861129760742e-01
9.971612691879272461e-01
9.963222742080688477e-01
9.999244809150695801e-01
9.978274703025817871e-01
9.950234889984130859e-01
9.974596500396728516e-01
9.854744076728820801e-01
9.951716065406799316e-01
9.986587762832641602e-01
9.998946189880371094e-01
9.994460940361022949e-01
9.861304163932800293e-01
9.997351169586181641e-01
9.998146891593933105e-01
9.989922046661376953e-01
9.745011925697326660e-01
9.968569278717041016e-01
9.972473978996276855e-01
9.692082405090332031e-01
9.995129108428955078e-01
9.976892471313476562e-01
9.945436716079711914e-01
9.987071752548217773e-01
9.987808465957641602e-01
9.972301125526428223e-01
9.980730414390563965e-01
9.435765743255615234e-01
9.998027086257934570e-01
9.873310923576354980e-01
9.388027191162109375e-01
9.972606301307678223e-01
9.989942908287048340e-01
9.835950732231140137e-01
9.861096739768981934e-01
9.966747760772705078e-01
9.982051253318786621e-01
9.890287518501281738e-01
9.867386221885681152e-01
9.965248107910156250e-01
9.995560646057128906e-01
9.974508285522460938e-01
9.967219829559326172e-01
9.979255795478820801e-01
9.897117614746093750e-01
9.724850654602050781e-01
9.890751242637634277e-01
9.980298876762390137e-01
9.981734156608581543e-01
9.936135411262512207e-01
9.759421944618225098e-01
9.975303411483764648e-01
9.988627433776855469e-01
9.917945265769958496e-01
9.968051314353942871e-01
9.818518757820129395e-01
9.989939332008361816e-01
9.652166962623596191e-01
9.992702603340148926e-01
9.988355040550231934e-01
9.928560256958007812e-01
9.996427893638610840e-01
9.996008872985839844e-01
9.819750785827636719e-01
9.900116324424743652e-01
9.978859424591064453e-01
9.808919429779052734e-01
9.976577162742614746e-01
9.944872856140136719e-01
9.085513353347778320e-01
9.845553040504455566e-01
9.960973858833312988e-01
9.877685308456420898e-01
9.936488866806030273e-01
9.938277006149291992e-01
9.972694516181945801e-01
9.939129352569580078e-01
9.981351494789123535e-01
9.864400029182434082e-01
9.729260802268981934e-01
9.641628265380859375e-01
9.795959591865539551e-01
9.951382279396057129e-01
9.977307319641113281e-01
9.996669888496398926e-01
9.961535930633544922e-01
9.994742870330810547e-01
9.948843717575073242e-01
9.885780215263366699e-01
9.966909289360046387e-01
9.990631937980651855e-01
9.969081282615661621e-01
9.981063604354858398e-01
9.818075895309448242e-01
9.976108074188232422e-01
9.945486783981323242e-01
9.968560338020324707e-01
9.995707273483276367e-01
9.963204264640808105e-01
9.879703521728515625e-01
9.937160015106201172e-01
9.917969703674316406e-01
9.928510785102844238e-01
9.882118105888366699e-01
9.440507292747497559e-01
9.943162798881530762e-01
9.973490238189697266e-01
9.998419284820556641e-01
9.926481842994689941e-01
9.994827508926391602e-01
9.937091469764709473e-01
9.943088293075561523e-01
9.875549077987670898e-01
9.993087649345397949e-01
9.882533550262451172e-01
9.978561401367187500e-01
9.979286193847656250e-01
9.935304522514343262e-01
9.957334995269775391e-01
9.936674833297729492e-01
9.984055161476135254e-01
9.958891272544860840e-01
9.931984543800354004e-01
9.984920620918273926e-01
9.981526732444763184e-01
9.870257377624511719e-01
9.979119300842285156e-01
9.986327886581420898e-01
9.999165534973144531e-01
9.912794828414916992e-01
9.957960247993469238e-01
9.873780012130737305e-01
9.937034845352172852e-01
9.908621907234191895e-01
9.981796741485595703e-01
9.992560744285583496e-01
9.992737174034118652e-01
9.684144258499145508e-01
9.973816871643066406e-01
9.958901405334472656e-01
9.941088557243347168e-01
9.987340569496154785e-01
9.983317255973815918e-01
9.902819991111755371e-01
9.970120191574096680e-01
9.998648762702941895e-01
9.988182187080383301e-01
9.968578219413757324e-01
9.906642436981201172e-01
9.973548650741577148e-01
9.953846931457519531e-01
9.929090738296508789e-01
9.832081198692321777e-01
9.949946999549865723e-01
9.964125156402587891e-01
9.988736510276794434e-01
9.948985576629638672e-01
9.852443337440490723e-01
9.980658292770385742e-01
9.956645369529724121e-01
9.993452429771423340e-01
9.931275844573974609e-01
9.973965883255004883e-01
9.742763638496398926e-01
9.932780861854553223e-01
9.986037611961364746e-01
9.993819594383239746e-01
9.969581961631774902e-01
9.830409288406372070e-01
9.970325827598571777e-01
9.968135952949523926e-01
9.959403872489929199e-01
9.768828749656677246e-01
9.942005276679992676e-01
9.927237033843994141e-01
9.862932562828063965e-01
9.810212850570678711e-01
9.964080452919006348e-01
9.933446049690246582e-01
9.991911649703979492e-01
9.989830255508422852e-01
9.933888316154479980e-01
9.648420214653015137e-01
9.816970229148864746e-01
9.993460774421691895e-01
9.980444312095642090e-01
9.947616457939147949e-01
9.928510785102844238e-01
9.980781674385070801e-01
9.971703886985778809e-01
9.971553683280944824e-01
9.954243898391723633e-01
9.954967498779296875e-01
9.966369271278381348e-01
9.795107841491699219e-01
9.996172785758972168e-01
9.957802891731262207e-01
6.823936700820922852e-01
9.971978664398193359e-01
9.670502543449401855e-01
9.957758188247680664e-01
9.932026267051696777e-01
9.997206330299377441e-01
9.958567023277282715e-01
9.977504611015319824e-01
9.752785563468933105e-01
9.966472387313842773e-01
9.959283471107482910e-01
9.951955080032348633e-01
9.926051497459411621e-01
9.976844787597656250e-01
9.954026937484741211e-01
9.981902241706848145e-01
9.983815550804138184e-01
9.805597066879272461e-01
9.744704961776733398e-01
9.989000558853149414e-01
9.999580979347229004e-01
9.978277087211608887e-01
9.986744523048400879e-01
9.963647127151489258e-01
9.977911710739135742e-01
9.985595345497131348e-01
9.948623776435852051e-01
9.882015585899353027e-01
9.986029863357543945e-01
9.990717768669128418e-01
9.617078900337219238e-01
9.943879842758178711e-01
9.970273375511169434e-01
9.995616674423217773e-01
9.793359637260437012e-01
9.915718436241149902e-01
9.924475550651550293e-01
9.857602715492248535e-01
9.990817308425903320e-01
9.719579219818115234e-01
9.968679547309875488e-01
9.997720718383789062e-01
9.958449602127075195e-01
9.941591620445251465e-01
9.985428452491760254e-01
9.945678710937500000e-01
9.937251210212707520e-01
9.881747364997863770e-01
9.845228791236877441e-01
9.969042539596557617e-01
9.969912767410278320e-01
9.970858693122863770e-01
9.956566095352172852e-01
9.986762404441833496e-01
9.934973716735839844e-01
9.921271800994873047e-01
9.876291751861572266e-01
9.981080293655395508e-01
9.962231516838073730e-01
9.948516488075256348e-01
9.918096661567687988e-01
9.924596548080444336e-01
9.980301856994628906e-01
9.934489130973815918e-01
9.977632761001586914e-01
9.999880790710449219e-01
9.946851730346679688e-01
9.859081506729125977e-01
9.955831170082092285e-01
9.877160787582397461e-01
9.973718523979187012e-01
9.978231787681579590e-01
9.830092787742614746e-01
9.978116750717163086e-01
9.984022378921508789e-01
9.969192743301391602e-01
9.948080182075500488e-01
9.973697066307067871e-01
9.309036731719970703e-01
9.952049255371093750e-01
9.995008111000061035e-01
9.923409223556518555e-01
9.991712570190429688e-01
9.988265037536621094e-01
9.977717995643615723e-01
9.988927841186523438e-01
9.967705607414245605e-01
9.968628287315368652e-01
9.956448078155517578e-01
9.908263683319091797e-01
9.951810240745544434e-01
9.903295040130615234e-01
9.984620809555053711e-01
9.983074665069580078e-01
9.946417808532714844e-01
9.973412156105041504e-01
9.982494711875915527e-01
9.928811192512512207e-01
9.977976679801940918e-01
9.985000491142272949e-01
9.963968396186828613e-01
9.915319681167602539e-01
9.608878493309020996e-01
9.988809823989868164e-01
9.986084103584289551e-01
9.827675819396972656e-01
9.982896447181701660e-01
9.913856387138366699e-01
9.965552687644958496e-01
9.969133734703063965e-01
9.976062774658203125e-01
9.938112497329711914e-01
9.998158216476440430e-01
9.844841361045837402e-01
9.773306250572204590e-01
9.981675744056701660e-01
9.989925026893615723e-01
9.973561167716979980e-01
9.914987683296203613e-01
9.890772700309753418e-01
9.952461123466491699e-01
9.611755013465881348e-01
9.969111680984497070e-01
9.977257847785949707e-01
9.959987998008728027e-01
9.958581328392028809e-01
9.877435564994812012e-01
9.989128112792968750e-01
9.500681161880493164e-01
9.928992390632629395e-01
9.922730922698974609e-01
9.885939359664916992e-01
9.963812232017517090e-01
9.916325211524963379e-01
9.987882375717163086e-01
9.942511916160583496e-01
9.962043166160583496e-01
9.994027614593505859e-01
9.767279028892517090e-01
9.991046190261840820e-01
9.782434701919555664e-01
9.980222582817077637e-01
9.942173361778259277e-01
9.942158460617065430e-01
9.995445609092712402e-01
9.885030984878540039e-01
9.958346486091613770e-01
9.987383484840393066e-01
9.918899536132812500e-01
9.973241686820983887e-01
9.999901056289672852e-01
9.916174411773681641e-01
9.993594884872436523e-01
9.977292418479919434e-01
9.971353411674499512e-01
9.994580149650573730e-01
9.907144904136657715e-01
9.928798675537109375e-01
9.987514019012451172e-01
9.946373701095581055e-01
9.948655366897583008e-01
9.878793954849243164e-01
9.962052106857299805e-01
9.899520874023437500e-01
9.905948638916015625e-01
9.989916682243347168e-01
9.982908964157104492e-01
9.998888969421386719e-01
9.767645597457885742e-01
9.956037402153015137e-01
9.194074273109436035e-01
9.841150045394897461e-01
9.954428076744079590e-01
9.903066158294677734e-01
9.967343807220458984e-01
9.989691972732543945e-01
9.919497370719909668e-01
9.997045397758483887e-01
9.758993983268737793e-01
9.921622872352600098e-01
9.124873280525207520e-01
9.972123503684997559e-01
9.904166460037231445e-01
9.989857077598571777e-01
9.961262941360473633e-01
9.981036782264709473e-01
9.984720945358276367e-01
9.990029931068420410e-01
9.967582821846008301e-01
9.939158558845520020e-01
9.978634715080261230e-01
9.982877373695373535e-01
9.872466921806335449e-01
9.916410446166992188e-01
9.987188577651977539e-01
9.986327290534973145e-01
9.981051683425903320e-01
9.953684210777282715e-01
9.999929070472717285e-01
9.929348826408386230e-01
9.967225193977355957e-01
9.964496493339538574e-01
9.986149668693542480e-01
9.942999482154846191e-01
9.967526793479919434e-01
9.985575675964355469e-01
9.831646680831909180e-01
9.996626377105712891e-01
9.981563091278076172e-01
9.986172318458557129e-01
9.931316375732421875e-01
9.979523420333862305e-01
9.979479312896728516e-01
9.946217536926269531e-01
9.980577826499938965e-01
9.902530312538146973e-01
9.979807138442993164e-01
9.958033561706542969e-01
9.985620379447937012e-01
9.989024996757507324e-01
9.970275163650512695e-01
9.820434451103210449e-01
9.803337454795837402e-01
9.896039962768554688e-01
9.927870035171508789e-01
9.958588480949401855e-01
9.922220706939697266e-01
9.921574592590332031e-01
9.820179939270019531e-01
9.975470304489135742e-01
9.981411099433898926e-01
9.985916018486022949e-01
9.948149919509887695e-01
9.811872839927673340e-01
9.947828054428100586e-01
9.989769458770751953e-01
9.967841506004333496e-01
9.905450940132141113e-01
9.973116517066955566e-01
9.958640336990356445e-01
9.989838004112243652e-01
9.972165226936340332e-01
9.958405494689941406e-01
9.988371133804321289e-01
9.978448748588562012e-01
9.955293536186218262e-01
9.861533641815185547e-01
9.854699969291687012e-01
9.982010126113891602e-01
9.999891519546508789e-01
9.996486306190490723e-01
9.982182979583740234e-01
9.956777691841125488e-01
9.980892539024353027e-01
9.944571256637573242e-01
9.898186922073364258e-01
9.969319701194763184e-01
9.795229434967041016e-01
9.997068643569946289e-01
9.562131166458129883e-01
9.964798092842102051e-01
9.927498698234558105e-01
9.966874122619628906e-01
9.968565702438354492e-01
9.916720986366271973e-01
9.938106536865234375e-01
9.939679503440856934e-01
9.959516525268554688e-01
9.968616366386413574e-01
9.845034480094909668e-01
9.976024031639099121e-01
9.931846261024475098e-01
9.938485622406005859e-01
9.994992613792419434e-01
9.992266893386840820e-01
9.974312186241149902e-01
9.911728501319885254e-01
9.958040714263916016e-01
9.965623021125793457e-01
9.991826415061950684e-01
9.968384504318237305e-01
9.891734123229980469e-01
9.889125227928161621e-01
9.965407848358154297e-01
9.984104037284851074e-01
9.795225262641906738e-01
9.975982308387756348e-01
9.837203621864318848e-01
9.980304837226867676e-01
9.400914907455444336e-01
9.973285794258117676e-01
9.728746414184570312e-01
9.976486563682556152e-01
9.979327321052551270e-01
9.697552919387817383e-01
9.934459924697875977e-01
9.579991102218627930e-01
9.973559379577636719e-01
9.993149638175964355e-01
9.944365024566650391e-01
9.907236099243164062e-01
9.810668230056762695e-01
9.908118844032287598e-01
9.757688641548156738e-01
9.991752505302429199e-01
9.957261681556701660e-01
9.808791279792785645e-01
9.919294714927673340e-01
9.809457659721374512e-01
9.956285953521728516e-01
9.985931515693664551e-01
9.532231688499450684e-01
9.995271563529968262e-01
9.978054761886596680e-01
9.986019134521484375e-01
9.992428421974182129e-01
9.832478761672973633e-01
9.892418980598449707e-01
9.922021031379699707e-01
9.854689240455627441e-01
9.995683431625366211e-01
9.892899990081787109e-01
9.989400506019592285e-01
9.200824499130249023e-01
9.983517527580261230e-01
9.969167113304138184e-01
9.999768137931823730e-01
9.920758605003356934e-01
9.931157231330871582e-01
9.970525503158569336e-01
9.981444478034973145e-01
9.991838932037353516e-01
9.989503622055053711e-01
9.922570586204528809e-01
9.955854415893554688e-01
9.985451102256774902e-01
9.971976280212402344e-01
9.910902976989746094e-01
9.981760978698730469e-01
9.975171089172363281e-01
9.971986413002014160e-01
9.958127737045288086e-01
9.924368262290954590e-01
9.853391647338867188e-01
9.932988286018371582e-01
9.953947663307189941e-01
9.997895359992980957e-01
9.994124770164489746e-01
9.962205886840820312e-01
9.980335831642150879e-01
9.984245896339416504e-01
9.956336617469787598e-01
9.968273043632507324e-01
9.995316863059997559e-01
9.757004380226135254e-01
9.997630715370178223e-01
9.955798983573913574e-01
7.376047968864440918e-01
9.905330538749694824e-01
9.975648522377014160e-01
9.925724267959594727e-01
9.710109829902648926e-01
9.984614253044128418e-01
9.981420636177062988e-01
9.982981085777282715e-01
9.998176097869873047e-01
9.979400634765625000e-01
9.790677428245544434e-01
9.961231350898742676e-01
9.975017309188842773e-01
9.986293315887451172e-01
9.835498929023742676e-01
9.998340606689453125e-01
9.985807538032531738e-01
9.867460131645202637e-01
9.948679804801940918e-01
9.945937991142272949e-01
9.998422861099243164e-01
9.989485740661621094e-01
9.973783493041992188e-01
9.950845241546630859e-01
9.978601932525634766e-01
9.929510951042175293e-01
9.926414489746093750e-01
9.947499036788940430e-01
9.974111914634704590e-01
9.967513084411621094e-01
9.992231130599975586e-01
9.956859946250915527e-01
9.934344291687011719e-01
9.898694753646850586e-01
9.912905693054199219e-01
9.926770329475402832e-01
9.979280233383178711e-01
9.950032234191894531e-01
9.762454628944396973e-01
9.964515566825866699e-01
9.986143708229064941e-01
9.845368266105651855e-01
9.977412819862365723e-01
9.961974620819091797e-01
9.984412193298339844e-01
9.985184073448181152e-01
9.956202507019042969e-01
9.960057735443115234e-01
9.985653162002563477e-01
9.994993805885314941e-01
9.993551373481750488e-01
9.561420679092407227e-01
9.987012743949890137e-01
9.953100681304931641e-01
9.971690177917480469e-01
9.963597059249877930e-01
9.929578900337219238e-01
9.940781593322753906e-01
9.983267784118652344e-01
9.913031458854675293e-01
9.948814511299133301e-01
9.983214139938354492e-01
9.980915784835815430e-01
9.945515394210815430e-01
9.991656541824340820e-01
9.860478639602661133e-01
9.979265928268432617e-01
9.949443340301513672e-01
9.985384941101074219e-01
9.974239468574523926e-01
9.983943700790405273e-01
9.966825842857360840e-01
9.888849854469299316e-01
9.931426048278808594e-01
9.947080612182617188e-01
9.765545725822448730e-01
9.991200566291809082e-01
9.979858398437500000e-01
9.947167038917541504e-01
9.992372393608093262e-01
9.977060556411743164e-01
9.942749738693237305e-01
9.969373345375061035e-01
9.975030422210693359e-01
9.908279180526733398e-01
9.994850158691406250e-01
9.798305034637451172e-01
9.995160102844238281e-01
9.978860020637512207e-01
9.969983696937561035e-01
9.979445338249206543e-01
9.962477684020996094e-01
9.733478426933288574e-01
9.970908164978027344e-01
9.998378157615661621e-01
9.994717836380004883e-01
9.989468455314636230e-01
9.996902346611022949e-01
9.806985259056091309e-01
9.997828602790832520e-01
9.967860579490661621e-01
9.938108921051025391e-01
9.681773185729980469e-01
9.964960217475891113e-01
9.993858337402343750e-01
9.931181669235229492e-01
9.972485303878784180e-01
9.980577826499938965e-01
9.866093993186950684e-01
9.946713447570800781e-01
9.959092736244201660e-01
9.944121241569519043e-01
9.998331069946289062e-01
9.974574446678161621e-01
9.936934709548950195e-01
9.894146323204040527e-01
9.993239641189575195e-01
9.968829751014709473e-01
9.973168373107910156e-01
9.956604838371276855e-01
9.991783499717712402e-01
9.913063645362854004e-01
9.992477893829345703e-01
9.925487041473388672e-01
9.989278912544250488e-01
9.894552230834960938e-01
9.937006831169128418e-01
9.998661875724792480e-01
9.920750260353088379e-01
9.728864431381225586e-01
9.897519946098327637e-01
9.954417943954467773e-01
9.926434159278869629e-01
9.957881569862365723e-01
9.864320755004882812e-01
9.901362657546997070e-01
9.905368685722351074e-01
9.971309900283813477e-01
9.994984269142150879e-01
9.977002143859863281e-01
9.955821037292480469e-01
9.957798123359680176e-01
8.340798020362854004e-01
9.981297254562377930e-01
9.922608733177185059e-01
9.913414716720581055e-01
9.947615265846252441e-01
9.985927343368530273e-01
9.831509590148925781e-01
8.479898571968078613e-01
9.988969564437866211e-01
9.881593585014343262e-01
9.927326440811157227e-01
9.928836226463317871e-01
9.979045987129211426e-01
9.986709356307983398e-01
9.978003501892089844e-01
9.983094334602355957e-01
9.817853569984436035e-01
9.897150993347167969e-01
9.994699954986572266e-01
9.969013333320617676e-01
9.921869039535522461e-01
9.950808882713317871e-01
9.915103316307067871e-01
9.873713254928588867e-01
9.979621171951293945e-01
9.975827932357788086e-01
9.921652674674987793e-01
9.968984127044677734e-01
9.985876083374023438e-01
9.934765100479125977e-01
9.431542754173278809e-01
9.959704875946044922e-01
9.252888560295104980e-01
9.988369941711425781e-01
9.932188987731933594e-01
9.899807572364807129e-01
9.948106408119201660e-01
9.950866699218750000e-01
9.967435598373413086e-01
9.941402077674865723e-01
9.927101135253906250e-01
9.897485375404357910e-01
9.962213039398193359e-01
9.924108982086181641e-01
9.882993698120117188e-01
9.752075672149658203e-01
9.980405569076538086e-01
9.986549019813537598e-01
9.993022680282592773e-01
9.982326030731201172e-01
9.800420403480529785e-01
9.956996440887451172e-01
9.976373910903930664e-01
9.811870455741882324e-01
9.981715083122253418e-01
9.945482015609741211e-01
9.999096393585205078e-01
9.977275729179382324e-01
9.954519271850585938e-01
9.982976317405700684e-01
9.981790781021118164e-01
9.851640462875366211e-01
9.999290108680725098e-01
9.997152686119079590e-01
9.908575415611267090e-01
9.933589696884155273e-01
9.747202992439270020e-01
9.877349734306335449e-01
9.885725378990173340e-01
9.981086850166320801e-01
9.933400154113769531e-01
9.944190979003906250e-01
9.979655742645263672e-01
9.785757064819335938e-01
9.738206863403320312e-01
9.906319379806518555e-01
9.968031048774719238e-01
9.930204749107360840e-01
9.982898235321044922e-01
9.945070147514343262e-01
9.965789318084716797e-01
9.696145057678222656e-01
9.934999346733093262e-01
9.917524456977844238e-01
9.984029531478881836e-01
9.786646962165832520e-01
9.914239048957824707e-01
9.981354475021362305e-01
9.996120333671569824e-01
9.578468799591064453e-01
9.981581568717956543e-01
9.931292533874511719e-01
9.992076754570007324e-01
9.714431762695312500e-01
9.906890988349914551e-01
9.943183660507202148e-01
9.989390373229980469e-01
9.948051571846008301e-01
9.971743226051330566e-01
9.997892379760742188e-01
9.932168722152709961e-01
9.955669045448303223e-01
9.883890748023986816e-01
9.969236850738525391e-01
9.925911426544189453e-01
9.886580705642700195e-01
9.999682307243347168e-01
9.994337558746337891e-01
9.948192834854125977e-01
9.880483746528625488e-01
9.937591552734375000e-01
9.977961778640747070e-01
9.954717755317687988e-01
9.986538887023925781e-01
9.951887130737304688e-01
9.990648627281188965e-01
9.593118429183959961e-01
9.975218772888183594e-01
9.851039648056030273e-01
9.848821163177490234e-01
9.999760985374450684e-01
9.984266161918640137e-01
9.957320094108581543e-01
9.953640699386596680e-01
9.860559105873107910e-01
9.996157288551330566e-01
9.949250221252441406e-01
9.960780739784240723e-01
9.997201561927795410e-01
9.871878623962402344e-01
9.940707087516784668e-01
9.976568818092346191e-01
9.860557913780212402e-01
9.986822009086608887e-01
9.937110543251037598e-01
9.848363995552062988e-01
9.681012034416198730e-01
9.968010187149047852e-01
9.982003569602966309e-01
9.996384382247924805e-01
9.887582063674926758e-01
9.747224450111389160e-01
9.921177029609680176e-01
9.936325550079345703e-01
9.945076704025268555e-01
9.853333234786987305e-01
9.981361031532287598e-01
9.946234822273254395e-01
9.912906289100646973e-01
9.627298116683959961e-01
9.982388019561767578e-01
9.928298592567443848e-01
9.757328033447265625e-01
9.970079660415649414e-01
9.901570677757263184e-01
9.326083064079284668e-01
9.979387521743774414e-01
9.925070405006408691e-01
9.932306408882141113e-01
9.871817827224731445e-01
9.951369166374206543e-01
9.955393671989440918e-01
9.288378357887268066e-01
9.999148249626159668e-01
9.974486231803894043e-01
9.909468293190002441e-01
9.346217513084411621e-01
9.965084195137023926e-01
9.922724962234497070e-01
9.958604574203491211e-01
9.835623502731323242e-01
9.553127288818359375e-01
9.986669421195983887e-01
9.909523129463195801e-01
9.972963929176330566e-01
9.811401963233947754e-01
9.902408123016357422e-01
9.994111657142639160e-01
9.787429571151733398e-01
9.987211227416992188e-01
9.941866397857666016e-01
9.922298192977905273e-01
9.911636114120483398e-01
9.864429831504821777e-01
9.957725405693054199e-01
9.972339868545532227e-01
9.941104054450988770e-01
9.972823858261108398e-01
