9.975993037223815918e-01
9.968362450599670410e-01
9.981373548507690430e-01
9.961830377578735352e-01
9.884600043296813965e-01
9.556100964546203613e-01
9.969795942306518555e-01
9.986158609390258789e-01
9.970989823341369629e-01
9.990281462669372559e-01
9.893797636032104492e-01
9.818575382232666016e-01
9.965915679931640625e-01
9.634779095649719238e-01
9.988362789154052734e-01
9.977545142173767090e-01
9.978033304214477539e-01
9.915921092033386230e-01
9.938135743141174316e-01
9.941015243530273438e-01
9.905627369880676270e-01
9.984256625175476074e-01
9.834756851196289062e-01
9.811623692512512207e-01
9.883487820625305176e-01
9.967983961105346680e-01
9.979751110076904297e-01
9.969439506530761719e-01
9.993163943290710449e-01
9.817108511924743652e-01
9.664124250411987305e-01
9.539772272109985352e-01
9.842740893363952637e-01
9.908955693244934082e-01
9.403467178344726562e-01
9.969638586044311523e-01
9.941402673721313477e-01
9.983673095703125000e-01
9.859548211097717285e-01
9.780472517013549805e-01
9.956119060516357422e-01
9.969453811645507812e-01
9.981921911239624023e-01
9.998785257339477539e-01
9.967133998870849609e-01
9.992505908012390137e-01
9.883329272270202637e-01
9.385512471199035645e-01
9.985612034797668457e-01
9.973210096359252930e-01
9.916706085205078125e-01
9.907429218292236328e-01
9.862588644027709961e-01
9.841946363449096680e-01
9.974597692489624023e-01
9.944621324539184570e-01
9.969213008880615234e-01
9.918174743652343750e-01
9.996407628059387207e-01
9.992532730102539062e-01
9.909259080886840820e-01
9.927381873130798340e-01
9.833469986915588379e-01
9.951255917549133301e-01
9.968336820602416992e-01
9.967265129089355469e-01
9.859372377395629883e-01
9.970599412918090820e-01
9.968748092651367188e-01
9.957374334335327148e-01
9.890478253364562988e-01
9.992992877960205078e-01
9.982005953788757324e-01
9.883083105087280273e-01
9.430863261222839355e-01
9.949485659599304199e-01
9.958128333091735840e-01
9.740929007530212402e-01
9.906669855117797852e-01
9.613566398620605469e-01
9.916495084762573242e-01
9.817085266113281250e-01
9.973139762878417969e-01
9.976899027824401855e-01
9.988128542900085449e-01
9.999251365661621094e-01
9.980120062828063965e-01
9.975844621658325195e-01
9.961803555488586426e-01
9.992484450340270996e-01
9.827311038970947266e-01
9.944530129432678223e-01
9.965025186538696289e-01
7.611700296401977539e-01
9.241864681243896484e-01
9.994477033615112305e-01
9.914988279342651367e-01
9.167584776878356934e-01
9.977044463157653809e-01
9.895704984664916992e-01
9.912517666816711426e-01
9.961842298507690430e-01
9.929710626602172852e-01
9.941017627716064453e-01
9.873337149620056152e-01
9.983057379722595215e-01
9.836798906326293945e-01
9.824392199516296387e-01
9.976180791854858398e-01
9.951714277267456055e-01
9.956604838371276855e-01
9.801923036575317383e-01
9.993147850036621094e-01
9.909094572067260742e-01
9.982419610023498535e-01
9.970780014991760254e-01
9.949030876159667969e-01
9.986687302589416504e-01
9.983321428298950195e-01
9.947257041931152344e-01
9.980145692825317383e-01
9.768379330635070801e-01
9.879640936851501465e-01
9.988115429878234863e-01
9.985371232032775879e-01
9.978875517845153809e-01
9.642921090126037598e-01
9.931464791297912598e-01
9.976851940155029297e-01
9.997690320014953613e-01
9.356641769409179688e-01
9.998146295547485352e-01
9.946656823158264160e-01
9.966307282447814941e-01
9.872770309448242188e-01
9.926611185073852539e-01
9.874325990676879883e-01
9.939152598381042480e-01
9.903804063796997070e-01
9.929668903350830078e-01
9.953472614288330078e-01
9.973558783531188965e-01
9.901103377342224121e-01
9.947810173034667969e-01
9.887881875038146973e-01
9.981005787849426270e-01
9.939750432968139648e-01
9.985069632530212402e-01
9.787957072257995605e-01
9.667428135871887207e-01
9.808100461959838867e-01
9.929965734481811523e-01
9.927894473075866699e-01
9.753116369247436523e-01
9.984631538391113281e-01
9.963403940200805664e-01
9.946191310882568359e-01
9.931861758232116699e-01
9.829444289207458496e-01
9.989607930183410645e-01
9.947408437728881836e-01
9.971967339515686035e-01
9.950606822967529297e-01
9.935299754142761230e-01
9.972376823425292969e-01
9.997406601905822754e-01
9.020499587059020996e-01
9.867429733276367188e-01
9.727189540863037109e-01
9.983254075050354004e-01
9.783671498298645020e-01
9.913547635078430176e-01
9.986827373504638672e-01
9.985073208808898926e-01
9.925006031990051270e-01
9.847624301910400391e-01
9.958419799804687500e-01
9.689813852310180664e-01
9.975949525833129883e-01
9.781779646873474121e-01
9.986465573310852051e-01
9.935346841812133789e-01
9.984800815582275391e-01
9.994241595268249512e-01
9.998694062232971191e-01
9.958567619323730469e-01
9.964974522590637207e-01
9.979097247123718262e-01
9.916858673095703125e-01
9.975004792213439941e-01
9.984270930290222168e-01
9.966616630554199219e-01
9.908852577209472656e-01
9.938834905624389648e-01
9.984605312347412109e-01
9.967587590217590332e-01
9.703518152236938477e-01
8.038179278373718262e-01
9.915919899940490723e-01
9.990628361701965332e-01
9.881632924079895020e-01
9.788374304771423340e-01
9.985847473144531250e-01
9.807445406913757324e-01
9.968546628952026367e-01
9.969016313552856445e-01
9.938589334487915039e-01
9.964745044708251953e-01
9.993042349815368652e-01
9.847107529640197754e-01
9.980158805847167969e-01
9.706747531890869141e-01
9.701173305511474609e-01
9.597052931785583496e-01
9.978282451629638672e-01
9.933168292045593262e-01
9.959715008735656738e-01
9.935005307197570801e-01
9.725533723831176758e-01
9.981704354286193848e-01
9.921215176582336426e-01
9.888815283775329590e-01
9.782838821411132812e-01
9.857460856437683105e-01
9.899354577064514160e-01
9.990528225898742676e-01
9.987414479255676270e-01
8.164791464805603027e-01
9.984333515167236328e-01
9.747856855392456055e-01
9.952792525291442871e-01
9.893666505813598633e-01
9.967046380043029785e-01
9.989051818847656250e-01
9.925444722175598145e-01
9.573781490325927734e-01
9.766075015068054199e-01
9.981471896171569824e-01
9.901822209358215332e-01
9.946017265319824219e-01
9.965285062789916992e-01
9.632593989372253418e-01
9.877381324768066406e-01
9.979912042617797852e-01
9.997600913047790527e-01
9.884017109870910645e-01
9.904031157493591309e-01
9.956470131874084473e-01
9.979240894317626953e-01
9.848326444625854492e-01
9.688245654106140137e-01
9.983528852462768555e-01
9.968268871307373047e-01
9.973061680793762207e-01
9.924865365028381348e-01
9.631159901618957520e-01
9.993388056755065918e-01
9.967638850212097168e-01
9.952555298805236816e-01
9.949197769165039062e-01
9.987094402313232422e-01
9.906378984451293945e-01
9.928078055381774902e-01
9.980205297470092773e-01
9.975174665451049805e-01
9.836000800132751465e-01
9.660586118698120117e-01
9.995788335800170898e-01
9.544004201889038086e-01
9.623016119003295898e-01
9.972080588340759277e-01
9.998357295989990234e-01
9.904767870903015137e-01
9.921193122863769531e-01
9.846312999725341797e-01
9.922285676002502441e-01
9.984344244003295898e-01
9.984422922134399414e-01
9.983856678009033203e-01
9.689122438430786133e-01
9.910447001457214355e-01
9.971689581871032715e-01
9.935081005096435547e-01
9.993061423301696777e-01
9.987065792083740234e-01
9.983748793601989746e-01
9.986886978149414062e-01
9.809709787368774414e-01
9.949920773506164551e-01
9.992753267288208008e-01
9.799641370773315430e-01
9.100981950759887695e-01
9.981836676597595215e-01
9.988707900047302246e-01
9.947150945663452148e-01
9.837677478790283203e-01
9.898698925971984863e-01
9.943597316741943359e-01
9.977448582649230957e-01
9.965818524360656738e-01
9.996595978736877441e-01
9.986342191696166992e-01
9.924470186233520508e-01
9.976277947425842285e-01
9.962161779403686523e-01
9.976356625556945801e-01
9.938381910324096680e-01
9.477060437202453613e-01
9.911059141159057617e-01
9.930557012557983398e-01
9.937970042228698730e-01
9.887452125549316406e-01
9.835106730461120605e-01
9.266929626464843750e-01
9.983721375465393066e-01
9.989253282546997070e-01
9.968320131301879883e-01
9.921565651893615723e-01
9.860360622406005859e-01
9.995369315147399902e-01
9.924884438514709473e-01
9.978916645050048828e-01
9.716261029243469238e-01
9.996615052223205566e-01
9.877869486808776855e-01
9.988363385200500488e-01
9.882412552833557129e-01
9.837806224822998047e-01
9.989315271377563477e-01
9.943814873695373535e-01
9.892047047615051270e-01
9.990354180335998535e-01
9.994515180587768555e-01
9.968762993812561035e-01
9.983547925949096680e-01
9.949636459350585938e-01
9.927600622177124023e-01
9.965703487396240234e-01
9.864604473114013672e-01
9.871619939804077148e-01
9.960126876831054688e-01
9.966551661491394043e-01
9.916472434997558594e-01
9.985297322273254395e-01
9.989967346191406250e-01
9.943556785583496094e-01
9.914185404777526855e-01
9.925339221954345703e-01
9.932566285133361816e-01
9.532625675201416016e-01
9.926210641860961914e-01
9.956550002098083496e-01
9.993543624877929688e-01
9.975428581237792969e-01
9.914684295654296875e-01
9.907240271568298340e-01
9.915114045143127441e-01
9.585403800010681152e-01
9.815674424171447754e-01
9.988728761672973633e-01
9.897474646568298340e-01
9.960091114044189453e-01
9.977868199348449707e-01
9.970877170562744141e-01
9.975073933601379395e-01
9.975060224533081055e-01
9.972364902496337891e-01
9.803914427757263184e-01
9.895856380462646484e-01
9.982570409774780273e-01
9.954482316970825195e-01
9.989129304885864258e-01
9.960563182830810547e-01
9.954893589019775391e-01
9.918020963668823242e-01
9.867912530899047852e-01
9.981536269187927246e-01
9.910959601402282715e-01
9.916067719459533691e-01
9.977326393127441406e-01
9.939070940017700195e-01
9.916914701461791992e-01
9.986323714256286621e-01
9.920261502265930176e-01
9.971109032630920410e-01
9.956915974617004395e-01
9.957403540611267090e-01
9.960122704505920410e-01
9.953534603118896484e-01
9.936515092849731445e-01
9.992055296897888184e-01
9.974491000175476074e-01
9.982681870460510254e-01
9.921185970306396484e-01
9.962857365608215332e-01
9.970416426658630371e-01
9.943481683731079102e-01
9.980195164680480957e-01
9.975619912147521973e-01
9.928208589553833008e-01
9.933592081069946289e-01
9.990798234939575195e-01
9.864898324012756348e-01
9.983447194099426270e-01
9.720610380172729492e-01
9.990480542182922363e-01
9.974644780158996582e-01
9.982860684394836426e-01
9.874281883239746094e-01
9.951120018959045410e-01
9.987944364547729492e-01
9.963250756263732910e-01
9.932153820991516113e-01
9.960797429084777832e-01
9.962561726570129395e-01
9.914854168891906738e-01
9.889551997184753418e-01
8.432464003562927246e-01
9.968279004096984863e-01
9.945760965347290039e-01
9.937184453010559082e-01
9.749205112457275391e-01
9.976834058761596680e-01
9.509606957435607910e-01
9.942416548728942871e-01
9.964215755462646484e-01
9.830870032310485840e-01
9.917309880256652832e-01
9.978111982345581055e-01
9.952781200408935547e-01
9.899105429649353027e-01
9.623218178749084473e-01
9.975878596305847168e-01
9.933897256851196289e-01
9.966509938240051270e-01
9.820605516433715820e-01
9.905792474746704102e-01
9.575943946838378906e-01
9.810549020767211914e-01
9.969442486763000488e-01
9.972499012947082520e-01
9.982228279113769531e-01
9.800916314125061035e-01
9.974182248115539551e-01
9.791748523712158203e-01
9.870892763137817383e-01
9.940668940544128418e-01
9.917448163032531738e-01
9.821823239326477051e-01
9.959102869033813477e-01
9.949665069580078125e-01
9.973168373107910156e-01
9.996290802955627441e-01
9.994413852691650391e-01
9.955498576164245605e-01
9.459942579269409180e-01
9.987528920173645020e-01
9.966503977775573730e-01
9.928719997406005859e-01
9.364623427391052246e-01
9.933722615242004395e-01
9.961059689521789551e-01
9.790976643562316895e-01
9.851450920104980469e-01
9.937149882316589355e-01
9.947582483291625977e-01
9.924936890602111816e-01
9.960246086120605469e-01
9.939243197441101074e-01
9.918682575225830078e-01
9.949696660041809082e-01
9.982645511627197266e-01
9.977032542228698730e-01
9.991787672042846680e-01
9.923269748687744141e-01
9.993622899055480957e-01
9.976325035095214844e-01
9.960312247276306152e-01
9.220168590545654297e-01
9.981431365013122559e-01
9.940134286880493164e-01
9.976785778999328613e-01
9.691387414932250977e-01
9.898740053176879883e-01
9.845465421676635742e-01
9.882983565330505371e-01
9.724282026290893555e-01
9.880819916725158691e-01
9.949195384979248047e-01
9.980751276016235352e-01
9.972138404846191406e-01
9.971066713333129883e-01
9.990589022636413574e-01
9.922229647636413574e-01
9.977887272834777832e-01
9.979947209358215332e-01
9.899645447731018066e-01
9.836943745613098145e-01
9.988796710968017578e-01
9.983336329460144043e-01
9.973153471946716309e-01
9.972691535949707031e-01
9.982214570045471191e-01
9.765967130661010742e-01
9.891182184219360352e-01
9.983963966369628906e-01
9.819847941398620605e-01
9.997078776359558105e-01
9.895540475845336914e-01
9.954808950424194336e-01
9.806678295135498047e-01
9.875197410583496094e-01
9.945061206817626953e-01
9.963089823722839355e-01
9.988708496093750000e-01
9.956216216087341309e-01
9.980061054229736328e-01
9.957940578460693359e-01
9.919312000274658203e-01
9.972535967826843262e-01
9.848552942276000977e-01
9.971922636032104492e-01
9.804650545120239258e-01
9.558755755424499512e-01
9.947447180747985840e-01
9.802770614624023438e-01
9.930393695831298828e-01
9.880031943321228027e-01
9.976863861083984375e-01
9.984759688377380371e-01
9.990394711494445801e-01
9.821722507476806641e-01
9.990410804748535156e-01
9.899630546569824219e-01
9.972516298294067383e-01
9.974744915962219238e-01
9.983732104301452637e-01
9.919739365577697754e-01
9.982200860977172852e-01
9.945397973060607910e-01
9.943712949752807617e-01
9.973195195198059082e-01
9.927255511283874512e-01
9.979690909385681152e-01
9.959421753883361816e-01
9.893409609794616699e-01
9.984214305877685547e-01
9.948050379753112793e-01
9.961352944374084473e-01
9.916452169418334961e-01
9.928109049797058105e-01
9.996237754821777344e-01
9.998589158058166504e-01
9.914202690124511719e-01
9.924290776252746582e-01
9.939506053924560547e-01
9.919444918632507324e-01
9.971084594726562500e-01
9.957292675971984863e-01
9.970217943191528320e-01
9.875338673591613770e-01
9.995326995849609375e-01
9.811671376228332520e-01
9.830762743949890137e-01
9.868255257606506348e-01
9.940777420997619629e-01
9.656130075454711914e-01
9.964755177497863770e-01
9.976727366447448730e-01
9.574661850929260254e-01
9.813080430030822754e-01
9.929980039596557617e-01
9.982006549835205078e-01
9.966229200363159180e-01
9.914332032203674316e-01
9.714382290840148926e-01
9.908041954040527344e-01
9.971773028373718262e-01
9.972571730613708496e-01
9.981395602226257324e-01
9.896005392074584961e-01
9.512488842010498047e-01
9.984097480773925781e-01
9.969065189361572266e-01
9.976605772972106934e-01
9.793758988380432129e-01
9.460843801498413086e-01
9.726644158363342285e-01
9.977830648422241211e-01
9.998898506164550781e-01
9.841895103454589844e-01
9.965237379074096680e-01
9.839836359024047852e-01
9.850819110870361328e-01
9.986112117767333984e-01
9.990115165710449219e-01
9.936178326606750488e-01
9.905114173889160156e-01
9.977769851684570312e-01
9.956584572792053223e-01
9.972901344299316406e-01
9.979630112648010254e-01
9.975823760032653809e-01
9.959930181503295898e-01
9.801479578018188477e-01
9.720882773399353027e-01
9.970841407775878906e-01
9.963998198509216309e-01
9.972101449966430664e-01
9.794672727584838867e-01
9.995744228363037109e-01
9.927690029144287109e-01
9.880580902099609375e-01
9.611961245536804199e-01
9.930805563926696777e-01
9.974052309989929199e-01
9.947171807289123535e-01
8.914217948913574219e-01
9.945558309555053711e-01
9.957139492034912109e-01
9.967648386955261230e-01
9.752513766288757324e-01
9.990591406822204590e-01
9.958309531211853027e-01
9.968641400337219238e-01
9.954498410224914551e-01
9.914560914039611816e-01
9.980556368827819824e-01
9.947626590728759766e-01
9.991185665130615234e-01
9.954191446304321289e-01
9.904417395591735840e-01
9.982154965400695801e-01
9.947102069854736328e-01
9.987615346908569336e-01
9.941654205322265625e-01
9.955498576164245605e-01
9.832692146301269531e-01
9.983289241790771484e-01
9.914662837982177734e-01
9.955309033393859863e-01
9.985212683677673340e-01
9.962144494056701660e-01
9.806181192398071289e-01
9.980791211128234863e-01
9.964931011199951172e-01
9.926785230636596680e-01
9.964500665664672852e-01
9.931942224502563477e-01
8.723521828651428223e-01
9.967344999313354492e-01
9.975693821907043457e-01
9.988366365432739258e-01
9.772102236747741699e-01
9.967455267906188965e-01
9.939591884613037109e-01
9.979845881462097168e-01
9.969004392623901367e-01
9.815943241119384766e-01
9.947124719619750977e-01
9.923222661018371582e-01
9.719750285148620605e-01
9.882696866989135742e-01
9.905621409416198730e-01
9.978410005569458008e-01
9.981850981712341309e-01
9.993432164192199707e-01
9.700092673301696777e-01
9.941549897193908691e-01
9.800449609756469727e-01
9.938585758209228516e-01
9.346649646759033203e-01
9.948812127113342285e-01
9.881033897399902344e-01
9.983904361724853516e-01
9.986926913261413574e-01
9.960315823554992676e-01
9.996621608734130859e-01
9.999436736106872559e-01
9.943092465400695801e-01
9.891467094421386719e-01
9.971620440483093262e-01
9.969434738159179688e-01
9.981734156608581543e-01
9.958162307739257812e-01
9.945195317268371582e-01
9.993481040000915527e-01
9.988698959350585938e-01
9.940780401229858398e-01
9.968895912170410156e-01
9.989834427833557129e-01
9.650010466575622559e-01
9.991562366485595703e-01
9.996286630630493164e-01
9.994789958000183105e-01
9.946973919868469238e-01
9.925401806831359863e-01
9.982581734657287598e-01
9.823179244995117188e-01
9.817353487014770508e-01
9.992379546165466309e-01
9.437311887741088867e-01
9.984661340713500977e-01
9.967585802078247070e-01
9.998564720153808594e-01
9.982331395149230957e-01
9.967810511589050293e-01
9.977540969848632812e-01
9.967158436775207520e-01
9.896874427795410156e-01
9.932945370674133301e-01
9.984287023544311523e-01
9.986917972564697266e-01
9.809613227844238281e-01
9.972387552261352539e-01
9.944479465484619141e-01
9.981489777565002441e-01
9.453787207603454590e-01
9.956006407737731934e-01
9.985365867614746094e-01
9.945610761642456055e-01
9.980679154396057129e-01
9.975231289863586426e-01
9.956666827201843262e-01
9.970161318778991699e-01
9.891487956047058105e-01
9.985084533691406250e-01
9.963861107826232910e-01
9.975296854972839355e-01
9.955211877822875977e-01
9.904989600181579590e-01
9.942329525947570801e-01
9.977454543113708496e-01
9.861587882041931152e-01
9.892628192901611328e-01
9.904525279998779297e-01
9.743595123291015625e-01
9.776658415794372559e-01
9.958969354629516602e-01
9.983988404273986816e-01
9.885244369506835938e-01
9.878561496734619141e-01
9.972899556159973145e-01
9.984570741653442383e-01
9.197332859039306641e-01
9.996030926704406738e-01
9.782487154006958008e-01
9.984330534934997559e-01
9.801898002624511719e-01
9.778030514717102051e-01
9.748997092247009277e-01
9.774076938629150391e-01
9.972103834152221680e-01
9.987928271293640137e-01
9.991932511329650879e-01
9.851068854331970215e-01
9.988907575607299805e-01
9.943460822105407715e-01
9.977997541427612305e-01
9.973143935203552246e-01
9.981611371040344238e-01
9.975945949554443359e-01
9.984016418457031250e-01
9.985615611076354980e-01
9.995672106742858887e-01
9.969769120216369629e-01
9.989990592002868652e-01
9.974433779716491699e-01
9.925982356071472168e-01
9.940763115882873535e-01
9.982666969299316406e-01
9.947626590728759766e-01
9.893399477005004883e-01
9.981569647789001465e-01
9.960455298423767090e-01
9.923534989356994629e-01
9.709449410438537598e-01
9.561979770660400391e-01
9.898291826248168945e-01
9.791662693023681641e-01
9.910446405410766602e-01
9.988964796066284180e-01
9.914773106575012207e-01
9.995065927505493164e-01
9.987822771072387695e-01
9.751445651054382324e-01
9.949430823326110840e-01
9.993676543235778809e-01
9.996520876884460449e-01
9.981067776679992676e-01
9.982647299766540527e-01
9.971413016319274902e-01
9.391552805900573730e-01
8.414347171783447266e-01
9.979541301727294922e-01
9.655139446258544922e-01
9.946179389953613281e-01
9.893500804901123047e-01
9.985802173614501953e-01
9.983970522880554199e-01
9.876353144645690918e-01
8.978943824768066406e-01
9.973357319831848145e-01
9.966762065887451172e-01
9.990075230598449707e-01
9.995287656784057617e-01
9.967985153198242188e-01
9.876370429992675781e-01
9.959346652030944824e-01
9.889379143714904785e-01
9.976313114166259766e-01
9.909273386001586914e-01
9.964251518249511719e-01
9.912678599357604980e-01
9.970347881317138672e-01
9.983301162719726562e-01
9.942722320556640625e-01
9.998788833618164062e-01
9.892315864562988281e-01
9.978833794593811035e-01
9.938203096389770508e-01
9.959054589271545410e-01
9.923270344734191895e-01
9.989425539970397949e-01
9.962085485458374023e-01
9.848525524139404297e-01
9.966304898262023926e-01
9.605590701103210449e-01
9.969769716262817383e-01
9.956291317939758301e-01
9.975248575210571289e-01
9.926767349243164062e-01
9.994196295738220215e-01
9.982067346572875977e-01
9.951444864273071289e-01
9.914723634719848633e-01
9.804779887199401855e-01
9.993070960044860840e-01
9.978888034820556641e-01
9.983832836151123047e-01
9.949260354042053223e-01
9.827498793601989746e-01
9.834936261177062988e-01
9.977917075157165527e-01
9.987177848815917969e-01
9.771802425384521484e-01
9.922333955764770508e-01
9.775432348251342773e-01
9.908003807067871094e-01
9.947904944419860840e-01
9.697261452674865723e-01
9.628477096557617188e-01
9.998306632041931152e-01
9.970422387123107910e-01
9.971190094947814941e-01
9.991443157196044922e-01
9.786550998687744141e-01
9.973850846290588379e-01
9.997687339782714844e-01
9.963961243629455566e-01
9.996590614318847656e-01
9.885557889938354492e-01
9.926881194114685059e-01
9.994867444038391113e-01
9.998480677604675293e-01
9.946410655975341797e-01
9.995318651199340820e-01
9.202160835266113281e-01
9.474081397056579590e-01
9.650165438652038574e-01
9.992851614952087402e-01
9.996980428695678711e-01
9.939895272254943848e-01
9.899680614471435547e-01
9.977878928184509277e-01
9.955748319625854492e-01
9.952372312545776367e-01
9.984999895095825195e-01
9.617903232574462891e-01
9.822268486022949219e-01
9.969962835311889648e-01
9.910356998443603516e-01
9.984481930732727051e-01
9.870837330818176270e-01
9.908961653709411621e-01
9.981172084808349609e-01
9.990871548652648926e-01
9.985453486442565918e-01
8.371281027793884277e-01
9.974882602691650391e-01
9.928842186927795410e-01
9.875121712684631348e-01
9.710783362388610840e-01
9.938927292823791504e-01
9.982175230979919434e-01
9.543201923370361328e-01
9.971966147422790527e-01
9.985468387603759766e-01
9.970054626464843750e-01
9.835859537124633789e-01
9.996957778930664062e-01
9.800345897674560547e-01
9.916575551033020020e-01
9.841956496238708496e-01
9.990364313125610352e-01
9.940399527549743652e-01
9.807248115539550781e-01
9.940170049667358398e-01
9.943249821662902832e-01
9.962547421455383301e-01
9.931386709213256836e-01
9.984039664268493652e-01
9.918113946914672852e-01
9.982187747955322266e-01
9.886318445205688477e-01
9.744191765785217285e-01
9.907281994819641113e-01
9.869942069053649902e-01
9.978176355361938477e-01
9.951915740966796875e-01
9.888124465942382812e-01
9.977207779884338379e-01
9.948247075080871582e-01
9.990885853767395020e-01
9.953652620315551758e-01
9.854786992073059082e-01
9.990379810333251953e-01
9.982018470764160156e-01
9.983850121498107910e-01
9.983168244361877441e-01
9.954513907432556152e-01
9.952619671821594238e-01
9.892885684967041016e-01
9.899317622184753418e-01
9.985522031784057617e-01
9.979600310325622559e-01
9.907371997833251953e-01
9.972770214080810547e-01
9.967173337936401367e-01
9.543989896774291992e-01
9.823953509330749512e-01
9.991854429244995117e-01
9.974126219749450684e-01
9.824544787406921387e-01
9.927268028259277344e-01
9.959043264389038086e-01
9.805496335029602051e-01
9.813499450683593750e-01
9.974821805953979492e-01
9.984859824180603027e-01
9.938349723815917969e-01
9.883180260658264160e-01
9.971364736557006836e-01
9.984572529792785645e-01
9.926926493644714355e-01
9.984249472618103027e-01
9.969466328620910645e-01
9.751051068305969238e-01
9.917684197425842285e-01
9.969297647476196289e-01
9.986371397972106934e-01
9.724456071853637695e-01
9.894266128540039062e-01
9.516922831535339355e-01
9.976682662963867188e-01
9.995477795600891113e-01
9.880154728889465332e-01
9.928635358810424805e-01
9.903699159622192383e-01
9.970187544822692871e-01
9.996972680091857910e-01
9.838346838951110840e-01
9.910270571708679199e-01
9.989297986030578613e-01
9.682361483573913574e-01
9.966642856597900391e-01
9.860764145851135254e-01
9.875546097755432129e-01
8.902848362922668457e-01
9.938603043556213379e-01
9.978246688842773438e-01
9.997974634170532227e-01
9.708767533302307129e-01
9.922023415565490723e-01
9.982042312622070312e-01
9.867143630981445312e-01
9.988011121749877930e-01
9.916194677352905273e-01
9.962921142578125000e-01
9.903340339660644531e-01
9.128742218017578125e-01
8.847856521606445312e-01
9.964363574981689453e-01
9.673914313316345215e-01
9.963865876197814941e-01
9.858133196830749512e-01
9.873791933059692383e-01
9.405077099800109863e-01
9.972951412200927734e-01
9.925622940063476562e-01
9.970982670783996582e-01
9.973951578140258789e-01
9.987128376960754395e-01
9.900977015495300293e-01
9.900610446929931641e-01
9.925767779350280762e-01
9.959349632263183594e-01
9.976527690887451172e-01
9.994865059852600098e-01
9.976867437362670898e-01
9.296823143959045410e-01
9.782415628433227539e-01
9.790980815887451172e-01
9.968910813331604004e-01
9.929749965667724609e-01
9.988019466400146484e-01
9.948221445083618164e-01
9.876220226287841797e-01
9.841121435165405273e-01
9.778200387954711914e-01
9.967919588088989258e-01
9.949413537979125977e-01
9.310925602912902832e-01
9.971596002578735352e-01
9.948583841323852539e-01
9.959728121757507324e-01
9.990568161010742188e-01
9.991680979728698730e-01
9.791728854179382324e-01
9.784836769104003906e-01
9.949909448623657227e-01
9.835080504417419434e-01
9.975719451904296875e-01
9.870685935020446777e-01
9.948639869689941406e-01
9.559386968612670898e-01
9.977650046348571777e-01
9.774951934814453125e-01
9.976107478141784668e-01
9.969263672828674316e-01
9.897301197052001953e-01
9.921830892562866211e-01
9.974188804626464844e-01
9.692131876945495605e-01
9.987568259239196777e-01
9.961209893226623535e-01
9.986845254898071289e-01
9.955759644508361816e-01
9.472888112068176270e-01
9.904206395149230957e-01
9.969813823699951172e-01
9.953517317771911621e-01
9.920080304145812988e-01
9.959071874618530273e-01
9.955772161483764648e-01
9.918284416198730469e-01
9.996688365936279297e-01
9.810045957565307617e-01
9.971789121627807617e-01
9.938545823097229004e-01
9.929156899452209473e-01
9.981761574745178223e-01
9.635919332504272461e-01
9.940066933631896973e-01
9.914113879203796387e-01
9.962670207023620605e-01
9.941990375518798828e-01
9.984922409057617188e-01
9.979492425918579102e-01
9.925410151481628418e-01
9.988964796066284180e-01
9.947208166122436523e-01
9.979637265205383301e-01
9.994369149208068848e-01
9.989200830459594727e-01
9.960810542106628418e-01
9.840119481086730957e-01
9.976051449775695801e-01
9.986754059791564941e-01
9.985361099243164062e-01
9.975672364234924316e-01
9.971152544021606445e-01
9.977195262908935547e-01
9.997708201408386230e-01
9.948639273643493652e-01
9.979029893875122070e-01
9.955833554267883301e-01
9.862775802612304688e-01
9.907175898551940918e-01
9.870683550834655762e-01
9.910088181495666504e-01
9.912282228469848633e-01
9.955849051475524902e-01
9.972910284996032715e-01
9.889755845069885254e-01
9.980362653732299805e-01
9.452561140060424805e-01
9.825393557548522949e-01
9.928269386291503906e-01
9.894925951957702637e-01
9.967890381813049316e-01
9.996663331985473633e-01
9.952371716499328613e-01
9.986001253128051758e-01
9.988527894020080566e-01
9.948975443840026855e-01
9.989849925041198730e-01
9.936075210571289062e-01
9.863325357437133789e-01
9.814392328262329102e-01
9.799889326095581055e-01
9.989042282104492188e-01
9.939744472503662109e-01
9.997140765190124512e-01
9.839517474174499512e-01
9.898438453674316406e-01
9.842510223388671875e-01
9.981029629707336426e-01
9.976011514663696289e-01
9.967331886291503906e-01
9.661735296249389648e-01
9.775853157043457031e-01
9.939438700675964355e-01
9.999063611030578613e-01
9.966080188751220703e-01
9.985660910606384277e-01
9.967494010925292969e-01
9.908915162086486816e-01
9.983512163162231445e-01
9.961623549461364746e-01
9.989920854568481445e-01
9.980323910713195801e-01
9.937361478805541992e-01
9.987710714340209961e-01
9.975968599319458008e-01
9.755839705467224121e-01
9.969915151596069336e-01
9.761534333229064941e-01
9.991735816001892090e-01
9.904305338859558105e-01
9.821900129318237305e-01
9.999611377716064453e-01
9.960224032402038574e-01
9.933990836143493652e-01
9.978122711181640625e-01
9.963936805725097656e-01
9.731326103210449219e-01
9.985092282295227051e-01
9.961786866188049316e-01
9.985000491142272949e-01
9.880362749099731445e-01
9.984700083732604980e-01
9.974636435508728027e-01
9.966685175895690918e-01
9.940322637557983398e-01
9.881993532180786133e-01
9.946935772895812988e-01
9.952285289764404297e-01
9.827029705047607422e-01
9.833366870880126953e-01
9.938145875930786133e-01
9.977087378501892090e-01
9.852553606033325195e-01
9.941776394844055176e-01
9.979335665702819824e-01
9.980532526969909668e-01
9.958908557891845703e-01
9.986347556114196777e-01
9.939802885055541992e-01
9.785211682319641113e-01
9.962770938873291016e-01
9.980921745300292969e-01
9.946398138999938965e-01
9.982498288154602051e-01
9.982450604438781738e-01
9.985266923904418945e-01
8.495931029319763184e-01
9.534566402435302734e-01
9.898110032081604004e-01
9.974672794342041016e-01
9.942092895507812500e-01
9.506523013114929199e-01
9.528753757476806641e-01
9.807454347610473633e-01
9.845138788223266602e-01
9.936230182647705078e-01
9.730220437049865723e-01
9.782307147979736328e-01
9.977228045463562012e-01
9.981911778450012207e-01
9.906557798385620117e-01
9.898742437362670898e-01
9.976096153259277344e-01
9.957686066627502441e-01
9.989475607872009277e-01
9.944532513618469238e-01
9.592642188072204590e-01
9.911751151084899902e-01
9.932976961135864258e-01
9.501277804374694824e-01
9.983168840408325195e-01
9.965560436248779297e-01
9.929640293121337891e-01
9.953891038894653320e-01
9.932841658592224121e-01
9.913863539695739746e-01
9.990999102592468262e-01
9.999394416809082031e-01
9.961329698562622070e-01
9.974250197410583496e-01
9.958682060241699219e-01
9.853773713111877441e-01
9.874120950698852539e-01
9.974623918533325195e-01
9.974437355995178223e-01
9.993005990982055664e-01
9.851635694503784180e-01
9.408364295959472656e-01
9.739776253700256348e-01
9.908460974693298340e-01
9.959458112716674805e-01
9.972482323646545410e-01
9.936248064041137695e-01
9.956140518188476562e-01
9.270333051681518555e-01
9.823726415634155273e-01
9.985383152961730957e-01
9.840385913848876953e-01
9.884547591209411621e-01
9.987716674804687500e-01
9.967091679573059082e-01
9.859386086463928223e-01
9.786573052406311035e-01
9.944712519645690918e-01
9.981365203857421875e-01
9.916383624076843262e-01
9.900961518287658691e-01
9.865229725837707520e-01
9.982522130012512207e-01
9.844782352447509766e-01
9.091150760650634766e-01
9.991706013679504395e-01
9.954859018325805664e-01
9.969715476036071777e-01
9.980493783950805664e-01
9.949142336845397949e-01
9.937965273857116699e-01
9.938117265701293945e-01
9.985480904579162598e-01
9.911375641822814941e-01
9.992876052856445312e-01
9.992992281913757324e-01
9.940865635871887207e-01
9.963713884353637695e-01
9.969426393508911133e-01
9.995093941688537598e-01
9.946097731590270996e-01
9.938446879386901855e-01
9.965851306915283203e-01
9.982954859733581543e-01
9.882357716560363770e-01
9.985064268112182617e-01
9.975591897964477539e-01
9.996827840805053711e-01
9.996512532234191895e-01
9.983865022659301758e-01
9.976912140846252441e-01
9.966272711753845215e-01
9.586476683616638184e-01
8.930746316909790039e-01
9.986400008201599121e-01
9.980626106262207031e-01
9.979035854339599609e-01
9.999631047248840332e-01
9.891286492347717285e-01
9.998826980590820312e-01
9.994775056838989258e-01
9.656166434288024902e-01
9.890494942665100098e-01
9.933735132217407227e-01
9.514228701591491699e-01
9.983669519424438477e-01
9.922755360603332520e-01
9.680011272430419922e-01
9.887453317642211914e-01
9.979762434959411621e-01
9.872990846633911133e-01
9.957371950149536133e-01
9.986411333084106445e-01
9.859193563461303711e-01
9.926360249519348145e-01
9.971141815185546875e-01
9.774100184440612793e-01
9.743268489837646484e-01
9.970816373825073242e-01
9.380469322204589844e-01
9.947775602340698242e-01
9.507802128791809082e-01
9.672288894653320312e-01
9.892747402191162109e-01
9.971275329589843750e-01
9.923184514045715332e-01
9.962485432624816895e-01
9.465141296386718750e-01
9.854987859725952148e-01
9.990068674087524414e-01
9.885183572769165039e-01
9.995319247245788574e-01
