9.974845647811889648e-01
9.976124763488769531e-01
9.986063838005065918e-01
9.981495738029479980e-01
9.884862899780273438e-01
9.640852212905883789e-01
9.960928559303283691e-01
9.990082979202270508e-01
9.981221556663513184e-01
9.981967806816101074e-01
9.907946586608886719e-01
9.888769984245300293e-01
9.963564276695251465e-01
9.755402207374572754e-01
9.981706142425537109e-01
9.985404014587402344e-01
9.982147216796875000e-01
9.919427037239074707e-01
9.912039637565612793e-01
9.938608407974243164e-01
9.915822744369506836e-01
9.975587725639343262e-01
9.843840599060058594e-01
9.804890155792236328e-01
9.928550720214843750e-01
9.953416585922241211e-01
9.982326626777648926e-01
9.981375932693481445e-01
9.994621872901916504e-01
9.711679816246032715e-01
9.819843173027038574e-01
9.659767746925354004e-01
9.909856319427490234e-01
9.782860279083251953e-01
9.717360734939575195e-01
9.985262751579284668e-01
9.974698424339294434e-01
9.988951683044433594e-01
9.834671616554260254e-01
9.845348000526428223e-01
9.892917275428771973e-01
9.962711334228515625e-01
9.982078671455383301e-01
9.997981786727905273e-01
9.973475933074951172e-01
9.986398220062255859e-01
9.899963736534118652e-01
9.211859703063964844e-01
9.984215497970581055e-01
9.963016510009765625e-01
9.925583004951477051e-01
9.939982891082763672e-01
9.823967218399047852e-01
9.862211346626281738e-01
9.948589801788330078e-01
9.965777993202209473e-01
9.962707161903381348e-01
9.922705888748168945e-01
9.995741844177246094e-01
9.992282986640930176e-01
9.910899996757507324e-01
9.937315583229064941e-01
9.880743026733398438e-01
9.916334152221679688e-01
9.927813410758972168e-01
9.972435832023620605e-01
9.893184304237365723e-01
9.968991279602050781e-01
9.970184564590454102e-01
9.954199194908142090e-01
9.865766167640686035e-01
9.990102648735046387e-01
9.980365633964538574e-01
9.899436831474304199e-01
9.616754651069641113e-01
9.975361824035644531e-01
9.952790737152099609e-01
9.869373440742492676e-01
9.910066127777099609e-01
9.741925597190856934e-01
9.918414950370788574e-01
9.845245480537414551e-01
9.970257282257080078e-01
9.975532889366149902e-01
9.985400438308715820e-01
9.997795820236206055e-01
9.976354241371154785e-01
9.954050183296203613e-01
9.965953826904296875e-01
9.996777772903442383e-01
9.823109507560729980e-01
9.931278228759765625e-01
9.975541234016418457e-01
7.935990095138549805e-01
9.371993541717529297e-01
9.994482398033142090e-01
9.935879707336425781e-01
9.477646350860595703e-01
9.978382587432861328e-01
9.882161021232604980e-01
9.905154109001159668e-01
9.966714382171630859e-01
9.914534091949462891e-01
9.956921935081481934e-01
9.888893365859985352e-01
9.992487430572509766e-01
9.813691377639770508e-01
9.906188249588012695e-01
9.981868863105773926e-01
9.951170682907104492e-01
9.924476742744445801e-01
9.725163578987121582e-01
9.966313838958740234e-01
9.878093600273132324e-01
9.979497194290161133e-01
9.962338209152221680e-01
9.938545823097229004e-01
9.994673728942871094e-01
9.981598258018493652e-01
9.953173398971557617e-01
9.978900551795959473e-01
9.746622443199157715e-01
9.902502298355102539e-01
9.986016154289245605e-01
9.988641738891601562e-01
9.977914690971374512e-01
9.625728130340576172e-01
9.965279698371887207e-01
9.984937310218811035e-01
9.986895322799682617e-01
9.513080120086669922e-01
9.999063014984130859e-01
9.962763786315917969e-01
9.975196123123168945e-01
9.938611984252929688e-01
9.994391798973083496e-01
9.928782582283020020e-01
9.902089238166809082e-01
9.898809194564819336e-01
9.972224235534667969e-01
9.908491969108581543e-01
9.938697218894958496e-01
9.924958348274230957e-01
9.945368170738220215e-01
9.916666746139526367e-01
9.990635514259338379e-01
9.957026839256286621e-01
9.980812668800354004e-01
9.707201123237609863e-01
9.833649396896362305e-01
9.882262349128723145e-01
9.919912219047546387e-01
9.912226796150207520e-01
9.751309156417846680e-01
9.972671270370483398e-01
9.968703985214233398e-01
9.970405101776123047e-01
9.925447106361389160e-01
9.946769475936889648e-01
9.991465806961059570e-01
9.961782097816467285e-01
9.952791929244995117e-01
9.941616058349609375e-01
9.930965304374694824e-01
9.944951534271240234e-01
9.998874068260192871e-01
9.881920218467712402e-01
9.866722822189331055e-01
9.753053784370422363e-01
9.989759325981140137e-01
9.839037060737609863e-01
9.950684309005737305e-01
9.992286562919616699e-01
9.958919882774353027e-01
9.906759262084960938e-01
9.813856482505798340e-01
9.922736287117004395e-01
9.708294868469238281e-01
9.975987076759338379e-01
9.804235696792602539e-01
9.989101290702819824e-01
9.946432113647460938e-01
9.989754557609558105e-01
9.984395503997802734e-01
9.998262524604797363e-01
9.959676265716552734e-01
9.928344488143920898e-01
9.796842932701110840e-01
9.912701845169067383e-01
9.902882575988769531e-01
9.976090192794799805e-01
9.958820939064025879e-01
9.914136528968811035e-01
9.968112111091613770e-01
9.986582398414611816e-01
9.955245852470397949e-01
9.644035100936889648e-01
7.566030025482177734e-01
9.954090118408203125e-01
9.986491203308105469e-01
9.937090277671813965e-01
9.758026003837585449e-01
9.986839294433593750e-01
9.767017364501953125e-01
9.977613091468811035e-01
9.956586956977844238e-01
9.940357208251953125e-01
9.931305050849914551e-01
9.993014931678771973e-01
9.843967556953430176e-01
9.990691542625427246e-01
9.866499900817871094e-01
9.635778665542602539e-01
9.644276499748229980e-01
9.970550537109375000e-01
9.940316677093505859e-01
9.980776309967041016e-01
9.938157796859741211e-01
9.681071639060974121e-01
9.982765316963195801e-01
9.929271340370178223e-01
9.964114427566528320e-01
9.909169077873229980e-01
9.866685271263122559e-01
9.911292791366577148e-01
9.990155696868896484e-01
9.989914298057556152e-01
8.142648339271545410e-01
9.970633387565612793e-01
9.877661466598510742e-01
9.965400695800781250e-01
9.915703535079956055e-01
9.976353645324707031e-01
9.981762170791625977e-01
9.937672019004821777e-01
9.695118069648742676e-01
9.890221357345581055e-01
9.980443716049194336e-01
9.928529262542724609e-01
9.956737756729125977e-01
9.969992637634277344e-01
9.939607977867126465e-01
9.912165999412536621e-01
9.973807930946350098e-01
9.996232986450195312e-01
9.888577461242675781e-01
9.945034384727478027e-01
9.972582459449768066e-01
9.978051781654357910e-01
9.876697063446044922e-01
9.805691838264465332e-01
9.989350438117980957e-01
9.968793392181396484e-01
9.976814985275268555e-01
9.937794804573059082e-01
9.702520966529846191e-01
9.992899298667907715e-01
9.975612163543701172e-01
9.937236309051513672e-01
9.966208338737487793e-01
9.982655048370361328e-01
9.878922700881958008e-01
9.952057003974914551e-01
9.987830519676208496e-01
9.967507123947143555e-01
9.886813163757324219e-01
9.809271693229675293e-01
9.992833137512207031e-01
9.854839444160461426e-01
9.595695734024047852e-01
9.960631132125854492e-01
9.987926483154296875e-01
9.920320510864257812e-01
9.923783540725708008e-01
9.898122549057006836e-01
9.948234558105468750e-01
9.989304542541503906e-01
9.989785552024841309e-01
9.989672899246215820e-01
9.851368069648742676e-01
9.916625022888183594e-01
9.971610903739929199e-01
9.951914548873901367e-01
9.993337988853454590e-01
9.990766048431396484e-01
9.985169768333435059e-01
9.970427155494689941e-01
9.791941046714782715e-01
9.950748682022094727e-01
9.976103901863098145e-01
9.697884321212768555e-01
9.450852274894714355e-01
9.987352490425109863e-01
9.980852603912353516e-01
9.907831549644470215e-01
9.819899201393127441e-01
9.887842535972595215e-01
9.931364655494689941e-01
9.972303509712219238e-01
9.971145987510681152e-01
9.983298778533935547e-01
9.988029003143310547e-01
9.921372532844543457e-01
9.968968033790588379e-01
9.973015785217285156e-01
9.994745254516601562e-01
9.929959177970886230e-01
9.545129537582397461e-01
9.859700202941894531e-01
9.964110851287841797e-01
9.940899014472961426e-01
9.908033013343811035e-01
9.783222079277038574e-01
9.327690601348876953e-01
9.987684488296508789e-01
9.989302158355712891e-01
9.982205033302307129e-01
9.938629269599914551e-01
9.769113063812255859e-01
9.979523420333862305e-01
9.911472797393798828e-01
9.977755546569824219e-01
9.756086468696594238e-01
9.994242191314697266e-01
9.850037097930908203e-01
9.985902309417724609e-01
9.822927117347717285e-01
9.822018742561340332e-01
9.986423254013061523e-01
9.974715113639831543e-01
9.831819534301757812e-01
9.991715550422668457e-01
9.997466206550598145e-01
9.963269233703613281e-01
9.930560588836669922e-01
9.966017603874206543e-01
9.908638000488281250e-01
9.989523887634277344e-01
9.904679059982299805e-01
9.900203943252563477e-01
9.944934248924255371e-01
9.984201192855834961e-01
9.950407147407531738e-01
9.967389702796936035e-01
9.992370605468750000e-01
9.904139041900634766e-01
9.893850088119506836e-01
9.946818351745605469e-01
9.884501099586486816e-01
9.687295556068420410e-01
9.935090541839599609e-01
9.931699633598327637e-01
9.994776844978332520e-01
9.974403977394104004e-01
9.929218292236328125e-01
9.932589530944824219e-01
9.934375882148742676e-01
9.672968983650207520e-01
9.891457557678222656e-01
9.990958571434020996e-01
9.955244064331054688e-01
9.965776801109313965e-01
9.977479577064514160e-01
9.959366917610168457e-01
9.982521533966064453e-01
9.981055259704589844e-01
9.916381835937500000e-01
9.714530706405639648e-01
9.869384169578552246e-01
9.957377314567565918e-01
9.965294599533081055e-01
9.985499382019042969e-01
9.951813220977783203e-01
9.967657327651977539e-01
9.962817430496215820e-01
9.888056516647338867e-01
9.984996914863586426e-01
9.914689064025878906e-01
9.852128028869628906e-01
9.972257614135742188e-01
9.982705712318420410e-01
9.937789440155029297e-01
9.990301728248596191e-01
9.911416172981262207e-01
9.959161877632141113e-01
9.961484670639038086e-01
9.950267076492309570e-01
9.969313740730285645e-01
9.943948984146118164e-01
9.979968070983886719e-01
9.984115362167358398e-01
9.981956481933593750e-01
9.981312751770019531e-01
9.916933774948120117e-01
9.980322718620300293e-01
9.951437711715698242e-01
9.892803430557250977e-01
9.975101351737976074e-01
9.976890683174133301e-01
9.959110617637634277e-01
9.946767687797546387e-01
9.992696046829223633e-01
9.985205531120300293e-01
9.964976906776428223e-01
9.833336472511291504e-01
9.975131154060363770e-01
9.958248138427734375e-01
9.978337883949279785e-01
9.896194934844970703e-01
9.971671104431152344e-01
9.989658594131469727e-01
9.968451261520385742e-01
9.938281774520874023e-01
9.966422319412231445e-01
9.973832368850708008e-01
9.862287640571594238e-01
9.915987849235534668e-01
8.260934352874755859e-01
9.954323172569274902e-01
9.945300221443176270e-01
9.951275587081909180e-01
9.787520766258239746e-01
9.986779093742370605e-01
9.639875888824462891e-01
9.933143854141235352e-01
9.979536533355712891e-01
9.922542572021484375e-01
9.967575073242187500e-01
9.985524415969848633e-01
9.940853714942932129e-01
9.943744540214538574e-01
9.705883860588073730e-01
9.978253841400146484e-01
9.950014948844909668e-01
9.967289566993713379e-01
9.850621819496154785e-01
9.953575730323791504e-01
9.744712710380554199e-01
9.881408214569091797e-01
9.979197978973388672e-01
9.953434467315673828e-01
9.990414381027221680e-01
9.853956103324890137e-01
9.964711070060729980e-01
9.869441986083984375e-01
9.902898669242858887e-01
9.935808181762695312e-01
9.921186566352844238e-01
9.843144416809082031e-01
9.959659576416015625e-01
9.943782091140747070e-01
9.981951117515563965e-01
9.982382059097290039e-01
9.993939995765686035e-01
9.940626025199890137e-01
9.756169915199279785e-01
9.989215731620788574e-01
9.967523813247680664e-01
9.929431676864624023e-01
9.573043584823608398e-01
9.924010038375854492e-01
9.971317052841186523e-01
9.862571954727172852e-01
9.867968559265136719e-01
9.917530417442321777e-01
9.973788857460021973e-01
9.916909933090209961e-01
9.835972785949707031e-01
9.940611124038696289e-01
9.803483486175537109e-01
9.962061643600463867e-01
9.984069466590881348e-01
9.975298047065734863e-01
9.986267089843750000e-01
9.935854673385620117e-01
9.995058178901672363e-01
9.974697232246398926e-01
9.968387484550476074e-01
9.386589527130126953e-01
9.987695813179016113e-01
9.930317997932434082e-01
9.988182783126831055e-01
9.712752103805541992e-01
9.810476899147033691e-01
9.825023412704467773e-01
9.942927956581115723e-01
9.750800728797912598e-01
9.876712560653686523e-01
9.966446757316589355e-01
9.952507615089416504e-01
9.978006482124328613e-01
9.966253638267517090e-01
9.978937506675720215e-01
9.943258762359619141e-01
9.975479841232299805e-01
9.970264434814453125e-01
9.915178418159484863e-01
9.892182946205139160e-01
9.987295269966125488e-01
9.976626634597778320e-01
9.978319406509399414e-01
9.975695610046386719e-01
9.978967905044555664e-01
9.902747869491577148e-01
9.914722442626953125e-01
9.989752769470214844e-01
9.849897623062133789e-01
9.997967481613159180e-01
9.908422827720642090e-01
9.981333613395690918e-01
9.825249910354614258e-01
9.965500831604003906e-01
9.938431978225708008e-01
9.959415793418884277e-01
9.981121420860290527e-01
9.962852001190185547e-01
9.978431463241577148e-01
9.955993890762329102e-01
9.935445785522460938e-01
9.982438087463378906e-01
9.905441999435424805e-01
9.978739619255065918e-01
9.701360464096069336e-01
9.624168276786804199e-01
9.950346946716308594e-01
9.805262684822082520e-01
9.977285861968994141e-01
9.931527376174926758e-01
9.976217150688171387e-01
9.991173744201660156e-01
9.990328550338745117e-01
9.875453710556030273e-01
9.991539120674133301e-01
9.945796132087707520e-01
9.982972741127014160e-01
9.982140064239501953e-01
9.986837506294250488e-01
9.799312949180603027e-01
9.988003969192504883e-01
9.962138533592224121e-01
9.948715567588806152e-01
9.976313114166259766e-01
9.922858476638793945e-01
9.960775375366210938e-01
9.923778176307678223e-01
9.980835318565368652e-01
9.989427924156188965e-01
9.938494563102722168e-01
9.910830855369567871e-01
9.905510544776916504e-01
9.911676645278930664e-01
9.994429349899291992e-01
9.998751878738403320e-01
9.940016269683837891e-01
9.923167824745178223e-01
9.907463788986206055e-01
9.942560195922851562e-01
9.997652769088745117e-01
9.941376447677612305e-01
9.977607131004333496e-01
9.957667589187622070e-01
9.988990426063537598e-01
9.838297963142395020e-01
9.876725673675537109e-01
9.934927821159362793e-01
9.950959086418151855e-01
9.828299283981323242e-01
9.982153773307800293e-01
9.954830408096313477e-01
9.771565794944763184e-01
9.792723059654235840e-01
9.870249032974243164e-01
9.976649284362792969e-01
9.974520802497863770e-01
9.886499047279357910e-01
9.841515421867370605e-01
9.913724064826965332e-01
9.987234473228454590e-01
9.988257884979248047e-01
9.960041642189025879e-01
9.918302297592163086e-01
9.569612741470336914e-01
9.989607930183410645e-01
9.969898462295532227e-01
9.983452558517456055e-01
9.786120653152465820e-01
9.573336243629455566e-01
9.817562699317932129e-01
9.979639649391174316e-01
9.999713897705078125e-01
9.877835512161254883e-01
9.966280460357666016e-01
9.869508743286132812e-01
9.882844686508178711e-01
9.990401268005371094e-01
9.984878897666931152e-01
9.910977482795715332e-01
9.977161288261413574e-01
9.979881644248962402e-01
9.950449466705322266e-01
9.981962442398071289e-01
9.976877570152282715e-01
9.891871213912963867e-01
9.957110285758972168e-01
9.822008013725280762e-01
9.755219817161560059e-01
9.938557744026184082e-01
9.977762699127197266e-01
9.974710345268249512e-01
9.821211695671081543e-01
9.983435273170471191e-01
9.934408664703369141e-01
9.866274595260620117e-01
9.721360206604003906e-01
9.911760687828063965e-01
9.984979033470153809e-01
9.968060851097106934e-01
8.742577433586120605e-01
9.946812987327575684e-01
9.959907531738281250e-01
9.991212487220764160e-01
9.972857832908630371e-01
9.985273480415344238e-01
9.974786639213562012e-01
9.980066418647766113e-01
9.945114254951477051e-01
9.939492940902709961e-01
9.988841414451599121e-01
9.966495037078857422e-01
9.982817769050598145e-01
9.928379058837890625e-01
9.998407959938049316e-01
9.918263554573059082e-01
9.983685612678527832e-01
9.990339875221252441e-01
9.946426153182983398e-01
9.956764578819274902e-01
9.781209230422973633e-01
9.980513453483581543e-01
9.917111396789550781e-01
9.982898831367492676e-01
9.989839792251586914e-01
9.971456527709960938e-01
9.888503551483154297e-01
9.981079697608947754e-01
9.958629012107849121e-01
9.938699603080749512e-01
9.928880333900451660e-01
9.902901649475097656e-01
8.936437964439392090e-01
9.970709085464477539e-01
9.984126687049865723e-01
9.978245496749877930e-01
9.879440069198608398e-01
9.847664237022399902e-01
9.962992072105407715e-01
9.986862540245056152e-01
9.974101781845092773e-01
9.791767597198486328e-01
9.952715635299682617e-01
9.936954379081726074e-01
9.749767184257507324e-01
9.891064167022705078e-01
9.952855706214904785e-01
9.959139227867126465e-01
9.988317489624023438e-01
9.989528059959411621e-01
9.740152955055236816e-01
9.950785040855407715e-01
9.790691137313842773e-01
9.962120056152343750e-01
9.531885981559753418e-01
9.951872825622558594e-01
9.881463646888732910e-01
9.984939098358154297e-01
9.986444711685180664e-01
9.963434934616088867e-01
9.994989633560180664e-01
9.984191656112670898e-01
9.856328964233398438e-01
9.926036000251770020e-01
9.981526732444763184e-01
9.969706535339355469e-01
9.976469278335571289e-01
9.972169399261474609e-01
9.937170147895812988e-01
9.993085265159606934e-01
9.991632103919982910e-01
9.932365417480468750e-01
9.859540462493896484e-01
9.992352724075317383e-01
9.740014076232910156e-01
9.989927411079406738e-01
9.987136721611022949e-01
9.997079968452453613e-01
9.950584173202514648e-01
9.921006560325622559e-01
9.986383914947509766e-01
9.860211014747619629e-01
9.869757890701293945e-01
9.991430640220642090e-01
9.638896584510803223e-01
9.979901313781738281e-01
9.968867897987365723e-01
9.972748756408691406e-01
9.991949796676635742e-01
9.973020553588867188e-01
9.972928762435913086e-01
9.858878850936889648e-01
9.963875412940979004e-01
9.983281493186950684e-01
9.991714954376220703e-01
9.884926676750183105e-01
9.982312321662902832e-01
9.954359531402587891e-01
9.988869428634643555e-01
9.483935832977294922e-01
9.959371089935302734e-01
9.962850213050842285e-01
9.965410232543945312e-01
9.980813860893249512e-01
9.977242350578308105e-01
9.961395263671875000e-01
9.917758107185363770e-01
9.989840984344482422e-01
9.983015060424804688e-01
9.955572485923767090e-01
9.941518902778625488e-01
9.925356507301330566e-01
9.924264550209045410e-01
9.973017573356628418e-01
9.916537404060363770e-01
9.933178424835205078e-01
9.874968528747558594e-01
9.786927103996276855e-01
9.940066337585449219e-01
9.956168532371520996e-01
9.984264969825744629e-01
9.974045753479003906e-01
9.922178983688354492e-01
9.978080987930297852e-01
9.989348053932189941e-01
9.415306448936462402e-01
9.982649087905883789e-01
9.857386350631713867e-01
9.990045428276062012e-01
9.783852696418762207e-01
9.795709848403930664e-01
9.685792326927185059e-01
9.666537642478942871e-01
9.977655410766601562e-01
9.982535839080810547e-01
9.976747632026672363e-01
9.876062870025634766e-01
9.995903968811035156e-01
9.886775016784667969e-01
9.983423352241516113e-01
9.960233569145202637e-01
9.995353221893310547e-01
9.980835318565368652e-01
9.989140033721923828e-01
9.970934987068176270e-01
9.994329810142517090e-01
9.931918382644653320e-01
9.978747963905334473e-01
9.960744976997375488e-01
9.966621994972229004e-01
9.956125617027282715e-01
9.984685778617858887e-01
9.976564645767211914e-01
9.890671372413635254e-01
9.987002015113830566e-01
9.978839159011840820e-01
9.948993325233459473e-01
9.792003631591796875e-01
9.717727899551391602e-01
9.937008023262023926e-01
9.806920886039733887e-01
9.757961034774780273e-01
9.983214735984802246e-01
9.862892031669616699e-01
9.993981719017028809e-01
9.991819262504577637e-01
9.749248027801513672e-01
9.953703880310058594e-01
9.997110366821289062e-01
9.990594983100891113e-01
9.974969625473022461e-01
9.987809062004089355e-01
9.985073208808898926e-01
9.718006849288940430e-01
9.441818594932556152e-01
9.973186254501342773e-01
9.615849256515502930e-01
9.956015944480895996e-01
9.915087819099426270e-01
9.970232844352722168e-01
9.989798665046691895e-01
9.885110259056091309e-01
9.401369094848632812e-01
9.970042109489440918e-01
9.919014573097229004e-01
9.992021918296813965e-01
9.998446702957153320e-01
9.967365264892578125e-01
9.894258975982666016e-01
9.911311268806457520e-01
9.963084459304809570e-01
9.960101246833801270e-01
9.887899756431579590e-01
9.972163438796997070e-01
9.923635721206665039e-01
9.968457221984863281e-01
9.965331554412841797e-01
9.986553788185119629e-01
9.946061968803405762e-01
9.997326731681823730e-01
9.884273409843444824e-01
9.976952672004699707e-01
9.958575963973999023e-01
9.938945770263671875e-01
9.939252138137817383e-01
9.983390569686889648e-01
9.967199563980102539e-01
9.919578433036804199e-01
9.969249367713928223e-01
9.687582254409790039e-01
9.974755644798278809e-01
9.950546622276306152e-01
9.985198974609375000e-01
9.870242476463317871e-01
9.994212985038757324e-01
9.978735446929931641e-01
9.962531924247741699e-01
9.948650002479553223e-01
9.797701239585876465e-01
9.993258118629455566e-01
9.981268048286437988e-01
9.985930919647216797e-01
9.968104958534240723e-01
9.918501973152160645e-01
9.900646805763244629e-01
9.965652227401733398e-01
9.991782903671264648e-01
9.818410277366638184e-01
9.914856553077697754e-01
9.831944108009338379e-01
9.939979314804077148e-01
9.927619695663452148e-01
9.736566543579101562e-01
9.736981391906738281e-01
9.998224973678588867e-01
9.942161440849304199e-01
9.980430006980895996e-01
9.985837936401367188e-01
9.815322756767272949e-01
9.964306354522705078e-01
9.996575117111206055e-01
9.978034496307373047e-01
9.988895654678344727e-01
9.898459315299987793e-01
9.920825958251953125e-01
9.992322921752929688e-01
9.999117851257324219e-01
9.977908730506896973e-01
9.996733665466308594e-01
9.409590363502502441e-01
9.402071237564086914e-01
9.715857505798339844e-01
9.823644161224365234e-01
9.970304369926452637e-01
9.992334842681884766e-01
9.962708950042724609e-01
9.946053624153137207e-01
9.984369874000549316e-01
9.941680431365966797e-01
9.957162141799926758e-01
9.991139173507690430e-01
9.638866782188415527e-01
9.858579039573669434e-01
9.977713227272033691e-01
9.926055073738098145e-01
9.986951351165771484e-01
9.822339415550231934e-01
9.944737553596496582e-01
9.986411929130554199e-01
9.995398521423339844e-01
9.958438873291015625e-01
8.527080416679382324e-01
9.968548417091369629e-01
9.950100183486938477e-01
9.985716342926025391e-01
9.946653842926025391e-01
9.924404621124267578e-01
9.979215264320373535e-01
9.709096550941467285e-01
9.983272552490234375e-01
9.958243370056152344e-01
9.962071180343627930e-01
9.826119542121887207e-01
9.976552128791809082e-01
9.836530089378356934e-01
9.931477904319763184e-01
9.830453991889953613e-01
9.981593489646911621e-01
9.945726394653320312e-01
9.802549481391906738e-01
9.960285425186157227e-01
9.961141943931579590e-01
9.980776309967041016e-01
9.967698454856872559e-01
9.964349269866943359e-01
9.938581585884094238e-01
9.972586631774902344e-01
9.992629885673522949e-01
9.906183481216430664e-01
9.914735555648803711e-01
9.908176660537719727e-01
9.888645410537719727e-01
9.935765266418457031e-01
9.947846531867980957e-01
9.461084604263305664e-01
9.983125925064086914e-01
9.967555999755859375e-01
9.995042085647583008e-01
9.962193369865417480e-01
9.855717420578002930e-01
9.989512562751770020e-01
9.981452226638793945e-01
9.988449811935424805e-01
9.976309537887573242e-01
9.940416216850280762e-01
9.962451457977294922e-01
9.915174841880798340e-01
9.891489744186401367e-01
9.989114999771118164e-01
9.981949329376220703e-01
9.922212362289428711e-01
9.969639778137207031e-01
9.962628483772277832e-01
9.588868021965026855e-01
9.848064184188842773e-01
9.986855387687683105e-01
9.972893595695495605e-01
9.920905828475952148e-01
9.935578703880310059e-01
9.962608218193054199e-01
9.775592684745788574e-01
9.754332900047302246e-01
9.970449209213256836e-01
9.990101456642150879e-01
9.947797060012817383e-01
9.921740293502807617e-01
9.953361153602600098e-01
9.990997910499572754e-01
9.917455911636352539e-01
9.989772439002990723e-01
9.965508580207824707e-01
9.746262431144714355e-01
9.968581795692443848e-01
9.975804090499877930e-01
9.953213930130004883e-01
9.867642521858215332e-01
9.793187379837036133e-01
9.484736919403076172e-01
9.967921972274780273e-01
9.994675517082214355e-01
9.865906834602355957e-01
9.943374991416931152e-01
9.968266487121582031e-01
9.979314208030700684e-01
9.994781017303466797e-01
9.872838258743286133e-01
9.952443838119506836e-01
9.995088577270507812e-01
9.849730134010314941e-01
9.974210858345031738e-01
9.888511896133422852e-01
9.842697381973266602e-01
9.215097427368164062e-01
9.955385923385620117e-01
9.978987574577331543e-01
9.993169307708740234e-01
9.849802851676940918e-01
9.953089356422424316e-01
9.983234405517578125e-01
9.851434826850891113e-01
9.991414546966552734e-01
9.914852976799011230e-01
9.966976642608642578e-01
9.976003766059875488e-01
9.374251961708068848e-01
8.975553512573242188e-01
9.972100257873535156e-01
9.631105661392211914e-01
9.962853789329528809e-01
9.857276082038879395e-01
9.882271289825439453e-01
9.631544351577758789e-01
9.978789091110229492e-01
9.942886829376220703e-01
9.943294525146484375e-01
9.973312020301818848e-01
9.979833364486694336e-01
9.935978055000305176e-01
9.134677648544311523e-01
9.949029088020324707e-01
9.974594116210937500e-01
9.968989491462707520e-01
9.987555146217346191e-01
9.964492321014404297e-01
9.376666545867919922e-01
9.843629598617553711e-01
9.811775088310241699e-01
9.929850101470947266e-01
9.960348606109619141e-01
9.984843134880065918e-01
9.960327744483947754e-01
9.888850450515747070e-01
9.797304272651672363e-01
9.770668745040893555e-01
9.974496960639953613e-01
9.952083230018615723e-01
9.685368537902832031e-01
9.964593052864074707e-01
9.963634014129638672e-01
9.970898032188415527e-01
9.992266297340393066e-01
9.958818554878234863e-01
9.924445152282714844e-01
9.812755584716796875e-01
9.949292540550231934e-01
9.879010319709777832e-01
9.979328513145446777e-01
9.905947446823120117e-01
9.949974417686462402e-01
9.626677632331848145e-01
9.984822869300842285e-01
9.810572266578674316e-01
9.967678189277648926e-01
9.947498440742492676e-01
9.777244329452514648e-01
9.863911271095275879e-01
9.969333410263061523e-01
9.801076650619506836e-01
9.976568818092346191e-01
9.974912405014038086e-01
9.990186095237731934e-01
9.959848523139953613e-01
9.773170948028564453e-01
9.888399839401245117e-01
9.965596795082092285e-01
9.984026551246643066e-01
9.938841462135314941e-01
9.983823299407958984e-01
9.947428703308105469e-01
9.926168918609619141e-01
9.989412426948547363e-01
9.799845814704895020e-01
9.976643919944763184e-01
9.943087100982666016e-01
9.953556060791015625e-01
9.985278248786926270e-01
9.719318151473999023e-01
9.963886737823486328e-01
9.924312829971313477e-01
9.954265356063842773e-01
9.950911402702331543e-01
9.979897737503051758e-01
9.985265135765075684e-01
9.953182339668273926e-01
9.991431236267089844e-01
9.922761321067810059e-01
9.978267550468444824e-01
9.978045821189880371e-01
9.989483356475830078e-01
9.938095211982727051e-01
9.925413727760314941e-01
9.978701472282409668e-01
9.990379214286804199e-01
9.989348649978637695e-01
9.981464743614196777e-01
9.976982474327087402e-01
9.998195767402648926e-01
9.996801018714904785e-01
9.954749941825866699e-01
9.986276030540466309e-01
9.942094087600708008e-01
9.891381859779357910e-01
9.918664097785949707e-01
9.893868565559387207e-01
9.930403828620910645e-01
9.892202615737915039e-01
9.980384111404418945e-01
9.973675608634948730e-01
9.932749271392822266e-01
9.983284473419189453e-01
9.661959409713745117e-01
9.844473600387573242e-01
9.906091094017028809e-01
9.911719560623168945e-01
9.888238906860351562e-01
9.905491471290588379e-01
9.993188381195068359e-01
9.983903169631958008e-01
9.988080263137817383e-01
9.990297555923461914e-01
9.935617446899414062e-01
9.990399479866027832e-01
9.935349822044372559e-01
9.917334318161010742e-01
9.678449630737304688e-01
9.776105284690856934e-01
9.981977939605712891e-01
9.941085577011108398e-01
9.977520704269409180e-01
9.807754755020141602e-01
9.892378449440002441e-01
9.903879165649414062e-01
9.969855546951293945e-01
9.973013401031494141e-01
9.940532445907592773e-01
9.829925894737243652e-01
9.763057827949523926e-01
9.925879836082458496e-01
9.999947547912597656e-01
9.965949654579162598e-01
9.993557333946228027e-01
9.970090985298156738e-01
9.800283312797546387e-01
9.989634752273559570e-01
9.717623591423034668e-01
9.991228580474853516e-01
9.967204332351684570e-01
9.924559593200683594e-01
9.986932873725891113e-01
9.976729750633239746e-01
9.752881526947021484e-01
9.976327419281005859e-01
9.828217625617980957e-01
9.986246824264526367e-01
9.950286746025085449e-01
9.799984693527221680e-01
9.995986223220825195e-01
9.936550855636596680e-01
9.970502257347106934e-01
9.978895187377929688e-01
9.945818185806274414e-01
9.953129887580871582e-01
9.989432096481323242e-01
9.950725436210632324e-01
9.995830655097961426e-01
9.857050776481628418e-01
9.989809989929199219e-01
9.992301464080810547e-01
9.979094862937927246e-01
9.953798055648803711e-01
9.922282099723815918e-01
9.946894049644470215e-01
9.950813055038452148e-01
9.881367087364196777e-01
9.792972803115844727e-01
9.939600825309753418e-01
9.988821148872375488e-01
9.916506409645080566e-01
9.960924386978149414e-01
9.986953735351562500e-01
9.980810880661010742e-01
9.911131858825683594e-01
9.983069896697998047e-01
9.959933757781982422e-01
9.711855053901672363e-01
9.979883432388305664e-01
9.972619414329528809e-01
9.937176704406738281e-01
9.987803101539611816e-01
9.975371956825256348e-01
9.989299774169921875e-01
8.756897449493408203e-01
9.645616412162780762e-01
9.911383390426635742e-01
9.983059763908386230e-01
9.939113855361938477e-01
9.725190997123718262e-01
9.721933603286743164e-01
9.845875501632690430e-01
9.884135127067565918e-01
9.943047165870666504e-01
9.798269271850585938e-01
9.779943823814392090e-01
9.974128007888793945e-01
9.944757819175720215e-01
9.892544150352478027e-01
9.905364513397216797e-01
9.969849586486816406e-01
9.961501955986022949e-01
9.991477727890014648e-01
9.955600500106811523e-01
9.904571771621704102e-01
9.890729784965515137e-01
9.927576780319213867e-01
9.674903154373168945e-01
9.979343414306640625e-01
9.954270720481872559e-01
9.975652694702148438e-01
9.971871972084045410e-01
9.941593408584594727e-01
9.913889169692993164e-01
9.989034533500671387e-01
9.998740553855895996e-01
9.965240955352783203e-01
9.969608187675476074e-01
9.923730492591857910e-01
9.921120405197143555e-01
9.906353950500488281e-01
9.975872039794921875e-01
9.976997375488281250e-01
9.996317028999328613e-01
9.824787378311157227e-01
9.599143266677856445e-01
9.852882027626037598e-01
9.892384409904479980e-01
9.884512424468994141e-01
9.904530048370361328e-01
9.931038618087768555e-01
9.957496523857116699e-01
9.398763775825500488e-01
9.910977482795715332e-01
9.959681034088134766e-01
9.934109449386596680e-01
9.974572658538818359e-01
9.981957674026489258e-01
9.977939724922180176e-01
9.800431132316589355e-01
9.869544506072998047e-01
9.945634603500366211e-01
9.912641048431396484e-01
9.899039864540100098e-01
9.893267750740051270e-01
9.910865426063537598e-01
9.977412819862365723e-01
9.817595481872558594e-01
9.251056313514709473e-01
9.985737204551696777e-01
9.966271519660949707e-01
9.972409605979919434e-01
9.976894259452819824e-01
9.976989030838012695e-01
9.960553050041198730e-01
9.950693249702453613e-01
9.994003772735595703e-01
9.931936264038085938e-01
9.989594817161560059e-01
9.977863430976867676e-01
9.966603517532348633e-01
9.943765401840209961e-01
9.952442049980163574e-01
9.993798732757568359e-01
9.934804439544677734e-01
9.978411197662353516e-01
9.961700439453125000e-01
9.981979131698608398e-01
9.886928200721740723e-01
9.989325404167175293e-01
9.962010383605957031e-01
9.995209574699401855e-01
9.994392395019531250e-01
9.959327578544616699e-01
9.982548356056213379e-01
9.971848130226135254e-01
9.656241536140441895e-01
9.077200889587402344e-01
9.917873144149780273e-01
9.981247186660766602e-01
9.977577328681945801e-01
9.997782707214355469e-01
9.942570328712463379e-01
9.994888901710510254e-01
9.997662305831909180e-01
9.679016470909118652e-01
9.908182621002197266e-01
9.969847202301025391e-01
9.610415101051330566e-01
9.990068674087524414e-01
9.898003935813903809e-01
9.795548319816589355e-01
9.914669990539550781e-01
9.985252618789672852e-01
9.921297430992126465e-01
9.936664104461669922e-01
9.989399313926696777e-01
9.913696646690368652e-01
9.954094290733337402e-01
9.974555969238281250e-01
9.856386780738830566e-01
9.770910739898681641e-01
9.980634450912475586e-01
9.716712832450866699e-01
9.925794005393981934e-01
9.500296711921691895e-01
9.876313209533691406e-01
9.945917725563049316e-01
9.982291460037231445e-01
9.938418269157409668e-01
9.967589378356933594e-01
9.469691514968872070e-01
9.876514077186584473e-01
9.991815090179443359e-01
9.920333623886108398e-01
9.995427727699279785e-01
