0.000000000000000000e+00
0.000000000000000000e+00
0.000000000000000000e+00
5.347593582887700224e-03
0.000000000000000000e+00
0.000000000000000000e+00
6.802721088435373896e-03
0.000000000000000000e+00
0.000000000000000000e+00
0.000000000000000000e+00
0.000000000000000000e+00
0.000000000000000000e+00
0.000000000000000000e+00
0.000000000000000000e+00
0.000000000000000000e+00
5.000000000000000000e-01
1.804123711340206021e-02
0.000000000000000000e+00
0.000000000000000000e+00
1.574803149606299191e-02
0.000000000000000000e+00
3.608247422680412042e-02
0.000000000000000000e+00
0.000000000000000000e+00
0.000000000000000000e+00
1.391304347826087008e-02
8.733624454148471161e-03
0.000000000000000000e+00
0.000000000000000000e+00
0.000000000000000000e+00
5.787037037037036716e-04
0.000000000000000000e+00
0.000000000000000000e+00
0.000000000000000000e+00
0.000000000000000000e+00
9.090909090909091161e-02
1.960784313725490169e-02
0.000000000000000000e+00
0.000000000000000000e+00
0.000000000000000000e+00
0.000000000000000000e+00
0.000000000000000000e+00
0.000000000000000000e+00
0.000000000000000000e+00
0.000000000000000000e+00
6.896551724137930939e-02
1.831501831501831500e-03
1.369863013698630061e-02
0.000000000000000000e+00
0.000000000000000000e+00
1.015228426395939007e-02
0.000000000000000000e+00
2.994011976047904200e-02
1.694915254237288130e-02
1.115241635687732290e-02
2.702702702702702853e-02
0.000000000000000000e+00
0.000000000000000000e+00
1.379310344827586188e-02
0.000000000000000000e+00
0.000000000000000000e+00
7.633587786259541687e-03
1.872659176029962567e-03
0.000000000000000000e+00
0.000000000000000000e+00
2.020202020202020374e-02
0.000000000000000000e+00
0.000000000000000000e+00
5.000000000000000000e-01
1.333333333333333315e-01
1.851851851851851749e-02
0.000000000000000000e+00
1.428571428571428492e-01
0.000000000000000000e+00
0.000000000000000000e+00
0.000000000000000000e+00
0.000000000000000000e+00
6.743737957610789792e-03
0.000000000000000000e+00
1.612383102225088639e-03
0.000000000000000000e+00
0.000000000000000000e+00
1.626016260162601798e-02
2.222222222222222220e-03
0.000000000000000000e+00
0.000000000000000000e+00
0.000000000000000000e+00
0.000000000000000000e+00
0.000000000000000000e+00
1.734104046242774394e-02
0.000000000000000000e+00
0.000000000000000000e+00
0.000000000000000000e+00
2.427184466019417439e-02
0.000000000000000000e+00
0.000000000000000000e+00
0.000000000000000000e+00
0.000000000000000000e+00
6.666666666666666574e-02
0.000000000000000000e+00
3.571428571428571230e-02
5.494505494505494934e-03
0.000000000000000000e+00
0.000000000000000000e+00
0.000000000000000000e+00
0.000000000000000000e+00
0.000000000000000000e+00
0.000000000000000000e+00
0.000000000000000000e+00
0.000000000000000000e+00
2.631578947368420907e-02
0.000000000000000000e+00
0.000000000000000000e+00
3.045685279187817368e-02
0.000000000000000000e+00
0.000000000000000000e+00
0.000000000000000000e+00
0.000000000000000000e+00
0.000000000000000000e+00
0.000000000000000000e+00
0.000000000000000000e+00
0.000000000000000000e+00
0.000000000000000000e+00
0.000000000000000000e+00
0.000000000000000000e+00
6.546644844517185251e-03
0.000000000000000000e+00
0.000000000000000000e+00
1.190476190476190410e-02
0.000000000000000000e+00
0.000000000000000000e+00
9.900990099009901110e-03
0.000000000000000000e+00
7.117437722419928461e-03
1.307759372275501359e-03
1.190476190476190410e-02
3.333333333333333148e-01
0.000000000000000000e+00
0.000000000000000000e+00
0.000000000000000000e+00
0.000000000000000000e+00
0.000000000000000000e+00
0.000000000000000000e+00
0.000000000000000000e+00
4.694835680751173815e-03
2.608695652173912902e-02
0.000000000000000000e+00
1.769911504424778736e-02
0.000000000000000000e+00
0.000000000000000000e+00
5.555555555555555247e-02
9.627727856225931071e-04
3.363228699551569674e-03
0.000000000000000000e+00
1.500375093773443410e-03
4.285714285714285476e-01
1.176470588235294101e-01
0.000000000000000000e+00
3.174603174603174600e-03
1.000000000000000056e-01
0.000000000000000000e+00
0.000000000000000000e+00
0.000000000000000000e+00
0.000000000000000000e+00
0.000000000000000000e+00
0.000000000000000000e+00
0.000000000000000000e+00
3.333333333333333148e-01
0.000000000000000000e+00
2.334630350194552562e-02
0.000000000000000000e+00
0.000000000000000000e+00
9.813542688910696036e-04
4.950495049504950555e-03
3.076923076923077094e-02
2.500000000000000139e-02
0.000000000000000000e+00
6.349206349206349201e-03
0.000000000000000000e+00
1.886792452830188607e-02
0.000000000000000000e+00
2.307692307692307820e-02
0.000000000000000000e+00
2.237136465324384739e-03
1.648351648351648394e-02
0.000000000000000000e+00
0.000000000000000000e+00
2.459016393442622905e-02
0.000000000000000000e+00
0.000000000000000000e+00
1.250000000000000000e-01
0.000000000000000000e+00
2.439024390243902524e-02
0.000000000000000000e+00
0.000000000000000000e+00
1.562500000000000000e-02
5.000000000000000000e-01
4.796163069544364180e-03
4.545454545454545581e-02
0.000000000000000000e+00
7.142857142857142461e-02
0.000000000000000000e+00
0.000000000000000000e+00
0.000000000000000000e+00
0.000000000000000000e+00
0.000000000000000000e+00
0.000000000000000000e+00
0.000000000000000000e+00
0.000000000000000000e+00
3.698566805362921671e-03
0.000000000000000000e+00
5.347593582887700224e-03
0.000000000000000000e+00
2.777777777777777624e-02
0.000000000000000000e+00
9.975062344139650622e-03
0.000000000000000000e+00
0.000000000000000000e+00
4.608294930875576033e-03
2.439024390243902524e-02
0.000000000000000000e+00
0.000000000000000000e+00
0.000000000000000000e+00
2.866356144750985095e-03
0.000000000000000000e+00
5.000000000000000000e-01
2.942258183155571985e-03
0.000000000000000000e+00
0.000000000000000000e+00
8.333333333333332871e-02
0.000000000000000000e+00
4.166666666666666435e-02
1.893939393939393992e-02
2.590673575129533775e-03
3.157894736842105365e-02
0.000000000000000000e+00
0.000000000000000000e+00
2.272727272727272790e-02
5.882352941176470507e-02
3.614457831325301046e-02
0.000000000000000000e+00
0.000000000000000000e+00
9.523809523809524669e-03
0.000000000000000000e+00
0.000000000000000000e+00
0.000000000000000000e+00
0.000000000000000000e+00
2.252252252252252233e-03
0.000000000000000000e+00
0.000000000000000000e+00
0.000000000000000000e+00
0.000000000000000000e+00
2.500000000000000000e-01
0.000000000000000000e+00
0.000000000000000000e+00
0.000000000000000000e+00
0.000000000000000000e+00
0.000000000000000000e+00
0.000000000000000000e+00
2.766798418972332002e-02
2.020202020202020200e-03
0.000000000000000000e+00
0.000000000000000000e+00
0.000000000000000000e+00
1.943634596695821082e-03
0.000000000000000000e+00
3.571428571428571508e-01
1.265822784810126563e-02
7.936507936507936067e-03
1.111111111111111154e-02
0.000000000000000000e+00
1.510574018126888216e-03
0.000000000000000000e+00
2.347417840375586907e-03
0.000000000000000000e+00
3.231017770597738488e-03
2.380952380952380820e-02
0.000000000000000000e+00
3.252032520325203596e-02
2.219755826859045548e-03
6.997900629811056213e-04
2.415458937198067518e-03
0.000000000000000000e+00
0.000000000000000000e+00
1.899335232668566097e-03
0.000000000000000000e+00
0.000000000000000000e+00
1.298701298701298787e-02
5.000000000000000278e-02
2.692514808831448451e-03
0.000000000000000000e+00
2.832861189801699851e-03
1.002338790511192717e-03
2.857142857142856984e-01
5.291005291005290712e-03
2.477700693756194200e-03
2.892960462873674261e-03
0.000000000000000000e+00
0.000000000000000000e+00
4.000000000000000222e-01
4.571428571428571425e-02
0.000000000000000000e+00
0.000000000000000000e+00
0.000000000000000000e+00
2.364066193853427839e-03
0.000000000000000000e+00
9.675858732462505650e-04
6.968641114982578391e-04
0.000000000000000000e+00
0.000000000000000000e+00
0.000000000000000000e+00
0.000000000000000000e+00
0.000000000000000000e+00
0.000000000000000000e+00
8.474576271186440649e-03
3.916960438699569440e-03
4.266211604095563291e-03
0.000000000000000000e+00
2.644103648863035429e-03
0.000000000000000000e+00
0.000000000000000000e+00
2.548582351067218889e-03
0.000000000000000000e+00
0.000000000000000000e+00
0.000000000000000000e+00
0.000000000000000000e+00
0.000000000000000000e+00
4.255319148936170283e-03
0.000000000000000000e+00
1.351351351351351426e-02
0.000000000000000000e+00
7.058823529411764955e-03
0.000000000000000000e+00
2.232142857142857192e-02
1.724137931034482735e-02
6.557377049180327863e-03
0.000000000000000000e+00
0.000000000000000000e+00
5.000000000000000000e-01
0.000000000000000000e+00
0.000000000000000000e+00
1.666666666666666574e-01
3.300330033003300370e-03
0.000000000000000000e+00
6.557377049180327863e-03
3.333333333333333148e-01
6.587615283267457024e-03
0.000000000000000000e+00
0.000000000000000000e+00
4.088307440719541816e-03
0.000000000000000000e+00
0.000000000000000000e+00
3.623188405797101493e-03
0.000000000000000000e+00
1.801801801801801830e-03
0.000000000000000000e+00
0.000000000000000000e+00
7.897334649555774397e-03
0.000000000000000000e+00
0.000000000000000000e+00
0.000000000000000000e+00
0.000000000000000000e+00
1.250000000000000000e-01
0.000000000000000000e+00
1.388888888888888812e-02
0.000000000000000000e+00
1.111111111111111049e-01
2.234636871508379960e-02
4.434589800443458976e-03
2.597402597402597574e-02
2.325581395348837177e-02
0.000000000000000000e+00
0.000000000000000000e+00
4.347826086956521618e-02
5.000000000000000000e-01
4.347826086956521618e-02
2.000000000000000111e-01
2.500000000000000000e-01
0.000000000000000000e+00
2.500000000000000000e-01
0.000000000000000000e+00
0.000000000000000000e+00
0.000000000000000000e+00
0.000000000000000000e+00
0.000000000000000000e+00
0.000000000000000000e+00
0.000000000000000000e+00
0.000000000000000000e+00
0.000000000000000000e+00
3.125000000000000000e-02
0.000000000000000000e+00
0.000000000000000000e+00
0.000000000000000000e+00
0.000000000000000000e+00
0.000000000000000000e+00
0.000000000000000000e+00
2.816901408450704289e-02
0.000000000000000000e+00
1.685393258426966245e-02
2.894356005788711796e-03
0.000000000000000000e+00
1.461988304093567170e-02
2.879078694817658463e-03
0.000000000000000000e+00
0.000000000000000000e+00
5.555555555555555247e-02
8.620689655172413673e-03
0.000000000000000000e+00
2.607076350093109722e-03
0.000000000000000000e+00
2.624671916010498651e-03
5.952380952380952051e-03
0.000000000000000000e+00
0.000000000000000000e+00
1.000000000000000021e-02
0.000000000000000000e+00
0.000000000000000000e+00
0.000000000000000000e+00
0.000000000000000000e+00
0.000000000000000000e+00
0.000000000000000000e+00
7.194244604316547137e-03
2.399999999999999911e-01
6.802721088435373896e-03
3.254678600488201696e-03
6.517690875232774739e-03
6.464124111182934515e-04
0.000000000000000000e+00
0.000000000000000000e+00
3.333333333333333148e-01
0.000000000000000000e+00
0.000000000000000000e+00
0.000000000000000000e+00
0.000000000000000000e+00
0.000000000000000000e+00
2.586206896551724102e-02
0.000000000000000000e+00
0.000000000000000000e+00
0.000000000000000000e+00
1.612903225806451568e-02
5.714285714285714107e-02
2.362204724409448786e-03
0.000000000000000000e+00
1.967729240456513300e-03
4.395604395604395948e-02
0.000000000000000000e+00
0.000000000000000000e+00
0.000000000000000000e+00
1.121076233183856486e-03
0.000000000000000000e+00
2.531645569620253212e-03
2.500000000000000139e-02
0.000000000000000000e+00
3.301886792452830149e-02
1.680672268907562952e-02
3.614457831325301306e-03
0.000000000000000000e+00
0.000000000000000000e+00
3.532320734722712609e-03
5.000000000000000000e-01
0.000000000000000000e+00
0.000000000000000000e+00
0.000000000000000000e+00
0.000000000000000000e+00
0.000000000000000000e+00
0.000000000000000000e+00
5.952380952380952051e-03
0.000000000000000000e+00
0.000000000000000000e+00
0.000000000000000000e+00
0.000000000000000000e+00
0.000000000000000000e+00
2.209944751381215378e-02
5.555555555555555768e-03
0.000000000000000000e+00
0.000000000000000000e+00
3.749999999999999861e-02
0.000000000000000000e+00
1.612903225806451568e-01
3.490401396160558532e-03
0.000000000000000000e+00
0.000000000000000000e+00
0.000000000000000000e+00
0.000000000000000000e+00
0.000000000000000000e+00
0.000000000000000000e+00
0.000000000000000000e+00
3.717472118959107741e-04
1.694915254237288130e-02
0.000000000000000000e+00
0.000000000000000000e+00
1.250000000000000000e-01
0.000000000000000000e+00
0.000000000000000000e+00
0.000000000000000000e+00
7.936507936507936067e-03
2.638522427440633152e-03
0.000000000000000000e+00
0.000000000000000000e+00
0.000000000000000000e+00
9.433962264150943036e-03
0.000000000000000000e+00
0.000000000000000000e+00
0.000000000000000000e+00
0.000000000000000000e+00
0.000000000000000000e+00
2.290076335877862593e-02
8.547008547008547868e-03
0.000000000000000000e+00
1.428571428571428492e-01
0.000000000000000000e+00
0.000000000000000000e+00
0.000000000000000000e+00
0.000000000000000000e+00
4.926108374384236509e-03
0.000000000000000000e+00
0.000000000000000000e+00
3.717472118959107633e-03
1.966292134831460620e-02
2.637130801687763600e-03
0.000000000000000000e+00
6.622516556291390723e-03
5.319148936170212637e-03
0.000000000000000000e+00
0.000000000000000000e+00
0.000000000000000000e+00
2.347417840375586907e-03
2.026342451874366905e-03
3.344481605351170509e-03
0.000000000000000000e+00
0.000000000000000000e+00
0.000000000000000000e+00
0.000000000000000000e+00
0.000000000000000000e+00
0.000000000000000000e+00
0.000000000000000000e+00
5.032350826743350533e-03
1.173708920187793367e-02
0.000000000000000000e+00
3.448275862068965469e-03
0.000000000000000000e+00
0.000000000000000000e+00
0.000000000000000000e+00
0.000000000000000000e+00
2.680965147453083161e-02
2.652519893899204107e-03
0.000000000000000000e+00
0.000000000000000000e+00
0.000000000000000000e+00
0.000000000000000000e+00
1.960784313725490169e-02
7.017543859649122938e-03
0.000000000000000000e+00
0.000000000000000000e+00
4.166666666666666435e-02
8.333333333333332871e-02
1.090512540894220334e-03
0.000000000000000000e+00
6.666666666666666297e-01
9.090909090909091161e-02
0.000000000000000000e+00
0.000000000000000000e+00
0.000000000000000000e+00
0.000000000000000000e+00
0.000000000000000000e+00
2.000000000000000111e-01
5.999999999999999778e-01
0.000000000000000000e+00
0.000000000000000000e+00
0.000000000000000000e+00
0.000000000000000000e+00
0.000000000000000000e+00
0.000000000000000000e+00
4.050405040504050612e-03
1.990049751243780970e-03
0.000000000000000000e+00
4.464285714285714038e-03
2.412868632707774671e-02
2.702702702702702853e-02
0.000000000000000000e+00
2.624671916010498651e-03
0.000000000000000000e+00
0.000000000000000000e+00
0.000000000000000000e+00
0.000000000000000000e+00
0.000000000000000000e+00
0.000000000000000000e+00
0.000000000000000000e+00
1.506024096385542160e-02
2.349869451697127881e-02
2.469135802469135665e-02
2.222222222222222099e-01
2.500000000000000000e-01
1.262626262626262734e-03
0.000000000000000000e+00
0.000000000000000000e+00
0.000000000000000000e+00
0.000000000000000000e+00
1.052631578947368397e-02
1.788908765652951708e-03
5.263157894736841813e-02
1.892744479495268167e-03
0.000000000000000000e+00
2.541296060991105575e-03
4.608294930875576033e-03
7.142857142857142634e-03
1.639344262295082053e-02
0.000000000000000000e+00
3.333333333333333148e-01
3.935458480913026167e-04
0.000000000000000000e+00
5.076142131979695035e-03
0.000000000000000000e+00
6.451612903225806446e-03
0.000000000000000000e+00
0.000000000000000000e+00
7.251631617113850825e-04
0.000000000000000000e+00
1.575299306868304912e-03
0.000000000000000000e+00
0.000000000000000000e+00
0.000000000000000000e+00
1.000000000000000000e+00
0.000000000000000000e+00
4.680187207488299694e-03
1.666666666666666644e-02
0.000000000000000000e+00
0.000000000000000000e+00
2.399999999999999911e-01
0.000000000000000000e+00
0.000000000000000000e+00
3.333333333333333148e-01
0.000000000000000000e+00
0.000000000000000000e+00
0.000000000000000000e+00
3.076923076923077094e-01
0.000000000000000000e+00
0.000000000000000000e+00
0.000000000000000000e+00
1.111111111111111049e-01
3.257328990228013175e-04
0.000000000000000000e+00
4.285714285714285754e-02
0.000000000000000000e+00
4.694835680751173815e-03
2.890173410404624135e-03
0.000000000000000000e+00
0.000000000000000000e+00
0.000000000000000000e+00
0.000000000000000000e+00
4.504504504504504465e-03
0.000000000000000000e+00
0.000000000000000000e+00
0.000000000000000000e+00
9.009009009009008931e-03
4.237288135593220324e-03
2.449265220433869891e-03
3.225806451612903136e-02
0.000000000000000000e+00
0.000000000000000000e+00
0.000000000000000000e+00
0.000000000000000000e+00
0.000000000000000000e+00
0.000000000000000000e+00
1.224739742804654020e-03
0.000000000000000000e+00
0.000000000000000000e+00
1.937984496124030981e-03
0.000000000000000000e+00
0.000000000000000000e+00
0.000000000000000000e+00
0.000000000000000000e+00
0.000000000000000000e+00
1.104972375690607689e-02
0.000000000000000000e+00
0.000000000000000000e+00
0.000000000000000000e+00
3.750000000000000000e-01
5.542359461599366544e-03
0.000000000000000000e+00
0.000000000000000000e+00
6.734006734006733712e-03
0.000000000000000000e+00
3.458213256484149803e-03
0.000000000000000000e+00
0.000000000000000000e+00
4.685408299866131339e-03
0.000000000000000000e+00
0.000000000000000000e+00
4.784688995215310818e-03
2.898550724637681195e-02
3.448275862068965469e-02
0.000000000000000000e+00
1.593625498007968100e-02
0.000000000000000000e+00
4.149377593360995854e-03
2.666666666666666838e-02
0.000000000000000000e+00
0.000000000000000000e+00
0.000000000000000000e+00
2.061855670103092744e-02
6.944444444444444059e-03
0.000000000000000000e+00
0.000000000000000000e+00
0.000000000000000000e+00
0.000000000000000000e+00
0.000000000000000000e+00
0.000000000000000000e+00
5.263157894736841813e-02
2.000000000000000042e-02
2.325581395348837177e-02
3.125000000000000000e-02
0.000000000000000000e+00
0.000000000000000000e+00
0.000000000000000000e+00
0.000000000000000000e+00
5.434782608695652023e-03
0.000000000000000000e+00
0.000000000000000000e+00
0.000000000000000000e+00
2.689618074233458746e-03
0.000000000000000000e+00
0.000000000000000000e+00
0.000000000000000000e+00
2.516514627241270719e-03
0.000000000000000000e+00
0.000000000000000000e+00
0.000000000000000000e+00
6.666666666666666574e-02
0.000000000000000000e+00
1.666666666666666574e-01
8.620689655172413673e-03
3.507541213609259708e-04
0.000000000000000000e+00
0.000000000000000000e+00
6.024096385542168988e-03
2.732240437158469856e-02
1.145662847790507310e-02
2.621919244887257507e-03
1.834862385321101019e-02
0.000000000000000000e+00
1.282051282051282007e-02
0.000000000000000000e+00
0.000000000000000000e+00
4.151100041511000382e-04
8.130081300813008990e-03
0.000000000000000000e+00
1.000000000000000000e+00
0.000000000000000000e+00
0.000000000000000000e+00
0.000000000000000000e+00
1.538461538461538547e-02
3.100775193798449569e-02
4.396984924623115534e-03
2.387267904509283653e-02
0.000000000000000000e+00
0.000000000000000000e+00
0.000000000000000000e+00
4.140786749482401954e-03
0.000000000000000000e+00
0.000000000000000000e+00
1.250000000000000000e-01
0.000000000000000000e+00
0.000000000000000000e+00
0.000000000000000000e+00
0.000000000000000000e+00
0.000000000000000000e+00
5.000000000000000000e-01
0.000000000000000000e+00
1.666666666666666574e-01
6.289308176100629269e-03
3.333333333333333148e-01
0.000000000000000000e+00
3.816793893129770843e-03
0.000000000000000000e+00
0.000000000000000000e+00
7.142857142857142461e-02
8.714596949891068381e-03
0.000000000000000000e+00
1.000000000000000021e-02
0.000000000000000000e+00
0.000000000000000000e+00
0.000000000000000000e+00
0.000000000000000000e+00
0.000000000000000000e+00
0.000000000000000000e+00
6.784260515603798662e-04
1.798561151079136784e-03
0.000000000000000000e+00
1.089918256130790152e-02
0.000000000000000000e+00
5.076142131979695035e-03
4.477611940298507204e-02
0.000000000000000000e+00
0.000000000000000000e+00
0.000000000000000000e+00
0.000000000000000000e+00
5.414185165132647318e-03
0.000000000000000000e+00
0.000000000000000000e+00
0.000000000000000000e+00
4.000000000000000083e-02
1.045296167247386759e-03
3.816793893129770843e-03
6.369426751592357008e-03
0.000000000000000000e+00
0.000000000000000000e+00
1.101928374655647414e-02
0.000000000000000000e+00
2.459016393442622905e-02
0.000000000000000000e+00
2.857142857142856984e-01
0.000000000000000000e+00
6.060606060606060774e-02
2.631578947368420907e-02
3.900156006240249745e-04
0.000000000000000000e+00
0.000000000000000000e+00
0.000000000000000000e+00
2.038735983690112292e-03
1.818181818181818232e-01
0.000000000000000000e+00
0.000000000000000000e+00
2.851711026615969674e-03
0.000000000000000000e+00
0.000000000000000000e+00
1.843317972350230413e-02
0.000000000000000000e+00
0.000000000000000000e+00
9.090909090909090468e-03
0.000000000000000000e+00
0.000000000000000000e+00
4.084411164057181499e-03
0.000000000000000000e+00
0.000000000000000000e+00
0.000000000000000000e+00
6.468305304010349812e-04
0.000000000000000000e+00
2.126151665485471152e-03
0.000000000000000000e+00
9.904258831297458373e-04
0.000000000000000000e+00
0.000000000000000000e+00
0.000000000000000000e+00
2.257336343115123965e-03
0.000000000000000000e+00
0.000000000000000000e+00
0.000000000000000000e+00
0.000000000000000000e+00
0.000000000000000000e+00
0.000000000000000000e+00
5.000000000000000104e-03
1.363636363636363535e-01
2.272727272727272790e-02
0.000000000000000000e+00
1.428571428571428492e-01
0.000000000000000000e+00
0.000000000000000000e+00
0.000000000000000000e+00
0.000000000000000000e+00
2.403846153846153980e-02
0.000000000000000000e+00
0.000000000000000000e+00
0.000000000000000000e+00
2.638522427440633325e-02
0.000000000000000000e+00
0.000000000000000000e+00
0.000000000000000000e+00
0.000000000000000000e+00
0.000000000000000000e+00
7.125890736342043071e-03
7.042253521126760722e-03
0.000000000000000000e+00
3.023431594860166369e-03
0.000000000000000000e+00
3.333333333333333148e-01
2.624671916010498651e-03
0.000000000000000000e+00
1.075268817204301161e-02
0.000000000000000000e+00
0.000000000000000000e+00
0.000000000000000000e+00
0.000000000000000000e+00
9.523809523809523281e-02
0.000000000000000000e+00
2.545824847250509251e-03
0.000000000000000000e+00
0.000000000000000000e+00
4.545454545454545581e-02
0.000000000000000000e+00
1.052631578947368363e-01
4.278074866310160179e-02
0.000000000000000000e+00
4.950495049504950555e-03
0.000000000000000000e+00
3.451251078515962193e-03
0.000000000000000000e+00
0.000000000000000000e+00
0.000000000000000000e+00
0.000000000000000000e+00
4.278074866310160179e-02
0.000000000000000000e+00
0.000000000000000000e+00
2.277904328018223127e-03
0.000000000000000000e+00
9.009009009009008931e-03
0.000000000000000000e+00
1.212121212121212120e-02
7.518796992481202590e-03
0.000000000000000000e+00
0.000000000000000000e+00
0.000000000000000000e+00
2.777777777777777624e-02
0.000000000000000000e+00
0.000000000000000000e+00
3.608805485384337843e-03
0.000000000000000000e+00
0.000000000000000000e+00
0.000000000000000000e+00
8.163265306122448328e-02
0.000000000000000000e+00
3.906250000000000000e-03
0.000000000000000000e+00
0.000000000000000000e+00
0.000000000000000000e+00
0.000000000000000000e+00
0.000000000000000000e+00
0.000000000000000000e+00
2.743902439024390252e-02
0.000000000000000000e+00
0.000000000000000000e+00
0.000000000000000000e+00
1.219512195121951262e-02
0.000000000000000000e+00
0.000000000000000000e+00
0.000000000000000000e+00
1.408450704225352144e-02
0.000000000000000000e+00
9.090909090909091161e-02
0.000000000000000000e+00
0.000000000000000000e+00
0.000000000000000000e+00
0.000000000000000000e+00
1.779992880028479982e-03
1.917808219178082293e-02
0.000000000000000000e+00
1.804123711340206021e-02
1.230012300123001267e-03
0.000000000000000000e+00
0.000000000000000000e+00
2.645502645502645356e-02
4.000000000000000083e-02
0.000000000000000000e+00
0.000000000000000000e+00
0.000000000000000000e+00
6.027727546714888723e-03
0.000000000000000000e+00
0.000000000000000000e+00
0.000000000000000000e+00
0.000000000000000000e+00
2.000000000000000111e-01
0.000000000000000000e+00
0.000000000000000000e+00
6.060606060606060774e-02
0.000000000000000000e+00
0.000000000000000000e+00
0.000000000000000000e+00
3.123048094940661899e-03
0.000000000000000000e+00
0.000000000000000000e+00
6.622516556291390723e-03
0.000000000000000000e+00
0.000000000000000000e+00
3.267973856209150426e-03
0.000000000000000000e+00
1.877934272300469439e-03
0.000000000000000000e+00
7.092198581560283516e-03
0.000000000000000000e+00
0.000000000000000000e+00
0.000000000000000000e+00
5.128205128205128201e-03
3.846153846153846367e-02
0.000000000000000000e+00
5.504587155963303058e-02
2.247191011235954994e-02
3.225806451612903136e-02
1.649076517150395828e-03
0.000000000000000000e+00
2.710027100271002881e-02
1.111111111111111049e-01
2.354788069073783172e-03
3.125000000000000000e-02
0.000000000000000000e+00
1.307189542483660170e-02
2.883691124639538566e-03
0.000000000000000000e+00
8.274231678486997435e-03
7.142857142857142461e-02
0.000000000000000000e+00
4.382120946538124555e-03
0.000000000000000000e+00
0.000000000000000000e+00
1.774098166765227707e-03
0.000000000000000000e+00
1.000000000000000056e-01
8.583690987124463056e-04
4.545454545454545581e-02
0.000000000000000000e+00
8.119079837618402989e-03
5.000000000000000000e-01
0.000000000000000000e+00
0.000000000000000000e+00
0.000000000000000000e+00
0.000000000000000000e+00
0.000000000000000000e+00
1.161440185830429732e-03
0.000000000000000000e+00
0.000000000000000000e+00
5.882352941176470507e-02
0.000000000000000000e+00
8.752735229759299462e-03
0.000000000000000000e+00
0.000000000000000000e+00
0.000000000000000000e+00
0.000000000000000000e+00
0.000000000000000000e+00
0.000000000000000000e+00
0.000000000000000000e+00
2.332361516034985385e-03
9.090909090909090468e-03
4.566210045662100203e-03
4.559270516717324993e-03
0.000000000000000000e+00
1.388888888888888812e-02
0.000000000000000000e+00
0.000000000000000000e+00
0.000000000000000000e+00
9.090909090909091161e-02
0.000000000000000000e+00
1.078360891445003531e-03
1.000000000000000056e-01
1.176470588235294101e-02
3.846153846153846367e-02
0.000000000000000000e+00
5.479452054794520591e-03
2.395619438740588438e-03
0.000000000000000000e+00
0.000000000000000000e+00
0.000000000000000000e+00
0.000000000000000000e+00
6.849315068493150305e-03
1.694915254237288130e-02
1.000000000000000000e+00
2.816901408450704289e-02
0.000000000000000000e+00
0.000000000000000000e+00
4.317323259579061018e-03
0.000000000000000000e+00
0.000000000000000000e+00
8.746355685131195629e-03
2.127659574468085055e-02
0.000000000000000000e+00
0.000000000000000000e+00
2.272727272727272790e-02
1.181102362204724393e-02
0.000000000000000000e+00
0.000000000000000000e+00
0.000000000000000000e+00
3.125000000000000000e-02
2.294893861158921189e-03
0.000000000000000000e+00
3.269754768392370715e-03
2.986065029860650397e-03
0.000000000000000000e+00
8.686210640608035133e-03
3.021148036253776432e-03
0.000000000000000000e+00
1.886792452830188607e-02
1.666666666666666574e-01
6.315789473684210384e-03
1.398601398601398600e-02
4.120879120879120984e-03
0.000000000000000000e+00
0.000000000000000000e+00
2.777777777777777624e-02
4.470938897168405361e-03
3.225806451612903223e-03
1.562500000000000000e-02
9.319664492078284877e-04
9.090909090909091161e-02
2.941176470588235253e-02
0.000000000000000000e+00
0.000000000000000000e+00
7.567567567567567467e-03
0.000000000000000000e+00
2.325581395348837177e-02
1.282051282051282007e-02
7.947019867549668867e-03
3.061224489795918297e-02
4.761904761904761640e-02
0.000000000000000000e+00
1.311475409836065573e-02
5.000000000000000000e-01
1.829268292682926719e-02
2.967359050445103966e-03
1.123595505617977497e-02
0.000000000000000000e+00
0.000000000000000000e+00
0.000000000000000000e+00
0.000000000000000000e+00
4.608294930875576033e-03
1.751313485113835389e-03
0.000000000000000000e+00
0.000000000000000000e+00
7.194244604316547137e-03
0.000000000000000000e+00
2.500000000000000139e-02
0.000000000000000000e+00
1.268633047890897541e-03
0.000000000000000000e+00
5.633802816901408578e-02
1.142857142857142856e-02
0.000000000000000000e+00
0.000000000000000000e+00
0.000000000000000000e+00
2.803738317757009310e-02
0.000000000000000000e+00
0.000000000000000000e+00
0.000000000000000000e+00
0.000000000000000000e+00
0.000000000000000000e+00
2.332361516034985385e-02
6.976744186046511531e-03
4.055150040551500079e-03
0.000000000000000000e+00
7.832898172323759026e-03
0.000000000000000000e+00
0.000000000000000000e+00
1.532958610117526876e-03
6.666666666666666574e-02
9.090909090909091161e-02
0.000000000000000000e+00
3.191489361702127409e-02
0.000000000000000000e+00
6.321112515802780954e-03
0.000000000000000000e+00
0.000000000000000000e+00
9.433962264150943036e-03
2.061855670103092744e-02
0.000000000000000000e+00
0.000000000000000000e+00
1.612903225806451568e-02
0.000000000000000000e+00
1.189060642092746624e-03
2.734375000000000000e-02
2.803738317757009310e-02
1.542416452442159358e-02
0.000000000000000000e+00
6.284367635506677569e-03
0.000000000000000000e+00
1.734104046242774394e-02
0.000000000000000000e+00
4.268292682926829590e-02
0.000000000000000000e+00
1.000000000000000000e+00
1.612903225806451568e-02
0.000000000000000000e+00
3.987240829346092204e-03
0.000000000000000000e+00
0.000000000000000000e+00
0.000000000000000000e+00
1.495327102803738250e-03
0.000000000000000000e+00
0.000000000000000000e+00
0.000000000000000000e+00
0.000000000000000000e+00
0.000000000000000000e+00
3.333333333333333148e-01
0.000000000000000000e+00
4.126547455295735516e-03
5.882352941176470507e-02
0.000000000000000000e+00
3.355704697986577108e-03
7.692307692307692735e-03
0.000000000000000000e+00
2.380952380952380820e-02
0.000000000000000000e+00
1.860465116279069742e-02
4.000000000000000222e-01
0.000000000000000000e+00
0.000000000000000000e+00
0.000000000000000000e+00
0.000000000000000000e+00
8.578431372549020356e-03
1.828153564899451548e-03
0.000000000000000000e+00
7.692307692307692735e-02
0.000000000000000000e+00
0.000000000000000000e+00
0.000000000000000000e+00
0.000000000000000000e+00
0.000000000000000000e+00
3.144654088050314635e-03
1.515151515151515194e-02
3.125000000000000000e-02
2.580645161290322578e-02
2.818489289740698858e-03
1.250000000000000000e-01
0.000000000000000000e+00
0.000000000000000000e+00
1.250000000000000000e-01
0.000000000000000000e+00
1.088139281828074019e-03
0.000000000000000000e+00
0.000000000000000000e+00
0.000000000000000000e+00
0.000000000000000000e+00
0.000000000000000000e+00
0.000000000000000000e+00
2.631578947368420907e-02
4.651162790697674354e-02
0.000000000000000000e+00
3.257328990228013175e-03
2.400000000000000050e-02
2.747252747252747207e-02
0.000000000000000000e+00
0.000000000000000000e+00
1.001669449081802948e-03
2.656042496679946689e-03
0.000000000000000000e+00
6.250000000000000347e-03
0.000000000000000000e+00
0.000000000000000000e+00
3.750000000000000000e-01
6.359300476947535741e-04
0.000000000000000000e+00
1.194539249146757756e-02
6.410256410256410034e-03
9.360374414976599389e-03
0.000000000000000000e+00
3.636363636363636187e-02
2.702702702702702853e-02
7.894736842105262720e-02
0.000000000000000000e+00
1.000000000000000000e+00
0.000000000000000000e+00
0.000000000000000000e+00
7.874015748031495954e-03
1.265822784810126563e-02
0.000000000000000000e+00
2.500000000000000139e-02
0.000000000000000000e+00
2.058823529411764608e-01
0.000000000000000000e+00
2.912621359223301065e-02
3.189792663476874023e-03
1.612903225806451568e-02
0.000000000000000000e+00
0.000000000000000000e+00
0.000000000000000000e+00
0.000000000000000000e+00
0.000000000000000000e+00
0.000000000000000000e+00
1.533742331288343551e-02
0.000000000000000000e+00
0.000000000000000000e+00
0.000000000000000000e+00
2.320185614849187838e-03
3.908158280410356511e-03
0.000000000000000000e+00
0.000000000000000000e+00
9.419152276295132686e-03
0.000000000000000000e+00
0.000000000000000000e+00
8.051529790660224770e-03
0.000000000000000000e+00
0.000000000000000000e+00
0.000000000000000000e+00
1.398601398601398600e-02
0.000000000000000000e+00
1.972386587771203254e-03
0.000000000000000000e+00
0.000000000000000000e+00
0.000000000000000000e+00
0.000000000000000000e+00
0.000000000000000000e+00
3.508771929824561209e-02
1.000000000000000000e+00
0.000000000000000000e+00
0.000000000000000000e+00
0.000000000000000000e+00
0.000000000000000000e+00
0.000000000000000000e+00
0.000000000000000000e+00
1.428571428571428492e-01
0.000000000000000000e+00
1.079136690647482071e-02
0.000000000000000000e+00
6.944444444444444753e-02
0.000000000000000000e+00
0.000000000000000000e+00
1.000000000000000021e-02
