9.989330172538757324e-01
9.934635758399963379e-01
9.851856231689453125e-01
9.938794374465942383e-01
9.973049759864807129e-01
9.634947180747985840e-01
9.921848177909851074e-01
9.459878206253051758e-01
9.849448800086975098e-01
9.976682066917419434e-01
9.836369156837463379e-01
9.992417097091674805e-01
9.962401390075683594e-01
9.974770545959472656e-01
9.629407525062561035e-01
9.871072769165039062e-01
9.989858865737915039e-01
9.979382157325744629e-01
9.980055093765258789e-01
9.723370671272277832e-01
9.998244643211364746e-01
9.820165634155273438e-01
9.971650838851928711e-01
9.995241165161132812e-01
9.997821450233459473e-01
9.946535229682922363e-01
9.869863390922546387e-01
9.958707094192504883e-01
9.997247457504272461e-01
9.993275403976440430e-01
9.944865107536315918e-01
9.975729584693908691e-01
9.981783032417297363e-01
9.891514182090759277e-01
9.959219694137573242e-01
9.980234503746032715e-01
9.967501759529113770e-01
9.967284202575683594e-01
9.936589002609252930e-01
9.966674447059631348e-01
9.953104257583618164e-01
9.967619776725769043e-01
9.974567890167236328e-01
9.962390661239624023e-01
9.982179999351501465e-01
9.999596476554870605e-01
9.961743354797363281e-01
9.003471732139587402e-01
9.996607303619384766e-01
9.409711956977844238e-01
9.856972098350524902e-01
9.908823966979980469e-01
9.865200519561767578e-01
9.957077503204345703e-01
9.998157620429992676e-01
9.940027594566345215e-01
9.983129501342773438e-01
9.970402121543884277e-01
9.952700138092041016e-01
9.993948936462402344e-01
9.839691519737243652e-01
9.741588234901428223e-01
9.969705343246459961e-01
9.990723729133605957e-01
9.988715648651123047e-01
9.926881790161132812e-01
9.930179715156555176e-01
9.990403056144714355e-01
9.999021887779235840e-01
9.513602256774902344e-01
9.907429814338684082e-01
9.950410127639770508e-01
9.975203275680541992e-01
9.846314787864685059e-01
9.748943448066711426e-01
9.846163988113403320e-01
9.924315810203552246e-01
9.985078573226928711e-01
9.977582693099975586e-01
9.999656081199645996e-01
9.907900691032409668e-01
9.899284243583679199e-01
9.914052486419677734e-01
9.993315339088439941e-01
9.984535574913024902e-01
9.895930290222167969e-01
9.989385604858398438e-01
9.760429263114929199e-01
9.936442375183105469e-01
9.944392442703247070e-01
9.972482919692993164e-01
9.896757006645202637e-01
9.983072876930236816e-01
9.989873766899108887e-01
9.310122132301330566e-01
9.867286086082458496e-01
9.968649744987487793e-01
9.984702467918395996e-01
9.980161190032958984e-01
9.979049563407897949e-01
9.020259976387023926e-01
9.961764812469482422e-01
9.864165782928466797e-01
9.971281290054321289e-01
9.997006058692932129e-01
9.981936216354370117e-01
9.979187250137329102e-01
9.834955930709838867e-01
9.982002973556518555e-01
9.952998757362365723e-01
9.995769262313842773e-01
9.894734025001525879e-01
9.783137440681457520e-01
9.855059385299682617e-01
9.949195981025695801e-01
9.935418367385864258e-01
9.888851046562194824e-01
9.917600154876708984e-01
9.955420494079589844e-01
9.998036623001098633e-01
9.980190992355346680e-01
9.942279458045959473e-01
9.977895021438598633e-01
9.972848296165466309e-01
9.979302883148193359e-01
9.843438863754272461e-01
9.210194349288940430e-01
9.891126155853271484e-01
9.995934367179870605e-01
9.993457198143005371e-01
9.983031153678894043e-01
9.936231970787048340e-01
9.980369210243225098e-01
9.975224733352661133e-01
9.987257719039916992e-01
9.962694644927978516e-01
9.924942851066589355e-01
9.957165122032165527e-01
9.990588426589965820e-01
9.977563023567199707e-01
9.943399429321289062e-01
9.999349713325500488e-01
9.977003335952758789e-01
9.996900558471679688e-01
9.944240450859069824e-01
9.950013756752014160e-01
9.882614016532897949e-01
9.981048703193664551e-01
9.951881766319274902e-01
9.835013151168823242e-01
9.707044959068298340e-01
9.965786933898925781e-01
9.991323351860046387e-01
9.892700910568237305e-01
9.846298694610595703e-01
9.951306581497192383e-01
9.967846274375915527e-01
9.965945482254028320e-01
9.958408474922180176e-01
9.999865889549255371e-01
9.964706301689147949e-01
9.982995390892028809e-01
9.203414916992187500e-01
9.809947013854980469e-01
9.977759718894958496e-01
9.798588156700134277e-01
9.975904822349548340e-01
9.399313926696777344e-01
9.963121414184570312e-01
9.985095262527465820e-01
9.919413328170776367e-01
9.996678233146667480e-01
9.993939995765686035e-01
9.916821718215942383e-01
9.899556636810302734e-01
9.931171536445617676e-01
9.973356723785400391e-01
9.968802928924560547e-01
9.993743896484375000e-01
9.959115982055664062e-01
9.954439997673034668e-01
9.849122762680053711e-01
9.973741769790649414e-01
9.706693291664123535e-01
9.969400763511657715e-01
9.861866235733032227e-01
9.746812582015991211e-01
9.895507693290710449e-01
9.995231032371520996e-01
9.969599843025207520e-01
9.849572777748107910e-01
9.945947527885437012e-01
9.681851863861083984e-01
9.788934588432312012e-01
9.884259700775146484e-01
9.996576905250549316e-01
9.983319640159606934e-01
9.984396100044250488e-01
9.946539402008056641e-01
9.976342320442199707e-01
9.973412156105041504e-01
9.982154965400695801e-01
9.984535574913024902e-01
9.942126870155334473e-01
9.941690564155578613e-01
9.985546469688415527e-01
9.954832196235656738e-01
9.984187483787536621e-01
9.977834820747375488e-01
9.955610632896423340e-01
9.978246688842773438e-01
9.890219569206237793e-01
9.947109818458557129e-01
9.956731200218200684e-01
9.927021265029907227e-01
9.780606031417846680e-01
9.969682693481445312e-01
9.981213808059692383e-01
9.972633719444274902e-01
9.937722086906433105e-01
9.880348443984985352e-01
9.847143292427062988e-01
9.997622966766357422e-01
9.951128363609313965e-01
9.943965673446655273e-01
9.930101037025451660e-01
9.950817227363586426e-01
9.965867400169372559e-01
9.975016713142395020e-01
9.994633197784423828e-01
9.926031231880187988e-01
9.845148324966430664e-01
9.962892532348632812e-01
9.952227473258972168e-01
9.786022305488586426e-01
8.736299276351928711e-01
9.784086346626281738e-01
9.913032054901123047e-01
9.810559749603271484e-01
9.854443073272705078e-01
9.977096319198608398e-01
9.977708458900451660e-01
9.999458193778991699e-01
9.665060639381408691e-01
9.778257012367248535e-01
9.982051253318786621e-01
9.947369694709777832e-01
9.874153137207031250e-01
9.937370419502258301e-01
9.974196553230285645e-01
9.907153248786926270e-01
9.953519105911254883e-01
9.916514158248901367e-01
9.983476996421813965e-01
9.766924977302551270e-01
9.913711547851562500e-01
9.973988533020019531e-01
9.972238540649414062e-01
9.994377493858337402e-01
9.903503060340881348e-01
9.881592988967895508e-01
9.372972249984741211e-01
9.996421933174133301e-01
9.769634604454040527e-01
8.488914370536804199e-01
9.993554353713989258e-01
9.849498271942138672e-01
9.931203722953796387e-01
9.993985295295715332e-01
9.981583356857299805e-01
9.654051065444946289e-01
9.958622455596923828e-01
9.966492652893066406e-01
9.981369972229003906e-01
9.884981513023376465e-01
9.983715415000915527e-01
9.969130158424377441e-01
9.840748906135559082e-01
9.963731169700622559e-01
9.926555752754211426e-01
9.956991076469421387e-01
9.942351579666137695e-01
9.913908243179321289e-01
9.994601607322692871e-01
9.982436895370483398e-01
9.728736877441406250e-01
9.981173276901245117e-01
9.872823953628540039e-01
9.946078062057495117e-01
9.677573442459106445e-01
9.963765740394592285e-01
9.995025396347045898e-01
9.971980452537536621e-01
9.982286691665649414e-01
9.987947940826416016e-01
9.955604672431945801e-01
9.902877807617187500e-01
9.967433214187622070e-01
9.993624091148376465e-01
9.982807636260986328e-01
9.929037094116210938e-01
9.814053177833557129e-01
9.937444329261779785e-01
9.722442030906677246e-01
9.991544485092163086e-01
9.556363821029663086e-01
9.959980845451354980e-01
9.868385195732116699e-01
9.918436408042907715e-01
9.932679533958435059e-01
9.835891127586364746e-01
9.623250961303710938e-01
9.888880848884582520e-01
9.850142598152160645e-01
9.948733448982238770e-01
9.987272620201110840e-01
9.969040155410766602e-01
9.997370839118957520e-01
9.977953433990478516e-01
9.987679123878479004e-01
9.885700345039367676e-01
9.849375486373901367e-01
9.997979998588562012e-01
9.995298385620117188e-01
9.240756630897521973e-01
9.933204054832458496e-01
9.955366849899291992e-01
9.928211569786071777e-01
9.986429214477539062e-01
9.905102849006652832e-01
9.992895126342773438e-01
9.539831280708312988e-01
9.915555119514465332e-01
9.721900820732116699e-01
9.993770718574523926e-01
9.947876930236816406e-01
9.976896047592163086e-01
9.956261515617370605e-01
9.990237951278686523e-01
9.887989163398742676e-01
9.998463988304138184e-01
9.985488653182983398e-01
9.664042592048645020e-01
9.803486466407775879e-01
9.640046954154968262e-01
9.935925602912902832e-01
9.907240271568298340e-01
8.602937459945678711e-01
9.959579110145568848e-01
9.974884986877441406e-01
9.736843109130859375e-01
9.929527044296264648e-01
9.987642168998718262e-01
9.959220290184020996e-01
9.967594146728515625e-01
9.948852658271789551e-01
8.970685601234436035e-01
9.992562532424926758e-01
9.992980957031250000e-01
9.873688817024230957e-01
9.922012090682983398e-01
9.976637959480285645e-01
9.661836028099060059e-01
9.844838976860046387e-01
9.970506429672241211e-01
9.989448189735412598e-01
9.878997802734375000e-01
9.998573064804077148e-01
9.843657612800598145e-01
9.960052371025085449e-01
9.999192357063293457e-01
9.892654418945312500e-01
9.993470311164855957e-01
9.965823292732238770e-01
9.987235069274902344e-01
9.975435733795166016e-01
9.953424334526062012e-01
9.985551834106445312e-01
9.983323216438293457e-01
9.998208880424499512e-01
9.951704740524291992e-01
9.981245994567871094e-01
9.989717006683349609e-01
9.885634779930114746e-01
9.991381764411926270e-01
9.904066920280456543e-01
9.958840608596801758e-01
9.971050620079040527e-01
9.986811876296997070e-01
9.677712321281433105e-01
9.931032061576843262e-01
9.838367700576782227e-01
9.873121976852416992e-01
9.990158677101135254e-01
9.877659082412719727e-01
9.983726739883422852e-01
9.969862699508666992e-01
9.955979585647583008e-01
9.985128045082092285e-01
9.554126858711242676e-01
9.872396588325500488e-01
9.673790931701660156e-01
9.997256994247436523e-01
9.959274530410766602e-01
9.911754727363586426e-01
9.805088639259338379e-01
9.948515892028808594e-01
9.926190972328186035e-01
9.903488755226135254e-01
9.993960261344909668e-01
9.930019378662109375e-01
9.953548908233642578e-01
9.965412616729736328e-01
9.973171353340148926e-01
9.859625697135925293e-01
9.913638830184936523e-01
9.867043495178222656e-01
9.989346265792846680e-01
9.952425360679626465e-01
9.932392835617065430e-01
9.691573977470397949e-01
9.956365227699279785e-01
9.788975715637207031e-01
9.980086088180541992e-01
9.984139204025268555e-01
9.986546039581298828e-01
9.963660836219787598e-01
9.987117648124694824e-01
9.967440366744995117e-01
9.897641539573669434e-01
9.659655094146728516e-01
9.976173639297485352e-01
9.978898167610168457e-01
9.978890419006347656e-01
9.968351721763610840e-01
9.975951910018920898e-01
9.933319687843322754e-01
9.966384768486022949e-01
9.971761107444763184e-01
9.817901849746704102e-01
9.980859160423278809e-01
9.921342730522155762e-01
9.976977705955505371e-01
9.940300583839416504e-01
9.973321557044982910e-01
9.956076145172119141e-01
9.999342560768127441e-01
9.743273854255676270e-01
9.870614409446716309e-01
9.706754088401794434e-01
9.961787462234497070e-01
9.965735673904418945e-01
9.933575987815856934e-01
9.998322129249572754e-01
9.979802966117858887e-01
9.954320192337036133e-01
9.985721111297607422e-01
9.886919260025024414e-01
9.947047829627990723e-01
9.960501194000244141e-01
9.998369216918945312e-01
9.994150996208190918e-01
9.846477508544921875e-01
9.998365044593811035e-01
9.991542696952819824e-01
9.995093941688537598e-01
9.757801294326782227e-01
9.937983751296997070e-01
9.982807040214538574e-01
9.730222225189208984e-01
9.996518492698669434e-01
9.899120926856994629e-01
9.988914132118225098e-01
9.995779395103454590e-01
9.993297457695007324e-01
9.926256537437438965e-01
9.980769753456115723e-01
9.360079169273376465e-01
9.997690320014953613e-01
9.868543148040771484e-01
9.562052488327026367e-01
9.984359145164489746e-01
9.998097419738769531e-01
9.772658348083496094e-01
9.890267848968505859e-01
9.957374930381774902e-01
9.934574961662292480e-01
9.966148734092712402e-01
9.993032217025756836e-01
9.964041709899902344e-01
9.995061159133911133e-01
9.978027343750000000e-01
9.968284368515014648e-01
9.979967474937438965e-01
9.951772689819335938e-01
9.695158004760742188e-01
9.903942942619323730e-01
9.982998371124267578e-01
9.969758987426757812e-01
9.966121315956115723e-01
9.722878336906433105e-01
9.995093941688537598e-01
9.987179636955261230e-01
9.906578063964843750e-01
9.949716925621032715e-01
9.979987144470214844e-01
9.966203570365905762e-01
9.679107666015625000e-01
9.983716607093811035e-01
9.984785914421081543e-01
9.906529784202575684e-01
9.996912479400634766e-01
9.997072219848632812e-01
9.840137958526611328e-01
9.968391060829162598e-01
9.941177964210510254e-01
9.759732484817504883e-01
9.958921670913696289e-01
9.948940873146057129e-01
8.996042013168334961e-01
9.844382405281066895e-01
9.946749210357666016e-01
9.911834001541137695e-01
9.965749382972717285e-01
9.943272471427917480e-01
9.964848756790161133e-01
9.964867830276489258e-01
9.983651638031005859e-01
9.849959611892700195e-01
9.712297916412353516e-01
9.918368458747863770e-01
9.690375924110412598e-01
9.994304180145263672e-01
9.971786141395568848e-01
9.991647005081176758e-01
9.882310032844543457e-01
9.998699426651000977e-01
9.804992675781250000e-01
9.884371757507324219e-01
9.967526793479919434e-01
9.994463920593261719e-01
9.990305304527282715e-01
9.977562427520751953e-01
9.820769429206848145e-01
9.975523352622985840e-01
9.945101141929626465e-01
9.905796647071838379e-01
9.994904994964599609e-01
9.958227276802062988e-01
9.876905083656311035e-01
9.931492209434509277e-01
9.841961264610290527e-01
9.957538843154907227e-01
9.903252720832824707e-01
9.836044311523437500e-01
9.955764412879943848e-01
9.982222318649291992e-01
9.997443556785583496e-01
9.937779903411865234e-01
9.991934895515441895e-01
9.932011365890502930e-01
9.951150417327880859e-01
9.899699687957763672e-01
9.980344772338867188e-01
9.921773076057434082e-01
9.980187416076660156e-01
9.980518221855163574e-01
9.949331283569335938e-01
9.973556995391845703e-01
9.932339787483215332e-01
9.987006187438964844e-01
9.925839900970458984e-01
9.922820925712585449e-01
9.979518651962280273e-01
9.983893036842346191e-01
9.859122037887573242e-01
9.978985786437988281e-01
9.979268312454223633e-01
9.998609423637390137e-01
9.924661517143249512e-01
9.968751668930053711e-01
9.761612415313720703e-01
9.946224093437194824e-01
9.956871867179870605e-01
9.980828166007995605e-01
9.991006255149841309e-01
9.967061877250671387e-01
9.623655676841735840e-01
9.982572793960571289e-01
9.990399479866027832e-01
9.974138140678405762e-01
9.988787174224853516e-01
9.987862706184387207e-01
9.929624199867248535e-01
9.970428347587585449e-01
9.988788366317749023e-01
9.983236193656921387e-01
9.956950545310974121e-01
9.910983443260192871e-01
9.996554255485534668e-01
9.971265196800231934e-01
9.928703308105468750e-01
9.817094802856445312e-01
9.955580234527587891e-01
9.956092834472656250e-01
9.986956715583801270e-01
9.948996901512145996e-01
9.853251576423645020e-01
9.978633522987365723e-01
9.936789274215698242e-01
9.997096061706542969e-01
9.932625293731689453e-01
9.977636337280273438e-01
9.755289554595947266e-01
9.919105172157287598e-01
9.986989498138427734e-01
9.991995096206665039e-01
9.930018782615661621e-01
9.746233224868774414e-01
9.998796582221984863e-01
9.980499148368835449e-01
9.953509569168090820e-01
9.879405498504638672e-01
9.936035275459289551e-01
9.959097504615783691e-01
9.866907596588134766e-01
9.879906177520751953e-01
9.972193837165832520e-01
9.929475784301757812e-01
9.990709424018859863e-01
9.991446137428283691e-01
9.895498156547546387e-01
9.913308024406433105e-01
9.863211512565612793e-01
9.991322159767150879e-01
9.983302354812622070e-01
9.989876747131347656e-01
9.923687577247619629e-01
9.982528090476989746e-01
9.986228346824645996e-01
9.976207017898559570e-01
9.964700341224670410e-01
9.945045113563537598e-01
9.977043867111206055e-01
9.709912538528442383e-01
9.997555613517761230e-01
9.920993447303771973e-01
7.760050892829895020e-01
9.956914782524108887e-01
9.677577614784240723e-01
9.960113763809204102e-01
9.935401082038879395e-01
9.993149042129516602e-01
9.884037375450134277e-01
9.966850876808166504e-01
9.688016176223754883e-01
9.968814849853515625e-01
9.954866766929626465e-01
9.960000514984130859e-01
9.921672940254211426e-01
9.990104436874389648e-01
9.954273104667663574e-01
9.984434843063354492e-01
9.981151819229125977e-01
9.851716756820678711e-01
9.947953224182128906e-01
9.931685924530029297e-01
9.999536275863647461e-01
9.983711838722229004e-01
9.969992637634277344e-01
9.952860474586486816e-01
9.988269209861755371e-01
9.987706542015075684e-01
9.957153201103210449e-01
9.934178590774536133e-01
9.983798861503601074e-01
9.835485219955444336e-01
9.630358815193176270e-01
9.961769580841064453e-01
9.987016916275024414e-01
9.947353601455688477e-01
9.809626340866088867e-01
9.916397333145141602e-01
9.932948350906372070e-01
9.882258772850036621e-01
9.981911778450012207e-01
9.664868116378784180e-01
9.946864247322082520e-01
9.997183084487915039e-01
9.939810633659362793e-01
9.944949746131896973e-01
9.996955394744873047e-01
9.950415492057800293e-01
9.971379637718200684e-01
9.909387230873107910e-01
9.857163429260253906e-01
9.966080784797668457e-01
9.980224967002868652e-01
9.974431395530700684e-01
9.971747994422912598e-01
9.990518689155578613e-01
9.953292608261108398e-01
9.934720396995544434e-01
9.308059811592102051e-01
9.980144500732421875e-01
9.963662624359130859e-01
9.987952113151550293e-01
9.895982742309570312e-01
9.959979653358459473e-01
9.980490207672119141e-01
9.933535456657409668e-01
9.969487786293029785e-01
9.991707205772399902e-01
9.845660328865051270e-01
9.910656809806823730e-01
9.959334731101989746e-01
9.963281750679016113e-01
9.977608323097229004e-01
9.973636865615844727e-01
9.837213158607482910e-01
9.964599609375000000e-01
9.968690276145935059e-01
9.968503713607788086e-01
9.973092079162597656e-01
9.975731968879699707e-01
9.224131703376770020e-01
9.939917325973510742e-01
9.993469715118408203e-01
9.987042546272277832e-01
9.983461499214172363e-01
9.990057945251464844e-01
9.979765415191650391e-01
9.984721541404724121e-01
9.959081411361694336e-01
9.954528212547302246e-01
9.956510663032531738e-01
9.672206044197082520e-01
9.961396455764770508e-01
9.905136227607727051e-01
9.984484910964965820e-01
9.979604482650756836e-01
9.937763214111328125e-01
9.980883002281188965e-01
9.993904232978820801e-01
9.720056653022766113e-01
9.981107711791992188e-01
9.983825683593750000e-01
9.955197572708129883e-01
9.939541220664978027e-01
9.732170104980468750e-01
9.974260926246643066e-01
9.977669715881347656e-01
9.810471534729003906e-01
9.967583417892456055e-01
9.919301867485046387e-01
9.924111366271972656e-01
9.983063936233520508e-01
9.976064562797546387e-01
9.933256506919860840e-01
9.998648166656494141e-01
9.847761392593383789e-01
9.776958227157592773e-01
9.983887076377868652e-01
9.985002279281616211e-01
9.970209598541259766e-01
9.956120252609252930e-01
9.931972026824951172e-01
9.986876845359802246e-01
9.649639725685119629e-01
9.977537393569946289e-01
9.963459968566894531e-01
9.969502091407775879e-01
9.941167831420898438e-01
9.904582500457763672e-01
9.976441860198974609e-01
9.466469287872314453e-01
9.932298064231872559e-01
9.884230494499206543e-01
9.882506132125854492e-01
9.938446879386901855e-01
9.915473461151123047e-01
9.981037378311157227e-01
9.952802062034606934e-01
9.965742826461791992e-01
9.996333718299865723e-01
9.423112869262695312e-01
9.982188940048217773e-01
9.854133129119873047e-01
9.980925321578979492e-01
9.941262602806091309e-01
9.953571557998657227e-01
9.991163611412048340e-01
9.974406957626342773e-01
9.941934943199157715e-01
9.979597330093383789e-01
9.945655465126037598e-01
9.970129728317260742e-01
9.995161890983581543e-01
9.921740889549255371e-01
9.993130564689636230e-01
9.970321059226989746e-01
9.962007403373718262e-01
9.997916817665100098e-01
9.959856867790222168e-01
9.902165532112121582e-01
9.990418553352355957e-01
9.868062138557434082e-01
9.947962164878845215e-01
9.884793758392333984e-01
9.915807247161865234e-01
9.777522683143615723e-01
9.703343510627746582e-01
9.999181628227233887e-01
9.987405538558959961e-01
9.996804594993591309e-01
9.861649274826049805e-01
9.964618086814880371e-01
9.153455495834350586e-01
9.835690855979919434e-01
9.973701834678649902e-01
9.902279973030090332e-01
9.976829886436462402e-01
9.987686276435852051e-01
9.964519739151000977e-01
9.996008872985839844e-01
9.868090748786926270e-01
9.877311587333679199e-01
9.128565788269042969e-01
9.972224235534667969e-01
9.915299415588378906e-01
9.964866042137145996e-01
9.958556890487670898e-01
9.984380602836608887e-01
9.990212917327880859e-01
9.984766244888305664e-01
9.970000982284545898e-01
9.923436045646667480e-01
9.980425238609313965e-01
9.930182695388793945e-01
9.798809289932250977e-01
9.928893446922302246e-01
9.977070689201354980e-01
9.993820190429687500e-01
9.981495141983032227e-01
9.976284503936767578e-01
9.995956420898437500e-01
9.903469085693359375e-01
9.970891475677490234e-01
9.970084428787231445e-01
9.980332851409912109e-01
9.929962158203125000e-01
9.969025850296020508e-01
9.980991482734680176e-01
9.933828115463256836e-01
9.979128837585449219e-01
9.984779953956604004e-01
9.972680807113647461e-01
9.937863945960998535e-01
9.992861747741699219e-01
9.987405538558959961e-01
9.929603934288024902e-01
9.972115755081176758e-01
9.924219250679016113e-01
9.959549307823181152e-01
9.953445196151733398e-01
9.963008761405944824e-01
9.913896918296813965e-01
9.968635439872741699e-01
9.757344126701354980e-01
9.843296408653259277e-01
9.881218075752258301e-01
9.917300939559936523e-01
9.964182376861572266e-01
9.808121919631958008e-01
9.921239018440246582e-01
9.935840964317321777e-01
9.988982677459716797e-01
9.988833665847778320e-01
9.996000528335571289e-01
9.936369061470031738e-01
9.805971980094909668e-01
9.853945374488830566e-01
9.989453554153442383e-01
9.977720379829406738e-01
9.896740913391113281e-01
9.975206255912780762e-01
9.976935982704162598e-01
9.724381566047668457e-01
9.977108240127563477e-01
9.904158115386962891e-01
9.988033175468444824e-01
9.979183077812194824e-01
9.962942600250244141e-01
9.855903387069702148e-01
9.851293563842773438e-01
9.983289241790771484e-01
9.994701147079467773e-01
9.988686442375183105e-01
9.959747791290283203e-01
9.977986216545104980e-01
9.949430227279663086e-01
9.823759198188781738e-01
9.969450235366821289e-01
9.810039401054382324e-01
9.991940259933471680e-01
9.457467198371887207e-01
9.959366917610168457e-01
9.908376932144165039e-01
9.969143271446228027e-01
9.974448680877685547e-01
9.937163591384887695e-01
9.927677512168884277e-01
9.944619536399841309e-01
9.963661432266235352e-01
9.995036721229553223e-01
9.787376523017883301e-01
9.976313114166259766e-01
9.931994080543518066e-01
9.957337975502014160e-01
9.995774626731872559e-01
9.991954565048217773e-01
9.992698431015014648e-01
9.928535819053649902e-01
9.953185915946960449e-01
9.967604279518127441e-01
9.988929629325866699e-01
9.975265860557556152e-01
9.912047386169433594e-01
9.892687201499938965e-01
9.996195435523986816e-01
9.984850883483886719e-01
9.873688817024230957e-01
9.980097413063049316e-01
9.830040931701660156e-01
9.978420138359069824e-01
9.385562539100646973e-01
9.988291263580322266e-01
9.736443161964416504e-01
9.970622062683105469e-01
9.982703328132629395e-01
9.784409999847412109e-01
9.945482611656188965e-01
9.604371190071105957e-01
9.980580210685729980e-01
9.981259703636169434e-01
9.946638345718383789e-01
9.873333573341369629e-01
9.831428527832031250e-01
9.933300614356994629e-01
9.796190857887268066e-01
9.994839429855346680e-01
9.963941574096679688e-01
9.875940084457397461e-01
9.955853223800659180e-01
9.739761352539062500e-01
9.874719977378845215e-01
9.969950318336486816e-01
9.544953107833862305e-01
9.987619519233703613e-01
9.987580180168151855e-01
9.990464448928833008e-01
9.997454881668090820e-01
9.833869934082031250e-01
9.946008324623107910e-01
9.928899407386779785e-01
9.879662990570068359e-01
9.995346069335937500e-01
9.931814670562744141e-01
9.990364909172058105e-01
9.311280250549316406e-01
9.984138607978820801e-01
9.972184300422668457e-01
9.999929070472717285e-01
9.915046095848083496e-01
9.941188693046569824e-01
9.970591068267822266e-01
9.983475804328918457e-01
9.994727969169616699e-01
9.995130300521850586e-01
9.500308036804199219e-01
9.920279383659362793e-01
9.979252219200134277e-01
9.976992607116699219e-01
9.989184141159057617e-01
9.979512095451354980e-01
9.942969083786010742e-01
9.964653253555297852e-01
9.953569173812866211e-01
9.938572049140930176e-01
9.833371639251708984e-01
9.890855550765991211e-01
9.974249005317687988e-01
9.997665286064147949e-01
9.989498257637023926e-01
9.971903562545776367e-01
9.983806610107421875e-01
9.984793663024902344e-01
9.961092472076416016e-01
9.978776574134826660e-01
9.995388388633728027e-01
9.770303368568420410e-01
9.968352317810058594e-01
9.951207637786865234e-01
8.544942140579223633e-01
9.909616112709045410e-01
9.958974123001098633e-01
9.922854304313659668e-01
9.751760363578796387e-01
9.985160827636718750e-01
9.975967407226562500e-01
9.981242418289184570e-01
9.986084103584289551e-01
9.973760247230529785e-01
9.938011765480041504e-01
9.958333373069763184e-01
9.982545375823974609e-01
9.982248544692993164e-01
9.725080728530883789e-01
9.999678730964660645e-01
9.961311817169189453e-01
9.893863201141357422e-01
9.972044825553894043e-01
9.926756620407104492e-01
9.988160133361816406e-01
9.992203116416931152e-01
9.928334951400756836e-01
9.952433705329895020e-01
9.982507228851318359e-01
9.919178485870361328e-01
9.964759945869445801e-01
9.948283433914184570e-01
9.969391822814941406e-01
9.957761168479919434e-01
9.991245865821838379e-01
9.760271906852722168e-01
9.939612746238708496e-01
9.900318384170532227e-01
9.690914154052734375e-01
9.903497099876403809e-01
9.750672578811645508e-01
9.979713559150695801e-01
9.961978793144226074e-01
9.856622219085693359e-01
9.972403645515441895e-01
9.986395835876464844e-01
9.870815277099609375e-01
9.978688955307006836e-01
9.962933659553527832e-01
9.987667798995971680e-01
9.985957741737365723e-01
9.955568313598632812e-01
9.888447523117065430e-01
9.986974000930786133e-01
9.982904195785522461e-01
9.992900490760803223e-01
9.600926637649536133e-01
9.991740584373474121e-01
9.956922531127929688e-01
9.981105923652648926e-01
9.970297813415527344e-01
9.878151416778564453e-01
9.955163598060607910e-01
9.960772395133972168e-01
9.705020189285278320e-01
9.953858256340026855e-01
9.985248446464538574e-01
9.971101880073547363e-01
9.981774687767028809e-01
9.990462064743041992e-01
9.882467389106750488e-01
9.981660842895507812e-01
9.964428544044494629e-01
9.990796446800231934e-01
9.978656768798828125e-01
9.965349435806274414e-01
9.971997737884521484e-01
9.907067418098449707e-01
9.909039139747619629e-01
9.946839809417724609e-01
9.919499158859252930e-01
9.999526143074035645e-01
9.984751939773559570e-01
9.954398274421691895e-01
9.995290637016296387e-01
9.989131689071655273e-01
9.977532029151916504e-01
9.980049133300781250e-01
9.960027933120727539e-01
9.948390126228332520e-01
9.991579055786132812e-01
9.827204346656799316e-01
9.994339346885681152e-01
9.976341724395751953e-01
9.974606037139892578e-01
9.980254769325256348e-01
9.965265989303588867e-01
9.776070713996887207e-01
9.975330829620361328e-01
9.999324679374694824e-01
9.994211196899414062e-01
9.989542961120605469e-01
9.995121955871582031e-01
9.597057700157165527e-01
9.945672154426574707e-01
9.973987936973571777e-01
9.940214753150939941e-01
9.667854309082031250e-01
9.971635937690734863e-01
9.995720982551574707e-01
9.943978786468505859e-01
9.970984458923339844e-01
9.977818727493286133e-01
9.861195087432861328e-01
9.970797896385192871e-01
9.965288043022155762e-01
9.870940446853637695e-01
9.998032450675964355e-01
9.990397095680236816e-01
9.944163560867309570e-01
9.905633330345153809e-01
9.991413950920104980e-01
9.950162768363952637e-01
9.955499768257141113e-01
9.947344660758972168e-01
9.989596605300903320e-01
9.884644150733947754e-01
9.996584653854370117e-01
9.972319602966308594e-01
9.989122748374938965e-01
9.892897009849548340e-01
9.942582845687866211e-01
9.999510049819946289e-01
9.904672503471374512e-01
9.903943538665771484e-01
9.874666333198547363e-01
9.958310723304748535e-01
9.949858784675598145e-01
9.891295433044433594e-01
9.871822595596313477e-01
9.907281398773193359e-01
9.902637004852294922e-01
9.958878159523010254e-01
9.972344040870666504e-01
9.979861378669738770e-01
9.946131110191345215e-01
9.959338307380676270e-01
8.100996613502502441e-01
9.980838298797607422e-01
9.889135360717773438e-01
9.903132319450378418e-01
9.933969378471374512e-01
9.955849051475524902e-01
9.918143153190612793e-01
8.323822617530822754e-01
9.953881502151489258e-01
9.929928183555603027e-01
9.959197640419006348e-01
9.929617047309875488e-01
9.991992712020874023e-01
9.989265799522399902e-01
9.979816079139709473e-01
9.995139241218566895e-01
9.849430322647094727e-01
9.844049811363220215e-01
9.995541572570800781e-01
9.972731471061706543e-01
9.915454387664794922e-01
9.949851036071777344e-01
9.913395047187805176e-01
9.869688749313354492e-01
9.983308911323547363e-01
9.984290599822998047e-01
9.922282695770263672e-01
9.925942420959472656e-01
9.978767037391662598e-01
9.934986829757690430e-01
9.505572915077209473e-01
9.952716827392578125e-01
9.240444302558898926e-01
9.978427290916442871e-01
9.943643212318420410e-01
9.936307668685913086e-01
9.959169030189514160e-01
9.909732937812805176e-01
9.962201714515686035e-01
9.961482286453247070e-01
9.936902523040771484e-01
9.905186295509338379e-01
9.939218759536743164e-01
9.916195869445800781e-01
9.895502328872680664e-01
9.904270172119140625e-01
9.984792470932006836e-01
9.996549487113952637e-01
9.991495013236999512e-01
9.992424249649047852e-01
9.891617298126220703e-01
9.962468743324279785e-01
9.972741603851318359e-01
9.870569109916687012e-01
9.964752793312072754e-01
9.992573261260986328e-01
9.998770356178283691e-01
9.982552528381347656e-01
9.940963387489318848e-01
9.982525706291198730e-01
9.967232942581176758e-01
9.859045147895812988e-01
9.996955394744873047e-01
9.994527101516723633e-01
9.898923039436340332e-01
9.923190474510192871e-01
9.708881974220275879e-01
9.743037819862365723e-01
9.888170361518859863e-01
9.990591406822204590e-01
9.862928390502929688e-01
9.944055676460266113e-01
9.964403510093688965e-01
9.765928983688354492e-01
9.919640421867370605e-01
9.949076175689697266e-01
9.971539378166198730e-01
9.901676774024963379e-01
9.990230202674865723e-01
9.998601675033569336e-01
9.968811869621276855e-01
9.838054180145263672e-01
9.937498569488525391e-01
9.947667717933654785e-01
9.975796341896057129e-01
9.923387169837951660e-01
9.909622669219970703e-01
9.987481236457824707e-01
9.998011589050292969e-01
9.529586434364318848e-01
9.978741407394409180e-01
9.950557351112365723e-01
9.979437589645385742e-01
9.715093970298767090e-01
9.919045567512512207e-01
9.991845488548278809e-01
9.981305599212646484e-01
9.836322665214538574e-01
9.981402158737182617e-01
9.992259740829467773e-01
9.937388896942138672e-01
9.965445399284362793e-01
9.833378791809082031e-01
9.943535923957824707e-01
9.914371371269226074e-01
9.987196326255798340e-01
9.999341964721679688e-01
9.971940517425537109e-01
9.983775019645690918e-01
9.844641685485839844e-01
9.769028425216674805e-01
9.979324936866760254e-01
9.873984456062316895e-01
9.978733658790588379e-01
9.928302168846130371e-01
9.979038238525390625e-01
9.856128692626953125e-01
9.934694170951843262e-01
9.877032637596130371e-01
9.840791225433349609e-01
9.990142583847045898e-01
9.996613860130310059e-01
9.980865120887756348e-01
9.953567385673522949e-01
9.844099283218383789e-01
9.984493851661682129e-01
9.932402372360229492e-01
9.997637867927551270e-01
9.997123479843139648e-01
9.870803952217102051e-01
9.932604432106018066e-01
9.978436827659606934e-01
9.853264689445495605e-01
9.600681066513061523e-01
9.980015158653259277e-01
9.837592244148254395e-01
9.716163873672485352e-01
9.971002936363220215e-01
9.986187219619750977e-01
9.974182844161987305e-01
9.884237647056579590e-01
9.742307066917419434e-01
9.912289381027221680e-01
9.933153986930847168e-01
9.953871369361877441e-01
9.880816936492919922e-01
9.981135725975036621e-01
9.940626025199890137e-01
9.828274846076965332e-01
9.915791153907775879e-01
9.981110095977783203e-01
9.924969673156738281e-01
9.880887269973754883e-01
9.985010623931884766e-01
9.895883202552795410e-01
9.167123436927795410e-01
9.981805086135864258e-01
9.929871559143066406e-01
9.674817919731140137e-01
9.937421083450317383e-01
9.970871806144714355e-01
9.929108619689941406e-01
9.747533202171325684e-01
9.926876425743103027e-01
9.979433417320251465e-01
9.948499798774719238e-01
9.339099526405334473e-01
9.955437779426574707e-01
9.894520044326782227e-01
9.944543838500976562e-01
9.810099601745605469e-01
9.541324973106384277e-01
9.978730678558349609e-01
9.917701482772827148e-01
9.975233078002929688e-01
9.804065823554992676e-01
9.914598464965820312e-01
9.994321465492248535e-01
9.918541908264160156e-01
9.984169006347656250e-01
9.933068752288818359e-01
9.958648681640625000e-01
9.917942881584167480e-01
9.876374006271362305e-01
9.913637638092041016e-01
9.979391098022460938e-01
9.766081571578979492e-01
9.952846169471740723e-01
