0.000000000000000000e+00
0.000000000000000000e+00
0.000000000000000000e+00
4.950495049504950555e-03
0.000000000000000000e+00
0.000000000000000000e+00
1.346801346801346742e-02
2.352941176470588029e-03
4.201680672268907381e-03
1.428571428571428492e-01
0.000000000000000000e+00
0.000000000000000000e+00
4.566210045662100203e-03
0.000000000000000000e+00
0.000000000000000000e+00
1.000000000000000000e+00
1.639344262295082053e-02
0.000000000000000000e+00
0.000000000000000000e+00
8.196721311475410263e-03
0.000000000000000000e+00
3.174603174603174427e-02
0.000000000000000000e+00
0.000000000000000000e+00
1.229508196721311453e-02
1.030927835051546372e-02
0.000000000000000000e+00
0.000000000000000000e+00
0.000000000000000000e+00
0.000000000000000000e+00
0.000000000000000000e+00
0.000000000000000000e+00
0.000000000000000000e+00
0.000000000000000000e+00
0.000000000000000000e+00
0.000000000000000000e+00
0.000000000000000000e+00
0.000000000000000000e+00
0.000000000000000000e+00
0.000000000000000000e+00
0.000000000000000000e+00
0.000000000000000000e+00
0.000000000000000000e+00
0.000000000000000000e+00
0.000000000000000000e+00
0.000000000000000000e+00
0.000000000000000000e+00
0.000000000000000000e+00
0.000000000000000000e+00
0.000000000000000000e+00
0.000000000000000000e+00
2.580645161290322578e-02
0.000000000000000000e+00
0.000000000000000000e+00
3.947368421052631360e-02
0.000000000000000000e+00
0.000000000000000000e+00
0.000000000000000000e+00
2.000000000000000111e-01
0.000000000000000000e+00
7.751937984496123923e-03
4.807692307692307959e-03
0.000000000000000000e+00
0.000000000000000000e+00
9.615384615384615918e-03
1.250000000000000000e-01
0.000000000000000000e+00
1.000000000000000000e+00
1.333333333333333315e-01
2.083333333333333218e-02
8.000000000000000167e-03
0.000000000000000000e+00
0.000000000000000000e+00
0.000000000000000000e+00
9.208103130755064796e-04
1.111111111111111049e-01
8.612440191387559299e-03
0.000000000000000000e+00
1.642575558475689807e-03
0.000000000000000000e+00
0.000000000000000000e+00
2.290076335877862593e-02
0.000000000000000000e+00
0.000000000000000000e+00
0.000000000000000000e+00
0.000000000000000000e+00
0.000000000000000000e+00
0.000000000000000000e+00
2.216066481994459839e-02
0.000000000000000000e+00
0.000000000000000000e+00
4.761904761904761640e-02
2.403846153846153980e-02
0.000000000000000000e+00
0.000000000000000000e+00
1.428571428571428492e-01
4.662004662004662001e-04
1.333333333333333315e-01
0.000000000000000000e+00
0.000000000000000000e+00
2.717391304347826012e-02
0.000000000000000000e+00
0.000000000000000000e+00
0.000000000000000000e+00
0.000000000000000000e+00
0.000000000000000000e+00
0.000000000000000000e+00
4.545454545454545581e-02
0.000000000000000000e+00
0.000000000000000000e+00
0.000000000000000000e+00
0.000000000000000000e+00
3.370786516853932491e-02
1.098901098901098987e-02
0.000000000000000000e+00
1.751313485113835389e-03
0.000000000000000000e+00
0.000000000000000000e+00
0.000000000000000000e+00
0.000000000000000000e+00
0.000000000000000000e+00
3.333333333333333148e-01
0.000000000000000000e+00
0.000000000000000000e+00
5.076142131979695035e-03
0.000000000000000000e+00
0.000000000000000000e+00
0.000000000000000000e+00
0.000000000000000000e+00
0.000000000000000000e+00
0.000000000000000000e+00
3.846153846153846367e-02
7.168458781362007162e-03
8.680555555555555074e-04
1.351351351351351426e-02
6.666666666666666297e-01
0.000000000000000000e+00
2.702702702702702853e-02
0.000000000000000000e+00
0.000000000000000000e+00
0.000000000000000000e+00
0.000000000000000000e+00
1.000000000000000000e+00
0.000000000000000000e+00
2.631578947368420907e-02
0.000000000000000000e+00
0.000000000000000000e+00
0.000000000000000000e+00
0.000000000000000000e+00
4.000000000000000083e-02
0.000000000000000000e+00
3.344481605351170509e-03
0.000000000000000000e+00
1.497566454511419041e-03
5.714285714285713969e-01
2.000000000000000111e-01
0.000000000000000000e+00
0.000000000000000000e+00
7.407407407407406996e-02
0.000000000000000000e+00
0.000000000000000000e+00
0.000000000000000000e+00
0.000000000000000000e+00
0.000000000000000000e+00
0.000000000000000000e+00
0.000000000000000000e+00
4.444444444444444198e-01
1.379310344827586188e-02
2.390438247011952150e-02
0.000000000000000000e+00
4.329004329004329001e-03
0.000000000000000000e+00
6.700167504187604789e-03
2.400000000000000050e-02
2.034883720930232703e-02
0.000000000000000000e+00
0.000000000000000000e+00
2.083333333333333218e-02
1.657458563535911533e-02
0.000000000000000000e+00
1.785714285714285615e-02
0.000000000000000000e+00
8.492569002123142100e-03
1.020408163265306041e-02
0.000000000000000000e+00
0.000000000000000000e+00
2.116402116402116285e-02
0.000000000000000000e+00
0.000000000000000000e+00
0.000000000000000000e+00
0.000000000000000000e+00
2.857142857142857054e-02
0.000000000000000000e+00
0.000000000000000000e+00
1.754385964912280604e-02
5.000000000000000000e-01
5.631536604987932501e-03
7.499999999999999722e-02
0.000000000000000000e+00
6.666666666666666574e-02
0.000000000000000000e+00
0.000000000000000000e+00
0.000000000000000000e+00
0.000000000000000000e+00
0.000000000000000000e+00
1.908396946564885422e-03
0.000000000000000000e+00
2.702702702702702853e-02
3.773584905660377388e-03
0.000000000000000000e+00
0.000000000000000000e+00
0.000000000000000000e+00
2.777777777777777624e-02
0.000000000000000000e+00
0.000000000000000000e+00
0.000000000000000000e+00
0.000000000000000000e+00
0.000000000000000000e+00
2.272727272727272790e-02
0.000000000000000000e+00
0.000000000000000000e+00
0.000000000000000000e+00
2.162941600576784307e-03
0.000000000000000000e+00
5.000000000000000000e-01
2.211573903427939761e-03
0.000000000000000000e+00
0.000000000000000000e+00
0.000000000000000000e+00
0.000000000000000000e+00
7.142857142857142461e-02
2.173913043478260809e-02
3.372681281618886834e-03
3.517587939698492427e-02
0.000000000000000000e+00
0.000000000000000000e+00
2.631578947368420907e-02
1.029411764705882304e-01
0.000000000000000000e+00
5.000000000000000000e-01
0.000000000000000000e+00
0.000000000000000000e+00
0.000000000000000000e+00
5.830903790087463463e-03
0.000000000000000000e+00
0.000000000000000000e+00
6.637168141592920262e-03
0.000000000000000000e+00
1.000000000000000000e+00
0.000000000000000000e+00
2.000000000000000111e-01
5.000000000000000000e-01
0.000000000000000000e+00
0.000000000000000000e+00
0.000000000000000000e+00
0.000000000000000000e+00
0.000000000000000000e+00
0.000000000000000000e+00
3.501945525291828842e-02
0.000000000000000000e+00
0.000000000000000000e+00
0.000000000000000000e+00
0.000000000000000000e+00
2.578981302385557721e-03
0.000000000000000000e+00
1.666666666666666574e-01
2.500000000000000139e-02
7.462686567164178962e-03
1.111111111111111154e-02
0.000000000000000000e+00
0.000000000000000000e+00
0.000000000000000000e+00
0.000000000000000000e+00
1.078748651564185451e-03
4.754358161648177677e-03
0.000000000000000000e+00
0.000000000000000000e+00
3.097345132743362789e-02
1.106194690265486710e-03
1.378359751895244642e-03
6.772009029345372327e-03
0.000000000000000000e+00
0.000000000000000000e+00
2.822201317027281473e-03
0.000000000000000000e+00
0.000000000000000000e+00
0.000000000000000000e+00
0.000000000000000000e+00
0.000000000000000000e+00
7.142857142857142461e-02
0.000000000000000000e+00
2.008704385671241949e-03
2.307692307692307820e-01
1.058201058201058142e-02
5.099439061703212950e-04
9.578544061302681498e-04
0.000000000000000000e+00
0.000000000000000000e+00
0.000000000000000000e+00
2.409638554216867595e-02
0.000000000000000000e+00
0.000000000000000000e+00
0.000000000000000000e+00
7.159904534606205580e-03
0.000000000000000000e+00
1.938923897237033534e-03
0.000000000000000000e+00
0.000000000000000000e+00
0.000000000000000000e+00
0.000000000000000000e+00
0.000000000000000000e+00
1.666666666666666574e-01
1.626016260162601625e-03
7.874015748031495954e-03
3.977724741447891989e-03
6.688963210702341018e-03
4.761904761904761640e-02
3.651538862806468378e-03
0.000000000000000000e+00
0.000000000000000000e+00
2.239999999999999804e-03
0.000000000000000000e+00
0.000000000000000000e+00
0.000000000000000000e+00
0.000000000000000000e+00
0.000000000000000000e+00
0.000000000000000000e+00
0.000000000000000000e+00
8.368200836820082963e-03
0.000000000000000000e+00
1.886792452830188607e-02
0.000000000000000000e+00
2.242152466367712885e-02
4.918032786885245811e-02
1.328903654485049865e-02
1.503759398496240518e-02
0.000000000000000000e+00
0.000000000000000000e+00
0.000000000000000000e+00
0.000000000000000000e+00
2.500000000000000000e-01
3.508771929824561469e-03
1.250000000000000000e-01
0.000000000000000000e+00
5.000000000000000000e-01
6.468305304010349595e-03
0.000000000000000000e+00
0.000000000000000000e+00
4.083299305839118223e-03
2.000000000000000111e-01
0.000000000000000000e+00
0.000000000000000000e+00
1.267427122940430846e-03
0.000000000000000000e+00
0.000000000000000000e+00
0.000000000000000000e+00
9.891196834817012062e-03
0.000000000000000000e+00
0.000000000000000000e+00
0.000000000000000000e+00
2.083333333333333218e-02
0.000000000000000000e+00
0.000000000000000000e+00
0.000000000000000000e+00
0.000000000000000000e+00
0.000000000000000000e+00
5.235602094240838014e-03
0.000000000000000000e+00
2.816901408450704289e-02
0.000000000000000000e+00
0.000000000000000000e+00
1.298701298701298787e-02
7.317073170731706877e-02
5.000000000000000000e-01
0.000000000000000000e+00
0.000000000000000000e+00
2.500000000000000000e-01
5.464480874316939886e-03
0.000000000000000000e+00
0.000000000000000000e+00
0.000000000000000000e+00
0.000000000000000000e+00
0.000000000000000000e+00
0.000000000000000000e+00
0.000000000000000000e+00
0.000000000000000000e+00
0.000000000000000000e+00
0.000000000000000000e+00
6.779661016949152519e-02
0.000000000000000000e+00
0.000000000000000000e+00
0.000000000000000000e+00
0.000000000000000000e+00
0.000000000000000000e+00
0.000000000000000000e+00
4.225352112676056260e-02
0.000000000000000000e+00
1.944444444444444475e-02
1.449275362318840597e-03
0.000000000000000000e+00
2.873563218390804558e-03
3.898635477582845787e-03
0.000000000000000000e+00
0.000000000000000000e+00
0.000000000000000000e+00
0.000000000000000000e+00
0.000000000000000000e+00
2.247191011235955254e-03
0.000000000000000000e+00
2.976190476190476025e-03
1.754385964912280604e-02
5.000000000000000000e-01
0.000000000000000000e+00
1.686746987951807247e-02
0.000000000000000000e+00
0.000000000000000000e+00
0.000000000000000000e+00
0.000000000000000000e+00
1.214574898785425114e-02
0.000000000000000000e+00
8.196721311475410263e-03
2.608695652173912971e-01
6.535947712418300852e-03
5.695687550854353076e-03
8.166969147005443894e-03
1.963350785340314038e-03
0.000000000000000000e+00
0.000000000000000000e+00
0.000000000000000000e+00
0.000000000000000000e+00
0.000000000000000000e+00
0.000000000000000000e+00
0.000000000000000000e+00
0.000000000000000000e+00
0.000000000000000000e+00
0.000000000000000000e+00
1.578947368421052683e-02
0.000000000000000000e+00
5.988023952095808747e-03
0.000000000000000000e+00
0.000000000000000000e+00
0.000000000000000000e+00
0.000000000000000000e+00
1.162790697674418589e-02
0.000000000000000000e+00
0.000000000000000000e+00
0.000000000000000000e+00
1.118568232662192369e-03
4.000000000000000222e-01
8.467400508044030166e-04
0.000000000000000000e+00
0.000000000000000000e+00
3.167420814479637858e-02
2.479338842975206680e-02
5.980861244019138523e-04
5.000000000000000278e-02
0.000000000000000000e+00
3.503854239663629910e-03
8.333333333333333703e-01
0.000000000000000000e+00
3.333333333333333148e-01
0.000000000000000000e+00
5.454545454545454281e-02
0.000000000000000000e+00
0.000000000000000000e+00
0.000000000000000000e+00
0.000000000000000000e+00
5.347593582887700224e-03
0.000000000000000000e+00
0.000000000000000000e+00
0.000000000000000000e+00
2.209944751381215378e-02
0.000000000000000000e+00
0.000000000000000000e+00
0.000000000000000000e+00
3.125000000000000000e-02
0.000000000000000000e+00
1.142857142857142821e-01
3.412969283276450546e-03
0.000000000000000000e+00
0.000000000000000000e+00
0.000000000000000000e+00
5.791505791505791208e-03
0.000000000000000000e+00
0.000000000000000000e+00
0.000000000000000000e+00
7.499062617172853754e-04
0.000000000000000000e+00
0.000000000000000000e+00
3.448275862068965469e-02
1.428571428571428492e-01
0.000000000000000000e+00
0.000000000000000000e+00
0.000000000000000000e+00
7.751937984496123923e-03
1.319261213720316576e-03
0.000000000000000000e+00
7.692307692307692735e-02
2.127659574468085055e-02
2.022471910112359425e-02
0.000000000000000000e+00
0.000000000000000000e+00
0.000000000000000000e+00
0.000000000000000000e+00
0.000000000000000000e+00
1.362397820163487733e-02
8.264462809917355601e-03
0.000000000000000000e+00
0.000000000000000000e+00
2.500000000000000000e-01
0.000000000000000000e+00
0.000000000000000000e+00
0.000000000000000000e+00
0.000000000000000000e+00
0.000000000000000000e+00
0.000000000000000000e+00
0.000000000000000000e+00
1.759530791788856477e-02
3.621314019658561714e-03
0.000000000000000000e+00
1.298701298701298787e-02
0.000000000000000000e+00
0.000000000000000000e+00
0.000000000000000000e+00
0.000000000000000000e+00
2.341920374707259951e-03
0.000000000000000000e+00
2.077562326869806207e-03
0.000000000000000000e+00
0.000000000000000000e+00
0.000000000000000000e+00
5.780346820809248269e-03
0.000000000000000000e+00
0.000000000000000000e+00
3.162888771744860276e-03
7.320644216691069017e-04
6.696428571428571057e-03
0.000000000000000000e+00
2.287021154945683213e-03
0.000000000000000000e+00
0.000000000000000000e+00
0.000000000000000000e+00
0.000000000000000000e+00
1.591511936339522551e-02
5.420054200542005415e-03
0.000000000000000000e+00
0.000000000000000000e+00
0.000000000000000000e+00
0.000000000000000000e+00
4.081632653061224164e-02
1.418439716312056703e-02
0.000000000000000000e+00
4.587155963302752548e-03
3.645833333333333565e-02
0.000000000000000000e+00
2.150537634408602149e-03
0.000000000000000000e+00
6.666666666666666297e-01
2.702702702702702853e-02
8.676789587852494837e-03
0.000000000000000000e+00
0.000000000000000000e+00
0.000000000000000000e+00
0.000000000000000000e+00
2.500000000000000000e-01
6.250000000000000000e-01
0.000000000000000000e+00
0.000000000000000000e+00
0.000000000000000000e+00
0.000000000000000000e+00
0.000000000000000000e+00
4.385964912280701511e-03
0.000000000000000000e+00
0.000000000000000000e+00
7.507507507507507442e-03
2.127659574468085055e-02
4.000000000000000083e-02
0.000000000000000000e+00
2.621231979030144189e-03
3.333333333333333148e-01
0.000000000000000000e+00
1.000000000000000000e+00
0.000000000000000000e+00
0.000000000000000000e+00
0.000000000000000000e+00
3.225806451612903136e-02
1.898734177215189931e-02
1.912568306010929003e-02
1.298701298701298787e-02
1.111111111111111049e-01
0.000000000000000000e+00
3.338898163606010116e-03
0.000000000000000000e+00
0.000000000000000000e+00
0.000000000000000000e+00
0.000000000000000000e+00
1.449275362318840597e-02
0.000000000000000000e+00
1.499999999999999944e-01
2.559181062060140663e-03
3.571428571428571230e-02
6.544502617801047518e-04
2.272727272727272617e-03
7.246376811594202987e-03
0.000000000000000000e+00
5.494505494505494934e-03
5.000000000000000000e-01
7.695267410542516858e-04
0.000000000000000000e+00
0.000000000000000000e+00
0.000000000000000000e+00
4.395604395604395601e-03
0.000000000000000000e+00
0.000000000000000000e+00
7.194244604316546920e-04
0.000000000000000000e+00
3.218538783392339668e-03
0.000000000000000000e+00
0.000000000000000000e+00
0.000000000000000000e+00
0.000000000000000000e+00
0.000000000000000000e+00
0.000000000000000000e+00
1.666666666666666644e-02
0.000000000000000000e+00
0.000000000000000000e+00
1.363636363636363535e-01
2.971768202080237592e-03
0.000000000000000000e+00
0.000000000000000000e+00
0.000000000000000000e+00
0.000000000000000000e+00
0.000000000000000000e+00
2.666666666666666630e-01
0.000000000000000000e+00
0.000000000000000000e+00
7.142857142857142634e-03
1.666666666666666574e-01
1.311475409836065573e-03
0.000000000000000000e+00
9.836065573770491621e-02
0.000000000000000000e+00
5.409582689335393907e-03
2.186588921282798907e-03
0.000000000000000000e+00
0.000000000000000000e+00
0.000000000000000000e+00
0.000000000000000000e+00
4.926108374384236509e-03
0.000000000000000000e+00
0.000000000000000000e+00
9.584664536741213658e-03
1.339285714285714211e-02
7.534983853606028181e-03
1.758087201125175733e-03
3.781512605042016556e-02
0.000000000000000000e+00
0.000000000000000000e+00
0.000000000000000000e+00
0.000000000000000000e+00
0.000000000000000000e+00
4.000000000000000083e-02
1.827040194884287354e-03
0.000000000000000000e+00
1.000000000000000056e-01
0.000000000000000000e+00
0.000000000000000000e+00
0.000000000000000000e+00
2.739726027397260122e-02
0.000000000000000000e+00
0.000000000000000000e+00
5.555555555555555768e-03
0.000000000000000000e+00
0.000000000000000000e+00
0.000000000000000000e+00
6.666666666666666297e-01
6.245120999219359870e-03
0.000000000000000000e+00
0.000000000000000000e+00
0.000000000000000000e+00
0.000000000000000000e+00
4.561003420752565707e-03
0.000000000000000000e+00
0.000000000000000000e+00
4.062288422477996000e-03
0.000000000000000000e+00
0.000000000000000000e+00
1.442307692307692388e-02
0.000000000000000000e+00
3.448275862068965469e-02
0.000000000000000000e+00
1.838235294117647120e-02
0.000000000000000000e+00
7.268951194184839273e-03
0.000000000000000000e+00
3.571428571428571230e-02
0.000000000000000000e+00
0.000000000000000000e+00
0.000000000000000000e+00
1.631701631701631613e-02
0.000000000000000000e+00
0.000000000000000000e+00
0.000000000000000000e+00
0.000000000000000000e+00
0.000000000000000000e+00
1.490312965722801787e-03
0.000000000000000000e+00
1.428571428571428527e-02
4.545454545454545581e-02
0.000000000000000000e+00
0.000000000000000000e+00
0.000000000000000000e+00
0.000000000000000000e+00
0.000000000000000000e+00
1.104972375690607689e-02
0.000000000000000000e+00
0.000000000000000000e+00
2.173913043478260809e-02
2.720348204570185047e-03
3.333333333333333148e-01
0.000000000000000000e+00
0.000000000000000000e+00
1.585288522511097125e-03
0.000000000000000000e+00
0.000000000000000000e+00
0.000000000000000000e+00
1.333333333333333315e-01
0.000000000000000000e+00
0.000000000000000000e+00
1.801801801801801786e-02
0.000000000000000000e+00
0.000000000000000000e+00
0.000000000000000000e+00
0.000000000000000000e+00
2.051282051282051280e-02
9.966777408637873120e-03
2.747252747252747467e-03
0.000000000000000000e+00
0.000000000000000000e+00
0.000000000000000000e+00
0.000000000000000000e+00
3.333333333333333148e-01
2.482416218452627391e-03
9.199632014719410708e-03
0.000000000000000000e+00
0.000000000000000000e+00
0.000000000000000000e+00
0.000000000000000000e+00
0.000000000000000000e+00
0.000000000000000000e+00
2.298850574712643646e-02
5.710659898477157131e-03
2.144772117962466529e-02
1.204819277108433798e-02
1.190476190476190410e-02
0.000000000000000000e+00
2.066115702479338900e-03
0.000000000000000000e+00
0.000000000000000000e+00
9.090909090909091161e-02
0.000000000000000000e+00
2.758620689655172376e-02
8.196721311475410263e-03
0.000000000000000000e+00
0.000000000000000000e+00
5.000000000000000000e-01
0.000000000000000000e+00
0.000000000000000000e+00
0.000000000000000000e+00
0.000000000000000000e+00
0.000000000000000000e+00
0.000000000000000000e+00
0.000000000000000000e+00
0.000000000000000000e+00
1.333333333333333315e-01
1.002227171492204964e-02
0.000000000000000000e+00
6.097560975609756309e-03
0.000000000000000000e+00
0.000000000000000000e+00
0.000000000000000000e+00
0.000000000000000000e+00
0.000000000000000000e+00
0.000000000000000000e+00
1.700102006120367227e-03
1.897533206831119581e-03
0.000000000000000000e+00
1.005747126436781595e-02
0.000000000000000000e+00
1.705029838022165383e-03
4.285714285714285754e-02
0.000000000000000000e+00
0.000000000000000000e+00
0.000000000000000000e+00
0.000000000000000000e+00
4.923413566739606381e-03
0.000000000000000000e+00
2.500000000000000000e-01
0.000000000000000000e+00
3.225806451612903136e-02
1.043841336116910126e-03
1.454545454545454544e-02
0.000000000000000000e+00
0.000000000000000000e+00
0.000000000000000000e+00
8.064516129032257841e-03
0.000000000000000000e+00
2.313624678663239037e-02
0.000000000000000000e+00
3.750000000000000000e-01
0.000000000000000000e+00
3.076923076923077094e-02
2.631578947368420907e-02
0.000000000000000000e+00
0.000000000000000000e+00
0.000000000000000000e+00
0.000000000000000000e+00
1.519756838905775070e-03
9.090909090909091161e-02
0.000000000000000000e+00
0.000000000000000000e+00
3.712296983758700715e-03
0.000000000000000000e+00
0.000000000000000000e+00
1.851851851851851749e-02
0.000000000000000000e+00
0.000000000000000000e+00
0.000000000000000000e+00
0.000000000000000000e+00
0.000000000000000000e+00
4.146510020732550178e-03
0.000000000000000000e+00
0.000000000000000000e+00
0.000000000000000000e+00
3.178639542275905959e-04
0.000000000000000000e+00
1.046025104602510370e-03
0.000000000000000000e+00
3.235198964736331513e-04
2.857142857142857054e-02
0.000000000000000000e+00
0.000000000000000000e+00
6.535947712418300852e-03
1.111111111111111049e-01
2.272727272727272790e-02
3.174603174603174600e-03
0.000000000000000000e+00
7.692307692307692735e-02
0.000000000000000000e+00
9.132420091324200406e-03
1.250000000000000000e-01
2.191780821917808236e-02
0.000000000000000000e+00
0.000000000000000000e+00
0.000000000000000000e+00
0.000000000000000000e+00
0.000000000000000000e+00
0.000000000000000000e+00
1.492537313432835792e-02
0.000000000000000000e+00
1.398601398601398600e-02
6.369426751592357008e-03
1.680672268907562952e-02
0.000000000000000000e+00
0.000000000000000000e+00
0.000000000000000000e+00
7.142857142857142461e-02
0.000000000000000000e+00
1.703163017031630172e-02
4.784688995215310818e-03
0.000000000000000000e+00
0.000000000000000000e+00
2.197802197802197800e-03
0.000000000000000000e+00
0.000000000000000000e+00
2.421307506053268881e-03
0.000000000000000000e+00
3.608247422680412042e-02
0.000000000000000000e+00
0.000000000000000000e+00
0.000000000000000000e+00
0.000000000000000000e+00
0.000000000000000000e+00
0.000000000000000000e+00
9.965122072745390743e-04
1.000000000000000056e-01
0.000000000000000000e+00
0.000000000000000000e+00
0.000000000000000000e+00
1.250000000000000000e-01
4.324324324324324564e-02
0.000000000000000000e+00
4.975124378109452641e-03
0.000000000000000000e+00
6.884681583476764434e-03
0.000000000000000000e+00
0.000000000000000000e+00
0.000000000000000000e+00
8.064516129032257841e-03
3.448275862068965469e-02
3.225806451612903136e-02
0.000000000000000000e+00
0.000000000000000000e+00
0.000000000000000000e+00
6.882989183874139820e-03
5.000000000000000278e-02
5.813953488372092943e-03
7.462686567164178962e-03
0.000000000000000000e+00
1.587301587301587213e-02
0.000000000000000000e+00
0.000000000000000000e+00
0.000000000000000000e+00
0.000000000000000000e+00
2.499107461620849596e-03
0.000000000000000000e+00
0.000000000000000000e+00
0.000000000000000000e+00
5.769230769230769551e-02
4.347826086956521618e-02
2.024291497975708523e-03
0.000000000000000000e+00
3.333333333333333287e-02
0.000000000000000000e+00
0.000000000000000000e+00
0.000000000000000000e+00
0.000000000000000000e+00
2.373887240356083173e-02
0.000000000000000000e+00
0.000000000000000000e+00
1.000000000000000000e+00
2.531645569620253125e-02
1.538461538461538547e-01
0.000000000000000000e+00
0.000000000000000000e+00
1.388888888888888812e-02
0.000000000000000000e+00
0.000000000000000000e+00
0.000000000000000000e+00
0.000000000000000000e+00
0.000000000000000000e+00
0.000000000000000000e+00
3.162333099086437217e-03
2.083333333333333218e-02
0.000000000000000000e+00
1.340482573726541581e-02
2.412545235223160275e-03
0.000000000000000000e+00
0.000000000000000000e+00
2.702702702702702853e-02
4.000000000000000083e-02
1.538461538461538547e-02
0.000000000000000000e+00
1.351351351351351426e-02
4.810583283223091033e-03
1.052631578947368397e-02
0.000000000000000000e+00
0.000000000000000000e+00
0.000000000000000000e+00
2.500000000000000000e-01
0.000000000000000000e+00
0.000000000000000000e+00
0.000000000000000000e+00
0.000000000000000000e+00
0.000000000000000000e+00
0.000000000000000000e+00
3.188775510204081703e-03
0.000000000000000000e+00
0.000000000000000000e+00
0.000000000000000000e+00
4.166666666666666435e-02
0.000000000000000000e+00
6.677796327212020232e-03
0.000000000000000000e+00
6.347191367819739367e-04
0.000000000000000000e+00
5.555555555555555768e-03
0.000000000000000000e+00
0.000000000000000000e+00
0.000000000000000000e+00
0.000000000000000000e+00
4.545454545454545581e-02
0.000000000000000000e+00
4.065040650406503975e-02
0.000000000000000000e+00
0.000000000000000000e+00
2.262443438914027351e-03
0.000000000000000000e+00
2.616279069767441998e-02
7.142857142857142461e-02
3.888024883359253708e-03
0.000000000000000000e+00
0.000000000000000000e+00
6.849315068493150305e-03
9.668063164679342823e-04
0.000000000000000000e+00
0.000000000000000000e+00
0.000000000000000000e+00
0.000000000000000000e+00
3.305785123966942067e-03
0.000000000000000000e+00
7.142857142857142461e-02
2.362669816893089164e-03
0.000000000000000000e+00
0.000000000000000000e+00
0.000000000000000000e+00
0.000000000000000000e+00
0.000000000000000000e+00
9.472259810554804066e-03
0.000000000000000000e+00
0.000000000000000000e+00
0.000000000000000000e+00
0.000000000000000000e+00
0.000000000000000000e+00
0.000000000000000000e+00
3.456221198156682241e-03
0.000000000000000000e+00
0.000000000000000000e+00
2.500000000000000139e-02
0.000000000000000000e+00
7.534983853606028181e-03
0.000000000000000000e+00
0.000000000000000000e+00
0.000000000000000000e+00
0.000000000000000000e+00
5.025125628140703592e-03
0.000000000000000000e+00
0.000000000000000000e+00
2.302820955670696786e-03
0.000000000000000000e+00
9.478672985781991245e-03
3.021148036253776432e-03
0.000000000000000000e+00
1.388888888888888812e-02
0.000000000000000000e+00
0.000000000000000000e+00
1.055408970976253261e-02
1.428571428571428492e-01
0.000000000000000000e+00
0.000000000000000000e+00
5.714285714285714107e-02
4.705882352941176405e-02
0.000000000000000000e+00
0.000000000000000000e+00
1.085481682496607786e-02
1.664447403462050550e-03
0.000000000000000000e+00
0.000000000000000000e+00
0.000000000000000000e+00
0.000000000000000000e+00
0.000000000000000000e+00
0.000000000000000000e+00
1.000000000000000000e+00
4.054054054054054279e-02
0.000000000000000000e+00
0.000000000000000000e+00
4.352557127312296076e-03
0.000000000000000000e+00
1.574803149606299191e-03
2.923976608187134341e-03
0.000000000000000000e+00
0.000000000000000000e+00
2.127659574468085055e-02
2.762430939226519222e-02
1.771653543307086590e-02
0.000000000000000000e+00
0.000000000000000000e+00
0.000000000000000000e+00
0.000000000000000000e+00
1.681614349775784837e-03
0.000000000000000000e+00
1.634877384196185357e-03
2.656042496679946689e-03
0.000000000000000000e+00
9.687836383207750271e-03
3.154574132492113468e-03
0.000000000000000000e+00
2.168021680216802166e-02
0.000000000000000000e+00
1.078748651564185451e-03
0.000000000000000000e+00
4.132231404958677801e-03
0.000000000000000000e+00
0.000000000000000000e+00
0.000000000000000000e+00
1.485884101040118796e-03
3.184713375796178504e-03
0.000000000000000000e+00
9.514747859181732102e-04
0.000000000000000000e+00
8.333333333333332871e-02
0.000000000000000000e+00
0.000000000000000000e+00
8.333333333333333218e-03
0.000000000000000000e+00
0.000000000000000000e+00
0.000000000000000000e+00
9.308510638297871898e-03
9.302325581395348708e-03
4.761904761904761640e-02
0.000000000000000000e+00
1.273885350318471402e-02
5.999999999999999778e-01
3.896103896103896014e-02
4.960317460317460042e-04
0.000000000000000000e+00
0.000000000000000000e+00
0.000000000000000000e+00
0.000000000000000000e+00
0.000000000000000000e+00
4.608294930875576033e-03
0.000000000000000000e+00
0.000000000000000000e+00
0.000000000000000000e+00
3.623188405797101493e-03
0.000000000000000000e+00
0.000000000000000000e+00
0.000000000000000000e+00
3.165558721114276539e-03
0.000000000000000000e+00
8.333333333333332871e-02
0.000000000000000000e+00
0.000000000000000000e+00
3.984063745019920250e-03
0.000000000000000000e+00
3.061224489795918297e-02
0.000000000000000000e+00
0.000000000000000000e+00
5.000000000000000000e-01
0.000000000000000000e+00
6.666666666666666574e-02
2.234636871508379960e-02
2.398081534772182263e-02
4.019292604501607455e-03
3.125000000000000000e-02
9.852216748768473017e-03
3.773584905660377388e-03
5.263157894736841813e-02
2.100840336134453690e-03
0.000000000000000000e+00
0.000000000000000000e+00
0.000000000000000000e+00
2.475247524752475364e-02
0.000000000000000000e+00
9.009009009009008931e-03
0.000000000000000000e+00
0.000000000000000000e+00
0.000000000000000000e+00
1.025641025641025640e-02
2.000000000000000111e-01
0.000000000000000000e+00
0.000000000000000000e+00
0.000000000000000000e+00
1.219512195121951218e-03
3.643724696356274995e-02
1.041666666666666609e-02
1.243781094527363247e-02
0.000000000000000000e+00
4.636785162287480368e-03
0.000000000000000000e+00
1.156069364161849654e-02
0.000000000000000000e+00
3.030303030303030387e-02
3.333333333333333148e-01
0.000000000000000000e+00
5.000000000000000000e-01
0.000000000000000000e+00
0.000000000000000000e+00
0.000000000000000000e+00
0.000000000000000000e+00
0.000000000000000000e+00
0.000000000000000000e+00
0.000000000000000000e+00
0.000000000000000000e+00
0.000000000000000000e+00
0.000000000000000000e+00
0.000000000000000000e+00
0.000000000000000000e+00
0.000000000000000000e+00
5.706134094151212727e-03
5.263157894736841813e-02
0.000000000000000000e+00
5.827505827505827934e-03
0.000000000000000000e+00
2.127659574468085055e-02
2.831257078142695224e-03
2.898550724637681195e-02
0.000000000000000000e+00
4.608294930875576033e-03
0.000000000000000000e+00
5.665722379603399701e-03
0.000000000000000000e+00
1.005025125628140718e-02
3.558718861209964231e-03
0.000000000000000000e+00
0.000000000000000000e+00
0.000000000000000000e+00
0.000000000000000000e+00
2.272727272727272790e-02
7.604562737642585508e-03
0.000000000000000000e+00
4.885993485342019112e-03
0.000000000000000000e+00
2.325581395348837177e-02
0.000000000000000000e+00
1.687289088863891959e-03
9.090909090909091161e-02
2.362204724409448786e-03
0.000000000000000000e+00
0.000000000000000000e+00
4.761904761904761640e-02
0.000000000000000000e+00
0.000000000000000000e+00
0.000000000000000000e+00
0.000000000000000000e+00
0.000000000000000000e+00
0.000000000000000000e+00
0.000000000000000000e+00
0.000000000000000000e+00
2.702702702702702853e-02
2.068252326783867785e-03
0.000000000000000000e+00
1.190476190476190410e-02
3.141361256544502462e-02
0.000000000000000000e+00
6.756756756756757132e-03
2.630713581058862285e-03
2.695417789757412544e-03
0.000000000000000000e+00
0.000000000000000000e+00
0.000000000000000000e+00
0.000000000000000000e+00
0.000000000000000000e+00
0.000000000000000000e+00
0.000000000000000000e+00
1.208981001727115791e-02
6.756756756756757132e-03
3.284072249589490861e-03
0.000000000000000000e+00
0.000000000000000000e+00
1.866666666666666821e-02
1.315789473684210453e-01
0.000000000000000000e+00
0.000000000000000000e+00
0.000000000000000000e+00
3.984063745019920250e-03
4.065040650406503975e-02
0.000000000000000000e+00
0.000000000000000000e+00
7.894736842105262720e-02
0.000000000000000000e+00
2.413793103448275967e-01
0.000000000000000000e+00
3.398058252427184345e-02
0.000000000000000000e+00
0.000000000000000000e+00
0.000000000000000000e+00
0.000000000000000000e+00
0.000000000000000000e+00
0.000000000000000000e+00
0.000000000000000000e+00
8.714596949891068381e-03
1.562500000000000000e-02
3.067484662576687188e-03
0.000000000000000000e+00
0.000000000000000000e+00
9.456264775413711354e-03
4.424778761061946841e-03
0.000000000000000000e+00
0.000000000000000000e+00
1.408450704225352144e-02
0.000000000000000000e+00
0.000000000000000000e+00
6.493506493506493935e-03
0.000000000000000000e+00
0.000000000000000000e+00
0.000000000000000000e+00
0.000000000000000000e+00
0.000000000000000000e+00
6.122448979591836420e-03
0.000000000000000000e+00
0.000000000000000000e+00
5.000000000000000000e-01
3.610108303249097601e-03
0.000000000000000000e+00
0.000000000000000000e+00
5.000000000000000000e-01
0.000000000000000000e+00
0.000000000000000000e+00
0.000000000000000000e+00
0.000000000000000000e+00
0.000000000000000000e+00
0.000000000000000000e+00
2.000000000000000111e-01
0.000000000000000000e+00
1.438848920863309427e-02
0.000000000000000000e+00
1.369863013698630061e-02
0.000000000000000000e+00
0.000000000000000000e+00
0.000000000000000000e+00
