0.000000000000000000e+00
0.000000000000000000e+00
0.000000000000000000e+00
0.000000000000000000e+00
0.000000000000000000e+00
0.000000000000000000e+00
0.000000000000000000e+00
0.000000000000000000e+00
0.000000000000000000e+00
1.863354037267080793e-02
0.000000000000000000e+00
0.000000000000000000e+00
0.000000000000000000e+00
2.531645569620253125e-02
0.000000000000000000e+00
0.000000000000000000e+00
0.000000000000000000e+00
0.000000000000000000e+00
1.666666666666666574e-01
0.000000000000000000e+00
0.000000000000000000e+00
0.000000000000000000e+00
0.000000000000000000e+00
0.000000000000000000e+00
0.000000000000000000e+00
0.000000000000000000e+00
1.785714285714285615e-02
2.994011976047904373e-03
0.000000000000000000e+00
4.444444444444444614e-02
0.000000000000000000e+00
5.698005698005698290e-03
7.246376811594202987e-03
0.000000000000000000e+00
0.000000000000000000e+00
1.515151515151515194e-02
1.538461538461538547e-02
0.000000000000000000e+00
0.000000000000000000e+00
0.000000000000000000e+00
0.000000000000000000e+00
0.000000000000000000e+00
0.000000000000000000e+00
4.942339373970345597e-03
7.360672975814931858e-03
0.000000000000000000e+00
0.000000000000000000e+00
0.000000000000000000e+00
0.000000000000000000e+00
0.000000000000000000e+00
0.000000000000000000e+00
1.359619306594153556e-03
0.000000000000000000e+00
0.000000000000000000e+00
0.000000000000000000e+00
9.422110552763818692e-04
0.000000000000000000e+00
2.376551359915500365e-03
0.000000000000000000e+00
0.000000000000000000e+00
0.000000000000000000e+00
0.000000000000000000e+00
0.000000000000000000e+00
0.000000000000000000e+00
0.000000000000000000e+00
0.000000000000000000e+00
0.000000000000000000e+00
0.000000000000000000e+00
5.000000000000000278e-02
0.000000000000000000e+00
5.263157894736841813e-02
0.000000000000000000e+00
0.000000000000000000e+00
8.032128514056225245e-04
0.000000000000000000e+00
1.490312965722801787e-03
0.000000000000000000e+00
0.000000000000000000e+00
0.000000000000000000e+00
5.000000000000000000e-01
0.000000000000000000e+00
0.000000000000000000e+00
0.000000000000000000e+00
0.000000000000000000e+00
0.000000000000000000e+00
0.000000000000000000e+00
1.666666666666666574e-01
0.000000000000000000e+00
0.000000000000000000e+00
1.244813278008298670e-02
0.000000000000000000e+00
0.000000000000000000e+00
2.192295646727215972e-03
1.917808219178082293e-02
0.000000000000000000e+00
0.000000000000000000e+00
0.000000000000000000e+00
0.000000000000000000e+00
0.000000000000000000e+00
0.000000000000000000e+00
0.000000000000000000e+00
2.156500308071472409e-03
0.000000000000000000e+00
0.000000000000000000e+00
0.000000000000000000e+00
0.000000000000000000e+00
0.000000000000000000e+00
0.000000000000000000e+00
1.401869158878504655e-02
0.000000000000000000e+00
4.784688995215310818e-03
0.000000000000000000e+00
6.060606060606060601e-03
0.000000000000000000e+00
8.791208791208791201e-03
0.000000000000000000e+00
1.834862385321101019e-02
0.000000000000000000e+00
0.000000000000000000e+00
6.666666666666666297e-01
2.536783358701166780e-03
0.000000000000000000e+00
0.000000000000000000e+00
0.000000000000000000e+00
0.000000000000000000e+00
0.000000000000000000e+00
0.000000000000000000e+00
2.469135802469135665e-02
0.000000000000000000e+00
3.921568627450980338e-03
3.571428571428571230e-02
0.000000000000000000e+00
1.250000000000000069e-02
0.000000000000000000e+00
1.307189542483660170e-02
5.871990604815032150e-04
0.000000000000000000e+00
0.000000000000000000e+00
1.612903225806451568e-02
0.000000000000000000e+00
0.000000000000000000e+00
1.000000000000000000e+00
2.702702702702702853e-02
0.000000000000000000e+00
1.798561151079136611e-02
0.000000000000000000e+00
0.000000000000000000e+00
0.000000000000000000e+00
1.244813278008298670e-02
0.000000000000000000e+00
0.000000000000000000e+00
1.176470588235294101e-02
0.000000000000000000e+00
0.000000000000000000e+00
0.000000000000000000e+00
0.000000000000000000e+00
1.895734597156398162e-03
1.000000000000000000e+00
0.000000000000000000e+00
3.333333333333333148e-01
1.090512540894220334e-03
0.000000000000000000e+00
3.629764065335752926e-04
0.000000000000000000e+00
0.000000000000000000e+00
0.000000000000000000e+00
1.192179303767286523e-03
0.000000000000000000e+00
0.000000000000000000e+00
1.762114537444934084e-02
0.000000000000000000e+00
0.000000000000000000e+00
4.587155963302752548e-03
0.000000000000000000e+00
3.810560696788241851e-03
6.116207951070336442e-03
0.000000000000000000e+00
0.000000000000000000e+00
0.000000000000000000e+00
8.547008547008547868e-03
9.523809523809524669e-03
0.000000000000000000e+00
0.000000000000000000e+00
0.000000000000000000e+00
1.515151515151515194e-02
2.222222222222222099e-01
0.000000000000000000e+00
0.000000000000000000e+00
0.000000000000000000e+00
0.000000000000000000e+00
3.389830508474576173e-03
5.882352941176470507e-02
0.000000000000000000e+00
0.000000000000000000e+00
0.000000000000000000e+00
0.000000000000000000e+00
2.142857142857142877e-02
2.755905511811023584e-02
0.000000000000000000e+00
0.000000000000000000e+00
1.591849729385546100e-03
1.943634596695821082e-03
0.000000000000000000e+00
0.000000000000000000e+00
0.000000000000000000e+00
0.000000000000000000e+00
0.000000000000000000e+00
0.000000000000000000e+00
5.181347150259067551e-03
3.448275862068965469e-02
1.000000000000000056e-01
0.000000000000000000e+00
1.562500000000000000e-02
2.797202797202797200e-03
0.000000000000000000e+00
0.000000000000000000e+00
9.345794392523363789e-03
1.240310077519379828e-02
2.652519893899204107e-03
0.000000000000000000e+00
0.000000000000000000e+00
0.000000000000000000e+00
0.000000000000000000e+00
1.843884449907805733e-03
0.000000000000000000e+00
0.000000000000000000e+00
5.639097744360901943e-03
7.109004739336492566e-03
1.430842607313195618e-02
0.000000000000000000e+00
9.003601440576230411e-04
0.000000000000000000e+00
0.000000000000000000e+00
0.000000000000000000e+00
0.000000000000000000e+00
0.000000000000000000e+00
0.000000000000000000e+00
0.000000000000000000e+00
0.000000000000000000e+00
0.000000000000000000e+00
5.014326647564470302e-03
2.551020408163265103e-03
0.000000000000000000e+00
0.000000000000000000e+00
0.000000000000000000e+00
0.000000000000000000e+00
0.000000000000000000e+00
6.319115323854659818e-04
2.304147465437788016e-03
0.000000000000000000e+00
0.000000000000000000e+00
0.000000000000000000e+00
4.255319148936170283e-03
1.608579088471849897e-02
0.000000000000000000e+00
0.000000000000000000e+00
0.000000000000000000e+00
0.000000000000000000e+00
0.000000000000000000e+00
0.000000000000000000e+00
0.000000000000000000e+00
0.000000000000000000e+00
0.000000000000000000e+00
5.952380952380952051e-03
0.000000000000000000e+00
0.000000000000000000e+00
0.000000000000000000e+00
0.000000000000000000e+00
1.764705882352941291e-01
1.151315789473684147e-02
0.000000000000000000e+00
0.000000000000000000e+00
0.000000000000000000e+00
0.000000000000000000e+00
0.000000000000000000e+00
0.000000000000000000e+00
1.111111111111111049e-01
0.000000000000000000e+00
3.676470588235294067e-03
0.000000000000000000e+00
2.631578947368420907e-02
0.000000000000000000e+00
0.000000000000000000e+00
0.000000000000000000e+00
5.390835579514825088e-03
0.000000000000000000e+00
0.000000000000000000e+00
0.000000000000000000e+00
0.000000000000000000e+00
0.000000000000000000e+00
0.000000000000000000e+00
2.000000000000000111e-01
4.854368932038834877e-02
2.341137123745819226e-02
0.000000000000000000e+00
0.000000000000000000e+00
0.000000000000000000e+00
0.000000000000000000e+00
0.000000000000000000e+00
6.779661016949152345e-03
3.785830178474851229e-03
4.310344827586206837e-03
0.000000000000000000e+00
0.000000000000000000e+00
0.000000000000000000e+00
5.361930294906166756e-04
2.368545712932259781e-03
0.000000000000000000e+00
3.865481252415925548e-04
0.000000000000000000e+00
0.000000000000000000e+00
0.000000000000000000e+00
0.000000000000000000e+00
0.000000000000000000e+00
1.134429948950652382e-03
2.974714923153197813e-03
0.000000000000000000e+00
0.000000000000000000e+00
2.104630186410102327e-03
0.000000000000000000e+00
2.197802197802197800e-03
0.000000000000000000e+00
0.000000000000000000e+00
0.000000000000000000e+00
0.000000000000000000e+00
0.000000000000000000e+00
1.282051282051282007e-02
0.000000000000000000e+00
0.000000000000000000e+00
0.000000000000000000e+00
2.105263157894736795e-03
0.000000000000000000e+00
5.181347150259067551e-03
0.000000000000000000e+00
0.000000000000000000e+00
0.000000000000000000e+00
0.000000000000000000e+00
2.808988764044943742e-03
0.000000000000000000e+00
0.000000000000000000e+00
0.000000000000000000e+00
0.000000000000000000e+00
0.000000000000000000e+00
0.000000000000000000e+00
0.000000000000000000e+00
4.433185560481317684e-03
0.000000000000000000e+00
0.000000000000000000e+00
2.265005662514156439e-03
0.000000000000000000e+00
0.000000000000000000e+00
9.603072983354673121e-04
2.173913043478260809e-02
0.000000000000000000e+00
0.000000000000000000e+00
0.000000000000000000e+00
0.000000000000000000e+00
0.000000000000000000e+00
0.000000000000000000e+00
1.352265043948613910e-03
0.000000000000000000e+00
0.000000000000000000e+00
0.000000000000000000e+00
3.062787136294027688e-03
0.000000000000000000e+00
1.910828025477706929e-02
9.337068160597572801e-04
0.000000000000000000e+00
0.000000000000000000e+00
0.000000000000000000e+00
0.000000000000000000e+00
0.000000000000000000e+00
2.787456445993031356e-02
9.478672985781991245e-03
0.000000000000000000e+00
1.005025125628140718e-02
4.347826086956521618e-02
0.000000000000000000e+00
1.419558359621451125e-02
0.000000000000000000e+00
0.000000000000000000e+00
0.000000000000000000e+00
9.433962264150943036e-03
7.575757575757575968e-03
0.000000000000000000e+00
0.000000000000000000e+00
0.000000000000000000e+00
0.000000000000000000e+00
8.797653958944282385e-03
2.515723270440251447e-03
0.000000000000000000e+00
0.000000000000000000e+00
0.000000000000000000e+00
9.146341463414633596e-03
2.816901408450704289e-02
1.018675721561969512e-02
1.115241635687732290e-02
4.464285714285714038e-03
0.000000000000000000e+00
0.000000000000000000e+00
4.210526315789473589e-03
0.000000000000000000e+00
0.000000000000000000e+00
1.169590643274853736e-02
0.000000000000000000e+00
0.000000000000000000e+00
0.000000000000000000e+00
0.000000000000000000e+00
1.744186046511627883e-02
0.000000000000000000e+00
0.000000000000000000e+00
0.000000000000000000e+00
0.000000000000000000e+00
2.487562189054726321e-03
6.493506493506493935e-03
1.754385964912280604e-02
0.000000000000000000e+00
8.576329331046312482e-03
0.000000000000000000e+00
0.000000000000000000e+00
0.000000000000000000e+00
0.000000000000000000e+00
0.000000000000000000e+00
5.640612409347300557e-03
2.052785923753665601e-02
0.000000000000000000e+00
2.500000000000000139e-02
2.141327623126338450e-03
8.298755186721991708e-03
0.000000000000000000e+00
0.000000000000000000e+00
0.000000000000000000e+00
1.699716713881019997e-02
0.000000000000000000e+00
0.000000000000000000e+00
0.000000000000000000e+00
1.893939393939393992e-03
0.000000000000000000e+00
0.000000000000000000e+00
0.000000000000000000e+00
0.000000000000000000e+00
0.000000000000000000e+00
0.000000000000000000e+00
0.000000000000000000e+00
8.896797153024910577e-04
0.000000000000000000e+00
6.666666666666666297e-01
0.000000000000000000e+00
6.506180871828237287e-04
2.575107296137339134e-03
5.509641873278237068e-03
0.000000000000000000e+00
4.504504504504504465e-03
0.000000000000000000e+00
8.599508599508599513e-03
1.399580125962211243e-03
0.000000000000000000e+00
0.000000000000000000e+00
0.000000000000000000e+00
7.142857142857142461e-02
2.000000000000000111e-01
0.000000000000000000e+00
0.000000000000000000e+00
2.727272727272727071e-01
0.000000000000000000e+00
0.000000000000000000e+00
1.683501683501683428e-03
0.000000000000000000e+00
0.000000000000000000e+00
0.000000000000000000e+00
4.608294930875576033e-03
0.000000000000000000e+00
0.000000000000000000e+00
0.000000000000000000e+00
2.000000000000000042e-02
0.000000000000000000e+00
3.134796238244513984e-03
0.000000000000000000e+00
0.000000000000000000e+00
2.432103769760843304e-03
0.000000000000000000e+00
0.000000000000000000e+00
0.000000000000000000e+00
0.000000000000000000e+00
3.311258278145695361e-03
0.000000000000000000e+00
0.000000000000000000e+00
0.000000000000000000e+00
0.000000000000000000e+00
3.267973856209150513e-02
0.000000000000000000e+00
0.000000000000000000e+00
2.227171492204899680e-03
7.763975155279503014e-03
0.000000000000000000e+00
0.000000000000000000e+00
4.587155963302752548e-03
4.689942678478374073e-03
1.190476190476190410e-01
0.000000000000000000e+00
0.000000000000000000e+00
0.000000000000000000e+00
1.250000000000000000e-01
9.708737864077669061e-03
0.000000000000000000e+00
0.000000000000000000e+00
0.000000000000000000e+00
0.000000000000000000e+00
1.818181818181818232e-01
7.936507936507936067e-03
0.000000000000000000e+00
1.639344262295082053e-02
0.000000000000000000e+00
5.221932114882506595e-03
0.000000000000000000e+00
4.210526315789473589e-02
0.000000000000000000e+00
0.000000000000000000e+00
0.000000000000000000e+00
0.000000000000000000e+00
0.000000000000000000e+00
8.695652173913043237e-02
0.000000000000000000e+00
0.000000000000000000e+00
2.910360884749708900e-04
2.500000000000000139e-02
0.000000000000000000e+00
1.805054151624548801e-03
0.000000000000000000e+00
3.255561584373304219e-03
0.000000000000000000e+00
9.090909090909090468e-03
0.000000000000000000e+00
2.898550724637681195e-02
0.000000000000000000e+00
0.000000000000000000e+00
0.000000000000000000e+00
0.000000000000000000e+00
3.648303538854432630e-04
0.000000000000000000e+00
0.000000000000000000e+00
0.000000000000000000e+00
2.343750000000000000e-02
0.000000000000000000e+00
6.920415224913494586e-04
0.000000000000000000e+00
0.000000000000000000e+00
0.000000000000000000e+00
1.379310344827586188e-02
0.000000000000000000e+00
2.127659574468085055e-02
0.000000000000000000e+00
0.000000000000000000e+00
0.000000000000000000e+00
0.000000000000000000e+00
0.000000000000000000e+00
6.382978723404254991e-03
0.000000000000000000e+00
0.000000000000000000e+00
0.000000000000000000e+00
1.779359430604982115e-03
7.092198581560283516e-03
0.000000000000000000e+00
0.000000000000000000e+00
5.555555555555555247e-02
1.215805471124620056e-02
1.246105919003115230e-02
6.756756756756757132e-03
0.000000000000000000e+00
0.000000000000000000e+00
1.140684410646387870e-02
0.000000000000000000e+00
0.000000000000000000e+00
7.246376811594202987e-03
5.559416261292564158e-03
0.000000000000000000e+00
1.060606060606060670e-02
9.174311926605505096e-03
0.000000000000000000e+00
6.756756756756757132e-03
3.791469194312796324e-03
0.000000000000000000e+00
0.000000000000000000e+00
0.000000000000000000e+00
0.000000000000000000e+00
2.500000000000000000e-01
0.000000000000000000e+00
0.000000000000000000e+00
0.000000000000000000e+00
0.000000000000000000e+00
0.000000000000000000e+00
1.320132013201320148e-02
7.518796992481202590e-03
0.000000000000000000e+00
0.000000000000000000e+00
0.000000000000000000e+00
0.000000000000000000e+00
0.000000000000000000e+00
3.457814661134163393e-04
0.000000000000000000e+00
0.000000000000000000e+00
0.000000000000000000e+00
0.000000000000000000e+00
0.000000000000000000e+00
9.163802978235968330e-03
2.047781569965870241e-02
1.204335608189482237e-03
8.771929824561403022e-03
3.460207612456747510e-03
0.000000000000000000e+00
0.000000000000000000e+00
0.000000000000000000e+00
0.000000000000000000e+00
1.892744479495268167e-03
0.000000000000000000e+00
9.535160905840285583e-03
0.000000000000000000e+00
0.000000000000000000e+00
0.000000000000000000e+00
0.000000000000000000e+00
0.000000000000000000e+00
1.468428781204111520e-03
0.000000000000000000e+00
1.973359644795264108e-03
9.389671361502347630e-03
0.000000000000000000e+00
1.973684210526315680e-02
0.000000000000000000e+00
2.358490566037735759e-03
0.000000000000000000e+00
0.000000000000000000e+00
0.000000000000000000e+00
0.000000000000000000e+00
0.000000000000000000e+00
1.111111111111111049e-01
4.987531172069825311e-03
0.000000000000000000e+00
0.000000000000000000e+00
0.000000000000000000e+00
0.000000000000000000e+00
9.433962264150943036e-03
0.000000000000000000e+00
0.000000000000000000e+00
9.463722397476340836e-03
0.000000000000000000e+00
0.000000000000000000e+00
0.000000000000000000e+00
0.000000000000000000e+00
0.000000000000000000e+00
4.123711340206185770e-04
1.298701298701298787e-02
4.487179487179486850e-03
0.000000000000000000e+00
0.000000000000000000e+00
3.058103975535168221e-03
0.000000000000000000e+00
0.000000000000000000e+00
0.000000000000000000e+00
2.460024600246002533e-03
9.375000000000000000e-02
3.448275862068965469e-02
2.970297029702970333e-03
2.721088435374149558e-02
2.079002079002079117e-03
0.000000000000000000e+00
0.000000000000000000e+00
0.000000000000000000e+00
3.333333333333333148e-01
1.203007518796992553e-02
4.081632653061224164e-02
2.500000000000000139e-02
2.469135802469135665e-02
1.201923076923076990e-02
1.041666666666666652e-03
0.000000000000000000e+00
1.927710843373494146e-02
0.000000000000000000e+00
0.000000000000000000e+00
0.000000000000000000e+00
0.000000000000000000e+00
0.000000000000000000e+00
1.896813353566009167e-03
0.000000000000000000e+00
3.236245954692556787e-03
0.000000000000000000e+00
0.000000000000000000e+00
0.000000000000000000e+00
0.000000000000000000e+00
6.666666666666666574e-02
0.000000000000000000e+00
1.511144692104268933e-03
0.000000000000000000e+00
0.000000000000000000e+00
0.000000000000000000e+00
4.807692307692307959e-03
0.000000000000000000e+00
6.666666666666666574e-02
0.000000000000000000e+00
1.418439716312056703e-02
0.000000000000000000e+00
0.000000000000000000e+00
2.680965147453083161e-03
0.000000000000000000e+00
0.000000000000000000e+00
3.188097768331561981e-03
2.777777777777777624e-02
0.000000000000000000e+00
0.000000000000000000e+00
0.000000000000000000e+00
7.306889352818371312e-03
1.550387596899224785e-03
0.000000000000000000e+00
6.666666666666666297e-01
0.000000000000000000e+00
0.000000000000000000e+00
1.021450459652706875e-03
0.000000000000000000e+00
2.331002331002331000e-03
0.000000000000000000e+00
1.716247139588100582e-03
0.000000000000000000e+00
7.042253521126760722e-03
2.526528549772612633e-04
1.538461538461538547e-02
0.000000000000000000e+00
0.000000000000000000e+00
7.627765064836003429e-04
0.000000000000000000e+00
0.000000000000000000e+00
0.000000000000000000e+00
9.735744089012517144e-03
0.000000000000000000e+00
7.812500000000000000e-02
9.036144578313252615e-03
7.142857142857142461e-02
0.000000000000000000e+00
0.000000000000000000e+00
2.785515320334261847e-03
1.356852103120759732e-03
5.727376861397479556e-03
2.052545155993431951e-03
0.000000000000000000e+00
0.000000000000000000e+00
0.000000000000000000e+00
0.000000000000000000e+00
0.000000000000000000e+00
2.307692307692307820e-02
0.000000000000000000e+00
0.000000000000000000e+00
0.000000000000000000e+00
6.122448979591836593e-02
0.000000000000000000e+00
0.000000000000000000e+00
1.388888888888888812e-02
2.502085070892410244e-03
0.000000000000000000e+00
1.212121212121212120e-02
0.000000000000000000e+00
1.608751608751608645e-03
7.751937984496123923e-03
0.000000000000000000e+00
2.597402597402597400e-03
2.139037433155080090e-02
2.608695652173912902e-02
0.000000000000000000e+00
0.000000000000000000e+00
0.000000000000000000e+00
0.000000000000000000e+00
0.000000000000000000e+00
9.546539379474940773e-03
2.000000000000000111e-01
9.029345372460495858e-03
0.000000000000000000e+00
0.000000000000000000e+00
0.000000000000000000e+00
0.000000000000000000e+00
1.191540065534703579e-03
1.769911504424778736e-02
0.000000000000000000e+00
2.083333333333333218e-02
1.428571428571428527e-02
0.000000000000000000e+00
1.666666666666666644e-02
5.571030640668523911e-04
0.000000000000000000e+00
0.000000000000000000e+00
8.333333333333332871e-02
0.000000000000000000e+00
4.127966976264189555e-03
1.975308641975308602e-02
5.154639175257731860e-03
1.111111111111111049e-01
0.000000000000000000e+00
0.000000000000000000e+00
0.000000000000000000e+00
0.000000000000000000e+00
1.324503311258278145e-02
4.000000000000000222e-01
0.000000000000000000e+00
0.000000000000000000e+00
0.000000000000000000e+00
0.000000000000000000e+00
5.405405405405405705e-02
4.926108374384236509e-03
0.000000000000000000e+00
0.000000000000000000e+00
0.000000000000000000e+00
1.919385796545105497e-03
0.000000000000000000e+00
0.000000000000000000e+00
0.000000000000000000e+00
0.000000000000000000e+00
0.000000000000000000e+00
5.703422053231939348e-03
0.000000000000000000e+00
0.000000000000000000e+00
1.796407185628742451e-02
3.103662321539416707e-03
0.000000000000000000e+00
0.000000000000000000e+00
6.950477845351867544e-03
0.000000000000000000e+00
2.247191011235954994e-02
0.000000000000000000e+00
4.166666666666666435e-02
0.000000000000000000e+00
1.666666666666666644e-02
0.000000000000000000e+00
2.453987730061349751e-02
1.526717557251908381e-03
0.000000000000000000e+00
8.333333333333333218e-03
5.882352941176470507e-03
0.000000000000000000e+00
0.000000000000000000e+00
1.869158878504672975e-03
0.000000000000000000e+00
1.000000000000000021e-02
6.976744186046511531e-02
0.000000000000000000e+00
7.800312012480499491e-04
0.000000000000000000e+00
1.063829787234042527e-02
1.000000000000000021e-02
0.000000000000000000e+00
5.000000000000000000e-01
0.000000000000000000e+00
1.481481481481481538e-02
0.000000000000000000e+00
0.000000000000000000e+00
0.000000000000000000e+00
0.000000000000000000e+00
2.307692307692307820e-02
0.000000000000000000e+00
0.000000000000000000e+00
1.791044776119403090e-02
2.564102564102564014e-02
1.383763837638376289e-03
0.000000000000000000e+00
5.494505494505494934e-03
0.000000000000000000e+00
0.000000000000000000e+00
1.428571428571428527e-02
0.000000000000000000e+00
0.000000000000000000e+00
0.000000000000000000e+00
0.000000000000000000e+00
4.541326067211626065e-03
0.000000000000000000e+00
3.159557661927330126e-03
5.555555555555555247e-02
3.016591251885369657e-03
1.736111111111111015e-03
0.000000000000000000e+00
0.000000000000000000e+00
0.000000000000000000e+00
0.000000000000000000e+00
1.428571428571428492e-01
0.000000000000000000e+00
8.695652173913043584e-03
0.000000000000000000e+00
0.000000000000000000e+00
1.565995525727069404e-02
1.063829787234042527e-02
0.000000000000000000e+00
3.184713375796178504e-03
0.000000000000000000e+00
0.000000000000000000e+00
1.486620416253716520e-03
0.000000000000000000e+00
9.090909090909091161e-02
9.090909090909090468e-03
0.000000000000000000e+00
0.000000000000000000e+00
0.000000000000000000e+00
0.000000000000000000e+00
5.000000000000000000e-01
0.000000000000000000e+00
0.000000000000000000e+00
1.716738197424892698e-02
0.000000000000000000e+00
0.000000000000000000e+00
0.000000000000000000e+00
1.041666666666666609e-02
1.490868430860976465e-03
0.000000000000000000e+00
0.000000000000000000e+00
4.073319755600814281e-03
8.547008547008547868e-03
1.845018450184501791e-03
1.785714285714285615e-02
0.000000000000000000e+00
1.086956521739130405e-02
0.000000000000000000e+00
0.000000000000000000e+00
0.000000000000000000e+00
0.000000000000000000e+00
1.248959200666111555e-03
2.884338044418805619e-04
0.000000000000000000e+00
1.016949152542372947e-01
3.039513677811550140e-03
0.000000000000000000e+00
2.262443438914027091e-02
0.000000000000000000e+00
0.000000000000000000e+00
2.059496567505720785e-02
0.000000000000000000e+00
2.538071065989847518e-03
0.000000000000000000e+00
0.000000000000000000e+00
6.756756756756757132e-03
0.000000000000000000e+00
0.000000000000000000e+00
3.300330033003300370e-03
3.614457831325301306e-03
2.178649237472767095e-03
0.000000000000000000e+00
0.000000000000000000e+00
0.000000000000000000e+00
8.064516129032257841e-03
0.000000000000000000e+00
0.000000000000000000e+00
0.000000000000000000e+00
3.901170351105331686e-03
9.090909090909091161e-02
1.086956521739130405e-02
0.000000000000000000e+00
8.375209380234505986e-04
0.000000000000000000e+00
0.000000000000000000e+00
0.000000000000000000e+00
8.714596949891068381e-03
1.674641148325358916e-02
5.263157894736841987e-03
0.000000000000000000e+00
0.000000000000000000e+00
1.333333333333333419e-02
0.000000000000000000e+00
0.000000000000000000e+00
2.258064516129032126e-02
7.843137254901960675e-03
0.000000000000000000e+00
0.000000000000000000e+00
0.000000000000000000e+00
1.666666666666666574e-01
6.600660066006600740e-03
2.517985611510791324e-02
0.000000000000000000e+00
9.009009009009008931e-03
0.000000000000000000e+00
6.885998469778117394e-03
1.858304297328687571e-03
0.000000000000000000e+00
0.000000000000000000e+00
4.504504504504504465e-03
6.666666666666667095e-03
4.166666666666666609e-03
0.000000000000000000e+00
2.500000000000000000e-01
0.000000000000000000e+00
0.000000000000000000e+00
0.000000000000000000e+00
6.437768240343347617e-03
0.000000000000000000e+00
0.000000000000000000e+00
0.000000000000000000e+00
9.584664536741213658e-03
9.652509652509652736e-04
0.000000000000000000e+00
8.658008658008658001e-03
0.000000000000000000e+00
0.000000000000000000e+00
0.000000000000000000e+00
2.857142857142857054e-02
3.572846367606193063e-03
1.155115511551155043e-02
6.294256490952006289e-03
0.000000000000000000e+00
1.440922190201729056e-02
4.395604395604395948e-02
9.933774834437086084e-04
0.000000000000000000e+00
0.000000000000000000e+00
0.000000000000000000e+00
6.105006105006105001e-04
0.000000000000000000e+00
3.292181069958847670e-03
0.000000000000000000e+00
1.626016260162601625e-03
0.000000000000000000e+00
1.976284584980237020e-03
0.000000000000000000e+00
0.000000000000000000e+00
0.000000000000000000e+00
4.469987228607918105e-03
0.000000000000000000e+00
0.000000000000000000e+00
0.000000000000000000e+00
0.000000000000000000e+00
0.000000000000000000e+00
0.000000000000000000e+00
0.000000000000000000e+00
0.000000000000000000e+00
0.000000000000000000e+00
4.347826086956521618e-02
0.000000000000000000e+00
1.690331304935767387e-03
9.063444108761330165e-03
1.072386058981233264e-02
0.000000000000000000e+00
1.011463250168577249e-03
2.427184466019417265e-03
0.000000000000000000e+00
1.666666666666666644e-02
0.000000000000000000e+00
0.000000000000000000e+00
8.992805755395683921e-04
0.000000000000000000e+00
0.000000000000000000e+00
3.738317757009345516e-02
5.780346820809248269e-03
0.000000000000000000e+00
0.000000000000000000e+00
5.208333333333333044e-03
1.818181818181818094e-02
8.733624454148471161e-03
9.276437847866419659e-03
0.000000000000000000e+00
1.744186046511627883e-02
6.211180124223602064e-03
0.000000000000000000e+00
3.196347031963470142e-02
1.666666666666666574e-01
3.571428571428571230e-02
0.000000000000000000e+00
0.000000000000000000e+00
4.143646408839778833e-03
0.000000000000000000e+00
0.000000000000000000e+00
0.000000000000000000e+00
5.999999999999999778e-02
0.000000000000000000e+00
0.000000000000000000e+00
0.000000000000000000e+00
0.000000000000000000e+00
0.000000000000000000e+00
0.000000000000000000e+00
1.242236024844720413e-02
0.000000000000000000e+00
1.088646967340591021e-02
0.000000000000000000e+00
0.000000000000000000e+00
1.941747572815533812e-02
3.797468354430379861e-02
1.123595505617977497e-02
0.000000000000000000e+00
0.000000000000000000e+00
7.604562737642585075e-04
0.000000000000000000e+00
0.000000000000000000e+00
2.305475504322766420e-02
0.000000000000000000e+00
0.000000000000000000e+00
0.000000000000000000e+00
0.000000000000000000e+00
1.734104046242774394e-02
0.000000000000000000e+00
0.000000000000000000e+00
0.000000000000000000e+00
1.587301587301587213e-02
0.000000000000000000e+00
0.000000000000000000e+00
0.000000000000000000e+00
1.030927835051546372e-02
1.092299290005461403e-03
0.000000000000000000e+00
1.149425287356321823e-02
0.000000000000000000e+00
2.941176470588235253e-02
2.424242424242424240e-02
0.000000000000000000e+00
0.000000000000000000e+00
0.000000000000000000e+00
2.176278563656148038e-03
6.329113924050633029e-04
2.415458937198067518e-03
1.428571428571428527e-02
0.000000000000000000e+00
0.000000000000000000e+00
1.960784313725490169e-02
2.439024390243902524e-02
2.601626016260162599e-03
0.000000000000000000e+00
7.499999999999999722e-03
0.000000000000000000e+00
5.063291139240506250e-02
0.000000000000000000e+00
0.000000000000000000e+00
0.000000000000000000e+00
2.229299363057324693e-02
0.000000000000000000e+00
0.000000000000000000e+00
2.666666666666666838e-02
0.000000000000000000e+00
0.000000000000000000e+00
0.000000000000000000e+00
3.649635036496350245e-03
0.000000000000000000e+00
1.893939393939393992e-03
2.088409328228332806e-03
0.000000000000000000e+00
9.538950715421302962e-03
0.000000000000000000e+00
0.000000000000000000e+00
8.064516129032257841e-03
0.000000000000000000e+00
0.000000000000000000e+00
0.000000000000000000e+00
2.548419979612640256e-03
6.211180124223602064e-03
2.995805871779508647e-03
0.000000000000000000e+00
7.656967840735069003e-03
2.317497103128621054e-03
0.000000000000000000e+00
4.424778761061946841e-03
1.950838860710105279e-03
0.000000000000000000e+00
2.678571428571428423e-02
0.000000000000000000e+00
0.000000000000000000e+00
0.000000000000000000e+00
1.947040498442367601e-03
0.000000000000000000e+00
0.000000000000000000e+00
1.283697047496790665e-03
2.116402116402116545e-03
0.000000000000000000e+00
0.000000000000000000e+00
2.358490566037735759e-03
0.000000000000000000e+00
4.132231404958677801e-03
0.000000000000000000e+00
0.000000000000000000e+00
1.119402985074626801e-02
1.773049645390070879e-03
0.000000000000000000e+00
4.201680672268907381e-03
0.000000000000000000e+00
1.435406698564593332e-02
1.531393568147013801e-02
0.000000000000000000e+00
0.000000000000000000e+00
1.025641025641025640e-02
2.565747273893521311e-03
0.000000000000000000e+00
0.000000000000000000e+00
0.000000000000000000e+00
0.000000000000000000e+00
1.495327102803738250e-03
1.886792452830188607e-02
1.724137931034482735e-02
0.000000000000000000e+00
0.000000000000000000e+00
0.000000000000000000e+00
2.749770852428964126e-03
0.000000000000000000e+00
0.000000000000000000e+00
0.000000000000000000e+00
0.000000000000000000e+00
0.000000000000000000e+00
9.724473257698542164e-03
0.000000000000000000e+00
3.921568627450980338e-02
0.000000000000000000e+00
0.000000000000000000e+00
1.033591731266149914e-02
6.514657980456026350e-03
1.785714285714285615e-02
0.000000000000000000e+00
0.000000000000000000e+00
2.040816326530612082e-02
5.571030640668523694e-03
2.222222222222222307e-02
4.257907542579075430e-03
1.324503311258278145e-02
1.984914648670107161e-03
0.000000000000000000e+00
0.000000000000000000e+00
9.554140127388534645e-03
0.000000000000000000e+00
0.000000000000000000e+00
0.000000000000000000e+00
0.000000000000000000e+00
0.000000000000000000e+00
0.000000000000000000e+00
0.000000000000000000e+00
8.460236886632825637e-03
0.000000000000000000e+00
0.000000000000000000e+00
0.000000000000000000e+00
3.289473684210526133e-03
0.000000000000000000e+00
0.000000000000000000e+00
0.000000000000000000e+00
0.000000000000000000e+00
0.000000000000000000e+00
0.000000000000000000e+00
0.000000000000000000e+00
9.933774834437086518e-03
0.000000000000000000e+00
0.000000000000000000e+00
1.111111111111111154e-02
0.000000000000000000e+00
0.000000000000000000e+00
4.210526315789473589e-02
2.978406552494415518e-03
0.000000000000000000e+00
3.966005665722379878e-03
1.515151515151515150e-03
0.000000000000000000e+00
0.000000000000000000e+00
0.000000000000000000e+00
0.000000000000000000e+00
0.000000000000000000e+00
0.000000000000000000e+00
7.556675062972291988e-03
0.000000000000000000e+00
1.298701298701298787e-02
8.196721311475410263e-03
0.000000000000000000e+00
0.000000000000000000e+00
0.000000000000000000e+00
0.000000000000000000e+00
7.874015748031495954e-03
9.090909090909091161e-02
4.358655043586550509e-03
0.000000000000000000e+00
7.575757575757575968e-03
4.175365344467640502e-03
4.816955684007706746e-03
0.000000000000000000e+00
1.470588235294117627e-02
1.290322580645161289e-02
0.000000000000000000e+00
6.666666666666666297e-01
0.000000000000000000e+00
0.000000000000000000e+00
4.472843450479233561e-03
0.000000000000000000e+00
0.000000000000000000e+00
0.000000000000000000e+00
0.000000000000000000e+00
0.000000000000000000e+00
0.000000000000000000e+00
3.816793893129770843e-03
0.000000000000000000e+00
2.074688796680497840e-02
0.000000000000000000e+00
0.000000000000000000e+00
2.057613168724279837e-02
0.000000000000000000e+00
0.000000000000000000e+00
1.758793969849246214e-02
0.000000000000000000e+00
0.000000000000000000e+00
0.000000000000000000e+00
0.000000000000000000e+00
0.000000000000000000e+00
0.000000000000000000e+00
1.376146788990825764e-02
1.005025125628140718e-02
0.000000000000000000e+00
1.041666666666666609e-02
0.000000000000000000e+00
1.208459214501510573e-02
0.000000000000000000e+00
0.000000000000000000e+00
0.000000000000000000e+00
0.000000000000000000e+00
0.000000000000000000e+00
1.075268817204301161e-02
0.000000000000000000e+00
0.000000000000000000e+00
0.000000000000000000e+00
0.000000000000000000e+00
0.000000000000000000e+00
0.000000000000000000e+00
0.000000000000000000e+00
2.002002002002001985e-03
0.000000000000000000e+00
4.861448711716091211e-04
0.000000000000000000e+00
0.000000000000000000e+00
3.301886792452830149e-02
0.000000000000000000e+00
2.808988764044943742e-03
0.000000000000000000e+00
9.009009009009008931e-03
0.000000000000000000e+00
0.000000000000000000e+00
1.531393568147013844e-03
0.000000000000000000e+00
0.000000000000000000e+00
0.000000000000000000e+00
0.000000000000000000e+00
4.761904761904761640e-02
2.040816326530612082e-02
0.000000000000000000e+00
7.299270072992700489e-03
1.324503311258278145e-02
0.000000000000000000e+00
0.000000000000000000e+00
