9.629238247871398926e-01
9.979260563850402832e-01
9.769937992095947266e-01
9.896962642669677734e-01
8.717393875122070312e-01
9.968367815017700195e-01
9.859010577201843262e-01
8.926286101341247559e-01
9.714521169662475586e-01
8.824815154075622559e-01
9.747523069381713867e-01
9.854785203933715820e-01
9.847822785377502441e-01
9.861350655555725098e-01
9.916381835937500000e-01
9.994354248046875000e-01
9.542024731636047363e-01
9.807056188583374023e-01
9.850409030914306641e-01
9.822929501533508301e-01
9.954570531845092773e-01
9.957086443901062012e-01
9.419388175010681152e-01
9.952337741851806641e-01
9.951663017272949219e-01
9.534126520156860352e-01
9.748052358627319336e-01
9.948104023933410645e-01
7.619924545288085938e-01
9.790541529655456543e-01
8.974940180778503418e-01
9.074605703353881836e-01
9.676184654235839844e-01
9.882727265357971191e-01
9.914937019348144531e-01
9.693126082420349121e-01
9.951510429382324219e-01
9.647054076194763184e-01
8.715455532073974609e-01
9.879197478294372559e-01
9.888706207275390625e-01
9.992878437042236328e-01
9.841622710227966309e-01
9.905522465705871582e-01
9.842395782470703125e-01
9.849019646644592285e-01
9.486644864082336426e-01
9.810360670089721680e-01
9.961454868316650391e-01
9.749696254730224609e-01
9.695875048637390137e-01
9.991750121116638184e-01
9.901112318038940430e-01
9.981274008750915527e-01
9.933084845542907715e-01
9.952579140663146973e-01
9.851404428482055664e-01
9.978877305984497070e-01
9.924052357673645020e-01
9.927315711975097656e-01
9.943145513534545898e-01
9.918253421783447266e-01
9.557334780693054199e-01
9.649527668952941895e-01
9.673330187797546387e-01
9.628851413726806641e-01
9.358488321304321289e-01
9.706029295921325684e-01
9.993335008621215820e-01
9.803566932678222656e-01
9.763041734695434570e-01
9.383762478828430176e-01
9.961377978324890137e-01
9.767791032791137695e-01
9.196191430091857910e-01
9.888772368431091309e-01
9.905676245689392090e-01
9.476615786552429199e-01
9.751678109169006348e-01
9.536882042884826660e-01
9.876514077186584473e-01
9.714982509613037109e-01
9.467642307281494141e-01
9.707695841789245605e-01
9.865362048149108887e-01
9.684684872627258301e-01
8.893249630928039551e-01
9.367720484733581543e-01
9.912139177322387695e-01
9.563676118850708008e-01
9.175257682800292969e-01
9.459028840065002441e-01
9.890505075454711914e-01
9.882842302322387695e-01
9.630786776542663574e-01
9.640358090400695801e-01
9.910003542900085449e-01
9.577597379684448242e-01
9.725858569145202637e-01
8.405157327651977539e-01
9.923561811447143555e-01
9.902119040489196777e-01
9.897909760475158691e-01
9.860903620719909668e-01
9.865159988403320312e-01
9.867292046546936035e-01
9.558024406433105469e-01
9.942001700401306152e-01
9.846201539039611816e-01
9.881390333175659180e-01
9.734947085380554199e-01
9.410599470138549805e-01
9.875501990318298340e-01
9.797019958496093750e-01
9.074829816818237305e-01
9.877285957336425781e-01
9.854441881179809570e-01
9.379743933677673340e-01
9.432696700096130371e-01
9.901607036590576172e-01
9.897609949111938477e-01
9.913835525512695312e-01
9.608023762702941895e-01
9.988528490066528320e-01
9.933505058288574219e-01
9.876911640167236328e-01
9.871023297309875488e-01
9.800253510475158691e-01
9.688097834587097168e-01
9.981030225753784180e-01
9.757885932922363281e-01
9.667733311653137207e-01
9.680059552192687988e-01
9.458149075508117676e-01
9.453858137130737305e-01
9.888104796409606934e-01
9.921537041664123535e-01
9.719342589378356934e-01
9.949380755424499512e-01
9.964599609375000000e-01
8.494163155555725098e-01
9.859452247619628906e-01
9.835094809532165527e-01
9.874801635742187500e-01
9.779315590858459473e-01
9.782974720001220703e-01
9.865599274635314941e-01
9.827387928962707520e-01
9.835303425788879395e-01
9.942870736122131348e-01
9.936684370040893555e-01
9.091285467147827148e-01
9.823552966117858887e-01
9.797292351722717285e-01
9.919787049293518066e-01
9.792097806930541992e-01
9.758952856063842773e-01
9.779030084609985352e-01
9.408158659934997559e-01
9.804766774177551270e-01
9.999685287475585938e-01
9.889972209930419922e-01
9.706057310104370117e-01
9.729371666908264160e-01
9.891088604927062988e-01
9.862829446792602539e-01
9.504363536834716797e-01
9.739935994148254395e-01
9.325876235961914062e-01
9.755393862724304199e-01
9.223925471305847168e-01
9.281448125839233398e-01
9.444546103477478027e-01
9.726392030715942383e-01
9.867436289787292480e-01
9.596523046493530273e-01
9.866688847541809082e-01
9.650844931602478027e-01
9.694014191627502441e-01
9.545285701751708984e-01
8.490630984306335449e-01
9.828266501426696777e-01
9.197500944137573242e-01
9.890992641448974609e-01
9.645441174507141113e-01
9.525067210197448730e-01
9.884728193283081055e-01
9.539833068847656250e-01
9.953611493110656738e-01
9.923557639122009277e-01
9.787560701370239258e-01
9.694964885711669922e-01
9.560443758964538574e-01
9.815703034400939941e-01
9.890984296798706055e-01
9.837058186531066895e-01
9.858403205871582031e-01
9.741110205650329590e-01
9.868229031562805176e-01
8.679126501083374023e-01
9.947460293769836426e-01
9.886764287948608398e-01
9.053356647491455078e-01
9.202626347541809082e-01
8.870053887367248535e-01
8.803603649139404297e-01
9.644208550453186035e-01
9.759528636932373047e-01
9.773132205009460449e-01
9.742196202278137207e-01
9.996948838233947754e-01
9.598576426506042480e-01
9.900583028793334961e-01
9.626623988151550293e-01
9.671812653541564941e-01
9.898410439491271973e-01
9.995185136795043945e-01
9.868183135986328125e-01
9.752671122550964355e-01
9.609187841415405273e-01
9.888902902603149414e-01
9.808240532875061035e-01
9.942894577980041504e-01
8.640364408493041992e-01
9.968286156654357910e-01
9.947141408920288086e-01
9.031944870948791504e-01
9.791012406349182129e-01
9.270856976509094238e-01
9.529843926429748535e-01
8.876692056655883789e-01
9.687507152557373047e-01
9.773886799812316895e-01
9.325389862060546875e-01
9.781253933906555176e-01
9.975329637527465820e-01
9.842178821563720703e-01
9.417043328285217285e-01
9.793619513511657715e-01
9.873314499855041504e-01
9.671137332916259766e-01
9.909056425094604492e-01
9.858681559562683105e-01
9.348354935646057129e-01
8.118169307708740234e-01
8.900383710861206055e-01
9.819615483283996582e-01
9.987511038780212402e-01
9.981425404548645020e-01
9.997392296791076660e-01
9.975354075431823730e-01
9.922362565994262695e-01
9.863263964653015137e-01
9.902315735816955566e-01
9.188119769096374512e-01
9.979236125946044922e-01
9.217189550399780273e-01
9.397163391113281250e-01
9.614401459693908691e-01
9.748779535293579102e-01
9.432793259620666504e-01
9.956598281860351562e-01
9.883726835250854492e-01
9.633984565734863281e-01
9.552817940711975098e-01
9.932215809822082520e-01
9.827055335044860840e-01
9.782836437225341797e-01
9.106171131134033203e-01
9.942002892494201660e-01
9.943364858627319336e-01
9.759084582328796387e-01
9.869859814643859863e-01
9.892280697822570801e-01
9.876617193222045898e-01
9.331269860267639160e-01
9.629241228103637695e-01
9.989315271377563477e-01
9.851664900779724121e-01
9.668859839439392090e-01
9.898869395256042480e-01
9.920070767402648926e-01
9.878434538841247559e-01
8.857448101043701172e-01
9.159539937973022461e-01
9.727206826210021973e-01
9.591444730758666992e-01
9.735853672027587891e-01
9.694961309432983398e-01
9.390914440155029297e-01
9.935489296913146973e-01
9.569633603096008301e-01
9.338441491127014160e-01
9.704297184944152832e-01
9.814836978912353516e-01
9.922163486480712891e-01
9.266471862792968750e-01
9.910693168640136719e-01
9.901850819587707520e-01
9.868518710136413574e-01
9.783436655998229980e-01
9.962958693504333496e-01
9.883786439895629883e-01
9.583179354667663574e-01
9.522671103477478027e-01
9.921315908432006836e-01
9.483263492584228516e-01
9.431146383285522461e-01
9.916414618492126465e-01
9.855141639709472656e-01
9.834266901016235352e-01
9.602628946304321289e-01
9.832577109336853027e-01
9.513393044471740723e-01
9.761784672737121582e-01
9.906352758407592773e-01
9.704281687736511230e-01
9.737240672111511230e-01
9.715912342071533203e-01
9.990611672401428223e-01
7.164057493209838867e-01
9.658061861991882324e-01
9.760411977767944336e-01
9.682286381721496582e-01
9.593603610992431641e-01
9.818342328071594238e-01
8.863915801048278809e-01
9.877262711524963379e-01
9.957208037376403809e-01
9.452340006828308105e-01
9.989817142486572266e-01
9.418579339981079102e-01
9.697887301445007324e-01
9.895117878913879395e-01
9.774926900863647461e-01
9.910401105880737305e-01
9.500908255577087402e-01
9.911215901374816895e-01
9.993656873703002930e-01
9.503211379051208496e-01
9.206377863883972168e-01
9.140805602073669434e-01
9.278369545936584473e-01
9.879367947578430176e-01
8.975248932838439941e-01
9.946470260620117188e-01
9.890583753585815430e-01
9.821087121963500977e-01
9.714983701705932617e-01
9.969855546951293945e-01
9.906844496726989746e-01
9.921377301216125488e-01
9.781615734100341797e-01
9.913051128387451172e-01
9.870412945747375488e-01
9.384960532188415527e-01
8.507281541824340820e-01
9.800270199775695801e-01
9.047447443008422852e-01
9.850003719329833984e-01
9.848428368568420410e-01
9.828771948814392090e-01
9.846913218498229980e-01
9.863100051879882812e-01
9.897130131721496582e-01
9.309438467025756836e-01
9.844993948936462402e-01
9.444339871406555176e-01
9.814977049827575684e-01
9.486979842185974121e-01
9.809310436248779297e-01
9.839968681335449219e-01
9.991003870964050293e-01
9.787440299987792969e-01
9.994436502456665039e-01
9.527226090431213379e-01
9.862624406814575195e-01
9.777138829231262207e-01
9.893078207969665527e-01
9.839247465133666992e-01
9.622213244438171387e-01
9.855106472969055176e-01
9.806088209152221680e-01
9.964371919631958008e-01
9.913830757141113281e-01
9.757886528968811035e-01
9.833259582519531250e-01
9.652493596076965332e-01
9.833021163940429688e-01
9.783962965011596680e-01
9.931192994117736816e-01
9.979225993156433105e-01
9.950992465019226074e-01
9.933612942695617676e-01
9.991518259048461914e-01
9.977424740791320801e-01
9.941339492797851562e-01
9.643454551696777344e-01
9.579558372497558594e-01
9.446698427200317383e-01
9.857851862907409668e-01
9.836868643760681152e-01
9.502483010292053223e-01
9.492937326431274414e-01
9.034082889556884766e-01
9.639273881912231445e-01
9.992050528526306152e-01
9.390179514884948730e-01
9.678221940994262695e-01
9.959743022918701172e-01
9.307072162628173828e-01
9.847941398620605469e-01
9.799070358276367188e-01
9.863814115524291992e-01
9.967809319496154785e-01
9.882460832595825195e-01
9.946023821830749512e-01
9.860115647315979004e-01
9.864023327827453613e-01
9.930149316787719727e-01
9.915199279785156250e-01
9.835255742073059082e-01
9.509140253067016602e-01
9.981631040573120117e-01
9.731624126434326172e-01
9.430744647979736328e-01
9.705493450164794922e-01
9.983026385307312012e-01
9.707055687904357910e-01
9.954473376274108887e-01
9.376183152198791504e-01
7.793090343475341797e-01
9.995518922805786133e-01
9.973066449165344238e-01
8.890787959098815918e-01
9.944124817848205566e-01
9.876201152801513672e-01
9.510908126831054688e-01
9.866405725479125977e-01
9.826039075851440430e-01
9.744318127632141113e-01
9.501750469207763672e-01
9.629764556884765625e-01
9.578577280044555664e-01
9.248832464218139648e-01
9.585739970207214355e-01
9.534594416618347168e-01
9.666970968246459961e-01
9.415808916091918945e-01
9.860259294509887695e-01
9.920142292976379395e-01
9.832483530044555664e-01
9.881418347358703613e-01
9.772509336471557617e-01
9.587807655334472656e-01
9.426675438880920410e-01
9.953786134719848633e-01
9.377372860908508301e-01
8.127782940864562988e-01
9.835519194602966309e-01
9.658939242362976074e-01
9.937857389450073242e-01
9.997999072074890137e-01
9.763055443763732910e-01
9.837935566902160645e-01
9.211869239807128906e-01
9.848642945289611816e-01
9.896907806396484375e-01
9.319683909416198730e-01
9.535913467407226562e-01
9.900289177894592285e-01
9.712504148483276367e-01
9.792819619178771973e-01
9.334836602210998535e-01
9.730761647224426270e-01
9.635813832283020020e-01
9.473463892936706543e-01
9.952972531318664551e-01
9.667211771011352539e-01
9.483307003974914551e-01
9.782069325447082520e-01
9.945101737976074219e-01
9.576172828674316406e-01
9.095158576965332031e-01
9.476810693740844727e-01
9.834036231040954590e-01
9.530866742134094238e-01
9.729330539703369141e-01
9.765369892120361328e-01
8.729418516159057617e-01
9.487704634666442871e-01
9.733684062957763672e-01
9.969400167465209961e-01
9.612914323806762695e-01
9.735223650932312012e-01
9.983606934547424316e-01
9.314192533493041992e-01
9.551428556442260742e-01
9.510473012924194336e-01
9.808958172798156738e-01
9.372451305389404297e-01
9.926056265830993652e-01
9.729134440422058105e-01
9.468301534652709961e-01
9.451141357421875000e-01
9.718679785728454590e-01
9.539773464202880859e-01
9.760555028915405273e-01
9.862503409385681152e-01
9.744371771812438965e-01
9.995391964912414551e-01
9.617733955383300781e-01
9.879094362258911133e-01
9.761724472045898438e-01
9.921863079071044922e-01
9.998213052749633789e-01
9.671936035156250000e-01
9.806891679763793945e-01
9.551009535789489746e-01
9.631001353263854980e-01
9.801177978515625000e-01
9.888433814048767090e-01
9.785946011543273926e-01
9.938541054725646973e-01
9.966940283775329590e-01
9.885661602020263672e-01
9.917498230934143066e-01
9.766891598701477051e-01
9.799450039863586426e-01
9.724256992340087891e-01
9.952348470687866211e-01
9.171869754791259766e-01
9.819669723510742188e-01
9.900572896003723145e-01
9.838228821754455566e-01
8.978366255760192871e-01
9.889759421348571777e-01
9.907954931259155273e-01
9.937374591827392578e-01
9.847280979156494141e-01
8.895081281661987305e-01
9.901333451271057129e-01
9.907963275909423828e-01
9.883381128311157227e-01
9.550050497055053711e-01
9.886201620101928711e-01
9.298481345176696777e-01
9.869114160537719727e-01
9.962728023529052734e-01
8.846275210380554199e-01
9.890471696853637695e-01
9.437157511711120605e-01
9.844254255294799805e-01
9.902738332748413086e-01
9.810583591461181641e-01
9.403595924377441406e-01
9.943184256553649902e-01
9.882956147193908691e-01
9.903187155723571777e-01
9.603361487388610840e-01
9.903011322021484375e-01
9.781571030616760254e-01
9.758790731430053711e-01
9.648936390876770020e-01
9.441038370132446289e-01
9.639675021171569824e-01
9.878996014595031738e-01
9.958081841468811035e-01
9.726347327232360840e-01
9.996762871742248535e-01
9.796665310859680176e-01
9.804888963699340820e-01
9.559084773063659668e-01
8.571167588233947754e-01
9.779981374740600586e-01
9.916776418685913086e-01
9.886249303817749023e-01
9.544313549995422363e-01
9.993177652359008789e-01
9.762246012687683105e-01
9.837253093719482422e-01
9.958661794662475586e-01
9.933819770812988281e-01
9.783579111099243164e-01
9.689038395881652832e-01
9.956835508346557617e-01
9.526045322418212891e-01
9.938819408416748047e-01
9.760351777076721191e-01
9.557927250862121582e-01
9.547736048698425293e-01
9.409376978874206543e-01
9.304137825965881348e-01
8.829514384269714355e-01
9.838637709617614746e-01
9.128793478012084961e-01
9.975352287292480469e-01
9.920666217803955078e-01
9.891503453254699707e-01
9.774782657623291016e-01
9.743841886520385742e-01
9.652652740478515625e-01
9.981412887573242188e-01
9.803739786148071289e-01
9.903530478477478027e-01
9.980760812759399414e-01
9.636654853820800781e-01
9.859498739242553711e-01
9.957945346832275391e-01
9.380005002021789551e-01
9.809673428535461426e-01
9.824733138084411621e-01
9.842970967292785645e-01
9.893985390663146973e-01
9.881395101547241211e-01
9.798175096511840820e-01
9.918106794357299805e-01
9.932122230529785156e-01
9.723805189132690430e-01
8.279086351394653320e-01
9.753065705299377441e-01
9.838792085647583008e-01
9.947047829627990723e-01
9.088626503944396973e-01
9.654387831687927246e-01
9.408803582191467285e-01
9.844926595687866211e-01
9.071319699287414551e-01
9.691069126129150391e-01
9.291620254516601562e-01
9.992303252220153809e-01
9.665496945381164551e-01
9.472619295120239258e-01
9.318947196006774902e-01
8.731500506401062012e-01
9.583021402359008789e-01
9.892632961273193359e-01
9.815649986267089844e-01
9.323374032974243164e-01
9.754827022552490234e-01
9.905555248260498047e-01
9.735321998596191406e-01
9.829323887825012207e-01
9.971572160720825195e-01
9.737681746482849121e-01
9.291707277297973633e-01
9.873220920562744141e-01
9.794375300407409668e-01
9.663428068161010742e-01
9.345852732658386230e-01
9.786821603775024414e-01
9.955717921257019043e-01
9.572489857673645020e-01
9.907362461090087891e-01
9.987046718597412109e-01
9.807572960853576660e-01
9.375343322753906250e-01
9.782523512840270996e-01
8.450663089752197266e-01
9.917107820510864258e-01
9.775440096855163574e-01
9.920627474784851074e-01
9.713004827499389648e-01
9.786564707756042480e-01
9.674525856971740723e-01
9.879701137542724609e-01
9.910954236984252930e-01
9.891537427902221680e-01
8.855788707733154297e-01
9.802981615066528320e-01
9.729593396186828613e-01
9.284173846244812012e-01
9.687764644622802734e-01
9.781078696250915527e-01
9.392746686935424805e-01
9.369329214096069336e-01
9.795433878898620605e-01
9.856289625167846680e-01
9.745054841041564941e-01
9.293918609619140625e-01
9.749682545661926270e-01
9.936808347702026367e-01
9.869478940963745117e-01
9.303932785987854004e-01
8.954859972000122070e-01
9.937899112701416016e-01
9.577067494392395020e-01
9.911118745803833008e-01
9.849385023117065430e-01
9.897045493125915527e-01
9.960181117057800293e-01
9.766885042190551758e-01
9.883652925491333008e-01
9.807869791984558105e-01
9.691118001937866211e-01
9.443597793579101562e-01
9.725900292396545410e-01
9.835471510887145996e-01
9.567357897758483887e-01
9.704902172088623047e-01
9.796695709228515625e-01
9.379435181617736816e-01
9.683605432510375977e-01
9.889574646949768066e-01
9.893950819969177246e-01
9.913157820701599121e-01
9.972962737083435059e-01
9.794539809226989746e-01
9.715393185615539551e-01
9.837114214897155762e-01
9.721766710281372070e-01
9.812314510345458984e-01
9.944444298744201660e-01
8.813937306404113770e-01
9.907412528991699219e-01
9.932956099510192871e-01
9.841774106025695801e-01
9.882755875587463379e-01
9.867967367172241211e-01
9.691548347473144531e-01
9.948915243148803711e-01
9.962828159332275391e-01
9.712746739387512207e-01
9.657199382781982422e-01
9.912236332893371582e-01
9.246193766593933105e-01
9.902787208557128906e-01
9.842805266380310059e-01
9.785228967666625977e-01
9.747169017791748047e-01
9.947094917297363281e-01
9.550959467887878418e-01
9.179471135139465332e-01
9.921759366989135742e-01
9.491507411003112793e-01
9.881550669670104980e-01
9.533962607383728027e-01
9.888270497322082520e-01
9.742243885993957520e-01
9.917491674423217773e-01
9.985421299934387207e-01
9.831544160842895508e-01
9.634151458740234375e-01
9.914788603782653809e-01
9.863681793212890625e-01
9.391983151435852051e-01
9.984440207481384277e-01
9.951311349868774414e-01
9.888859987258911133e-01
9.166474342346191406e-01
9.886370301246643066e-01
9.805519580841064453e-01
9.889370799064636230e-01
9.916703701019287109e-01
9.543578624725341797e-01
9.890372157096862793e-01
9.059941768646240234e-01
9.909433722496032715e-01
9.711552858352661133e-01
9.866846203804016113e-01
9.256852865219116211e-01
9.932975769042968750e-01
9.970969557762145996e-01
9.646411538124084473e-01
9.839453101158142090e-01
9.998029470443725586e-01
9.954228401184082031e-01
9.748647212982177734e-01
9.474254250526428223e-01
9.915861487388610840e-01
9.723948240280151367e-01
9.925842881202697754e-01
9.849103093147277832e-01
9.290296435356140137e-01
8.969235420227050781e-01
9.189801812171936035e-01
9.879001975059509277e-01
9.815148115158081055e-01
9.928379654884338379e-01
9.833584427833557129e-01
9.903509616851806641e-01
9.678009152412414551e-01
8.683110475540161133e-01
9.816777110099792480e-01
9.787478446960449219e-01
8.987950086593627930e-01
9.859125018119812012e-01
9.605250954627990723e-01
9.922607541084289551e-01
9.873726367950439453e-01
9.598396420478820801e-01
9.930946826934814453e-01
9.944387674331665039e-01
9.902858734130859375e-01
9.873598814010620117e-01
9.891569614410400391e-01
9.869121909141540527e-01
9.896153807640075684e-01
9.934260845184326172e-01
9.795374274253845215e-01
8.596192598342895508e-01
9.885954260826110840e-01
8.954389095306396484e-01
9.419969320297241211e-01
9.905897974967956543e-01
9.795852899551391602e-01
9.838310480117797852e-01
9.830158352851867676e-01
9.322119951248168945e-01
9.580683708190917969e-01
9.606773257255554199e-01
9.979222416877746582e-01
9.635083675384521484e-01
9.865071773529052734e-01
9.727956056594848633e-01
8.410151004791259766e-01
9.559183120727539062e-01
9.893984198570251465e-01
9.862238168716430664e-01
9.855338335037231445e-01
9.938662052154541016e-01
9.901707172393798828e-01
9.764671325683593750e-01
9.749566912651062012e-01
9.949123263359069824e-01
9.979000091552734375e-01
9.932654500007629395e-01
9.938773512840270996e-01
8.734760880470275879e-01
9.300779700279235840e-01
9.522710442543029785e-01
9.989202618598937988e-01
9.723057150840759277e-01
9.421122670173645020e-01
9.462035894393920898e-01
9.605262279510498047e-01
9.111106395721435547e-01
9.668461680412292480e-01
9.867877960205078125e-01
8.003931045532226562e-01
9.463474154472351074e-01
9.959946870803833008e-01
9.306416511535644531e-01
9.285152554512023926e-01
9.698898196220397949e-01
9.783334136009216309e-01
9.658706784248352051e-01
9.950024485588073730e-01
9.665375351905822754e-01
9.728414416313171387e-01
9.965958595275878906e-01
9.765674471855163574e-01
9.894487857818603516e-01
9.528728723526000977e-01
9.883646965026855469e-01
9.991779923439025879e-01
9.802874326705932617e-01
9.776156544685363770e-01
9.954750537872314453e-01
9.735918641090393066e-01
9.861981272697448730e-01
9.892353415489196777e-01
9.883322715759277344e-01
9.868521690368652344e-01
9.554298520088195801e-01
9.946069717407226562e-01
9.860260486602783203e-01
9.608469605445861816e-01
9.738726615905761719e-01
8.276762366294860840e-01
9.409319162368774414e-01
9.808730483055114746e-01
9.990298151969909668e-01
8.542896509170532227e-01
9.827938079833984375e-01
9.926886558532714844e-01
9.557178616523742676e-01
9.914371371269226074e-01
9.719923138618469238e-01
8.664646744728088379e-01
9.782073497772216797e-01
9.718218445777893066e-01
9.976013898849487305e-01
9.757151603698730469e-01
9.672221541404724121e-01
9.932197928428649902e-01
9.875384569168090820e-01
9.861104488372802734e-01
9.969434738159179688e-01
9.655051231384277344e-01
9.835018515586853027e-01
9.803234338760375977e-01
9.609725475311279297e-01
9.967574477195739746e-01
9.408682584762573242e-01
9.701125621795654297e-01
8.106164932250976562e-01
9.945358037948608398e-01
9.333068132400512695e-01
9.854250550270080566e-01
9.801561236381530762e-01
9.578303098678588867e-01
8.717470765113830566e-01
9.201864004135131836e-01
9.887593388557434082e-01
9.836236238479614258e-01
9.814655184745788574e-01
9.922873973846435547e-01
9.611389040946960449e-01
9.354854822158813477e-01
9.794712662696838379e-01
9.981949329376220703e-01
8.991138935089111328e-01
9.589570760726928711e-01
9.793604612350463867e-01
9.812392592430114746e-01
9.958830475807189941e-01
9.797077775001525879e-01
9.622901678085327148e-01
9.860283136367797852e-01
9.867956638336181641e-01
9.782428145408630371e-01
9.517579078674316406e-01
9.893819689750671387e-01
9.863829612731933594e-01
9.925477504730224609e-01
9.050183892250061035e-01
9.597377181053161621e-01
9.847993850708007812e-01
7.429085373878479004e-01
9.974693655967712402e-01
9.998223781585693359e-01
9.645993113517761230e-01
9.849264621734619141e-01
9.853204488754272461e-01
9.747506976127624512e-01
9.834557175636291504e-01
9.975073337554931641e-01
9.817343354225158691e-01
9.960327148437500000e-01
9.390687942504882812e-01
9.567168951034545898e-01
9.981897473335266113e-01
9.829455018043518066e-01
9.582992792129516602e-01
9.035648703575134277e-01
9.512602686882019043e-01
9.643104076385498047e-01
9.950290918350219727e-01
9.781260490417480469e-01
9.796372652053833008e-01
9.503735303878784180e-01
9.982041120529174805e-01
9.943401813507080078e-01
9.907584786415100098e-01
9.877020120620727539e-01
9.690235257148742676e-01
9.904087185859680176e-01
9.667865633964538574e-01
9.909184575080871582e-01
9.577122926712036133e-01
9.884586334228515625e-01
9.525306224822998047e-01
9.665663838386535645e-01
9.639874100685119629e-01
9.881626963615417480e-01
9.957297444343566895e-01
9.759775400161743164e-01
9.705739021301269531e-01
9.274854063987731934e-01
9.883831143379211426e-01
9.665131568908691406e-01
9.520839452743530273e-01
9.974251389503479004e-01
9.968698024749755859e-01
9.909506440162658691e-01
9.684785604476928711e-01
9.744456410408020020e-01
9.148715734481811523e-01
9.790191650390625000e-01
9.997410178184509277e-01
9.529413580894470215e-01
9.707788825035095215e-01
9.957759976387023926e-01
9.793447852134704590e-01
9.852151870727539062e-01
9.976863861083984375e-01
9.902500510215759277e-01
9.757307171821594238e-01
9.535588622093200684e-01
9.608851671218872070e-01
8.085604310035705566e-01
9.791443347930908203e-01
9.441940188407897949e-01
9.884199500083923340e-01
9.848720431327819824e-01
9.825676083564758301e-01
9.883542060852050781e-01
9.926374554634094238e-01
9.811481237411499023e-01
9.354354739189147949e-01
8.183376789093017578e-01
9.957417249679565430e-01
9.327779412269592285e-01
9.908747673034667969e-01
9.351862668991088867e-01
9.409095644950866699e-01
9.971187114715576172e-01
9.761003255844116211e-01
9.919039607048034668e-01
9.958665370941162109e-01
9.678193926811218262e-01
9.497075676918029785e-01
9.850891828536987305e-01
9.853214621543884277e-01
9.061903357505798340e-01
9.889363050460815430e-01
9.600852131843566895e-01
9.611688256263732910e-01
9.495882987976074219e-01
9.635662436485290527e-01
9.827322363853454590e-01
9.983980655670166016e-01
9.805760979652404785e-01
9.946605563163757324e-01
9.201419353485107422e-01
9.748399853706359863e-01
9.949300885200500488e-01
9.962185025215148926e-01
9.289480447769165039e-01
9.726228713989257812e-01
9.771559238433837891e-01
9.379048943519592285e-01
9.342729449272155762e-01
9.740044474601745605e-01
9.451341629028320312e-01
9.952337741851806641e-01
9.915398955345153809e-01
9.783303737640380859e-01
9.919608831405639648e-01
9.007608890533447266e-01
9.780393838882446289e-01
9.816012978553771973e-01
9.839986562728881836e-01
9.950689673423767090e-01
9.383037686347961426e-01
9.858048558235168457e-01
9.061791896820068359e-01
9.989610910415649414e-01
9.652577042579650879e-01
9.931361079216003418e-01
9.873806834220886230e-01
9.855721592903137207e-01
9.995039701461791992e-01
9.960433244705200195e-01
9.759187698364257812e-01
9.425411224365234375e-01
9.872280955314636230e-01
9.939393401145935059e-01
9.704316258430480957e-01
9.821203351020812988e-01
9.951575398445129395e-01
9.895123243331909180e-01
9.788969159126281738e-01
9.873579144477844238e-01
9.774112105369567871e-01
9.973827004432678223e-01
9.677587151527404785e-01
9.136623740196228027e-01
9.944089055061340332e-01
9.212495684623718262e-01
9.513962864875793457e-01
9.914617538452148438e-01
9.368011355400085449e-01
9.221616387367248535e-01
9.811731576919555664e-01
9.764589667320251465e-01
9.603795409202575684e-01
9.536178112030029297e-01
9.677845835685729980e-01
9.625670909881591797e-01
9.216419458389282227e-01
9.845409393310546875e-01
9.801250696182250977e-01
9.973684549331665039e-01
9.735965728759765625e-01
9.091306328773498535e-01
9.844557046890258789e-01
9.931498765945434570e-01
9.189569950103759766e-01
9.984489083290100098e-01
9.728140830993652344e-01
9.857586622238159180e-01
9.208347797393798828e-01
9.805471897125244141e-01
9.962737560272216797e-01
9.541314840316772461e-01
9.723809957504272461e-01
9.915973544120788574e-01
9.878133535385131836e-01
9.794134497642517090e-01
9.982755184173583984e-01
9.427674412727355957e-01
9.913855195045471191e-01
9.911847710609436035e-01
8.803966045379638672e-01
9.605640769004821777e-01
9.362473487854003906e-01
9.774463772773742676e-01
9.588089585304260254e-01
9.856588840484619141e-01
9.946014285087585449e-01
8.689635992050170898e-01
9.699711799621582031e-01
9.449955224990844727e-01
9.766265153884887695e-01
9.436514973640441895e-01
9.799507260322570801e-01
9.906109571456909180e-01
9.325640797615051270e-01
9.540411829948425293e-01
9.765085577964782715e-01
9.880527853965759277e-01
9.616902470588684082e-01
9.920451045036315918e-01
9.824224710464477539e-01
9.593865871429443359e-01
9.890649914741516113e-01
9.675896167755126953e-01
9.930848479270935059e-01
9.593830108642578125e-01
9.771744012832641602e-01
9.598667025566101074e-01
9.406273365020751953e-01
9.035181999206542969e-01
9.947345852851867676e-01
9.796331524848937988e-01
8.845313191413879395e-01
9.821077585220336914e-01
9.855071306228637695e-01
9.964471459388732910e-01
9.796428680419921875e-01
9.561072587966918945e-01
9.797273874282836914e-01
8.576512336730957031e-01
9.931623935699462891e-01
9.709370732307434082e-01
9.941807985305786133e-01
9.873518943786621094e-01
9.558545351028442383e-01
9.864964485168457031e-01
9.928989410400390625e-01
9.660242199897766113e-01
9.776952266693115234e-01
9.741266369819641113e-01
9.841861724853515625e-01
9.847723841667175293e-01
9.607059955596923828e-01
9.981777071952819824e-01
9.861709475517272949e-01
9.605824351310729980e-01
9.812248945236206055e-01
9.953731298446655273e-01
9.582217931747436523e-01
9.894932508468627930e-01
9.979203343391418457e-01
9.662865400314331055e-01
9.935268759727478027e-01
7.917243838310241699e-01
9.813459515571594238e-01
8.790777921676635742e-01
9.939278364181518555e-01
8.958141803741455078e-01
9.986568689346313477e-01
9.707230329513549805e-01
9.914895296096801758e-01
9.995769858360290527e-01
9.882673025131225586e-01
9.935438632965087891e-01
9.715225100517272949e-01
9.435646533966064453e-01
9.930663108825683594e-01
9.925868511199951172e-01
9.756079316139221191e-01
9.491628408432006836e-01
9.900414347648620605e-01
9.966958165168762207e-01
9.495717287063598633e-01
9.906331896781921387e-01
9.933319091796875000e-01
9.873006343841552734e-01
9.096044301986694336e-01
9.423057436943054199e-01
9.592544436454772949e-01
9.781098961830139160e-01
9.756090641021728516e-01
9.681529998779296875e-01
9.642724990844726562e-01
9.865016937255859375e-01
9.783952832221984863e-01
9.963878989219665527e-01
9.971295595169067383e-01
9.912055134773254395e-01
9.467691779136657715e-01
9.635900259017944336e-01
9.266226887702941895e-01
9.966432452201843262e-01
9.322220683097839355e-01
9.981541633605957031e-01
9.709643125534057617e-01
9.819672107696533203e-01
9.925697445869445801e-01
9.934818744659423828e-01
8.645374178886413574e-01
9.968653321266174316e-01
9.901303648948669434e-01
9.616829156875610352e-01
9.569509625434875488e-01
9.890477657318115234e-01
9.667512774467468262e-01
9.884576201438903809e-01
9.944845438003540039e-01
9.398488402366638184e-01
9.693185091018676758e-01
9.897391200065612793e-01
9.957392811775207520e-01
9.883618950843811035e-01
9.684008955955505371e-01
9.909440279006958008e-01
9.314887523651123047e-01
9.885095953941345215e-01
9.901380538940429688e-01
9.959491491317749023e-01
9.595496058464050293e-01
9.913690090179443359e-01
9.080668091773986816e-01
9.822452664375305176e-01
9.803586602210998535e-01
9.796605110168457031e-01
9.914429783821105957e-01
9.970510005950927734e-01
9.815021753311157227e-01
9.547170400619506836e-01
9.892920255661010742e-01
9.820200204849243164e-01
9.925498366355895996e-01
9.798310995101928711e-01
9.218471646308898926e-01
9.890856146812438965e-01
9.771302342414855957e-01
9.394966959953308105e-01
9.838155508041381836e-01
9.995809197425842285e-01
9.947522282600402832e-01
8.390921354293823242e-01
9.871053099632263184e-01
9.784378409385681152e-01
9.678357839584350586e-01
9.969691038131713867e-01
7.870959639549255371e-01
9.772338867187500000e-01
9.439321756362915039e-01
9.875226020812988281e-01
9.854665994644165039e-01
9.799389243125915527e-01
9.894531965255737305e-01
9.961339831352233887e-01
9.894550442695617676e-01
9.980863928794860840e-01
9.676809906959533691e-01
9.724866151809692383e-01
9.949842691421508789e-01
9.413885474205017090e-01
9.957695603370666504e-01
9.929683804512023926e-01
9.973367452621459961e-01
9.930540323257446289e-01
9.913805127143859863e-01
9.877034425735473633e-01
9.247259497642517090e-01
9.996761083602905273e-01
9.903770685195922852e-01
9.992495775222778320e-01
9.758779406547546387e-01
9.855369925498962402e-01
9.511249661445617676e-01
9.798735380172729492e-01
9.709388613700866699e-01
9.971399903297424316e-01
9.375119209289550781e-01
9.810597300529479980e-01
9.866287112236022949e-01
9.990217685699462891e-01
9.578679203987121582e-01
9.984454512596130371e-01
9.667137861251831055e-01
9.401969313621520996e-01
9.893262982368469238e-01
9.887866973876953125e-01
9.829714894294738770e-01
9.468382596969604492e-01
9.939293265342712402e-01
9.426832795143127441e-01
