9.775010943412780762e-01
9.961537122726440430e-01
9.847581982612609863e-01
9.951083064079284668e-01
9.990118145942687988e-01
9.813478589057922363e-01
9.896280169486999512e-01
9.934346079826354980e-01
9.947622418403625488e-01
9.992499947547912598e-01
9.942749738693237305e-01
9.993515610694885254e-01
9.941928386688232422e-01
9.993573427200317383e-01
9.952021241188049316e-01
9.905427694320678711e-01
9.996100068092346191e-01
9.980007410049438477e-01
9.991362690925598145e-01
9.923118352890014648e-01
9.981579184532165527e-01
9.970370531082153320e-01
9.989500045776367188e-01
9.962043762207031250e-01
9.998656511306762695e-01
9.980949759483337402e-01
9.948900938034057617e-01
9.982262253761291504e-01
9.999203085899353027e-01
9.993297457695007324e-01
9.966996908187866211e-01
9.984341263771057129e-01
9.986140131950378418e-01
9.870374798774719238e-01
9.968284964561462402e-01
9.989778399467468262e-01
9.984257221221923828e-01
9.974567890167236328e-01
9.967833757400512695e-01
9.864504933357238770e-01
9.971361160278320312e-01
9.992240667343139648e-01
9.972228407859802246e-01
9.985456466674804688e-01
9.985944628715515137e-01
9.999917745590209961e-01
9.988503456115722656e-01
9.832229018211364746e-01
9.992550015449523926e-01
9.782218933105468750e-01
9.880032539367675781e-01
9.947945475578308105e-01
9.924268722534179688e-01
9.980679154396057129e-01
9.999835491180419922e-01
9.985485076904296875e-01
9.980488419532775879e-01
9.976311326026916504e-01
9.957643151283264160e-01
9.991385340690612793e-01
9.841261506080627441e-01
9.933188557624816895e-01
9.964398741722106934e-01
9.959323406219482422e-01
9.989337325096130371e-01
9.970495104789733887e-01
9.932101964950561523e-01
9.993846416473388672e-01
9.997366070747375488e-01
9.838085770606994629e-01
9.947032928466796875e-01
9.967240095138549805e-01
9.989631772041320801e-01
9.959718585014343262e-01
9.957421422004699707e-01
9.947451949119567871e-01
9.929456114768981934e-01
9.985568523406982422e-01
9.982274174690246582e-01
9.989266395568847656e-01
9.959981441497802734e-01
9.910246133804321289e-01
9.965119361877441406e-01
9.995329380035400391e-01
9.987301230430603027e-01
9.939078688621520996e-01
9.999238848686218262e-01
9.934980273246765137e-01
9.954588413238525391e-01
9.963578581809997559e-01
9.984543919563293457e-01
9.960565567016601562e-01
9.988769292831420898e-01
9.991437196731567383e-01
9.822087287902832031e-01
9.917236566543579102e-01
9.978556632995605469e-01
9.985950589179992676e-01
9.978332519531250000e-01
9.980686902999877930e-01
9.683313965797424316e-01
9.962201118469238281e-01
9.922923445701599121e-01
9.984934329986572266e-01
9.987629652023315430e-01
9.978883266448974609e-01
9.983796477317810059e-01
9.948619008064270020e-01
9.990350604057312012e-01
9.911842346191406250e-01
9.994689226150512695e-01
9.931548237800598145e-01
9.933100938796997070e-01
9.956653714179992676e-01
9.981288909912109375e-01
9.867971539497375488e-01
9.957628250122070312e-01
9.978408813476562500e-01
9.974257946014404297e-01
9.998012185096740723e-01
9.988557696342468262e-01
9.959495663642883301e-01
9.986326694488525391e-01
9.977785348892211914e-01
9.759359955787658691e-01
9.795574545860290527e-01
9.905540347099304199e-01
9.945147037506103516e-01
9.972385168075561523e-01
9.992717504501342773e-01
9.988027215003967285e-01
9.973660707473754883e-01
9.989482164382934570e-01
9.961739778518676758e-01
9.993574619293212891e-01
9.983159899711608887e-01
9.918410181999206543e-01
9.983062744140625000e-01
9.993068575859069824e-01
9.974100589752197266e-01
9.978088736534118652e-01
9.992958903312683105e-01
9.986385107040405273e-01
9.998869895935058594e-01
9.972804188728332520e-01
9.967767000198364258e-01
9.913595318794250488e-01
9.987273216247558594e-01
9.963407516479492188e-01
9.960192441940307617e-01
9.886091351509094238e-01
9.986253976821899414e-01
9.994360208511352539e-01
9.938928484916687012e-01
9.958272576332092285e-01
9.961041808128356934e-01
9.969098567962646484e-01
9.998617172241210938e-01
9.978972673416137695e-01
9.999778270721435547e-01
9.976006746292114258e-01
9.930274486541748047e-01
9.742538332939147949e-01
9.931952953338623047e-01
9.967560768127441406e-01
9.952917695045471191e-01
9.987492561340332031e-01
9.946355819702148438e-01
9.956032633781433105e-01
9.987957477569580078e-01
9.947754144668579102e-01
9.987721443176269531e-01
9.995065927505493164e-01
9.984275698661804199e-01
9.934911727905273438e-01
9.951515197753906250e-01
9.978482723236083984e-01
9.958897829055786133e-01
9.962706565856933594e-01
9.984189867973327637e-01
9.977243542671203613e-01
9.935711026191711426e-01
9.981648325920104980e-01
9.987382888793945312e-01
9.988862276077270508e-01
9.973777532577514648e-01
9.890480041503906250e-01
9.922984838485717773e-01
9.984608292579650879e-01
9.989334344863891602e-01
9.928733706474304199e-01
9.943045377731323242e-01
9.915682673454284668e-01
9.917555451393127441e-01
9.988826513290405273e-01
9.995911121368408203e-01
9.989500045776367188e-01
9.989297986030578613e-01
9.978303313255310059e-01
9.974992871284484863e-01
9.986793398857116699e-01
9.988301396369934082e-01
9.991799592971801758e-01
9.964314103126525879e-01
9.999771714210510254e-01
9.964069724082946777e-01
9.974695444107055664e-01
9.991610050201416016e-01
9.990038275718688965e-01
9.972819685935974121e-01
9.771295785903930664e-01
9.971176981925964355e-01
9.946205019950866699e-01
9.979526400566101074e-01
9.937401413917541504e-01
9.915500879287719727e-01
9.986472725868225098e-01
9.991213679313659668e-01
9.979681372642517090e-01
9.963097572326660156e-01
9.947192668914794922e-01
9.959459900856018066e-01
9.994533658027648926e-01
9.958381056785583496e-01
9.958805441856384277e-01
9.993976950645446777e-01
9.977955818176269531e-01
9.984588027000427246e-01
9.984706044197082520e-01
9.993573427200317383e-01
9.952149391174316406e-01
9.892078042030334473e-01
9.977067708969116211e-01
9.998434185981750488e-01
9.808588624000549316e-01
9.764265418052673340e-01
9.922453761100769043e-01
9.989346861839294434e-01
9.883903264999389648e-01
9.908706545829772949e-01
9.986384510993957520e-01
9.973209500312805176e-01
9.999660253524780273e-01
9.844012856483459473e-01
9.894171953201293945e-01
9.982858896255493164e-01
9.980788230895996094e-01
9.928873181343078613e-01
9.970377087593078613e-01
9.986003637313842773e-01
9.922898411750793457e-01
9.954240918159484863e-01
9.960302710533142090e-01
9.993911385536193848e-01
9.912713170051574707e-01
9.967432618141174316e-01
9.994177222251892090e-01
9.981278777122497559e-01
9.989142417907714844e-01
9.950612783432006836e-01
9.989326000213623047e-01
9.782711267471313477e-01
9.992519021034240723e-01
9.936630725860595703e-01
9.822273850440979004e-01
9.998502135276794434e-01
9.850693941116333008e-01
9.979150891304016113e-01
9.983903765678405762e-01
9.991924762725830078e-01
9.920629858970642090e-01
9.982411265373229980e-01
9.972154498100280762e-01
9.990486502647399902e-01
9.920305013656616211e-01
9.998517632484436035e-01
9.982347488403320312e-01
9.884745478630065918e-01
9.971005916595458984e-01
9.966250658035278320e-01
9.978780746459960938e-01
9.957000017166137695e-01
9.978084564208984375e-01
9.987254142761230469e-01
9.987529516220092773e-01
9.883560538291931152e-01
9.967336058616638184e-01
9.919787049293518066e-01
9.970839023590087891e-01
9.903366565704345703e-01
9.980212450027465820e-01
9.979366660118103027e-01
9.988279938697814941e-01
9.992204308509826660e-01
9.977111220359802246e-01
9.960436820983886719e-01
9.969154596328735352e-01
9.989156723022460938e-01
9.999947547912597656e-01
9.993616938591003418e-01
9.974349141120910645e-01
9.926418066024780273e-01
9.969317913055419922e-01
9.912729263305664062e-01
9.996826052665710449e-01
9.832352399826049805e-01
9.972065091133117676e-01
9.970717430114746094e-01
9.942612648010253906e-01
9.938360452651977539e-01
9.954034090042114258e-01
9.873655438423156738e-01
9.951769113540649414e-01
9.952602386474609375e-01
9.968891143798828125e-01
9.987586140632629395e-01
9.947479963302612305e-01
9.977592825889587402e-01
9.988679289817810059e-01
9.993644356727600098e-01
9.910557866096496582e-01
9.983100295066833496e-01
9.999706745147705078e-01
9.987667202949523926e-01
9.961563944816589355e-01
9.924702644348144531e-01
9.962153434753417969e-01
9.957333803176879883e-01
9.992383718490600586e-01
9.885768890380859375e-01
9.990666508674621582e-01
9.774194955825805664e-01
9.958049058914184570e-01
9.966762661933898926e-01
9.997673630714416504e-01
9.990953803062438965e-01
9.992111325263977051e-01
9.977526664733886719e-01
9.986321330070495605e-01
9.951163530349731445e-01
9.950416088104248047e-01
9.981651306152343750e-01
9.877699017524719238e-01
9.931670427322387695e-01
9.804030656814575195e-01
9.976355433464050293e-01
9.857787489891052246e-01
9.831144213676452637e-01
9.981423616409301758e-01
9.928326010704040527e-01
9.928785562515258789e-01
9.947040677070617676e-01
9.989417195320129395e-01
9.993259906768798828e-01
9.980788826942443848e-01
9.965429902076721191e-01
9.679024815559387207e-01
9.995710849761962891e-01
9.993931651115417480e-01
9.956193566322326660e-01
9.965505599975585938e-01
9.985945224761962891e-01
9.962157607078552246e-01
9.931336641311645508e-01
9.983855485916137695e-01
9.993885159492492676e-01
9.933305978775024414e-01
9.999036788940429688e-01
9.934866428375244141e-01
9.988834857940673828e-01
9.999226927757263184e-01
9.922060370445251465e-01
9.996190071105957031e-01
9.981292486190795898e-01
9.993473291397094727e-01
9.983476400375366211e-01
9.977846145629882812e-01
9.982554316520690918e-01
9.991084933280944824e-01
9.965452551841735840e-01
9.972307085990905762e-01
9.999970197677612305e-01
9.988502264022827148e-01
9.923347234725952148e-01
9.983653426170349121e-01
9.985462427139282227e-01
9.991500973701477051e-01
9.926304817199707031e-01
9.992349743843078613e-01
9.882249236106872559e-01
9.950928688049316406e-01
9.918254017829895020e-01
9.965305924415588379e-01
9.991598129272460938e-01
9.955692291259765625e-01
9.991036653518676758e-01
9.982779026031494141e-01
9.980695843696594238e-01
9.995515346527099609e-01
9.885362386703491211e-01
9.919809699058532715e-01
9.920631647109985352e-01
9.994087815284729004e-01
9.962466955184936523e-01
9.986470937728881836e-01
9.956261515617370605e-01
9.962191581726074219e-01
9.965322613716125488e-01
9.930391311645507812e-01
9.309169650077819824e-01
9.968163371086120605e-01
9.991047382354736328e-01
9.987103939056396484e-01
9.934290051460266113e-01
9.964372515678405762e-01
9.957790374755859375e-01
9.990318417549133301e-01
9.988456368446350098e-01
9.974765777587890625e-01
9.879002571105957031e-01
9.961010813713073730e-01
9.957599043846130371e-01
9.990521073341369629e-01
9.986977577209472656e-01
9.941695332527160645e-01
9.978119730949401855e-01
9.988481402397155762e-01
9.991896748542785645e-01
9.963149428367614746e-01
9.926367402076721191e-01
9.987342357635498047e-01
9.991579055786132812e-01
9.980728030204772949e-01
9.967608451843261719e-01
9.979926347732543945e-01
9.934666752815246582e-01
9.983667731285095215e-01
9.977893233299255371e-01
9.954705834388732910e-01
9.995850324630737305e-01
9.952502846717834473e-01
9.990252852439880371e-01
9.954027533531188965e-01
9.979148507118225098e-01
9.963118433952331543e-01
9.994297027587890625e-01
9.952693581581115723e-01
9.938446283340454102e-01
9.881496429443359375e-01
9.983656406402587891e-01
9.963905215263366699e-01
9.957028627395629883e-01
9.996070861816406250e-01
9.989640712738037109e-01
9.977411031723022461e-01
9.976278543472290039e-01
9.934723377227783203e-01
9.988446831703186035e-01
9.984118938446044922e-01
9.997748136520385742e-01
9.973884224891662598e-01
9.946221709251403809e-01
9.999758601188659668e-01
9.991747140884399414e-01
9.999310374259948730e-01
9.865841865539550781e-01
9.979990124702453613e-01
9.983221292495727539e-01
9.813051819801330566e-01
9.995553493499755859e-01
9.941733479499816895e-01
9.989870786666870117e-01
9.993771910667419434e-01
9.993351101875305176e-01
9.973152279853820801e-01
9.985898733139038086e-01
9.963315725326538086e-01
9.981836676597595215e-01
9.935817122459411621e-01
9.911996722221374512e-01
9.986937046051025391e-01
9.996980428695678711e-01
9.920729398727416992e-01
9.951819777488708496e-01
9.994506239891052246e-01
9.972363710403442383e-01
9.935506582260131836e-01
9.974223375320434570e-01
9.967687726020812988e-01
9.996064305305480957e-01
9.990923404693603516e-01
9.971536397933959961e-01
9.990179538726806641e-01
9.950124621391296387e-01
9.918540716171264648e-01
9.947183132171630859e-01
9.982718825340270996e-01
9.989332556724548340e-01
9.974976181983947754e-01
9.906268119812011719e-01
9.974561929702758789e-01
9.989054799079895020e-01
9.968294501304626465e-01
9.953530430793762207e-01
9.928552508354187012e-01
9.980207085609436035e-01
9.891739487648010254e-01
9.959113597869873047e-01
9.991810917854309082e-01
9.959636926651000977e-01
9.993936419486999512e-01
9.964059591293334961e-01
9.916988015174865723e-01
9.951767325401306152e-01
9.974138140678405762e-01
9.950482845306396484e-01
9.976476430892944336e-01
9.964344501495361328e-01
9.954519271850585938e-01
9.863288998603820801e-01
9.988886117935180664e-01
9.914271831512451172e-01
9.988297224044799805e-01
9.954865574836730957e-01
9.984093308448791504e-01
9.979324340820312500e-01
9.990699887275695801e-01
9.917640686035156250e-01
9.975088834762573242e-01
9.947452545166015625e-01
9.910720586776733398e-01
9.951255321502685547e-01
9.991735816001892090e-01
9.988870620727539062e-01
9.962399005889892578e-01
9.991135597229003906e-01
9.975721836090087891e-01
9.913502931594848633e-01
9.971049427986145020e-01
9.983366727828979492e-01
9.980330467224121094e-01
9.984984397888183594e-01
9.987705945968627930e-01
9.987782835960388184e-01
9.973641037940979004e-01
9.978951811790466309e-01
9.993711709976196289e-01
9.970837831497192383e-01
9.929041266441345215e-01
9.959409236907958984e-01
9.984309077262878418e-01
9.959909319877624512e-01
9.928998947143554688e-01
9.931994080543518066e-01
9.985775351524353027e-01
9.985192418098449707e-01
9.999252557754516602e-01
9.955065846443176270e-01
9.968629479408264160e-01
9.974077343940734863e-01
9.966786503791809082e-01
9.949625134468078613e-01
9.988968372344970703e-01
9.844031333923339844e-01
9.990865588188171387e-01
9.991437196731567383e-01
9.972780346870422363e-01
9.986559748649597168e-01
9.951347112655639648e-01
9.993225336074829102e-01
9.976711273193359375e-01
9.946356415748596191e-01
9.990597367286682129e-01
9.990986585617065430e-01
9.948552846908569336e-01
9.991307854652404785e-01
9.991241097450256348e-01
9.995241165161132812e-01
9.951238632202148438e-01
9.973257780075073242e-01
9.887280464172363281e-01
9.957469105720520020e-01
9.970144033432006836e-01
9.983478188514709473e-01
9.953588843345642090e-01
9.997123479843139648e-01
9.821830987930297852e-01
9.991968274116516113e-01
9.932551980018615723e-01
9.951712489128112793e-01
9.992949366569519043e-01
9.990638494491577148e-01
9.973783493041992188e-01
9.983021020889282227e-01
9.967098832130432129e-01
9.976480603218078613e-01
9.985707402229309082e-01
9.938718080520629883e-01
9.989409446716308594e-01
9.983833432197570801e-01
9.978631734848022461e-01
9.871879220008850098e-01
9.927827119827270508e-01
9.979726672172546387e-01
9.993436336517333984e-01
9.972748756408691406e-01
9.905422925949096680e-01
9.986965656280517578e-01
9.971374869346618652e-01
9.996709823608398438e-01
9.944910407066345215e-01
9.966401457786560059e-01
9.908764362335205078e-01
9.945898056030273438e-01
9.992022514343261719e-01
9.994622468948364258e-01
9.991557598114013672e-01
9.839048385620117188e-01
9.992578029632568359e-01
9.960879683494567871e-01
9.974995851516723633e-01
9.928740859031677246e-01
9.977713227272033691e-01
9.975841641426086426e-01
9.992194175720214844e-01
9.986153244972229004e-01
9.993807673454284668e-01
9.975475072860717773e-01
9.996447563171386719e-01
9.992542266845703125e-01
9.980652332305908203e-01
9.898207783699035645e-01
9.968792796134948730e-01
9.989113211631774902e-01
9.982303380966186523e-01
9.981122612953186035e-01
9.965865015983581543e-01
9.978389143943786621e-01
9.993209242820739746e-01
9.991645216941833496e-01
9.977437853813171387e-01
9.977627992630004883e-01
9.984267354011535645e-01
9.937343597412109375e-01
9.999139904975891113e-01
9.962719082832336426e-01
9.303134679794311523e-01
9.969704747200012207e-01
9.857575893402099609e-01
9.982967972755432129e-01
9.974875450134277344e-01
9.992497563362121582e-01
9.897386431694030762e-01
9.974685907363891602e-01
9.944862127304077148e-01
9.954558014869689941e-01
9.977149367332458496e-01
9.974837303161621094e-01
9.940354824066162109e-01
9.975997805595397949e-01
9.970387220382690430e-01
9.991802573204040527e-01
9.987697005271911621e-01
9.954133033752441406e-01
9.934831261634826660e-01
9.991315603256225586e-01
9.998371005058288574e-01
9.992256760597229004e-01
9.960198998451232910e-01
9.971451759338378906e-01
9.991077780723571777e-01
9.990517497062683105e-01
9.978257417678833008e-01
9.900248646736145020e-01
9.993178844451904297e-01
9.895994663238525391e-01
9.957453012466430664e-01
9.945972561836242676e-01
9.994308352470397949e-01
9.989315271377563477e-01
9.925435781478881836e-01
9.980080127716064453e-01
9.961129426956176758e-01
9.918122291564941406e-01
9.943867921829223633e-01
9.848611354827880859e-01
9.960860610008239746e-01
9.999206662178039551e-01
9.944008588790893555e-01
9.975945353507995605e-01
9.968297481536865234e-01
9.956216216087341309e-01
9.955962300300598145e-01
9.950091242790222168e-01
9.910001158714294434e-01
9.976258277893066406e-01
9.855601787567138672e-01
9.989014863967895508e-01
9.942831397056579590e-01
9.988516569137573242e-01
9.971165657043457031e-01
9.979405403137207031e-01
9.938859939575195312e-01
9.985713958740234375e-01
9.977239370346069336e-01
9.992459416389465332e-01
9.962339997291564941e-01
9.963753819465637207e-01
9.986369013786315918e-01
9.942413568496704102e-01
9.988767504692077637e-01
9.993286132812500000e-01
9.944038987159729004e-01
9.935922026634216309e-01
9.979386329650878906e-01
9.960635900497436523e-01
9.984382987022399902e-01
9.924752116203308105e-01
9.928286075592041016e-01
9.981223940849304199e-01
9.986320734024047852e-01
9.980179667472839355e-01
9.995456933975219727e-01
9.991092085838317871e-01
9.699250459671020508e-01
9.949689507484436035e-01
9.996488094329833984e-01
9.997749924659729004e-01
9.987081289291381836e-01
9.994222521781921387e-01
9.974908232688903809e-01
9.977057576179504395e-01
9.983224272727966309e-01
9.974445700645446777e-01
9.976417422294616699e-01
9.912538528442382812e-01
9.984921813011169434e-01
9.969158768653869629e-01
9.991688728332519531e-01
9.987835288047790527e-01
9.969358444213867188e-01
9.948109388351440430e-01
9.996367692947387695e-01
9.909386038780212402e-01
9.987256526947021484e-01
9.993400573730468750e-01
9.972293972969055176e-01
9.934228062629699707e-01
9.869645833969116211e-01
9.981419444084167480e-01
9.963873624801635742e-01
9.858429431915283203e-01
9.990253448486328125e-01
9.947278499603271484e-01
9.958808422088623047e-01
9.989882707595825195e-01
9.960362911224365234e-01
9.937776327133178711e-01
9.996852278709411621e-01
9.930247664451599121e-01
9.914910197257995605e-01
9.987193942070007324e-01
9.994540810585021973e-01
9.979450702667236328e-01
9.971731305122375488e-01
9.962638020515441895e-01
9.974118471145629883e-01
9.814260005950927734e-01
9.987006783485412598e-01
9.976096153259277344e-01
9.986543655395507812e-01
9.956485033035278320e-01
9.953908920288085938e-01
9.996976256370544434e-01
9.935428500175476074e-01
9.952988624572753906e-01
9.975904226303100586e-01
9.900184869766235352e-01
9.970169067382812500e-01
9.962245225906372070e-01
9.973780512809753418e-01
9.959233403205871582e-01
9.971908330917358398e-01
9.993523359298706055e-01
9.810144901275634766e-01
9.994850158691406250e-01
9.886182546615600586e-01
9.986340403556823730e-01
9.970731139183044434e-01
9.971022009849548340e-01
9.998862147331237793e-01
9.993978738784790039e-01
9.969762563705444336e-01
9.982404112815856934e-01
9.953923821449279785e-01
9.987252950668334961e-01
9.994091391563415527e-01
9.970255494117736816e-01
9.995630979537963867e-01
9.991568922996520996e-01
9.979133009910583496e-01
9.997587203979492188e-01
9.962553381919860840e-01
9.939253926277160645e-01
9.984117746353149414e-01
9.992936253547668457e-01
9.975530505180358887e-01
9.961424469947814941e-01
9.972171187400817871e-01
9.938626885414123535e-01
9.966744780540466309e-01
9.977856278419494629e-01
9.993498325347900391e-01
9.997261166572570801e-01
9.861609935760498047e-01
9.969226121902465820e-01
9.789059162139892578e-01
9.893620610237121582e-01
9.981368184089660645e-01
9.955718517303466797e-01
9.994444847106933594e-01
9.987512230873107910e-01
9.983761310577392578e-01
9.996423125267028809e-01
9.895410537719726562e-01
9.881672859191894531e-01
9.861351251602172852e-01
9.982426166534423828e-01
9.961562752723693848e-01
9.990004897117614746e-01
9.981274008750915527e-01
9.988400340080261230e-01
9.983583688735961914e-01
9.990030527114868164e-01
9.979928731918334961e-01
9.960750937461853027e-01
9.989985227584838867e-01
9.934961199760437012e-01
9.847971796989440918e-01
9.969814419746398926e-01
9.953252077102661133e-01
9.968508481979370117e-01
9.990978240966796875e-01
9.986892938613891602e-01
9.996188282966613770e-01
9.975859522819519043e-01
9.974879622459411621e-01
9.984846711158752441e-01
9.993292093276977539e-01
9.948972463607788086e-01
9.979881048202514648e-01
9.980762600898742676e-01
9.963717460632324219e-01
9.997558593750000000e-01
9.987989664077758789e-01
9.977704286575317383e-01
9.968642592430114746e-01
9.993716478347778320e-01
9.993129372596740723e-01
9.992275834083557129e-01
9.987980127334594727e-01
9.960162639617919922e-01
9.648148417472839355e-01
9.970019459724426270e-01
9.991467595100402832e-01
9.980353116989135742e-01
9.983881115913391113e-01
9.977335333824157715e-01
9.907611608505249023e-01
9.883240461349487305e-01
9.967194795608520508e-01
9.959772825241088867e-01
9.981184005737304688e-01
9.959180951118469238e-01
9.940677881240844727e-01
9.978253245353698730e-01
9.992959499359130859e-01
9.994807839393615723e-01
9.964466691017150879e-01
9.833613038063049316e-01
9.979960322380065918e-01
9.992961883544921875e-01
9.983614683151245117e-01
9.737918376922607422e-01
9.987977147102355957e-01
9.936839342117309570e-01
9.996591806411743164e-01
9.988437891006469727e-01
9.978383183479309082e-01
9.995026588439941406e-01
9.990028142929077148e-01
9.936039447784423828e-01
9.916525483131408691e-01
9.906156659126281738e-01
9.988567829132080078e-01
9.996763467788696289e-01
9.993813633918762207e-01
9.993476271629333496e-01
9.968301057815551758e-01
9.942222237586975098e-01
9.972970485687255859e-01
9.930638670921325684e-01
9.987180233001708984e-01
9.948054552078247070e-01
9.998363256454467773e-01
9.815604686737060547e-01
9.982002377510070801e-01
9.950239658355712891e-01
9.978961348533630371e-01
9.980420470237731934e-01
9.934886097908020020e-01
9.968036413192749023e-01
9.956678748130798340e-01
9.978828430175781250e-01
9.992392659187316895e-01
9.888582229614257812e-01
9.986020326614379883e-01
9.949190020561218262e-01
9.979355931282043457e-01
9.989280104637145996e-01
9.996283650398254395e-01
9.977855682373046875e-01
9.956166744232177734e-01
9.974815845489501953e-01
9.973922371864318848e-01
9.989257454872131348e-01
9.974538087844848633e-01
9.956302046775817871e-01
9.956235885620117188e-01
9.993534088134765625e-01
9.990552067756652832e-01
9.929347634315490723e-01
9.991058707237243652e-01
9.925687313079833984e-01
9.983652830123901367e-01
9.814071059226989746e-01
9.993593692779541016e-01
9.902175664901733398e-01
9.977647662162780762e-01
9.988718032836914062e-01
9.882925748825073242e-01
9.964292049407958984e-01
9.806465506553649902e-01
9.973090887069702148e-01
9.997496008872985840e-01
9.966229200363159180e-01
9.907090067863464355e-01
9.956442117691040039e-01
9.982284307479858398e-01
9.821515083312988281e-01
9.988842606544494629e-01
9.985839128494262695e-01
9.987307786941528320e-01
9.984923005104064941e-01
9.927695989608764648e-01
9.954957365989685059e-01
9.991618990898132324e-01
9.836329221725463867e-01
9.998819231986999512e-01
9.994100332260131836e-01
9.991046786308288574e-01
9.999491572380065918e-01
9.867041110992431641e-01
9.963275194168090820e-01
9.970865249633789062e-01
9.949183464050292969e-01
9.994069933891296387e-01
9.907792806625366211e-01
9.993628859519958496e-01
9.862288236618041992e-01
9.992356300354003906e-01
9.982471466064453125e-01
9.999506473541259766e-01
9.938022494316101074e-01
9.975183010101318359e-01
9.979531764984130859e-01
9.990778565406799316e-01
9.995326399803161621e-01
9.964044690132141113e-01
9.995475411415100098e-01
9.985664486885070801e-01
9.998770952224731445e-01
9.982077479362487793e-01
9.978458285331726074e-01
9.987297058105468750e-01
9.992225766181945801e-01
9.977319836616516113e-01
9.972082972526550293e-01
9.936714172363281250e-01
9.922419786453247070e-01
9.968833327293395996e-01
9.937449693679809570e-01
9.994671940803527832e-01
9.992817044258117676e-01
9.990299344062805176e-01
9.990920424461364746e-01
9.991652965545654297e-01
9.976879954338073730e-01
9.993314743041992188e-01
9.996904134750366211e-01
9.902954101562500000e-01
9.998277425765991211e-01
9.979754686355590820e-01
9.204018115997314453e-01
9.953517913818359375e-01
9.975897669792175293e-01
9.950501918792724609e-01
9.920808076858520508e-01
9.989557862281799316e-01
9.987963438034057617e-01
9.986915588378906250e-01
9.994297027587890625e-01
9.988759756088256836e-01
9.936311244964599609e-01
9.984516501426696777e-01
9.986838102340698242e-01
9.979175925254821777e-01
9.874435663223266602e-01
9.990970492362976074e-01
9.979141950607299805e-01
9.954796433448791504e-01
9.984140396118164062e-01
9.951730966567993164e-01
9.976544380187988281e-01
9.990414381027221680e-01
9.958994388580322266e-01
9.962840676307678223e-01
9.990018010139465332e-01
9.969698786735534668e-01
9.983438253402709961e-01
9.962206482887268066e-01
9.980056285858154297e-01
9.981886744499206543e-01
9.993501901626586914e-01
9.968160986900329590e-01
9.962584376335144043e-01
9.965251684188842773e-01
9.851053953170776367e-01
9.970948100090026855e-01
9.691522121429443359e-01
9.983262419700622559e-01
9.979538321495056152e-01
9.989597201347351074e-01
9.968709945678710938e-01
9.992597103118896484e-01
9.985131025314331055e-01
9.980976581573486328e-01
9.990177154541015625e-01
9.998021721839904785e-01
9.992775917053222656e-01
9.953688979148864746e-01
9.959429502487182617e-01
9.989614486694335938e-01
9.995660781860351562e-01
9.993271231651306152e-01
9.920390248298645020e-01
9.992318749427795410e-01
9.979407787322998047e-01
9.988965392112731934e-01
9.976510405540466309e-01
9.983931183815002441e-01
9.961817860603332520e-01
9.979822635650634766e-01
9.966561198234558105e-01
9.961494803428649902e-01
9.990556240081787109e-01
9.981597065925598145e-01
9.993091821670532227e-01
9.993904232978820801e-01
9.922631382942199707e-01
9.991773366928100586e-01
9.962371587753295898e-01
9.983286857604980469e-01
9.979516863822937012e-01
9.985643029212951660e-01
9.982705116271972656e-01
9.977297186851501465e-01
9.962877631187438965e-01
9.956586956977844238e-01
9.958841800689697266e-01
9.992312192916870117e-01
9.987265467643737793e-01
9.959481358528137207e-01
9.953391551971435547e-01
9.967082142829895020e-01
9.985035061836242676e-01
9.982092976570129395e-01
9.994890093803405762e-01
9.983025193214416504e-01
9.995958209037780762e-01
9.861476421356201172e-01
9.982012510299682617e-01
9.974552989006042480e-01
9.912607073783874512e-01
9.991270899772644043e-01
9.971923828125000000e-01
9.869837164878845215e-01
9.990655183792114258e-01
9.976686835289001465e-01
9.983909726142883301e-01
9.991694092750549316e-01
9.997555017471313477e-01
9.918435811996459961e-01
9.471822381019592285e-01
9.981352686882019043e-01
9.950975179672241211e-01
9.891745448112487793e-01
9.992887973785400391e-01
9.960788488388061523e-01
9.980003237724304199e-01
9.991762638092041016e-01
9.978880882263183594e-01
9.934617877006530762e-01
9.967314600944519043e-01
9.976488947868347168e-01
9.976309537887573242e-01
9.996905922889709473e-01
9.985424876213073730e-01
9.966074228286743164e-01
9.934786558151245117e-01
9.995350837707519531e-01
9.976719617843627930e-01
9.983426332473754883e-01
9.986131191253662109e-01
9.997677803039550781e-01
9.926525950431823730e-01
9.993800520896911621e-01
9.947723746299743652e-01
9.993498325347900391e-01
9.933931231498718262e-01
9.959654211997985840e-01
9.999891519546508789e-01
9.963907599449157715e-01
9.960374236106872559e-01
9.914188385009765625e-01
9.984486103057861328e-01
9.942463040351867676e-01
9.935210943222045898e-01
9.929924607276916504e-01
9.952833652496337891e-01
9.937283992767333984e-01
9.982575178146362305e-01
9.939525127410888672e-01
9.991002678871154785e-01
9.970658421516418457e-01
9.972682595252990723e-01
9.961659908294677734e-01
9.985284805297851562e-01
9.936496615409851074e-01
9.963095784187316895e-01
9.929948449134826660e-01
9.991294741630554199e-01
9.916340708732604980e-01
9.969807267189025879e-01
9.986097216606140137e-01
9.939964413642883301e-01
9.960255026817321777e-01
9.966043829917907715e-01
9.991573691368103027e-01
9.988099336624145508e-01
9.987278580665588379e-01
9.996714591979980469e-01
9.938226938247680664e-01
9.899553060531616211e-01
9.997731447219848633e-01
9.985924363136291504e-01
9.971309304237365723e-01
9.960656166076660156e-01
9.931491613388061523e-01
9.916739463806152344e-01
9.977816343307495117e-01
9.991534352302551270e-01
9.927347302436828613e-01
9.976856708526611328e-01
9.987937211990356445e-01
9.975562095642089844e-01
9.892610907554626465e-01
9.973908662796020508e-01
9.621319770812988281e-01
9.969673752784729004e-01
9.960522055625915527e-01
9.959078431129455566e-01
9.979632496833801270e-01
9.827908873558044434e-01
9.976859688758850098e-01
9.961695075035095215e-01
9.971920251846313477e-01
9.965450763702392578e-01
9.959050416946411133e-01
9.957429766654968262e-01
9.910907745361328125e-01
9.950736761093139648e-01
9.991291761398315430e-01
9.990237355232238770e-01
9.987946152687072754e-01
9.996916651725769043e-01
9.926865100860595703e-01
9.983661770820617676e-01
9.989213943481445312e-01
9.987903833389282227e-01
9.968265295028686523e-01
9.963281154632568359e-01
9.996931552886962891e-01
9.988186955451965332e-01
9.977679848670959473e-01
9.986460804939270020e-01
9.991879463195800781e-01
9.907537102699279785e-01
9.971163272857666016e-01
9.993734359741210938e-01
9.941802024841308594e-01
9.938747882843017578e-01
9.912040233612060547e-01
9.955559968948364258e-01
9.976997375488281250e-01
9.997655153274536133e-01
9.959096908569335938e-01
9.993041157722473145e-01
9.977201223373413086e-01
9.898887872695922852e-01
9.937889575958251953e-01
9.943805932998657227e-01
9.979745745658874512e-01
9.964702129364013672e-01
9.972518086433410645e-01
9.995597600936889648e-01
9.980635046958923340e-01
9.923034906387329102e-01
9.966162443161010742e-01
9.931198358535766602e-01
9.991092681884765625e-01
9.949883222579956055e-01
9.934973716735839844e-01
9.981411099433898926e-01
9.999489784240722656e-01
9.835616350173950195e-01
9.988088607788085938e-01
9.971058368682861328e-01
9.983543753623962402e-01
9.972915053367614746e-01
9.952530860900878906e-01
9.987240433692932129e-01
9.996218085289001465e-01
9.966666698455810547e-01
9.989784359931945801e-01
9.979583024978637695e-01
9.952353835105895996e-01
9.988906979560852051e-01
9.947764277458190918e-01
9.972186088562011719e-01
9.937168359756469727e-01
9.910516738891601562e-01
9.999622702598571777e-01
9.984751939773559570e-01
9.975163936614990234e-01
9.928667545318603516e-01
9.964590072631835938e-01
9.990966320037841797e-01
9.876493215560913086e-01
9.985809326171875000e-01
9.978241920471191406e-01
9.988422393798828125e-01
9.723657369613647461e-01
9.984942674636840820e-01
9.937009811401367188e-01
9.888003468513488770e-01
9.998970031738281250e-01
9.985806345939636230e-01
9.978386759757995605e-01
9.977336525917053223e-01
9.908503293991088867e-01
9.982206821441650391e-01
9.936249852180480957e-01
9.983787536621093750e-01
9.999651312828063965e-01
9.944617152214050293e-01
9.968951344490051270e-01
9.988532662391662598e-01
9.916375875473022461e-01
9.958452582359313965e-01
9.979570508003234863e-01
9.910827279090881348e-01
9.910185933113098145e-01
9.974462389945983887e-01
9.994045495986938477e-01
9.989575743675231934e-01
9.933941960334777832e-01
9.873793125152587891e-01
9.946070909500122070e-01
9.970082044601440430e-01
9.965831041336059570e-01
9.985039830207824707e-01
9.992133378982543945e-01
9.969296455383300781e-01
9.941621422767639160e-01
9.948204755783081055e-01
9.992147088050842285e-01
9.950712919235229492e-01
9.889576435089111328e-01
9.984507560729980469e-01
9.913648962974548340e-01
9.597208499908447266e-01
9.991838335990905762e-01
9.963489174842834473e-01
9.834022521972656250e-01
9.974708557128906250e-01
9.985600113868713379e-01
9.975045323371887207e-01
9.899744987487792969e-01
9.997709393501281738e-01
9.986044168472290039e-01
9.956806898117065430e-01
9.892612695693969727e-01
9.965003728866577148e-01
9.885942339897155762e-01
9.977052807807922363e-01
9.914754629135131836e-01
9.731073379516601562e-01
9.980524182319641113e-01
9.956983923912048340e-01
9.970518350601196289e-01
9.913579225540161133e-01
9.962182044982910156e-01
9.991760253906250000e-01
9.894583821296691895e-01
9.986405968666076660e-01
9.946522712707519531e-01
9.981480240821838379e-01
9.955244660377502441e-01
9.877600073814392090e-01
9.960312843322753906e-01
9.983947277069091797e-01
9.912605285644531250e-01
9.985457658767700195e-01
