1.776198972947895527e-03
7.692307978868484497e-02
8.025682182051241398e-04
5.555555690079927444e-03
8.333333581686019897e-02
7.142857462167739868e-02
2.469135913997888565e-03
1.228048640768975019e-04
2.127659507095813751e-02
5.000000000000000000e-01
3.783579159062355757e-04
1.618123031221330166e-03
7.299270015209913254e-03
1.000000000000000000e+00
1.269035506993532181e-03
7.874015718698501587e-03
2.427184488624334335e-03
1.282051298767328262e-02
3.448275849223136902e-02
1.186239649541676044e-03
5.197505233809351921e-04
2.500000000000000000e-01
7.692307978868484497e-02
1.349527621641755104e-03
3.333333432674407959e-01
8.333333581686019897e-02
6.250000000000000000e-02
1.000000000000000000e+00
5.000000000000000000e-01
1.000000000000000000e+00
6.250000093132257462e-03
1.000000000000000000e+00
1.250000000000000000e-01
1.230012276209890842e-03
3.968254197388887405e-03
1.000000000000000000e+00
2.500000000000000000e-01
1.587301678955554962e-02
3.377237298991531134e-04
2.127659507095813751e-02
3.571428731083869934e-02
2.222222276031970978e-02
1.315789483487606049e-02
1.000000000000000000e+00
3.333333432674407959e-01
1.265822816640138626e-02
9.708737954497337341e-03
2.398081560386344790e-04
4.273504484444856644e-03
3.333333432674407959e-01
2.777777798473834991e-02
5.000000000000000000e-01
4.444444552063941956e-03
1.388888899236917496e-02
2.500000037252902985e-02
1.000000000000000000e+00
2.277904422953724861e-03
1.000000000000000000e+00
7.575757801532745361e-03
1.270647975616157055e-03
3.393281367607414722e-04
1.209482361446134746e-04
1.166044748970307410e-04
1.826150546548888087e-04
1.000000000000000000e+00
4.405286163091659546e-03
1.436781603842973709e-03
1.000000000000000000e+00
1.000000000000000000e+00
2.857142873108386993e-02
2.631578966975212097e-02
1.231527072377502918e-03
1.190476212650537491e-02
1.000000000000000000e+00
1.626016222871840000e-03
7.692307978868484497e-02
2.857142873108386993e-02
1.315789483487606049e-02
1.000000000000000000e+00
3.333333432674407959e-01
1.333333319053053856e-03
1.086956541985273361e-02
6.250000000000000000e-02
5.000000000000000000e-01
1.111111119389533997e-01
2.702702768146991730e-02
1.666666716337203979e-01
1.428571492433547974e-01
5.555555596947669983e-02
1.000000000000000000e+00
2.500000000000000000e-01
1.428571492433547974e-01
1.000000000000000000e+00
1.000000000000000000e+00
1.000000000000000000e+00
2.000000029802322388e-01
7.692307978868484497e-02
6.250000093132257462e-03
3.571428731083869934e-02
5.000000000000000000e-01
1.573811750859022141e-04
1.000000000000000000e+00
1.818181760609149933e-02
1.000000000000000000e+00
1.000000000000000000e+00
4.347826167941093445e-02
6.666667014360427856e-02
2.941176481544971466e-02
5.000000000000000000e-01
9.090909361839294434e-02
1.666666716337203979e-01
3.278688527643680573e-03
2.777777798473834991e-02
6.451612804085016251e-03
1.000000000000000000e+00
9.871668880805373192e-04
7.692307978868484497e-02
8.695652359165251255e-04
1.000000000000000000e+00
6.666667014360427856e-02
1.000000000000000000e+00
2.000000029802322388e-01
1.000000000000000000e+00
2.500000000000000000e-01
8.296689338749274611e-05
5.882352963089942932e-02
1.524390187114477158e-03
1.428571492433547974e-01
5.882352963089942932e-02
1.000000000000000000e+00
2.000000029802322388e-01
1.851851865649223328e-02
2.000000029802322388e-01
3.225806355476379395e-02
1.000000000000000000e+00
1.000000000000000000e+00
3.812428622040897608e-04
8.333333581686019897e-02
1.000000000000000000e+00
1.111111119389533997e-01
6.250000000000000000e-02
6.858710548840463161e-04
2.000000029802322388e-01
2.577319508418440819e-03
1.000000000000000000e+00
7.692307699471712112e-04
1.814552670111879706e-04
2.941176481544971466e-02
1.000000000000000000e+00
1.666666753590106964e-02
1.612903177738189697e-02
3.333333432674407959e-01
1.000000000000000000e+00
1.663893461227416992e-03
1.785714365541934967e-02
5.555555690079927444e-03
1.000000014901161194e-01
1.000000000000000000e+00
5.263157933950424194e-02
4.761904850602149963e-02
1.111111119389533997e-01
3.518648736644536257e-04
5.000000000000000000e-01
1.169317110907286406e-04
1.282051298767328262e-02
6.680026999674737453e-04
5.000000000000000000e-01
1.766784407664090395e-04
5.882352963089942932e-02
3.333333432674407959e-01
1.326259924098849297e-03
1.999999955296516418e-02
3.333333432674407959e-01
5.094243679195642471e-04
2.000000029802322388e-01
2.500000000000000000e-01
6.657789344899356365e-04
1.162790693342685699e-02
1.189060625620186329e-03
1.234567910432815552e-02
1.000000000000000000e+00
1.470588240772485733e-02
8.695651777088642120e-03
7.246376946568489075e-03
2.500000000000000000e-01
8.333333581686019897e-02
1.587301609106361866e-03
1.557632349431514740e-03
8.771929889917373657e-03
1.666666716337203979e-01
1.000000014901161194e-01
5.555555596947669983e-02
1.315789483487606049e-02
3.333333432674407959e-01
3.021148033440113068e-03
7.194244768470525742e-03
1.000000000000000000e+00
5.000000000000000000e-01
3.333333432674407959e-01
1.041666697710752487e-02
5.000000000000000000e-01
1.000000000000000000e+00
9.090909361839294434e-02
1.818181760609149933e-02
8.333333581686019897e-02
1.219512149691581726e-02
4.166666790843009949e-02
3.333333432674407959e-01
1.000000000000000000e+00
1.492537278681993484e-02
3.333333432674407959e-01
6.250000000000000000e-02
1.000000000000000000e+00
1.000000000000000000e+00
7.299270015209913254e-03
3.874467220157384872e-04
1.666666716337203979e-01
1.000000000000000000e+00
1.000000000000000000e+00
2.232142956927418709e-03
2.132196212187409401e-03
1.000000000000000000e+00
1.250000018626451492e-02
1.000000000000000000e+00
5.263157933950424194e-02
2.074688905850052834e-03
1.000000000000000000e+00
1.111111119389533997e-01
1.000000000000000000e+00
8.474576286971569061e-03
1.000000000000000000e+00
1.999999955296516418e-02
1.733102253638207912e-03
1.886792480945587158e-02
2.439024299383163452e-02
8.196720853447914124e-03
1.666666716337203979e-01
1.666666716337203979e-01
8.695651777088642120e-03
1.000000014901161194e-01
5.000000000000000000e-01
1.428571492433547974e-01
1.754385977983474731e-02
6.901311280671507120e-05
4.545454680919647217e-02
1.219512149691581726e-02
1.234567910432815552e-02
1.000000000000000000e+00
5.000000000000000000e-01
1.597444061189889908e-03
2.375297015532851219e-03
1.960784383118152618e-02
5.000000000000000000e-01
1.000000000000000000e+00
5.555555596947669983e-02
1.730103860609233379e-03
1.287001301534473896e-03
9.090909361839294434e-02
2.500000037252902985e-02
2.500000000000000000e-01
2.222222276031970978e-02
2.967359032481908798e-03
5.000000000000000000e-01
2.173913083970546722e-02
3.215434029698371887e-03
1.250000000000000000e-01
2.386634936556220055e-03
2.000000029802322388e-01
1.000000000000000000e+00
1.000000000000000000e+00
1.612903177738189697e-02
1.000000000000000000e+00
1.562500000000000000e-02
1.000000000000000000e+00
2.242152404505759478e-04
9.090909361839294434e-02
7.142857462167739868e-02
9.708737954497337341e-03
3.333333432674407959e-01
5.128205288201570511e-03
5.000000074505805969e-02
2.155172405764460564e-03
9.910803055390715599e-04
9.803921915590763092e-03
2.500000000000000000e-01
1.366120181046426296e-03
7.936508394777774811e-03
4.752851673401892185e-04
8.865247946232557297e-04
1.251564477570354939e-03
1.000000014901161194e-01
7.304602186195552349e-04
3.333333432674407959e-01
1.000000000000000000e+00
1.428571492433547974e-01
3.121098561678081751e-04
1.351351384073495865e-02
2.994012087583541870e-03
1.515151560306549072e-02
3.333333432674407959e-01
1.000000000000000000e+00
1.000000000000000000e+00
1.190476212650537491e-02
2.000000029802322388e-01
2.272727340459823608e-02
7.692307978868484497e-02
1.000000000000000000e+00
1.841620658524334431e-03
5.000000000000000000e-01
5.649717524647712708e-03
6.250000093132257462e-03
2.702702768146991730e-02
7.692307978868484497e-02
1.851851865649223328e-02
1.000000000000000000e+00
5.000000000000000000e-01
3.333333507180213928e-02
7.178750820457935333e-04
1.000000000000000000e+00
1.000000000000000000e+00
9.090909361839294434e-02
2.638522535562515259e-03
1.851851865649223328e-02
7.806401117704808712e-04
2.564102469477802515e-04
5.000000000000000000e-01
1.666666716337203979e-01
5.000000074505805969e-02
8.333333581686019897e-02
7.874015718698501587e-03
2.500000000000000000e-01
1.000000014901161194e-01
2.500000000000000000e-01
3.246753243729472160e-03
3.571428731083869934e-02
1.066098106093704700e-03
6.756756920367479324e-04
1.000000000000000000e+00
9.661835501901805401e-04
1.230012276209890842e-03
7.342143799178302288e-04
1.052631624042987823e-02
1.481481478549540043e-03
1.449275389313697815e-02
6.666667014360427856e-02
1.000000000000000000e+00
1.119820866733789444e-03
1.937609049491584301e-04
1.000000000000000000e+00
1.079913577996194363e-03
1.180637511424720287e-03
5.000000000000000000e-01
2.000000029802322388e-01
1.666666716337203979e-01
1.428571492433547974e-01
5.000000000000000000e-01
1.111111119389533997e-01
3.333333432674407959e-01
1.000000000000000000e+00
1.000000000000000000e+00
5.847953259944915771e-03
1.666666716337203979e-01
3.401360474526882172e-03
5.000000000000000000e-01
7.142857462167739868e-02
5.000000000000000000e-01
1.666666716337203979e-01
1.000000000000000000e+00
1.717033010208979249e-04
1.658374792896211147e-03
3.125000000000000000e-02
3.125000046566128731e-03
1.000000000000000000e+00
4.166666790843009949e-02
1.400560257025063038e-03
1.111111119389533997e-01
1.666666716337203979e-01
1.063829753547906876e-02
5.000000000000000000e-01
1.219512149691581726e-02
3.999999910593032837e-02
9.007385961012914777e-05
1.000000000000000000e+00
5.555555596947669983e-02
5.476451478898525238e-04
1.111111119389533997e-01
1.562500023283064365e-03
2.358490601181983948e-03
1.000000000000000000e+00
1.000000000000000000e+00
1.278772368095815182e-03
6.250000000000000000e-02
3.846153989434242249e-02
1.000000000000000000e+00
1.499250414781272411e-03
1.000000000000000000e+00
5.000000000000000000e-01
2.500000000000000000e-01
1.111111138015985489e-02
1.360544236376881599e-03
1.960784383118152618e-02
5.491488263942301273e-04
1.743679167702794075e-04
2.500000000000000000e-01
1.702997251413762569e-04
5.882352963089942932e-02
1.250000000000000000e-01
7.692307978868484497e-02
2.000000029802322388e-01
3.663003677502274513e-03
7.142857462167739868e-02
1.008064486086368561e-03
1.428571492433547974e-01
1.000000000000000000e+00
1.219512149691581726e-02
2.380952425301074982e-02
2.444987883791327477e-03
1.000000000000000000e+00
6.172839552164077759e-03
8.547008968889713287e-03
3.999999910593032837e-02
8.333333581686019897e-02
2.564102597534656525e-02
1.000000000000000000e+00
1.000000000000000000e+00
1.579778851009905338e-03
8.547008968889713287e-03
3.333333432674407959e-01
1.000000000000000000e+00
4.761904943734407425e-03
2.173913083970546722e-02
5.000000000000000000e-01
1.000000000000000000e+00
1.075268816202878952e-02
4.545454680919647217e-02
1.000000000000000000e+00
1.000000000000000000e+00
1.204819232225418091e-02
1.000000000000000000e+00
4.484305158257484436e-03
1.250000000000000000e-01
2.173913083970546722e-02
1.666666716337203979e-01
1.000000000000000000e+00
1.075268816202878952e-02
7.692307978868484497e-02
1.107419724576175213e-03
3.333333432674407959e-01
1.000000000000000000e+00
5.000000000000000000e-01
1.865671598352491856e-03
5.000000000000000000e-01
1.428571492433547974e-01
1.000000000000000000e+00
1.000000000000000000e+00
4.761904850602149963e-02
1.111111119389533997e-01
5.000000000000000000e-01
1.000000014901161194e-01
1.000000000000000000e+00
2.040816284716129303e-02
9.009009227156639099e-03
3.333333432674407959e-01
4.694835748523473740e-03
9.090909361839294434e-02
5.000000000000000000e-01
1.000000014901161194e-01
2.500000000000000000e-01
9.606147650629281998e-04
5.000000000000000000e-01
3.831417532637715340e-03
3.225806355476379395e-02
4.347826167941093445e-02
1.000000000000000000e+00
1.103752758353948593e-03
1.000000000000000000e+00
2.838489890564233065e-04
4.166666790843009949e-02
1.000000000000000000e+00
1.107419724576175213e-03
4.132231231778860092e-03
1.250000000000000000e-01
3.105590119957923889e-03
2.000000029802322388e-01
3.095975145697593689e-03
2.020202111452817917e-03
1.941747614182531834e-03
1.219512149691581726e-02
1.000000000000000000e+00
2.475247485563158989e-03
1.000000000000000000e+00
5.263157933950424194e-02
5.000000000000000000e-01
1.492537278681993484e-02
3.333333432674407959e-01
2.666666638106107712e-03
1.000000000000000000e+00
9.090909361839294434e-02
2.500000000000000000e-01
1.694915234111249447e-03
7.692307978868484497e-02
1.666666716337203979e-01
5.555555596947669983e-02
5.882353056222200394e-03
1.639344170689582825e-02
1.291989698074758053e-03
1.000000000000000000e+00
1.000000000000000000e+00
6.250000000000000000e-02
3.846153989434242249e-02
5.000000000000000000e-01
9.090909361839294434e-02
2.500000000000000000e-01
3.717472078278660774e-03
1.666666716337203979e-01
4.237288143485784531e-03
3.144653979688882828e-03
3.333333432674407959e-01
6.038647261448204517e-04
1.111111119389533997e-01
1.428571492433547974e-01
7.142857462167739868e-02
1.250000000000000000e-01
3.333333432674407959e-01
1.000000000000000000e+00
3.846153989434242249e-02
5.000000000000000000e-01
2.000000029802322388e-01
1.000000000000000000e+00
5.102040711790323257e-03
4.347826167941093445e-02
9.051412052940577269e-05
1.000000000000000000e+00
1.074113883078098297e-03
8.230452658608555794e-04
2.941176528111100197e-03
9.708737954497337341e-03
2.000000029802322388e-01
2.500000000000000000e-01
4.761904850602149963e-02
5.151983350515365601e-04
1.000000000000000000e+00
7.501875516027212143e-04
5.000000000000000000e-01
3.333333432674407959e-01
2.564102597534656525e-02
5.000000000000000000e-01
3.333333432674407959e-01
2.500000000000000000e-01
1.000000014901161194e-01
3.030303120613098145e-02
4.347826167941093445e-02
1.213592244312167168e-03
8.354219025932252407e-04
5.000000000000000000e-01
5.000000000000000000e-01
2.083333395421504974e-02
6.250000000000000000e-02
4.668534093070775270e-04
1.000000000000000000e+00
1.000000000000000000e+00
5.128205288201570511e-03
1.666666753590106964e-02
2.127659507095813751e-02
1.000000000000000000e+00
1.000000000000000000e+00
2.500000000000000000e-01
5.000000000000000000e-01
3.484320593997836113e-03
2.000000029802322388e-01
5.263157933950424194e-02
9.433962404727935791e-03
1.000000000000000000e+00
1.000000000000000000e+00
5.882352963089942932e-02
5.000000000000000000e-01
3.333333432674407959e-01
5.000000000000000000e-01
6.250000000000000000e-02
1.000000000000000000e+00
1.249999972060322762e-03
2.040816284716129303e-02
3.333333432674407959e-01
4.761904850602149963e-02
1.333333365619182587e-02
7.352941203862428665e-03
8.333333581686019897e-02
1.428571492433547974e-01
4.424778744578361511e-03
7.552870083600282669e-04
1.000000000000000000e+00
1.000000000000000000e+00
4.926108289510011673e-03
1.000000000000000000e+00
3.680530062410980463e-04
4.237288143485784531e-03
1.428571492433547974e-01
1.000000000000000000e+00
6.250000093132257462e-03
2.702702768146991730e-02
1.666666753590106964e-02
7.692307699471712112e-03
5.882353056222200394e-03
1.000000000000000000e+00
3.333333432674407959e-01
1.000000000000000000e+00
1.000000000000000000e+00
1.000000000000000000e+00
2.493765670806169510e-03
1.000000000000000000e+00
1.293661072850227356e-03
2.325581386685371399e-03
1.000000000000000000e+00
3.816793905571103096e-03
1.000000000000000000e+00
1.000000000000000000e+00
7.942180673126131296e-05
8.726003579795360565e-04
6.153846043162047863e-04
7.142857462167739868e-02
3.333333432674407959e-01
5.813953466713428497e-03
1.000000000000000000e+00
1.000000000000000000e+00
8.333333581686019897e-02
3.333333432674407959e-01
1.000000000000000000e+00
3.448275849223136902e-02
5.076142027974128723e-03
5.834305775351822376e-04
1.102535868994891644e-03
3.246753243729472160e-03
8.445946150459349155e-04
5.000000000000000000e-01
1.000000000000000000e+00
2.403846243396401405e-03
4.347826167941093445e-02
1.342281932011246681e-03
3.333333432674407959e-01
1.000000000000000000e+00
3.333333507180213928e-02
2.439024299383163452e-02
1.000000000000000000e+00
4.761904850602149963e-02
1.428571492433547974e-01
1.010101009160280228e-02
4.636068479157984257e-04
1.515151467174291611e-03
1.000000000000000000e+00
1.000000000000000000e+00
1.000000000000000000e+00
7.692307978868484497e-02
1.204819232225418091e-02
1.666666716337203979e-01
1.000000014901161194e-01
3.472222248092293739e-03
9.615384973585605621e-03
1.000000000000000000e+00
1.063829753547906876e-02
1.428571492433547974e-01
3.333333432674407959e-01
1.000000000000000000e+00
1.000000000000000000e+00
1.219512149691581726e-02
5.449591553770005703e-04
3.448275849223136902e-02
1.718213083222508430e-03
1.000000000000000000e+00
2.222222276031970978e-02
1.960784383118152618e-02
5.000000000000000000e-01
1.000000000000000000e+00
1.000000000000000000e+00
3.484320593997836113e-03
1.000000000000000000e+00
1.315789483487606049e-02
4.608294926583766937e-03
1.028806553222239017e-03
3.368137404322624207e-04
1.204819232225418091e-02
1.000000000000000000e+00
3.333333432674407959e-01
5.000000000000000000e-01
3.333333507180213928e-02
1.020408142358064651e-02
6.211180239915847778e-03
2.857142873108386993e-02
7.692307978868484497e-02
6.161429337225854397e-04
1.000000000000000000e+00
4.576659121084958315e-04
7.142857462167739868e-02
4.807692486792802811e-03
1.694915257394313812e-02
9.523809887468814850e-03
4.310344811528921127e-03
1.388888899236917496e-02
1.000000000000000000e+00
1.000000000000000000e+00
3.322259057313203812e-03
2.000000029802322388e-01
2.173913083970546722e-02
8.547008968889713287e-03
1.000000000000000000e+00
8.403361774981021881e-03
7.352941203862428665e-03
1.000000014901161194e-01
9.803921915590763092e-03
5.000000000000000000e-01
1.000000000000000000e+00
3.236246062442660332e-03
5.000000074505805969e-02
3.846153989434242249e-02
5.128205288201570511e-03
1.000000000000000000e+00
8.810572908259928226e-04
3.333333432674407959e-01
6.493506487458944321e-03
5.000000000000000000e-01
8.333333581686019897e-02
1.000000000000000000e+00
1.000000000000000000e+00
1.000000000000000000e+00
6.250000000000000000e-02
3.030302934348583221e-03
1.000000000000000000e+00
1.111111119389533997e-01
6.281406967900693417e-04
4.545454680919647217e-02
1.000000000000000000e+00
1.190476212650537491e-02
1.000000000000000000e+00
1.136363670229911804e-02
5.000000074505805969e-02
7.692307978868484497e-02
2.386634936556220055e-03
1.111111119389533997e-01
1.111111119389533997e-01
1.000000000000000000e+00
1.000000000000000000e+00
4.347826167941093445e-02
1.111111119389533997e-01
1.408450677990913391e-02
1.201923121698200703e-03
3.333333432674407959e-01
1.000000000000000000e+00
1.000000000000000000e+00
1.000000014901161194e-01
7.462686393409967422e-03
4.347826167941093445e-02
2.000000029802322388e-01
5.000000000000000000e-01
1.000000000000000000e+00
1.000000000000000000e+00
6.289307959377765656e-03
5.000000000000000000e-01
1.282051298767328262e-02
5.000000000000000000e-01
1.000000000000000000e+00
5.000000000000000000e-01
3.333333432674407959e-01
1.000000000000000000e+00
1.000000000000000000e+00
3.333333507180213928e-02
1.721170381642878056e-03
2.617801073938608170e-03
1.666666753590106964e-02
3.333333432674407959e-01
1.000000000000000000e+00
2.732240362092852592e-03
1.000000000000000000e+00
6.622516550123691559e-03
6.341154221445322037e-04
1.166861155070364475e-03
3.999999910593032837e-02
5.000000000000000000e-01
1.000000000000000000e+00
1.785714365541934967e-02
1.000000000000000000e+00
5.000000000000000000e-01
1.612903177738189697e-02
7.407407276332378387e-03
1.428571492433547974e-01
9.345794096589088440e-03
4.187604645267128944e-04
2.500000000000000000e-01
7.751937955617904663e-03
1.666666716337203979e-01
1.000000000000000000e+00
5.000000000000000000e-01
2.028397517278790474e-03
1.666666716337203979e-01
3.802281338721513748e-03
1.694915257394313812e-02
1.639344170689582825e-02
1.000000000000000000e+00
2.500000000000000000e-01
1.000000000000000000e+00
5.000000000000000000e-01
3.225806355476379395e-02
9.345794096589088440e-03
1.000000000000000000e+00
1.666666753590106964e-02
2.724053338170051575e-04
1.388888899236917496e-02
4.861448833253234625e-04
1.000000000000000000e+00
1.063829753547906876e-02
5.000000074505805969e-02
9.433962404727935791e-03
2.040816284716129303e-02
2.257336396723985672e-03
5.000000000000000000e-01
5.000000000000000000e-01
2.564102597534656525e-02
8.333333581686019897e-02
1.000000000000000000e+00
6.711409427225589752e-03
1.111111119389533997e-01
5.000000000000000000e-01
1.000000000000000000e+00
1.000000000000000000e+00
1.052631624042987823e-02
2.000000029802322388e-01
1.312335953116416931e-03
5.000000000000000000e-01
1.428571492433547974e-01
2.000000029802322388e-01
1.000000000000000000e+00
1.000000000000000000e+00
2.500000000000000000e-01
1.000000000000000000e+00
2.777777798473834991e-02
1.886792480945587158e-02
1.000000000000000000e+00
4.880429478362202644e-04
1.000000000000000000e+00
7.692307978868484497e-02
1.136363670229911804e-02
1.000000000000000000e+00
1.672240789048373699e-03
5.000000000000000000e-01
2.500000000000000000e-01
5.000000000000000000e-01
2.293577883392572403e-03
2.169197425246238708e-03
1.000000000000000000e+00
2.500000000000000000e-01
5.102040711790323257e-03
5.000000000000000000e-01
1.250000000000000000e-01
7.142857462167739868e-02
6.622516550123691559e-03
3.333333432674407959e-01
1.000000000000000000e+00
4.347826167941093445e-02
2.000000029802322388e-01
1.250000000000000000e-01
1.000000000000000000e+00
2.604166744276881218e-03
5.000000000000000000e-01
1.000000000000000000e+00
6.377550889737904072e-04
3.225806355476379395e-02
4.081632476300001144e-03
1.666666716337203979e-01
1.000000000000000000e+00
6.666666828095912933e-03
1.000000000000000000e+00
1.886792480945587158e-02
1.000000000000000000e+00
1.000000000000000000e+00
7.434944272972643375e-04
1.886792480945587158e-02
3.086419776082038879e-03
9.090908803045749664e-03
2.500000000000000000e-01
9.090908803045749664e-03
2.500000037252902985e-02
1.261034049093723297e-03
1.000000000000000000e+00
1.000000000000000000e+00
2.000000029802322388e-01
2.024291548877954483e-03
1.000000000000000000e+00
1.904761884361505508e-03
6.761325057595968246e-04
1.000000000000000000e+00
8.976660901680588722e-04
4.672897048294544220e-03
1.000000000000000000e+00
1.240694778971374035e-03
2.000000029802322388e-01
9.009009227156639099e-03
2.500000000000000000e-01
8.424599654972553253e-04
2.915452001616358757e-03
9.090909361839294434e-02
2.500000000000000000e-01
2.631578966975212097e-02
7.692307978868484497e-02
1.098901126533746719e-02
5.000000000000000000e-01
1.000000000000000000e+00
4.830917809158563614e-03
8.984726155176758766e-04
3.333333432674407959e-01
8.333333581686019897e-02
5.000000000000000000e-01
5.000000000000000000e-01
9.090909361839294434e-02
1.000000000000000000e+00
1.666666716337203979e-01
1.000000000000000000e+00
2.007628936553373933e-04
4.219409078359603882e-03
3.333333432674407959e-01
1.000000000000000000e+00
3.030303120613098145e-02
1.000000000000000000e+00
1.000000000000000000e+00
3.514938580337911844e-04
9.090909361839294434e-02
1.000000000000000000e+00
5.000000000000000000e-01
1.000000000000000000e+00
1.644736854359507561e-03
3.225806355476379395e-02
5.882352963089942932e-02
8.333333767950534821e-03
1.000000000000000000e+00
2.380952425301074982e-02
3.448275849223136902e-02
5.000000000000000000e-01
2.500000000000000000e-01
1.000000000000000000e+00
1.428571492433547974e-01
1.666666716337203979e-01
1.351351384073495865e-02
5.000000000000000000e-01
2.083333395421504974e-02
2.631578966975212097e-02
2.000000029802322388e-01
1.000000000000000000e+00
1.000000000000000000e+00
1.250000000000000000e-01
1.282051298767328262e-02
1.000000000000000000e+00
5.000000000000000000e-01
7.429420365951955318e-04
3.448275849223136902e-02
1.000000000000000000e+00
5.000000000000000000e-01
1.000000000000000000e+00
3.333333297632634640e-04
2.415458904579281807e-03
1.000000000000000000e+00
1.666666716337203979e-01
7.692307978868484497e-02
1.000000000000000000e+00
1.000000000000000000e+00
1.388888899236917496e-02
4.166666790843009949e-02
4.810004902537912130e-04
5.060728872194886208e-04
1.111111119389533997e-01
5.000000000000000000e-01
5.076142260804772377e-04
3.333333432674407959e-01
1.393145794281736016e-04
1.000000000000000000e+00
5.000000000000000000e-01
6.666667014360427856e-02
3.703703731298446655e-02
1.000000000000000000e+00
1.000000000000000000e+00
1.000000000000000000e+00
1.250000000000000000e-01
5.882352963089942932e-02
1.209189882501959801e-03
2.127659507095813751e-02
2.000000029802322388e-01
1.000000000000000000e+00
4.516711924225091934e-04
1.612903177738189697e-02
1.666666716337203979e-01
1.111111119389533997e-01
1.000000000000000000e+00
7.142857462167739868e-02
2.000000029802322388e-01
4.629629664123058319e-03
1.353179919533431530e-03
6.666667014360427856e-02
2.500000000000000000e-01
1.000000000000000000e+00
1.000000000000000000e+00
1.000000000000000000e+00
1.250000000000000000e-01
1.000000000000000000e+00
1.000000000000000000e+00
1.000000000000000000e+00
1.562500000000000000e-02
1.666666716337203979e-01
9.480470180278643966e-05
9.090909361839294434e-02
3.703703731298446655e-02
5.000000000000000000e-01
1.369863003492355347e-02
3.333333432674407959e-01
6.024096161127090454e-03
3.333333432674407959e-01
5.882352963089942932e-02
6.666667014360427856e-02
1.203369465656578541e-03
1.000000000000000000e+00
7.692307978868484497e-02
1.000000000000000000e+00
1.079913577996194363e-03
1.694915257394313812e-02
1.111111138015985489e-02
1.000000000000000000e+00
5.000000000000000000e-01
3.448275849223136902e-02
1.243781065568327904e-03
4.761904850602149963e-02
3.333333507180213928e-02
1.000000000000000000e+00
1.000000000000000000e+00
5.000000000000000000e-01
4.347826167941093445e-02
1.666666716337203979e-01
5.000000000000000000e-01
2.202643081545829773e-03
1.000000000000000000e+00
1.587301609106361866e-03
1.428571436554193497e-02
1.111111119389533997e-01
1.284851605305448174e-04
1.000000000000000000e+00
6.756756920367479324e-03
2.000000029802322388e-01
9.090909361839294434e-02
7.917656330391764641e-04
1.000000000000000000e+00
1.000000000000000000e+00
3.333333432674407959e-01
1.000000000000000000e+00
1.000000000000000000e+00
4.761904850602149963e-02
1.000000000000000000e+00
1.000000000000000000e+00
1.636661239899694920e-03
5.000000000000000000e-01
1.162790693342685699e-02
9.090909361839294434e-02
9.980039903894066811e-04
5.350454594008624554e-04
1.000000000000000000e+00
1.000000000000000000e+00
1.162790693342685699e-02
3.095975145697593689e-03
1.428571492433547974e-01
2.518891589716076851e-03
8.051529875956475735e-04
2.500000000000000000e-01
3.333333432674407959e-01
6.666667014360427856e-02
1.000000000000000000e+00
1.000000000000000000e+00
6.090134265832602978e-04
1.000000000000000000e+00
2.227171557024121284e-03
3.460207721218466759e-03
3.333333432674407959e-01
2.500000000000000000e-01
1.000000000000000000e+00
9.900989942252635956e-03
1.449275389313697815e-02
2.000000029802322388e-01
2.040816238150000572e-03
3.333333432674407959e-01
5.000000000000000000e-01
1.250000000000000000e-01
1.149425283074378967e-02
1.129943528212606907e-03
5.000000000000000000e-01
1.000000000000000000e+00
2.127659507095813751e-02
1.092896214686334133e-03
7.692307978868484497e-02
2.150537678971886635e-03
3.773584961891174316e-03
7.692307978868484497e-02
1.394700142554938793e-03
1.000000000000000000e+00
1.000000000000000000e+00
3.246753243729472160e-03
1.000000000000000000e+00
2.500000000000000000e-01
2.500000000000000000e-01
5.000000000000000000e-01
5.000000000000000000e-01
2.406159765087068081e-04
5.091649945825338364e-04
3.333333432674407959e-01
1.111111119389533997e-01
4.545454680919647217e-02
3.333333432674407959e-01
1.930501894094049931e-03
8.849557489156723022e-03
3.333333432674407959e-01
1.000000000000000000e+00
1.000000000000000000e+00
2.000000029802322388e-01
3.333333432674407959e-01
1.923076994717121124e-02
1.000000000000000000e+00
6.666667014360427856e-02
3.333333432674407959e-01
3.891050582751631737e-03
2.000000029802322388e-01
2.631578966975212097e-02
2.500000000000000000e-01
1.666666716337203979e-01
1.986491843126714230e-04
3.225806355476379395e-02
2.000000029802322388e-01
5.000000000000000000e-01
2.500000000000000000e-01
1.000000000000000000e+00
1.000000000000000000e+00
7.645260193385183811e-04
1.000000000000000000e+00
2.733734145294874907e-04
1.136363600380718708e-03
2.000000029802322388e-01
2.777777798473834991e-02
8.403361774981021881e-03
2.000000029802322388e-01
1.000000000000000000e+00
1.000000000000000000e+00
1.000000000000000000e+00
9.615384624339640141e-04
1.000000000000000000e+00
1.000000000000000000e+00
5.000000000000000000e-01
1.000000000000000000e+00
5.000000000000000000e-01
8.264462463557720184e-03
5.000000000000000000e-01
1.988071482628583908e-03
2.040816284716129303e-02
2.994012087583541870e-03
1.000000000000000000e+00
1.639344170689582825e-02
2.923976629972457886e-03
1.000000000000000000e+00
1.000000000000000000e+00
2.500000000000000000e-01
1.428571492433547974e-01
2.500000000000000000e-01
5.000000000000000000e-01
3.448275849223136902e-02
1.010101009160280228e-02
1.000000000000000000e+00
1.428571492433547974e-01
1.000000000000000000e+00
5.000000000000000000e-01
3.333333432674407959e-01
1.666666716337203979e-01
1.000000000000000000e+00
1.000000000000000000e+00
1.000000000000000000e+00
1.754385977983474731e-02
1.000000000000000000e+00
1.000000000000000000e+00
3.496503632050007582e-04
6.451612804085016251e-03
1.886792480945587158e-02
1.706484588794410229e-03
1.000000000000000000e+00
4.166666790843009949e-02
4.166666790843009949e-02
1.177856349386274815e-03
6.578947650268673897e-04
1.298701297491788864e-02
5.000000000000000000e-01
1.111111119389533997e-01
2.941176481544971466e-02
5.464480724185705185e-03
1.000000014901161194e-01
4.273504484444856644e-03
1.000000000000000000e+00
3.333333432674407959e-01
1.111111119389533997e-01
2.777777798473834991e-02
2.564102597534656525e-02
1.000000000000000000e+00
1.000000000000000000e+00
5.000000000000000000e-01
4.065040498971939087e-03
3.333333432674407959e-01
1.000000000000000000e+00
1.666666716337203979e-01
1.000000000000000000e+00
1.000000000000000000e+00
9.090909361839294434e-02
8.771929889917373657e-03
5.494505632668733597e-03
1.000000000000000000e+00
1.848428859375417233e-03
2.325581386685371399e-02
7.197869126684963703e-05
3.125000046566128731e-03
1.000000000000000000e+00
3.225806355476379395e-02
1.250000000000000000e-01
1.000000000000000000e+00
1.666666753590106964e-02
1.999999955296516418e-02
2.564102597534656525e-02
2.500000000000000000e-01
6.250000000000000000e-02
1.915708766318857670e-03
7.142857462167739868e-02
1.000000000000000000e+00
5.263157933950424194e-02
5.235602147877216339e-03
3.333333432674407959e-01
5.000000000000000000e-01
1.315789483487606049e-02
1.000000000000000000e+00
5.000000000000000000e-01
1.000000014901161194e-01
4.385964944958686829e-03
5.000000000000000000e-01
1.000000000000000000e+00
1.250000000000000000e-01
1.000000000000000000e+00
1.000000000000000000e+00
7.518797181546688080e-03
1.388888899236917496e-02
3.633720916695892811e-04
1.000000000000000000e+00
1.371742109768092632e-03
1.250000000000000000e-01
5.000000000000000000e-01
5.000000000000000000e-01
5.882352963089942932e-02
1.250000000000000000e-01
6.711409427225589752e-03
3.120124747510999441e-04
5.347593687474727631e-03
5.555555596947669983e-02
2.500000037252902985e-02
1.865671598352491856e-03
3.333333432674407959e-01
9.174311999231576920e-04
5.000000000000000000e-01
5.000000000000000000e-01
1.000000000000000000e+00
2.262443536892533302e-03
9.090909361839294434e-02
8.333333581686019897e-02
1.052631624042987823e-02
7.692307978868484497e-02
7.616146467626094818e-04
3.657644556369632483e-04
1.000000000000000000e+00
3.333333432674407959e-01
1.102535868994891644e-03
5.000000074505805969e-02
1.094091916456818581e-03
5.000000000000000000e-01
1.999999955296516418e-02
1.000000000000000000e+00
1.000000000000000000e+00
2.500000000000000000e-01
1.934236031956970692e-03
4.545454680919647217e-02
1.000000000000000000e+00
1.438848907127976418e-03
1.666666716337203979e-01
5.000000000000000000e-01
1.512859249487519264e-03
2.000000029802322388e-01
2.685284707695245743e-04
2.604166744276881218e-03
4.032257944345474243e-03
1.960784383118152618e-02
3.333333432674407959e-01
1.000000000000000000e+00
7.204610737971961498e-04
2.500000000000000000e-01
7.354563422268256545e-05
1.000000000000000000e+00
1.111111119389533997e-01
4.830917809158563614e-03
1.234567910432815552e-02
1.666666716337203979e-01
2.136295661330223083e-04
1.000000000000000000e+00
1.000000000000000000e+00
1.596169167896732688e-04
1.545595005154609680e-03
1.000000000000000000e+00
1.111111119389533997e-01
1.261829602299258113e-04
1.000000000000000000e+00
3.816793905571103096e-03
1.000000000000000000e+00
7.692307978868484497e-02
9.591405978426337242e-05
3.333333432674407959e-01
2.000000029802322388e-01
6.666666828095912933e-03
1.000000000000000000e+00
3.999999910593032837e-02
1.612903177738189697e-02
3.125000000000000000e-02
1.000000000000000000e+00
3.508772002533078194e-03
7.462686393409967422e-03
8.695651777088642120e-03
3.720238164532929659e-04
6.250000000000000000e-02
3.125000000000000000e-02
1.596678921487182379e-04
1.250000000000000000e-01
1.000000000000000000e+00
4.269854689482599497e-04
1.204819232225418091e-02
