9.591217637062072754e-01
9.970815181732177734e-01
9.662954211235046387e-01
9.856877923011779785e-01
9.875134825706481934e-01
9.952577352523803711e-01
9.693709015846252441e-01
6.593077182769775391e-01
9.481319785118103027e-01
9.502739906311035156e-01
9.707874655723571777e-01
9.701632261276245117e-01
9.483377933502197266e-01
9.826456904411315918e-01
9.877284765243530273e-01
9.306657910346984863e-01
9.892061352729797363e-01
9.374441504478454590e-01
9.681141376495361328e-01
9.943423867225646973e-01
9.950286149978637695e-01
9.075001478195190430e-01
9.952622652053833008e-01
9.932967424392700195e-01
9.318958520889282227e-01
9.157488942146301270e-01
9.980280399322509766e-01
7.093304991722106934e-01
9.990202784538269043e-01
7.317336201667785645e-01
5.880821347236633301e-01
9.677151441574096680e-01
9.858946204185485840e-01
9.929593205451965332e-01
9.494325518608093262e-01
9.912046790122985840e-01
9.618735313415527344e-01
5.819487571716308594e-01
9.951577186584472656e-01
9.783151745796203613e-01
9.984145760536193848e-01
9.867420196533203125e-01
9.800810813903808594e-01
9.871108531951904297e-01
9.852514266967773438e-01
8.799997568130493164e-01
9.725316166877746582e-01
9.957963228225708008e-01
9.947103857994079590e-01
8.757474422454833984e-01
9.926404953002929688e-01
9.851023554801940918e-01
9.972493052482604980e-01
9.918416738510131836e-01
9.939495325088500977e-01
9.618614912033081055e-01
9.694784879684448242e-01
9.897481203079223633e-01
9.916102290153503418e-01
9.928113818168640137e-01
9.904112219810485840e-01
9.178787469863891602e-01
9.169267416000366211e-01
9.840051531791687012e-01
9.348337650299072266e-01
9.431311488151550293e-01
9.259724617004394531e-01
9.993784427642822266e-01
9.853645563125610352e-01
9.788808226585388184e-01
8.628869056701660156e-01
9.930601716041564941e-01
9.816194176673889160e-01
9.641470909118652344e-01
9.808971881866455078e-01
9.824315309524536133e-01
9.233140945434570312e-01
9.278873205184936523e-01
9.439206719398498535e-01
9.869492053985595703e-01
9.899661540985107422e-01
9.173004627227783203e-01
9.565433859825134277e-01
9.856102466583251953e-01
9.750592708587646484e-01
6.626805663108825684e-01
9.509523510932922363e-01
9.742091298103332520e-01
9.433389902114868164e-01
9.921212196350097656e-01
9.073004722595214844e-01
9.913617968559265137e-01
9.879211783409118652e-01
9.561613202095031738e-01
9.183498620986938477e-01
9.875749349594116211e-01
8.723776340484619141e-01
9.878613948822021484e-01
6.092353463172912598e-01
9.799241423606872559e-01
9.891288280487060547e-01
9.854952096939086914e-01
9.954899549484252930e-01
9.864323735237121582e-01
9.821051359176635742e-01
9.761857390403747559e-01
9.950352907180786133e-01
9.358772039413452148e-01
9.841209650039672852e-01
9.440101981163024902e-01
8.700326681137084961e-01
9.809149503707885742e-01
9.791933298110961914e-01
7.879897952079772949e-01
9.792006611824035645e-01
9.778748750686645508e-01
9.162647724151611328e-01
9.005002975463867188e-01
9.952873587608337402e-01
9.994590282440185547e-01
9.965308308601379395e-01
9.699524044990539551e-01
9.649430513381958008e-01
9.765494465827941895e-01
9.825686812400817871e-01
9.809493422508239746e-01
8.936796188354492188e-01
9.444150924682617188e-01
9.994412660598754883e-01
9.589275121688842773e-01
8.762149810791015625e-01
9.725653529167175293e-01
9.136481881141662598e-01
8.699642419815063477e-01
9.837451577186584473e-01
9.923062920570373535e-01
9.743517041206359863e-01
9.754425287246704102e-01
9.982278347015380859e-01
4.930033385753631592e-01
9.747622609138488770e-01
9.886285662651062012e-01
9.951618313789367676e-01
9.670083522796630859e-01
9.709854125976562500e-01
9.885028600692749023e-01
8.552713990211486816e-01
9.796222448348999023e-01
9.843107461929321289e-01
9.934557676315307617e-01
8.533152341842651367e-01
9.630234837532043457e-01
8.607491254806518555e-01
9.926010370254516602e-01
9.879497289657592773e-01
9.759503602981567383e-01
8.693677186965942383e-01
8.924145102500915527e-01
9.669250249862670898e-01
9.986250400543212891e-01
9.878427982330322266e-01
9.470251798629760742e-01
9.026321172714233398e-01
9.549177289009094238e-01
9.914113879203796387e-01
8.540591001510620117e-01
9.727888107299804688e-01
7.953462004661560059e-01
9.766814708709716797e-01
8.025610446929931641e-01
8.591690659523010254e-01
8.729667663574218750e-01
9.533107280731201172e-01
9.873999953269958496e-01
9.390767216682434082e-01
9.831139445304870605e-01
8.996813297271728516e-01
9.833912253379821777e-01
9.348038434982299805e-01
8.388725519180297852e-01
9.722887873649597168e-01
7.182713747024536133e-01
9.875480532646179199e-01
9.481866359710693359e-01
9.139475226402282715e-01
9.592224359512329102e-01
9.288469552993774414e-01
9.911335706710815430e-01
9.955143928527832031e-01
9.748533368110656738e-01
9.934002757072448730e-01
9.121568202972412109e-01
9.284955859184265137e-01
9.926503896713256836e-01
9.827379584312438965e-01
9.918722510337829590e-01
9.672275185585021973e-01
9.885595440864562988e-01
4.851572811603546143e-01
9.942302703857421875e-01
9.838672876358032227e-01
9.532243609428405762e-01
8.566345572471618652e-01
7.748398780822753906e-01
8.839868307113647461e-01
9.578087329864501953e-01
9.790660142898559570e-01
9.781712889671325684e-01
9.618423581123352051e-01
9.996044039726257324e-01
9.510098695755004883e-01
9.965302348136901855e-01
9.453085064888000488e-01
9.509543180465698242e-01
8.822227120399475098e-01
9.995614886283874512e-01
9.949111342430114746e-01
9.699040651321411133e-01
9.256689548492431641e-01
9.879993200302124023e-01
9.662592411041259766e-01
9.847225546836853027e-01
5.713793039321899414e-01
9.959025382995605469e-01
9.982964992523193359e-01
7.616826891899108887e-01
9.961928725242614746e-01
9.382194876670837402e-01
9.687292575836181641e-01
8.763540387153625488e-01
9.768931269645690918e-01
9.775292873382568359e-01
8.980439305305480957e-01
9.721285700798034668e-01
9.926734566688537598e-01
9.634125232696533203e-01
9.255839586257934570e-01
9.809941053390502930e-01
9.884460568428039551e-01
9.918192625045776367e-01
9.976715445518493652e-01
9.822460412979125977e-01
8.994825482368469238e-01
3.789426982402801514e-01
7.956280112266540527e-01
9.798223972320556641e-01
9.962714314460754395e-01
9.823849797248840332e-01
9.995721578598022461e-01
9.843841791152954102e-01
9.870821833610534668e-01
9.814600944519042969e-01
9.877789616584777832e-01
9.573348760604858398e-01
9.817667007446289062e-01
8.252671957015991211e-01
9.970583319664001465e-01
8.875645995140075684e-01
9.687096476554870605e-01
9.078168272972106934e-01
9.900676012039184570e-01
9.664768576622009277e-01
9.361098408699035645e-01
9.248956441879272461e-01
9.953845143318176270e-01
9.874582290649414062e-01
9.754223227500915527e-01
7.260869145393371582e-01
9.928023219108581543e-01
9.959767460823059082e-01
9.705340862274169922e-01
9.856590628623962402e-01
9.883265495300292969e-01
9.767697453498840332e-01
8.819483518600463867e-01
9.155401587486267090e-01
9.995522499084472656e-01
9.800085425376892090e-01
9.553599357604980469e-01
9.848493337631225586e-01
9.920445084571838379e-01
9.896813631057739258e-01
7.348345518112182617e-01
7.809044122695922852e-01
9.702705144882202148e-01
8.865160346031188965e-01
9.458935856819152832e-01
9.625177383422851562e-01
8.358665108680725098e-01
9.924105405807495117e-01
8.985662460327148438e-01
8.965122699737548828e-01
9.834037423133850098e-01
9.780080914497375488e-01
9.904863238334655762e-01
8.886434435844421387e-01
9.971774816513061523e-01
9.569835662841796875e-01
9.913697242736816406e-01
9.742226600646972656e-01
9.959667325019836426e-01
9.887054562568664551e-01
9.191346764564514160e-01
9.134747982025146484e-01
9.789292812347412109e-01
8.949863910675048828e-01
8.891214132308959961e-01
9.567863345146179199e-01
9.642511010169982910e-01
9.863851666450500488e-01
9.373334050178527832e-01
9.958895444869995117e-01
9.259459972381591797e-01
9.712687134742736816e-01
9.885836243629455566e-01
9.622836709022521973e-01
9.720089435577392578e-01
9.517146348953247070e-01
9.996855258941650391e-01
7.543318867683410645e-01
9.525792002677917480e-01
9.793019890785217285e-01
9.962546825408935547e-01
9.452729225158691406e-01
9.694651961326599121e-01
8.990909457206726074e-01
9.909004569053649902e-01
9.773238897323608398e-01
8.918776512145996094e-01
9.984648823738098145e-01
7.574616670608520508e-01
9.913077950477600098e-01
9.849076867103576660e-01
9.741083979606628418e-01
9.879248142242431641e-01
8.800589442253112793e-01
9.770927429199218750e-01
9.940248131752014160e-01
9.125735759735107422e-01
9.730468988418579102e-01
9.906831383705139160e-01
8.319661617279052734e-01
9.729164838790893555e-01
7.473054528236389160e-01
9.082596898078918457e-01
9.877553582191467285e-01
9.710630178451538086e-01
9.379694461822509766e-01
9.922164082527160645e-01
9.821686744689941406e-01
9.975526928901672363e-01
9.693501591682434082e-01
9.900940060615539551e-01
9.824464917182922363e-01
8.444827795028686523e-01
4.888085126876831055e-01
9.640937447547912598e-01
8.253328204154968262e-01
9.856814742088317871e-01
9.582193493843078613e-01
9.737957119941711426e-01
9.762561321258544922e-01
9.893981814384460449e-01
9.931410551071166992e-01
8.966501951217651367e-01
9.730221629142761230e-01
9.360131025314331055e-01
9.450059533119201660e-01
9.481112360954284668e-01
9.737324714660644531e-01
9.891415238380432129e-01
9.984337687492370605e-01
9.799903631210327148e-01
9.755484461784362793e-01
7.627440094947814941e-01
9.727471470832824707e-01
9.873452186584472656e-01
9.800789356231689453e-01
9.820500016212463379e-01
9.450453519821166992e-01
9.659307003021240234e-01
7.948830127716064453e-01
9.969386458396911621e-01
9.888558387756347656e-01
8.174257278442382812e-01
9.231361746788024902e-01
9.414194822311401367e-01
9.975393414497375488e-01
9.627078175544738770e-01
9.895954132080078125e-01
9.968248605728149414e-01
9.844357967376708984e-01
9.916759133338928223e-01
9.986848831176757812e-01
9.973460435867309570e-01
9.938020110130310059e-01
9.596521258354187012e-01
9.463984966278076172e-01
8.977681398391723633e-01
9.804077148437500000e-01
9.351485967636108398e-01
8.503233194351196289e-01
9.201168417930603027e-01
8.531883955001831055e-01
9.624825716018676758e-01
9.954717755317687988e-01
8.953127264976501465e-01
9.595225453376770020e-01
9.955902099609375000e-01
9.027047157287597656e-01
9.837676286697387695e-01
8.006758093833923340e-01
9.915068149566650391e-01
9.834138154983520508e-01
9.752008318901062012e-01
9.831424951553344727e-01
9.623697400093078613e-01
9.924554824829101562e-01
9.931938648223876953e-01
9.961271882057189941e-01
9.222021102905273438e-01
9.587829113006591797e-01
9.913420081138610840e-01
9.493075013160705566e-01
8.957649469375610352e-01
9.601265192031860352e-01
9.955857396125793457e-01
9.554501175880432129e-01
9.932258725166320801e-01
7.707366943359375000e-01
6.765868663787841797e-01
9.982196688652038574e-01
9.670014977455139160e-01
6.267949938774108887e-01
9.958839416503906250e-01
9.824424982070922852e-01
9.463701248168945312e-01
9.276816844940185547e-01
9.747979640960693359e-01
9.774152040481567383e-01
5.224728584289550781e-01
9.673175811767578125e-01
8.918934464454650879e-01
8.321955800056457520e-01
9.708963036537170410e-01
9.168986082077026367e-01
9.159631133079528809e-01
8.950169086456298828e-01
9.999213218688964844e-01
9.904342293739318848e-01
9.798856377601623535e-01
9.785181879997253418e-01
9.742439389228820801e-01
9.396314620971679688e-01
9.154499173164367676e-01
9.778181910514831543e-01
8.076445460319519043e-01
3.673283457756042480e-01
9.926614761352539062e-01
9.686175584793090820e-01
9.941435456275939941e-01
9.972351193428039551e-01
9.517658352851867676e-01
9.065387248992919922e-01
9.407386183738708496e-01
9.530906081199645996e-01
9.850953221321105957e-01
8.509921431541442871e-01
9.109653234481811523e-01
9.872238636016845703e-01
9.527316689491271973e-01
9.758697748184204102e-01
9.051534533500671387e-01
9.812702536582946777e-01
9.624629616737365723e-01
9.263529181480407715e-01
9.491741657257080078e-01
9.654651880264282227e-01
9.141150116920471191e-01
9.699695706367492676e-01
9.938874244689941406e-01
9.664519429206848145e-01
7.343211770057678223e-01
9.076385498046875000e-01
9.447009563446044922e-01
8.762646317481994629e-01
9.602686762809753418e-01
8.951484560966491699e-01
8.351328969001770020e-01
9.172659516334533691e-01
9.790508151054382324e-01
9.956367015838623047e-01
9.544736742973327637e-01
9.816847443580627441e-01
9.901368618011474609e-01
8.795589208602905273e-01
9.633666276931762695e-01
9.077025055885314941e-01
9.753029942512512207e-01
7.459360957145690918e-01
9.941042065620422363e-01
9.671598672866821289e-01
9.240912199020385742e-01
9.415262341499328613e-01
9.948977231979370117e-01
9.310132861137390137e-01
9.577999711036682129e-01
9.850878119468688965e-01
9.735455513000488281e-01
9.999445676803588867e-01
9.433963298797607422e-01
9.742439985275268555e-01
8.741959929466247559e-01
9.814844131469726562e-01
9.920972585678100586e-01
9.932587742805480957e-01
9.754733443260192871e-01
9.342153072357177734e-01
9.432251453399658203e-01
6.617521643638610840e-01
9.905481338500976562e-01
9.137344956398010254e-01
9.805243015289306641e-01
9.963650703430175781e-01
9.856281280517578125e-01
9.836281538009643555e-01
9.703242778778076172e-01
9.727247953414916992e-01
9.210937023162841797e-01
9.952352643013000488e-01
8.404655456542968750e-01
9.797692298889160156e-01
9.810917377471923828e-01
9.860317707061767578e-01
7.434460520744323730e-01
9.888268709182739258e-01
9.816183447837829590e-01
9.918379783630371094e-01
9.779286980628967285e-01
7.412255406379699707e-01
9.958395361900329590e-01
9.956110715866088867e-01
8.963821530342102051e-01
9.367578029632568359e-01
9.715160131454467773e-01
8.436128497123718262e-01
9.921811223030090332e-01
9.961903691291809082e-01
9.895954132080078125e-01
9.770416021347045898e-01
8.735178112983703613e-01
9.911102056503295898e-01
9.733617901802062988e-01
9.761272072792053223e-01
9.260937571525573730e-01
9.906992912292480469e-01
9.903041720390319824e-01
9.907062649726867676e-01
9.478682875633239746e-01
9.894427061080932617e-01
9.952740073204040527e-01
9.723777770996093750e-01
9.723711609840393066e-01
8.827507495880126953e-01
9.831683039665222168e-01
9.837566614151000977e-01
9.526286125183105469e-01
9.959940314292907715e-01
9.998119473457336426e-01
9.722998738288879395e-01
9.765040278434753418e-01
8.418107032775878906e-01
5.212678909301757812e-01
9.633128046989440918e-01
9.986112117767333984e-01
9.622086286544799805e-01
9.237818121910095215e-01
9.985643625259399414e-01
9.703865051269531250e-01
9.589181542396545410e-01
9.939407706260681152e-01
9.848328828811645508e-01
9.824531674385070801e-01
8.567188978195190430e-01
9.966127872467041016e-01
9.499405026435852051e-01
9.917210340499877930e-01
9.714928269386291504e-01
9.354252219200134277e-01
9.232537746429443359e-01
9.657096862792968750e-01
9.460301399230957031e-01
7.305929660797119141e-01
9.839614629745483398e-01
9.759197831153869629e-01
9.994330406188964844e-01
9.905784726142883301e-01
9.773843884468078613e-01
9.718816876411437988e-01
9.813517928123474121e-01
9.524067640304565430e-01
9.981636404991149902e-01
9.455317258834838867e-01
9.832674860954284668e-01
9.917067289352416992e-01
9.511066675186157227e-01
9.769711494445800781e-01
9.994331598281860352e-01
8.840379118919372559e-01
9.928188323974609375e-01
9.880287647247314453e-01
9.802535176277160645e-01
9.810635447502136230e-01
9.847866892814636230e-01
9.725028872489929199e-01
9.888307452201843262e-01
9.576078653335571289e-01
9.664726853370666504e-01
8.355255126953125000e-01
9.537353515625000000e-01
9.635502696037292480e-01
9.903870224952697754e-01
9.041023254394531250e-01
6.113764047622680664e-01
8.820035457611083984e-01
9.740270376205444336e-01
8.844984769821166992e-01
9.734330773353576660e-01
8.511885404586791992e-01
9.977293610572814941e-01
9.722035527229309082e-01
9.226995110511779785e-01
8.736579418182373047e-01
6.750392317771911621e-01
9.596529006958007812e-01
9.946615099906921387e-01
9.901410341262817383e-01
8.823688030242919922e-01
9.647758603096008301e-01
9.804089665412902832e-01
9.580493569374084473e-01
9.913274049758911133e-01
9.909800887107849121e-01
9.656774401664733887e-01
8.879655599594116211e-01
9.774178266525268555e-01
9.941817522048950195e-01
9.637074470520019531e-01
6.132322549819946289e-01
8.720722198486328125e-01
9.905973672866821289e-01
9.691352844238281250e-01
9.809948205947875977e-01
9.951004385948181152e-01
9.806001186370849609e-01
8.464038372039794922e-01
9.707584977149963379e-01
6.224517226219177246e-01
9.863684177398681641e-01
9.555689692497253418e-01
9.904860258102416992e-01
9.809862971305847168e-01
9.429334998130798340e-01
8.633956909179687500e-01
9.865558147430419922e-01
9.902306795120239258e-01
9.683914780616760254e-01
8.265622258186340332e-01
9.722201228141784668e-01
9.565286040306091309e-01
8.485542535781860352e-01
9.945849776268005371e-01
9.694478511810302734e-01
9.359024763107299805e-01
7.598791718482971191e-01
9.907698035240173340e-01
9.844087958335876465e-01
9.655793309211730957e-01
9.931245446205139160e-01
9.946098327636718750e-01
9.806072711944580078e-01
9.922108054161071777e-01
8.438413739204406738e-01
9.581534862518310547e-01
9.879674315452575684e-01
9.277402162551879883e-01
9.758252501487731934e-01
9.913968443870544434e-01
9.880093932151794434e-01
9.949941635131835938e-01
9.659481048583984375e-01
9.858699440956115723e-01
9.754228591918945312e-01
8.676195740699768066e-01
9.179961681365966797e-01
9.517944455146789551e-01
9.750159978866577148e-01
9.356791973114013672e-01
9.443340897560119629e-01
9.766656756401062012e-01
7.769948840141296387e-01
8.754352331161499023e-01
9.796001315116882324e-01
9.841453433036804199e-01
9.929642081260681152e-01
9.976403117179870605e-01
9.446139931678771973e-01
9.645351767539978027e-01
9.680574536323547363e-01
9.742764830589294434e-01
9.588354229927062988e-01
9.910264015197753906e-01
7.657506465911865234e-01
9.971334338188171387e-01
9.949396848678588867e-01
9.780070781707763672e-01
9.869179129600524902e-01
9.770686030387878418e-01
9.360862970352172852e-01
9.944563508033752441e-01
9.963084459304809570e-01
9.686027765274047852e-01
9.871999025344848633e-01
9.871384501457214355e-01
9.568749070167541504e-01
9.974175691604614258e-01
9.657431840896606445e-01
9.841095805168151855e-01
9.707545042037963867e-01
9.967703819274902344e-01
9.307587742805480957e-01
8.721811175346374512e-01
9.948503971099853516e-01
9.724221825599670410e-01
9.642555713653564453e-01
9.295342564582824707e-01
9.849539399147033691e-01
9.571527242660522461e-01
9.836258888244628906e-01
9.944682121276855469e-01
9.635171294212341309e-01
9.744065403938293457e-01
9.960621595382690430e-01
9.820516109466552734e-01
9.053316116333007812e-01
9.995738267898559570e-01
9.980934262275695801e-01
9.604427814483642578e-01
7.942472696304321289e-01
9.637484550476074219e-01
9.271423220634460449e-01
9.882380962371826172e-01
9.800924658775329590e-01
9.294866919517517090e-01
9.652139544486999512e-01
8.024352788925170898e-01
9.922661781311035156e-01
9.617823362350463867e-01
9.966842532157897949e-01
8.723205327987670898e-01
9.833076000213623047e-01
9.837570190429687500e-01
8.210988044738769531e-01
9.852464795112609863e-01
9.984924197196960449e-01
9.936546087265014648e-01
9.961553812026977539e-01
8.729684352874755859e-01
9.934453368186950684e-01
9.657918810844421387e-01
9.764075279235839844e-01
9.658196568489074707e-01
8.140617012977600098e-01
9.516287446022033691e-01
7.529262900352478027e-01
9.758707284927368164e-01
9.657389521598815918e-01
9.855924844741821289e-01
9.712960720062255859e-01
9.865775108337402344e-01
9.853124022483825684e-01
7.158334255218505859e-01
9.885367155075073242e-01
9.731618762016296387e-01
7.990406155586242676e-01
9.783164858818054199e-01
8.777979612350463867e-01
9.806409478187561035e-01
9.808492660522460938e-01
8.533923029899597168e-01
9.917853474617004395e-01
9.937829375267028809e-01
9.873857498168945312e-01
9.431713223457336426e-01
9.836794137954711914e-01
9.898561239242553711e-01
9.859215617179870605e-01
9.885626435279846191e-01
7.470238804817199707e-01
9.221314191818237305e-01
9.758698344230651855e-01
7.946717143058776855e-01
9.045938849449157715e-01
9.527602791786193848e-01
9.801231622695922852e-01
9.931219816207885742e-01
9.396638870239257812e-01
8.995905518531799316e-01
9.257355928421020508e-01
9.819485545158386230e-01
9.958994984626770020e-01
9.439478516578674316e-01
9.867244958877563477e-01
9.665530920028686523e-01
2.977015674114227295e-01
8.764950037002563477e-01
9.786572456359863281e-01
9.715927243232727051e-01
9.709848165512084961e-01
9.911700487136840820e-01
9.909607768058776855e-01
8.963325619697570801e-01
9.632301926612854004e-01
9.895759224891662598e-01
9.990908503532409668e-01
9.921825528144836426e-01
9.877311587333679199e-01
6.171271800994873047e-01
8.116873502731323242e-01
9.880769252777099609e-01
9.985478520393371582e-01
9.615648984909057617e-01
9.665737152099609375e-01
8.420860767364501953e-01
9.730097651481628418e-01
8.636512756347656250e-01
9.727399349212646484e-01
9.773421883583068848e-01
8.348964452743530273e-01
9.380166530609130859e-01
9.728530049324035645e-01
8.782519698143005371e-01
9.101331830024719238e-01
9.642481803894042969e-01
9.814158678054809570e-01
9.690784811973571777e-01
9.933636188507080078e-01
9.026744365692138672e-01
9.375659823417663574e-01
9.960589408874511719e-01
9.590742588043212891e-01
9.879220128059387207e-01
9.294133186340332031e-01
9.764818549156188965e-01
9.995017051696777344e-01
9.839623570442199707e-01
9.799523949623107910e-01
9.995612502098083496e-01
9.766036868095397949e-01
9.838440418243408203e-01
9.856587648391723633e-01
9.862838387489318848e-01
9.745013117790222168e-01
9.301447868347167969e-01
9.966377615928649902e-01
9.294913411140441895e-01
9.332730770111083984e-01
9.434497356414794922e-01
8.848481774330139160e-01
7.965317368507385254e-01
9.745701551437377930e-01
9.952405095100402832e-01
9.994783401489257812e-01
4.172364771366119385e-01
9.428128004074096680e-01
9.943228363990783691e-01
9.183431267738342285e-01
9.890130162239074707e-01
9.705679416656494141e-01
8.722934126853942871e-01
9.774464368820190430e-01
9.372414946556091309e-01
9.961733222007751465e-01
9.554393291473388672e-01
9.459324479103088379e-01
9.917319416999816895e-01
9.963479042053222656e-01
9.773511886596679688e-01
9.824236035346984863e-01
9.599202275276184082e-01
9.930539131164550781e-01
9.809542298316955566e-01
9.959118366241455078e-01
9.967737793922424316e-01
9.179696440696716309e-01
9.499937295913696289e-01
9.815163016319274902e-01
9.915727376937866211e-01
9.838556647300720215e-01
9.853709340095520020e-01
9.788553714752197266e-01
9.650657773017883301e-01
7.997926473617553711e-01
8.184619545936584473e-01
9.808046817779541016e-01
9.774129390716552734e-01
9.934132695198059082e-01
9.716418981552124023e-01
9.283204674720764160e-01
7.777921557426452637e-01
9.568625092506408691e-01
9.990910887718200684e-01
5.294157862663269043e-01
9.124097824096679688e-01
9.757088422775268555e-01
9.758113622665405273e-01
9.993998408317565918e-01
9.816793203353881836e-01
9.753845930099487305e-01
9.870621562004089355e-01
9.750134944915771484e-01
9.639161825180053711e-01
9.416630268096923828e-01
9.886771440505981445e-01
9.916738867759704590e-01
9.630312919616699219e-01
9.860892891883850098e-01
9.585363864898681641e-01
9.830183386802673340e-01
4.814361035823822021e-01
9.977434277534484863e-01
9.998223781585693359e-01
9.597627520561218262e-01
9.861181378364562988e-01
9.841563105583190918e-01
9.729712605476379395e-01
9.759197831153869629e-01
9.966281056404113770e-01
9.745650291442871094e-01
9.947628974914550781e-01
9.792754054069519043e-01
9.368433356285095215e-01
9.937475323677062988e-01
9.776003956794738770e-01
9.394205808639526367e-01
8.199604749679565430e-01
9.344050288200378418e-01
9.466552734375000000e-01
9.948486685752868652e-01
9.618549942970275879e-01
9.716632366180419922e-01
9.296956658363342285e-01
9.828197360038757324e-01
9.794732332229614258e-01
9.905980229377746582e-01
9.804600477218627930e-01
9.492273926734924316e-01
9.968383908271789551e-01
8.938856720924377441e-01
9.818341732025146484e-01
9.868332147598266602e-01
9.830644726753234863e-01
9.348310828208923340e-01
9.625324010848999023e-01
9.645959734916687012e-01
9.552474021911621094e-01
9.940698146820068359e-01
9.513375163078308105e-01
9.856537580490112305e-01
9.838860630989074707e-01
9.695442318916320801e-01
9.523643255233764648e-01
9.020445346832275391e-01
9.937759637832641602e-01
9.961358904838562012e-01
9.836831092834472656e-01
9.264190196990966797e-01
9.684890508651733398e-01
9.460301399230957031e-01
9.917612075805664062e-01
9.991900324821472168e-01
7.116166353225708008e-01
9.608581066131591797e-01
9.965507984161376953e-01
9.787856340408325195e-01
9.798156619071960449e-01
9.976440072059631348e-01
9.850502610206604004e-01
9.662324190139770508e-01
9.274114966392517090e-01
9.410092234611511230e-01
3.542814850807189941e-01
9.735886454582214355e-01
9.208477735519409180e-01
9.828646183013916016e-01
9.798251986503601074e-01
9.562104344367980957e-01
9.691463112831115723e-01
9.913806319236755371e-01
9.496343135833740234e-01
8.685262799263000488e-01
7.300754785537719727e-01
9.949141144752502441e-01
8.794942498207092285e-01
9.782523512840270996e-01
8.637264966964721680e-01
9.344835877418518066e-01
9.936791062355041504e-01
9.276626706123352051e-01
9.884734153747558594e-01
9.951865673065185547e-01
9.787841439247131348e-01
9.412842392921447754e-01
9.851744174957275391e-01
9.737948775291442871e-01
7.963253259658813477e-01
9.851938486099243164e-01
9.593755602836608887e-01
9.555709362030029297e-01
8.956510424613952637e-01
9.183164238929748535e-01
9.630948305130004883e-01
9.991132020950317383e-01
9.862767457962036133e-01
9.963809251785278320e-01
8.530826568603515625e-01
9.573777318000793457e-01
9.904283285140991211e-01
9.693949818611145020e-01
8.769245147705078125e-01
8.855391740798950195e-01
9.576390981674194336e-01
8.763179779052734375e-01
9.208888411521911621e-01
9.643000364303588867e-01
9.364398121833801270e-01
9.931928515434265137e-01
9.904201030731201172e-01
9.794369339942932129e-01
9.935825467109680176e-01
8.108238577842712402e-01
9.751250147819519043e-01
8.038889169692993164e-01
9.809164404869079590e-01
9.837662577629089355e-01
9.027441143989562988e-01
9.784803390502929688e-01
8.810403347015380859e-01
9.999392628669738770e-01
9.881935715675354004e-01
9.844951629638671875e-01
9.885007739067077637e-01
6.566496491432189941e-01
9.993784427642822266e-01
9.973392486572265625e-01
9.898006916046142578e-01
9.469936490058898926e-01
9.767830967903137207e-01
9.885860681533813477e-01
9.585853815078735352e-01
9.755223989486694336e-01
9.957695603370666504e-01
9.885374903678894043e-01
9.740327000617980957e-01
9.777747988700866699e-01
9.667616486549377441e-01
9.934960603713989258e-01
9.714533686637878418e-01
7.649328708648681641e-01
9.851168394088745117e-01
8.653743267059326172e-01
9.911075830459594727e-01
9.081120491027832031e-01
9.264757037162780762e-01
9.788309335708618164e-01
9.722911119461059570e-01
9.115387797355651855e-01
9.296917915344238281e-01
9.906094670295715332e-01
9.513597488403320312e-01
8.356267213821411133e-01
9.771965742111206055e-01
9.705833196640014648e-01
9.491896629333496094e-01
9.827252626419067383e-01
6.959468126296997070e-01
9.792591333389282227e-01
9.828930497169494629e-01
8.784614205360412598e-01
9.987994432449340820e-01
9.675353765487670898e-01
9.857400655746459961e-01
8.503548502922058105e-01
9.784581065177917480e-01
9.973658919334411621e-01
9.148511290550231934e-01
9.669648408889770508e-01
9.886304140090942383e-01
9.879184961318969727e-01
9.754599332809448242e-01
9.992286562919616699e-01
8.838700652122497559e-01
9.767100811004638672e-01
9.858794808387756348e-01
6.960504055023193359e-01
9.598297476768493652e-01
7.475615739822387695e-01
9.713137745857238770e-01
9.303949475288391113e-01
9.807941317558288574e-01
9.911186695098876953e-01
5.201364755630493164e-01
9.574940204620361328e-01
9.390943646430969238e-01
9.724959135055541992e-01
9.498277902603149414e-01
9.582034945487976074e-01
9.910771846771240234e-01
9.167128205299377441e-01
9.212259054183959961e-01
9.860129356384277344e-01
9.824937582015991211e-01
9.929743409156799316e-01
9.901142716407775879e-01
9.838387966156005859e-01
9.356040954589843750e-01
9.712749719619750977e-01
9.425030350685119629e-01
9.951862096786499023e-01
8.704180121421813965e-01
9.738598465919494629e-01
9.320268630981445312e-01
8.154170513153076172e-01
7.504152655601501465e-01
9.940261840820312500e-01
9.772120118141174316e-01
6.276515126228332520e-01
9.789770245552062988e-01
9.658724665641784668e-01
9.941362142562866211e-01
9.776929020881652832e-01
9.658784866333007812e-01
9.759308695793151855e-01
6.320454478263854980e-01
9.910366535186767578e-01
8.538383841514587402e-01
9.951114654541015625e-01
9.875680208206176758e-01
8.890539407730102539e-01
9.932312965393066406e-01
8.105325698852539062e-01
9.446790218353271484e-01
9.753800034523010254e-01
9.615719914436340332e-01
9.784135818481445312e-01
9.780489802360534668e-01
9.435843229293823242e-01
9.984069466590881348e-01
9.833499193191528320e-01
9.680388569831848145e-01
9.760017991065979004e-01
9.995968937873840332e-01
9.247415065765380859e-01
9.758918285369873047e-01
9.940981864929199219e-01
9.163390994071960449e-01
9.939270019531250000e-01
6.931388974189758301e-01
9.917683005332946777e-01
7.847057580947875977e-01
9.978793859481811523e-01
7.738378047943115234e-01
9.995136260986328125e-01
9.549962282180786133e-01
9.966171979904174805e-01
9.994264245033264160e-01
9.788622260093688965e-01
9.709709882736206055e-01
9.804592132568359375e-01
9.423164725303649902e-01
9.021642804145812988e-01
9.896112084388732910e-01
9.924855828285217285e-01
9.701616764068603516e-01
8.824148178100585938e-01
9.890613555908203125e-01
9.963956475257873535e-01
9.234393239021301270e-01
9.909586906433105469e-01
9.833913445472717285e-01
9.856097698211669922e-01
7.964084148406982422e-01
9.014091491699218750e-01
9.787801504135131836e-01
9.653969407081604004e-01
9.477425813674926758e-01
9.908676743507385254e-01
9.375529289245605469e-01
9.947802424430847168e-01
9.917428493499755859e-01
9.936224222183227539e-01
9.970563054084777832e-01
9.750511050224304199e-01
9.204708933830261230e-01
9.468356966972351074e-01
8.551820516586303711e-01
9.954006075859069824e-01
8.313578367233276367e-01
9.965305924415588379e-01
9.561662673950195312e-01
9.759120941162109375e-01
9.857100248336791992e-01
9.762173891067504883e-01
6.189164519309997559e-01
9.962730407714843750e-01
9.570623636245727539e-01
9.477334022521972656e-01
9.647775888442993164e-01
9.940404295921325684e-01
9.640815854072570801e-01
9.906805157661437988e-01
9.929478168487548828e-01
9.043999314308166504e-01
9.093423485755920410e-01
9.926178455352783203e-01
9.953727126121520996e-01
9.653797745704650879e-01
9.439522624015808105e-01
9.871377348899841309e-01
8.841686844825744629e-01
9.831320047378540039e-01
9.896457791328430176e-01
9.941190481185913086e-01
8.904349207878112793e-01
9.880147576332092285e-01
8.437950611114501953e-01
9.816217422485351562e-01
9.699138402938842773e-01
9.622430801391601562e-01
9.882124662399291992e-01
9.974325895309448242e-01
9.840592145919799805e-01
9.287228584289550781e-01
9.894058704376220703e-01
9.888612031936645508e-01
9.907532334327697754e-01
9.651862978935241699e-01
8.190179467201232910e-01
9.801763892173767090e-01
9.371200203895568848e-01
9.637057781219482422e-01
9.830525517463684082e-01
9.993569850921630859e-01
9.911376833915710449e-01
7.761410474777221680e-01
9.841699004173278809e-01
9.696187973022460938e-01
9.199268221855163574e-01
9.704772830009460449e-01
7.993982434272766113e-01
9.074641466140747070e-01
9.533025026321411133e-01
9.383934140205383301e-01
9.837914705276489258e-01
9.777703285217285156e-01
9.878222942352294922e-01
9.907354712486267090e-01
9.827811717987060547e-01
9.976794719696044922e-01
8.688672780990600586e-01
9.811238646507263184e-01
9.952348470687866211e-01
9.157663583755493164e-01
9.928429722785949707e-01
9.838349819183349609e-01
9.857786297798156738e-01
9.752767682075500488e-01
9.851929545402526855e-01
9.896219968795776367e-01
8.523883819580078125e-01
9.995384216308593750e-01
9.862662553787231445e-01
9.995687007904052734e-01
8.346045613288879395e-01
9.693949222564697266e-01
9.170908927917480469e-01
9.788737297058105469e-01
9.427497386932373047e-01
9.891937375068664551e-01
9.926105141639709473e-01
9.859617948532104492e-01
9.996452331542968750e-01
9.992458224296569824e-01
9.339230060577392578e-01
9.985688924789428711e-01
9.864510297775268555e-01
9.613025784492492676e-01
9.774487614631652832e-01
9.921956062316894531e-01
9.888682365417480469e-01
9.631305336952209473e-01
9.838922619819641113e-01
8.872614502906799316e-01
