0.000000000000000000e+00
0.000000000000000000e+00
0.000000000000000000e+00
0.000000000000000000e+00
0.000000000000000000e+00
1.032524522457408441e-03
0.000000000000000000e+00
0.000000000000000000e+00
0.000000000000000000e+00
2.287581699346405081e-02
0.000000000000000000e+00
0.000000000000000000e+00
0.000000000000000000e+00
3.846153846153846367e-02
0.000000000000000000e+00
0.000000000000000000e+00
0.000000000000000000e+00
0.000000000000000000e+00
1.666666666666666574e-01
0.000000000000000000e+00
0.000000000000000000e+00
0.000000000000000000e+00
1.666666666666666574e-01
0.000000000000000000e+00
9.090909090909091161e-02
0.000000000000000000e+00
1.801801801801801786e-02
4.418262150220913023e-03
0.000000000000000000e+00
0.000000000000000000e+00
0.000000000000000000e+00
8.344923504867872086e-03
0.000000000000000000e+00
0.000000000000000000e+00
0.000000000000000000e+00
7.564296520423600782e-03
1.916932907348242732e-02
0.000000000000000000e+00
0.000000000000000000e+00
0.000000000000000000e+00
0.000000000000000000e+00
0.000000000000000000e+00
0.000000000000000000e+00
3.389830508474576173e-03
1.057082452431289685e-03
0.000000000000000000e+00
2.777777777777777624e-02
0.000000000000000000e+00
0.000000000000000000e+00
0.000000000000000000e+00
0.000000000000000000e+00
1.380262249827467246e-03
0.000000000000000000e+00
0.000000000000000000e+00
0.000000000000000000e+00
9.342883836810962498e-04
0.000000000000000000e+00
1.052354643514864579e-03
0.000000000000000000e+00
0.000000000000000000e+00
0.000000000000000000e+00
0.000000000000000000e+00
0.000000000000000000e+00
0.000000000000000000e+00
2.666666666666666838e-02
0.000000000000000000e+00
0.000000000000000000e+00
1.673640167364016593e-02
4.347826086956521618e-02
0.000000000000000000e+00
0.000000000000000000e+00
0.000000000000000000e+00
0.000000000000000000e+00
8.123476848090982558e-04
0.000000000000000000e+00
1.472754050073637674e-03
0.000000000000000000e+00
0.000000000000000000e+00
0.000000000000000000e+00
0.000000000000000000e+00
0.000000000000000000e+00
0.000000000000000000e+00
0.000000000000000000e+00
3.448275862068965469e-03
0.000000000000000000e+00
0.000000000000000000e+00
0.000000000000000000e+00
0.000000000000000000e+00
0.000000000000000000e+00
1.200000000000000025e-02
1.483679525222551983e-03
0.000000000000000000e+00
2.794163303321949704e-03
5.333333333333333155e-03
0.000000000000000000e+00
2.754820936639118534e-03
0.000000000000000000e+00
3.571428571428571230e-02
0.000000000000000000e+00
0.000000000000000000e+00
0.000000000000000000e+00
2.138710663000305528e-03
0.000000000000000000e+00
2.000000000000000042e-02
0.000000000000000000e+00
0.000000000000000000e+00
0.000000000000000000e+00
0.000000000000000000e+00
1.054216867469879443e-02
0.000000000000000000e+00
1.408450704225352144e-02
0.000000000000000000e+00
0.000000000000000000e+00
0.000000000000000000e+00
2.132196162046908275e-03
0.000000000000000000e+00
1.869158878504672758e-02
0.000000000000000000e+00
7.692307692307692735e-03
0.000000000000000000e+00
4.087889626980071960e-03
0.000000000000000000e+00
2.590673575129533515e-02
0.000000000000000000e+00
0.000000000000000000e+00
0.000000000000000000e+00
0.000000000000000000e+00
6.369426751592357008e-03
0.000000000000000000e+00
3.968253968253968034e-03
0.000000000000000000e+00
0.000000000000000000e+00
4.132231404958677801e-03
0.000000000000000000e+00
1.502145922746781111e-02
4.093567251461988597e-03
0.000000000000000000e+00
0.000000000000000000e+00
2.185792349726775954e-02
1.355013550135501441e-02
0.000000000000000000e+00
0.000000000000000000e+00
0.000000000000000000e+00
0.000000000000000000e+00
7.547169811320754776e-03
0.000000000000000000e+00
0.000000000000000000e+00
5.000000000000000000e-01
8.264462809917355601e-03
0.000000000000000000e+00
0.000000000000000000e+00
1.204819277108433798e-02
2.040816326530612082e-02
0.000000000000000000e+00
0.000000000000000000e+00
1.315789473684210453e-02
1.892147587511825921e-03
0.000000000000000000e+00
3.846153846153846367e-02
0.000000000000000000e+00
3.412969283276450546e-03
0.000000000000000000e+00
3.676470588235294067e-04
0.000000000000000000e+00
0.000000000000000000e+00
0.000000000000000000e+00
2.153625269203158620e-03
0.000000000000000000e+00
0.000000000000000000e+00
2.173913043478260809e-02
0.000000000000000000e+00
0.000000000000000000e+00
1.287553648068669523e-02
0.000000000000000000e+00
2.168021680216802166e-03
1.501501501501501488e-03
0.000000000000000000e+00
0.000000000000000000e+00
0.000000000000000000e+00
8.333333333333333218e-03
9.398496240601503238e-03
0.000000000000000000e+00
0.000000000000000000e+00
0.000000000000000000e+00
4.545454545454545581e-02
0.000000000000000000e+00
0.000000000000000000e+00
0.000000000000000000e+00
0.000000000000000000e+00
0.000000000000000000e+00
3.225806451612903223e-03
0.000000000000000000e+00
0.000000000000000000e+00
1.196172248803827705e-03
0.000000000000000000e+00
0.000000000000000000e+00
1.423487544483985692e-02
2.390438247011952150e-02
1.587301587301587213e-02
0.000000000000000000e+00
2.854424357754519522e-03
2.277163305139882996e-03
0.000000000000000000e+00
0.000000000000000000e+00
0.000000000000000000e+00
1.071428571428571369e-01
0.000000000000000000e+00
6.666666666666666297e-01
2.785515320334261847e-03
1.612903225806451568e-02
1.818181818181818232e-01
0.000000000000000000e+00
0.000000000000000000e+00
3.683241252302025918e-03
0.000000000000000000e+00
0.000000000000000000e+00
5.102040816326530205e-03
7.633587786259541687e-03
8.952551477170993689e-04
0.000000000000000000e+00
0.000000000000000000e+00
0.000000000000000000e+00
1.428571428571428492e-01
1.824817518248175122e-03
0.000000000000000000e+00
0.000000000000000000e+00
7.339449541284404077e-03
2.427184466019417265e-03
8.116883116883116117e-03
0.000000000000000000e+00
1.186591515870661587e-03
0.000000000000000000e+00
0.000000000000000000e+00
0.000000000000000000e+00
0.000000000000000000e+00
0.000000000000000000e+00
0.000000000000000000e+00
0.000000000000000000e+00
0.000000000000000000e+00
0.000000000000000000e+00
2.945508100147275349e-03
0.000000000000000000e+00
0.000000000000000000e+00
0.000000000000000000e+00
0.000000000000000000e+00
1.785714285714285615e-02
0.000000000000000000e+00
6.313131313131313668e-04
1.381215469613259611e-03
0.000000000000000000e+00
0.000000000000000000e+00
0.000000000000000000e+00
8.097165991902834092e-03
2.747252747252747467e-03
0.000000000000000000e+00
6.250000000000000000e-02
0.000000000000000000e+00
0.000000000000000000e+00
0.000000000000000000e+00
0.000000000000000000e+00
0.000000000000000000e+00
0.000000000000000000e+00
9.049773755656109406e-03
0.000000000000000000e+00
0.000000000000000000e+00
2.000000000000000111e-01
0.000000000000000000e+00
0.000000000000000000e+00
0.000000000000000000e+00
9.374999999999999653e-03
0.000000000000000000e+00
1.212121212121212120e-02
0.000000000000000000e+00
0.000000000000000000e+00
0.000000000000000000e+00
3.125000000000000000e-02
0.000000000000000000e+00
0.000000000000000000e+00
0.000000000000000000e+00
0.000000000000000000e+00
0.000000000000000000e+00
0.000000000000000000e+00
0.000000000000000000e+00
0.000000000000000000e+00
1.025641025641025640e-02
0.000000000000000000e+00
0.000000000000000000e+00
0.000000000000000000e+00
0.000000000000000000e+00
0.000000000000000000e+00
0.000000000000000000e+00
1.666666666666666574e-01
2.538071065989847691e-02
1.706484641638225316e-02
0.000000000000000000e+00
0.000000000000000000e+00
0.000000000000000000e+00
0.000000000000000000e+00
0.000000000000000000e+00
3.436426116838487907e-03
4.262120404901438217e-03
4.098360655737705131e-03
0.000000000000000000e+00
6.122448979591836420e-03
0.000000000000000000e+00
5.339028296849972991e-04
1.900237529691211399e-03
0.000000000000000000e+00
1.576044129235618704e-03
0.000000000000000000e+00
0.000000000000000000e+00
0.000000000000000000e+00
5.847953216374268681e-03
0.000000000000000000e+00
1.136363636363636308e-03
1.498501498501498500e-03
0.000000000000000000e+00
0.000000000000000000e+00
2.117362371445856081e-03
0.000000000000000000e+00
0.000000000000000000e+00
0.000000000000000000e+00
0.000000000000000000e+00
0.000000000000000000e+00
0.000000000000000000e+00
3.197442046362909598e-03
1.204819277108433798e-02
8.547008547008547868e-03
2.702702702702702853e-02
0.000000000000000000e+00
6.410256410256410034e-03
0.000000000000000000e+00
0.000000000000000000e+00
0.000000000000000000e+00
0.000000000000000000e+00
0.000000000000000000e+00
0.000000000000000000e+00
3.917727717923604434e-03
0.000000000000000000e+00
0.000000000000000000e+00
0.000000000000000000e+00
0.000000000000000000e+00
0.000000000000000000e+00
0.000000000000000000e+00
0.000000000000000000e+00
5.174644243208279849e-03
0.000000000000000000e+00
0.000000000000000000e+00
3.496503496503496500e-03
0.000000000000000000e+00
0.000000000000000000e+00
1.931123270035403844e-03
2.898550724637681195e-03
4.545454545454545581e-02
0.000000000000000000e+00
8.695652173913043584e-03
4.054054054054054279e-03
3.797468354430379861e-02
1.327433628318584052e-02
6.653359946773120589e-04
0.000000000000000000e+00
0.000000000000000000e+00
0.000000000000000000e+00
7.886435331230283669e-04
0.000000000000000000e+00
3.012048192771084494e-03
2.803738317757009137e-03
1.428571428571428492e-01
0.000000000000000000e+00
0.000000000000000000e+00
0.000000000000000000e+00
0.000000000000000000e+00
2.846975088967971385e-02
4.878048780487804874e-03
0.000000000000000000e+00
1.621621621621621712e-02
1.874999999999999931e-02
0.000000000000000000e+00
1.107594936708860764e-02
0.000000000000000000e+00
1.298701298701298787e-02
0.000000000000000000e+00
6.079027355623100280e-03
0.000000000000000000e+00
0.000000000000000000e+00
0.000000000000000000e+00
0.000000000000000000e+00
0.000000000000000000e+00
6.006006006006005954e-03
4.923076923076923246e-03
0.000000000000000000e+00
0.000000000000000000e+00
0.000000000000000000e+00
8.759124087591241628e-03
2.777777777777777624e-02
1.141924959216965817e-02
6.802721088435373896e-03
0.000000000000000000e+00
0.000000000000000000e+00
0.000000000000000000e+00
4.175365344467640502e-03
0.000000000000000000e+00
0.000000000000000000e+00
6.250000000000000347e-03
0.000000000000000000e+00
0.000000000000000000e+00
0.000000000000000000e+00
5.263157894736841987e-03
1.194029850746268669e-02
0.000000000000000000e+00
2.777777777777777624e-02
0.000000000000000000e+00
0.000000000000000000e+00
2.530844669408414960e-03
0.000000000000000000e+00
3.076923076923077094e-02
0.000000000000000000e+00
8.375209380234505119e-03
0.000000000000000000e+00
0.000000000000000000e+00
0.000000000000000000e+00
2.247191011235954994e-02
0.000000000000000000e+00
7.395234182415776590e-03
8.379888268156424416e-03
0.000000000000000000e+00
2.631578947368420907e-02
4.214963119072707813e-03
3.759398496240601295e-03
0.000000000000000000e+00
0.000000000000000000e+00
5.780346820809248269e-03
1.173020527859237536e-02
0.000000000000000000e+00
0.000000000000000000e+00
0.000000000000000000e+00
1.259842519685039309e-03
0.000000000000000000e+00
2.352941176470588203e-02
0.000000000000000000e+00
1.204819277108433798e-02
0.000000000000000000e+00
1.754385964912280604e-02
0.000000000000000000e+00
1.798561151079136784e-03
0.000000000000000000e+00
0.000000000000000000e+00
0.000000000000000000e+00
1.623376623376623484e-03
2.606429192006950654e-03
8.141112618724558395e-03
0.000000000000000000e+00
9.070294784580499106e-03
0.000000000000000000e+00
8.620689655172413673e-03
1.389854065323141040e-03
1.666666666666666644e-02
0.000000000000000000e+00
1.234567901234567833e-02
0.000000000000000000e+00
3.333333333333333148e-01
0.000000000000000000e+00
0.000000000000000000e+00
1.250000000000000000e-01
0.000000000000000000e+00
8.333333333333332871e-02
0.000000000000000000e+00
0.000000000000000000e+00
8.064516129032257841e-03
0.000000000000000000e+00
2.427184466019417439e-02
0.000000000000000000e+00
2.941176470588235253e-02
0.000000000000000000e+00
4.000000000000000083e-02
0.000000000000000000e+00
5.175983436853002009e-03
0.000000000000000000e+00
5.000000000000000000e-01
2.804487179487179498e-03
0.000000000000000000e+00
3.030303030303030387e-02
0.000000000000000000e+00
0.000000000000000000e+00
0.000000000000000000e+00
0.000000000000000000e+00
0.000000000000000000e+00
0.000000000000000000e+00
0.000000000000000000e+00
0.000000000000000000e+00
0.000000000000000000e+00
8.403361344537814762e-03
0.000000000000000000e+00
7.788161993769470402e-03
3.125000000000000000e-02
8.695652173913043584e-03
3.056768558951964906e-02
4.147226542249870390e-03
0.000000000000000000e+00
0.000000000000000000e+00
0.000000000000000000e+00
2.564102564102564014e-02
0.000000000000000000e+00
4.901960784313725422e-03
1.801801801801801786e-02
0.000000000000000000e+00
0.000000000000000000e+00
0.000000000000000000e+00
2.631578947368420907e-02
0.000000000000000000e+00
1.694915254237288130e-02
0.000000000000000000e+00
0.000000000000000000e+00
0.000000000000000000e+00
0.000000000000000000e+00
0.000000000000000000e+00
0.000000000000000000e+00
0.000000000000000000e+00
0.000000000000000000e+00
2.109704641350210793e-03
0.000000000000000000e+00
0.000000000000000000e+00
0.000000000000000000e+00
5.797101449275362172e-04
0.000000000000000000e+00
5.479452054794520244e-02
8.912655971479501241e-03
0.000000000000000000e+00
4.373974849644614304e-03
0.000000000000000000e+00
0.000000000000000000e+00
0.000000000000000000e+00
3.174603174603174427e-02
0.000000000000000000e+00
0.000000000000000000e+00
0.000000000000000000e+00
0.000000000000000000e+00
3.602305475504322531e-04
0.000000000000000000e+00
0.000000000000000000e+00
0.000000000000000000e+00
8.000000000000000167e-03
0.000000000000000000e+00
6.863417982155113010e-04
3.252032520325203596e-02
3.703703703703703498e-02
3.703703703703703498e-02
1.357466063348416324e-02
4.212299915754001462e-04
3.370786516853932491e-02
0.000000000000000000e+00
0.000000000000000000e+00
0.000000000000000000e+00
0.000000000000000000e+00
0.000000000000000000e+00
4.319654427645788601e-03
0.000000000000000000e+00
0.000000000000000000e+00
0.000000000000000000e+00
7.243752263672582469e-04
6.973500697350069714e-03
0.000000000000000000e+00
0.000000000000000000e+00
0.000000000000000000e+00
2.998500749625187308e-03
1.071975497702909626e-02
7.246376811594202987e-03
9.493670886075949653e-03
0.000000000000000000e+00
1.140684410646387870e-02
0.000000000000000000e+00
0.000000000000000000e+00
7.385524372230427986e-03
4.912280701754386143e-03
0.000000000000000000e+00
1.063829787234042527e-02
5.042016806722689204e-02
5.000000000000000000e-01
0.000000000000000000e+00
2.865329512893982720e-03
0.000000000000000000e+00
0.000000000000000000e+00
0.000000000000000000e+00
0.000000000000000000e+00
2.500000000000000000e-01
0.000000000000000000e+00
0.000000000000000000e+00
4.184100418410041482e-03
0.000000000000000000e+00
0.000000000000000000e+00
1.008403361344537875e-02
7.352941176470588133e-03
0.000000000000000000e+00
0.000000000000000000e+00
0.000000000000000000e+00
0.000000000000000000e+00
0.000000000000000000e+00
1.044204664114166403e-03
0.000000000000000000e+00
0.000000000000000000e+00
0.000000000000000000e+00
0.000000000000000000e+00
0.000000000000000000e+00
9.039548022598870372e-03
1.677852348993288598e-02
3.249390739236393023e-03
8.547008547008547868e-03
2.689204763734152903e-03
0.000000000000000000e+00
5.586592178770949900e-03
0.000000000000000000e+00
0.000000000000000000e+00
2.544529262086514185e-03
0.000000000000000000e+00
6.968641114982578391e-03
0.000000000000000000e+00
0.000000000000000000e+00
0.000000000000000000e+00
0.000000000000000000e+00
2.915451895043731732e-03
0.000000000000000000e+00
3.386550556361877032e-03
2.557544757033248291e-03
0.000000000000000000e+00
1.720430107526881719e-02
1.176470588235294101e-01
2.610966057441253298e-03
0.000000000000000000e+00
0.000000000000000000e+00
0.000000000000000000e+00
0.000000000000000000e+00
0.000000000000000000e+00
7.692307692307692735e-02
7.456503728251863937e-03
0.000000000000000000e+00
0.000000000000000000e+00
0.000000000000000000e+00
3.333333333333333287e-02
8.888888888888888881e-03
0.000000000000000000e+00
0.000000000000000000e+00
1.219512195121951262e-02
0.000000000000000000e+00
0.000000000000000000e+00
0.000000000000000000e+00
0.000000000000000000e+00
0.000000000000000000e+00
4.088307440719542250e-04
3.333333333333333287e-02
3.836317135549872220e-03
0.000000000000000000e+00
0.000000000000000000e+00
0.000000000000000000e+00
0.000000000000000000e+00
2.000000000000000042e-02
0.000000000000000000e+00
2.490660024906600229e-03
0.000000000000000000e+00
1.818181818181818094e-02
2.964426877470355531e-03
2.960526315789473520e-02
1.434426229508196753e-02
0.000000000000000000e+00
0.000000000000000000e+00
0.000000000000000000e+00
0.000000000000000000e+00
1.076923076923076879e-02
3.846153846153846367e-02
0.000000000000000000e+00
2.167182662538699733e-02
1.262626262626262603e-02
2.096436058700209756e-03
0.000000000000000000e+00
1.237623762376237682e-02
0.000000000000000000e+00
0.000000000000000000e+00
0.000000000000000000e+00
0.000000000000000000e+00
0.000000000000000000e+00
1.493651979088872397e-03
0.000000000000000000e+00
1.449275362318840597e-02
0.000000000000000000e+00
1.250000000000000000e-01
0.000000000000000000e+00
0.000000000000000000e+00
1.199999999999999956e-01
0.000000000000000000e+00
1.499250374812593654e-03
0.000000000000000000e+00
0.000000000000000000e+00
0.000000000000000000e+00
0.000000000000000000e+00
0.000000000000000000e+00
0.000000000000000000e+00
0.000000000000000000e+00
7.692307692307692735e-03
0.000000000000000000e+00
0.000000000000000000e+00
0.000000000000000000e+00
0.000000000000000000e+00
0.000000000000000000e+00
5.192107995846313891e-03
0.000000000000000000e+00
0.000000000000000000e+00
1.123595505617977497e-02
0.000000000000000000e+00
6.250000000000000347e-03
1.619433198380566732e-03
0.000000000000000000e+00
3.333333333333333148e-01
0.000000000000000000e+00
0.000000000000000000e+00
1.740341106856943933e-03
0.000000000000000000e+00
0.000000000000000000e+00
0.000000000000000000e+00
2.901915264074289048e-03
1.886792452830188607e-02
1.476014760147601433e-02
1.259763164525069248e-03
0.000000000000000000e+00
0.000000000000000000e+00
0.000000000000000000e+00
1.524390243902439077e-03
0.000000000000000000e+00
1.666666666666666574e-01
0.000000000000000000e+00
1.070950468540829946e-02
0.000000000000000000e+00
0.000000000000000000e+00
0.000000000000000000e+00
0.000000000000000000e+00
2.751031636863823966e-03
0.000000000000000000e+00
5.681818181818181976e-03
0.000000000000000000e+00
9.009009009009008931e-03
2.021835826930853258e-03
0.000000000000000000e+00
0.000000000000000000e+00
0.000000000000000000e+00
0.000000000000000000e+00
4.587155963302752548e-03
2.298850574712643646e-02
0.000000000000000000e+00
0.000000000000000000e+00
0.000000000000000000e+00
0.000000000000000000e+00
0.000000000000000000e+00
0.000000000000000000e+00
4.444444444444444614e-02
1.648125257519571490e-03
0.000000000000000000e+00
3.896103896103896014e-02
0.000000000000000000e+00
2.578981302385557721e-03
0.000000000000000000e+00
0.000000000000000000e+00
2.236135957066189527e-03
2.139037433155080090e-02
1.704545454545454419e-02
0.000000000000000000e+00
0.000000000000000000e+00
0.000000000000000000e+00
0.000000000000000000e+00
0.000000000000000000e+00
7.389162561576354329e-03
0.000000000000000000e+00
6.688963210702341018e-03
0.000000000000000000e+00
0.000000000000000000e+00
0.000000000000000000e+00
3.495281370150296846e-04
1.195457262402868995e-03
2.608695652173912902e-02
0.000000000000000000e+00
2.272727272727272790e-02
1.142857142857142856e-02
0.000000000000000000e+00
1.754385964912280604e-02
2.824858757062146883e-03
0.000000000000000000e+00
0.000000000000000000e+00
6.666666666666666574e-02
0.000000000000000000e+00
3.108808290155440270e-03
9.708737864077669061e-03
5.235602094240838014e-03
0.000000000000000000e+00
0.000000000000000000e+00
0.000000000000000000e+00
0.000000000000000000e+00
0.000000000000000000e+00
5.952380952380952051e-03
0.000000000000000000e+00
0.000000000000000000e+00
2.906976744186046471e-03
0.000000000000000000e+00
0.000000000000000000e+00
2.702702702702702853e-02
4.975124378109452641e-03
0.000000000000000000e+00
4.081632653061224164e-02
0.000000000000000000e+00
1.473296500920810367e-02
0.000000000000000000e+00
3.508771929824561209e-02
0.000000000000000000e+00
0.000000000000000000e+00
0.000000000000000000e+00
7.692307692307692735e-03
0.000000000000000000e+00
0.000000000000000000e+00
5.882352941176470507e-03
4.270896888346553157e-03
0.000000000000000000e+00
0.000000000000000000e+00
1.736111111111111015e-03
5.263157894736841813e-02
2.005730659025788121e-02
0.000000000000000000e+00
1.063829787234042562e-01
0.000000000000000000e+00
0.000000000000000000e+00
6.211180124223602064e-03
2.994011976047904200e-02
1.220628623741226715e-03
0.000000000000000000e+00
2.688172043010752903e-03
5.120702267739575715e-03
6.250000000000000000e-02
0.000000000000000000e+00
2.814258911819887427e-03
0.000000000000000000e+00
6.451612903225806446e-03
0.000000000000000000e+00
0.000000000000000000e+00
0.000000000000000000e+00
0.000000000000000000e+00
0.000000000000000000e+00
0.000000000000000000e+00
0.000000000000000000e+00
5.000000000000000000e-01
0.000000000000000000e+00
1.858736059479553990e-02
0.000000000000000000e+00
0.000000000000000000e+00
0.000000000000000000e+00
1.353179972936400643e-03
3.875968992248061962e-03
0.000000000000000000e+00
4.285714285714285476e-01
9.259259259259258745e-03
0.000000000000000000e+00
2.316960148285449311e-03
9.523809523809523281e-02
2.061855670103092744e-02
0.000000000000000000e+00
0.000000000000000000e+00
5.882352941176470507e-02
0.000000000000000000e+00
0.000000000000000000e+00
0.000000000000000000e+00
4.761904761904761640e-02
3.484320557491289196e-03
0.000000000000000000e+00
3.100775193798449569e-03
0.000000000000000000e+00
2.285714285714285886e-03
3.623188405797101493e-03
0.000000000000000000e+00
0.000000000000000000e+00
0.000000000000000000e+00
0.000000000000000000e+00
5.000000000000000000e-01
0.000000000000000000e+00
0.000000000000000000e+00
0.000000000000000000e+00
0.000000000000000000e+00
8.849557522123893682e-03
0.000000000000000000e+00
0.000000000000000000e+00
9.336099585062240455e-03
0.000000000000000000e+00
0.000000000000000000e+00
1.477104874446085771e-03
0.000000000000000000e+00
4.545454545454545581e-02
9.360374414976599389e-03
0.000000000000000000e+00
0.000000000000000000e+00
0.000000000000000000e+00
6.521739130434782428e-02
0.000000000000000000e+00
0.000000000000000000e+00
1.020408163265306041e-02
2.040816326530612082e-02
0.000000000000000000e+00
0.000000000000000000e+00
3.846153846153846367e-02
3.076923076923077094e-02
1.501501501501501488e-03
0.000000000000000000e+00
1.408450704225352144e-02
4.115226337448560021e-03
0.000000000000000000e+00
2.857142857142857140e-03
4.891304347826087168e-02
0.000000000000000000e+00
1.652892561983471120e-02
4.166666666666666435e-02
6.688963210702341018e-03
0.000000000000000000e+00
0.000000000000000000e+00
2.946127946127946162e-03
8.784773060029283038e-04
0.000000000000000000e+00
6.779661016949152519e-02
1.261829652996845387e-02
0.000000000000000000e+00
3.255813953488372048e-02
4.524886877828054703e-03
6.369426751592357008e-03
1.388888888888888812e-02
0.000000000000000000e+00
0.000000000000000000e+00
0.000000000000000000e+00
0.000000000000000000e+00
7.821229050279330033e-03
0.000000000000000000e+00
0.000000000000000000e+00
1.703577512776831369e-03
3.508771929824561469e-03
0.000000000000000000e+00
1.777777777777777776e-02
9.090909090909090468e-03
0.000000000000000000e+00
1.810865191146881353e-02
0.000000000000000000e+00
5.555555555555555247e-02
0.000000000000000000e+00
6.060606060606060601e-03
0.000000000000000000e+00
0.000000000000000000e+00
0.000000000000000000e+00
0.000000000000000000e+00
0.000000000000000000e+00
0.000000000000000000e+00
1.010101010101010187e-02
7.760532150776053642e-03
1.395348837209302306e-02
0.000000000000000000e+00
0.000000000000000000e+00
0.000000000000000000e+00
1.084598698481561811e-02
7.639419404125286344e-04
0.000000000000000000e+00
1.736111111111111188e-02
1.010101010101010187e-02
0.000000000000000000e+00
0.000000000000000000e+00
0.000000000000000000e+00
0.000000000000000000e+00
0.000000000000000000e+00
2.930402930402930400e-02
0.000000000000000000e+00
1.470588235294117627e-02
0.000000000000000000e+00
5.455962587685113212e-03
1.864801864801864800e-03
0.000000000000000000e+00
3.703703703703703498e-02
3.878474466709760926e-03
7.812500000000000000e-03
8.999999999999999320e-03
0.000000000000000000e+00
0.000000000000000000e+00
0.000000000000000000e+00
0.000000000000000000e+00
1.764705882352941291e-01
1.070663811563169095e-02
0.000000000000000000e+00
0.000000000000000000e+00
0.000000000000000000e+00
3.333333333333333547e-03
2.234280242578997634e-03
0.000000000000000000e+00
8.474576271186440649e-03
0.000000000000000000e+00
0.000000000000000000e+00
3.333333333333333148e-01
9.803921568627450844e-03
3.636363636363636360e-03
1.118210862619808260e-02
5.295007564296520114e-03
5.291005291005290712e-03
1.142857142857142856e-02
5.607476635514018620e-02
6.576783952647155714e-04
0.000000000000000000e+00
0.000000000000000000e+00
0.000000000000000000e+00
1.192605843768634400e-03
1.201201201201201191e-02
3.375527426160337616e-03
0.000000000000000000e+00
6.584362139917695339e-03
0.000000000000000000e+00
1.544401544401544438e-02
0.000000000000000000e+00
0.000000000000000000e+00
0.000000000000000000e+00
5.847953216374268681e-03
2.040816326530612082e-02
0.000000000000000000e+00
0.000000000000000000e+00
0.000000000000000000e+00
0.000000000000000000e+00
0.000000000000000000e+00
1.111111111111111049e-01
0.000000000000000000e+00
0.000000000000000000e+00
3.125000000000000000e-02
0.000000000000000000e+00
1.663893510815307860e-03
7.886435331230283452e-03
1.366120218579234928e-02
0.000000000000000000e+00
6.724949562878278306e-04
0.000000000000000000e+00
0.000000000000000000e+00
5.042016806722689204e-02
0.000000000000000000e+00
0.000000000000000000e+00
1.798561151079136784e-03
0.000000000000000000e+00
0.000000000000000000e+00
0.000000000000000000e+00
0.000000000000000000e+00
2.857142857142857054e-02
0.000000000000000000e+00
1.470588235294117627e-02
2.564102564102564100e-03
1.360544217687074779e-02
0.000000000000000000e+00
1.446654611211573190e-02
0.000000000000000000e+00
5.294117647058823456e-02
5.797101449275362389e-03
0.000000000000000000e+00
2.678571428571428423e-02
1.818181818181818232e-01
0.000000000000000000e+00
0.000000000000000000e+00
0.000000000000000000e+00
5.340453938584779556e-03
0.000000000000000000e+00
0.000000000000000000e+00
0.000000000000000000e+00
0.000000000000000000e+00
0.000000000000000000e+00
0.000000000000000000e+00
3.260869565217391214e-02
1.818181818181818094e-02
0.000000000000000000e+00
0.000000000000000000e+00
1.470588235294117627e-02
0.000000000000000000e+00
8.103727714748784269e-03
0.000000000000000000e+00
0.000000000000000000e+00
0.000000000000000000e+00
2.298850574712643646e-02
9.230769230769231629e-03
0.000000000000000000e+00
0.000000000000000000e+00
3.152088258471237407e-03
0.000000000000000000e+00
0.000000000000000000e+00
5.917159763313609329e-03
4.291845493562231745e-03
0.000000000000000000e+00
0.000000000000000000e+00
0.000000000000000000e+00
0.000000000000000000e+00
0.000000000000000000e+00
0.000000000000000000e+00
5.000000000000000000e-01
0.000000000000000000e+00
0.000000000000000000e+00
0.000000000000000000e+00
0.000000000000000000e+00
3.030303030303030387e-02
2.175095160413267892e-03
0.000000000000000000e+00
3.260869565217391214e-02
0.000000000000000000e+00
2.777777777777777624e-02
1.524390243902438991e-02
0.000000000000000000e+00
0.000000000000000000e+00
0.000000000000000000e+00
4.444444444444444441e-03
6.489292667099285771e-04
1.555209953343701396e-03
1.818181818181818094e-02
0.000000000000000000e+00
0.000000000000000000e+00
1.724137931034482735e-02
7.142857142857142461e-02
1.630257580697750276e-03
2.061855670103092744e-02
7.936507936507936067e-03
0.000000000000000000e+00
5.681818181818181629e-02
0.000000000000000000e+00
7.194244604316547137e-03
0.000000000000000000e+00
2.866242038216560567e-02
0.000000000000000000e+00
1.315789473684210453e-02
2.631578947368420907e-02
0.000000000000000000e+00
1.851851851851851749e-02
0.000000000000000000e+00
0.000000000000000000e+00
2.906976744186046471e-03
1.421127427759355825e-03
0.000000000000000000e+00
0.000000000000000000e+00
0.000000000000000000e+00
0.000000000000000000e+00
0.000000000000000000e+00
2.040816326530612429e-03
0.000000000000000000e+00
0.000000000000000000e+00
0.000000000000000000e+00
5.091649694501018501e-03
9.615384615384615918e-03
3.519061583577712607e-03
0.000000000000000000e+00
7.800312012480499491e-03
5.630630630630630365e-03
0.000000000000000000e+00
4.484304932735425943e-03
3.621730382293762707e-03
0.000000000000000000e+00
3.773584905660377214e-02
0.000000000000000000e+00
0.000000000000000000e+00
0.000000000000000000e+00
3.512880562060889927e-03
0.000000000000000000e+00
0.000000000000000000e+00
2.624671916010498651e-03
3.121748178980228786e-03
0.000000000000000000e+00
0.000000000000000000e+00
2.512562814070351796e-03
1.333333333333333315e-01
0.000000000000000000e+00
0.000000000000000000e+00
0.000000000000000000e+00
1.119402985074626801e-02
4.139562389118865010e-03
2.932551319648093839e-03
0.000000000000000000e+00
0.000000000000000000e+00
4.901960784313725422e-03
1.212121212121212120e-02
0.000000000000000000e+00
0.000000000000000000e+00
1.781170483460559756e-02
5.936675461741424374e-03
0.000000000000000000e+00
0.000000000000000000e+00
0.000000000000000000e+00
0.000000000000000000e+00
2.276176024279211001e-03
0.000000000000000000e+00
1.724137931034482735e-02
0.000000000000000000e+00
0.000000000000000000e+00
0.000000000000000000e+00
1.793721973094170421e-03
0.000000000000000000e+00
0.000000000000000000e+00
0.000000000000000000e+00
0.000000000000000000e+00
0.000000000000000000e+00
1.138211382113821224e-02
3.333333333333333148e-01
1.851851851851851749e-02
0.000000000000000000e+00
0.000000000000000000e+00
9.708737864077669061e-03
7.446808510638298212e-03
1.295896328293736494e-02
0.000000000000000000e+00
0.000000000000000000e+00
0.000000000000000000e+00
5.582693649685973106e-03
2.173913043478260809e-02
2.378121284185493248e-03
4.225352112676056260e-02
1.645413410119292560e-03
0.000000000000000000e+00
0.000000000000000000e+00
0.000000000000000000e+00
0.000000000000000000e+00
0.000000000000000000e+00
0.000000000000000000e+00
0.000000000000000000e+00
1.875000000000000000e-01
0.000000000000000000e+00
0.000000000000000000e+00
4.885993485342019112e-03
1.356852103120759732e-03
0.000000000000000000e+00
0.000000000000000000e+00
1.630434782608695564e-03
0.000000000000000000e+00
0.000000000000000000e+00
0.000000000000000000e+00
1.662049861495844792e-03
0.000000000000000000e+00
0.000000000000000000e+00
0.000000000000000000e+00
2.439024390243902524e-02
0.000000000000000000e+00
1.245330012453300115e-03
6.976744186046511531e-02
0.000000000000000000e+00
7.299270072992700489e-03
1.570680628272251231e-02
4.555808656036446254e-03
0.000000000000000000e+00
4.410143329658213970e-03
3.064351378958120407e-03
0.000000000000000000e+00
0.000000000000000000e+00
0.000000000000000000e+00
7.407407407407406996e-02
0.000000000000000000e+00
0.000000000000000000e+00
6.443298969072164609e-03
0.000000000000000000e+00
0.000000000000000000e+00
1.388888888888888812e-02
0.000000000000000000e+00
0.000000000000000000e+00
0.000000000000000000e+00
0.000000000000000000e+00
0.000000000000000000e+00
0.000000000000000000e+00
3.742981908920773541e-03
0.000000000000000000e+00
1.562500000000000000e-02
2.049180327868852566e-03
2.870813397129186578e-03
0.000000000000000000e+00
7.633587786259541687e-03
1.242236024844720413e-02
0.000000000000000000e+00
0.000000000000000000e+00
0.000000000000000000e+00
0.000000000000000000e+00
4.914004914004913883e-03
0.000000000000000000e+00
0.000000000000000000e+00
0.000000000000000000e+00
0.000000000000000000e+00
2.500000000000000000e-01
0.000000000000000000e+00
5.791505791505791208e-03
1.294498381877022715e-02
8.510638297872340566e-03
0.000000000000000000e+00
0.000000000000000000e+00
2.212389380530973421e-02
0.000000000000000000e+00
5.769230769230769551e-02
1.456310679611650533e-02
0.000000000000000000e+00
0.000000000000000000e+00
0.000000000000000000e+00
0.000000000000000000e+00
0.000000000000000000e+00
0.000000000000000000e+00
1.545253863134657922e-02
8.905852417302798779e-03
0.000000000000000000e+00
1.075268817204301161e-02
0.000000000000000000e+00
1.212121212121212120e-02
0.000000000000000000e+00
0.000000000000000000e+00
0.000000000000000000e+00
0.000000000000000000e+00
0.000000000000000000e+00
9.508716323296355355e-03
2.448979591836734568e-03
0.000000000000000000e+00
0.000000000000000000e+00
1.321585903083700476e-02
0.000000000000000000e+00
0.000000000000000000e+00
0.000000000000000000e+00
5.825242718446602130e-03
0.000000000000000000e+00
5.010020040080159906e-04
1.123595505617977497e-02
0.000000000000000000e+00
2.358490566037736019e-02
0.000000000000000000e+00
0.000000000000000000e+00
0.000000000000000000e+00
0.000000000000000000e+00
0.000000000000000000e+00
2.894356005788711796e-03
2.182044887780548465e-03
0.000000000000000000e+00
0.000000000000000000e+00
0.000000000000000000e+00
0.000000000000000000e+00
0.000000000000000000e+00
2.127659574468085055e-02
0.000000000000000000e+00
3.787878787878787984e-03
1.670146137787056201e-02
0.000000000000000000e+00
0.000000000000000000e+00
