9.979578256607055664e-01
9.971926808357238770e-01
9.980224370956420898e-01
9.959897994995117188e-01
9.868038296699523926e-01
9.533467888832092285e-01
9.959861636161804199e-01
9.987667202949523926e-01
9.972155094146728516e-01
9.991196393966674805e-01
9.907186031341552734e-01
9.822838306427001953e-01
9.964467287063598633e-01
9.622202515602111816e-01
9.984204173088073730e-01
9.985609054565429688e-01
9.982985854148864746e-01
9.898393154144287109e-01
9.902589917182922363e-01
9.936090111732482910e-01
9.898392558097839355e-01
9.985356330871582031e-01
9.838593602180480957e-01
9.727882146835327148e-01
9.845122098922729492e-01
9.981084465980529785e-01
9.958125948905944824e-01
9.978305101394653320e-01
9.995675086975097656e-01
9.841467738151550293e-01
9.700621366500854492e-01
9.484233856201171875e-01
9.893335103988647461e-01
9.839562773704528809e-01
9.427750706672668457e-01
9.976842999458312988e-01
9.955685734748840332e-01
9.984970688819885254e-01
9.825656414031982422e-01
9.769252538681030273e-01
9.954962730407714844e-01
9.953249096870422363e-01
9.984402060508728027e-01
9.995587468147277832e-01
9.965304136276245117e-01
9.997716546058654785e-01
9.917528033256530762e-01
9.352521896362304688e-01
9.985496997833251953e-01
9.975446462631225586e-01
9.908074736595153809e-01
9.924663901329040527e-01
9.818268418312072754e-01
9.852047562599182129e-01
9.952633380889892578e-01
9.959960579872131348e-01
9.963842630386352539e-01
9.933980703353881836e-01
9.999755024909973145e-01
9.994534254074096680e-01
9.892299771308898926e-01
9.922765493392944336e-01
9.850087761878967285e-01
9.961468577384948730e-01
9.962558150291442871e-01
9.971956610679626465e-01
9.843933582305908203e-01
9.966781139373779297e-01
9.964614510536193848e-01
9.964829683303833008e-01
9.888539314270019531e-01
9.991534948348999023e-01
9.978564977645874023e-01
9.873802065849304199e-01
9.397318959236145020e-01
9.942298531532287598e-01
9.955786466598510742e-01
9.735775589942932129e-01
9.907554984092712402e-01
9.612130522727966309e-01
9.903272390365600586e-01
9.814348220825195312e-01
9.976044297218322754e-01
9.980617761611938477e-01
9.995031356811523438e-01
9.998540878295898438e-01
9.977027773857116699e-01
9.950706362724304199e-01
9.955806732177734375e-01
9.994500875473022461e-01
9.724675416946411133e-01
9.924865365028381348e-01
9.965309500694274902e-01
9.584226012229919434e-01
9.462695717811584473e-01
9.995287656784057617e-01
9.723951220512390137e-01
9.508605599403381348e-01
9.969063997268676758e-01
9.949830770492553711e-01
9.870819449424743652e-01
9.941994547843933105e-01
9.955894351005554199e-01
9.935569167137145996e-01
9.864636659622192383e-01
9.985418319702148438e-01
9.791650176048278809e-01
9.776736497879028320e-01
9.976767301559448242e-01
9.954406619071960449e-01
9.806429743766784668e-01
9.822862148284912109e-01
9.989992976188659668e-01
9.852425456047058105e-01
9.975675940513610840e-01
9.961703419685363770e-01
9.920238256454467773e-01
9.983918666839599609e-01
9.986377358436584473e-01
9.949302077293395996e-01
9.977985024452209473e-01
9.754303693771362305e-01
9.871668219566345215e-01
9.986184239387512207e-01
9.984761476516723633e-01
9.975603222846984863e-01
9.681170582771301270e-01
9.936805367469787598e-01
9.982318282127380371e-01
9.976515173912048340e-01
9.256168007850646973e-01
9.999626278877258301e-01
9.951667785644531250e-01
9.961405992507934570e-01
9.901363849639892578e-01
9.977368712425231934e-01
9.859440326690673828e-01
9.848774075508117676e-01
9.897875189781188965e-01
9.940596818923950195e-01
9.949280023574829102e-01
9.962159991264343262e-01
9.938072562217712402e-01
9.919836521148681641e-01
9.885414242744445801e-01
9.969452023506164551e-01
9.943326711654663086e-01
9.993105530738830566e-01
9.682174921035766602e-01
9.647651910781860352e-01
9.777959585189819336e-01
9.902674555778503418e-01
9.925423860549926758e-01
9.679233431816101074e-01
9.985261559486389160e-01
9.961789846420288086e-01
9.944304227828979492e-01
9.933757781982421875e-01
9.830903410911560059e-01
9.992792010307312012e-01
9.954128265380859375e-01
9.943898320198059082e-01
9.955689311027526855e-01
9.928521513938903809e-01
9.965609312057495117e-01
9.998034238815307617e-01
9.335216879844665527e-01
9.894133210182189941e-01
9.785822033882141113e-01
9.983973503112792969e-01
9.724218249320983887e-01
9.920882582664489746e-01
9.987697601318359375e-01
9.915649890899658203e-01
9.842117428779602051e-01
9.917244911193847656e-01
9.684666991233825684e-01
9.981889724731445312e-01
9.820765852928161621e-01
9.987654089927673340e-01
9.933795332908630371e-01
9.983910918235778809e-01
9.997393488883972168e-01
9.998822212219238281e-01
9.978169202804565430e-01
9.960169196128845215e-01
9.708238244056701660e-01
9.873442053794860840e-01
9.855650663375854492e-01
9.983051419258117676e-01
9.929965734481811523e-01
9.900550842285156250e-01
9.926926493644714355e-01
9.984897375106811523e-01
9.991180300712585449e-01
9.688144326210021973e-01
7.935755848884582520e-01
9.914698600769042969e-01
9.983633756637573242e-01
9.944409132003784180e-01
9.830813407897949219e-01
9.992277622222900391e-01
9.760624766349792480e-01
9.974700808525085449e-01
9.964500665664672852e-01
9.917913079261779785e-01
9.945290088653564453e-01
9.992748498916625977e-01
9.814959168434143066e-01
9.971777796745300293e-01
9.707843065261840820e-01
9.616742730140686035e-01
9.539097547531127930e-01
9.966166615486145020e-01
9.966012835502624512e-01
9.973090291023254395e-01
9.939205050468444824e-01
9.661192297935485840e-01
9.983413219451904297e-01
9.931356310844421387e-01
9.911134243011474609e-01
9.818046092987060547e-01
9.894902706146240234e-01
9.901181459426879883e-01
9.990038871765136719e-01
9.989563226699829102e-01
8.288794159889221191e-01
9.989311099052429199e-01
9.735819697380065918e-01
9.956277012825012207e-01
9.887592196464538574e-01
9.968142509460449219e-01
9.989964962005615234e-01
9.921126961708068848e-01
9.570134282112121582e-01
9.797447919845581055e-01
9.955971240997314453e-01
9.953504800796508789e-01
9.965081214904785156e-01
9.962108135223388672e-01
9.758440256118774414e-01
9.874255061149597168e-01
9.974581599235534668e-01
9.994264245033264160e-01
9.926887750625610352e-01
9.913370609283447266e-01
9.958234429359436035e-01
9.983789920806884766e-01
9.925973415374755859e-01
9.683432579040527344e-01
9.984368681907653809e-01
9.985678791999816895e-01
9.977629780769348145e-01
9.920095801353454590e-01
9.670746922492980957e-01
9.993057250976562500e-01
9.973703026771545410e-01
9.954944849014282227e-01
9.926818609237670898e-01
9.986538290977478027e-01
9.879400730133056641e-01
9.937877655029296875e-01
9.984911084175109863e-01
9.977449774742126465e-01
9.869483113288879395e-01
9.742392301559448242e-01
9.989165663719177246e-01
9.480507373809814453e-01
9.751309156417846680e-01
9.957927465438842773e-01
9.998315572738647461e-01
9.940348863601684570e-01
9.930512309074401855e-01
9.854555726051330566e-01
9.929970502853393555e-01
9.985098838806152344e-01
9.984965324401855469e-01
9.984084963798522949e-01
9.918227791786193848e-01
9.993474483489990234e-01
9.974043369293212891e-01
9.978094100952148438e-01
9.996116757392883301e-01
9.987359642982482910e-01
9.984885454177856445e-01
9.972212314605712891e-01
9.726486206054687500e-01
9.950764179229736328e-01
9.985648393630981445e-01
9.797537922859191895e-01
9.150298237800598145e-01
9.981910586357116699e-01
9.988597035408020020e-01
9.937177896499633789e-01
9.819382429122924805e-01
9.889205098152160645e-01
9.913371801376342773e-01
9.955503344535827637e-01
9.970232844352722168e-01
9.985471367835998535e-01
9.986333847045898438e-01
9.910609722137451172e-01
9.975181818008422852e-01
9.950028657913208008e-01
9.981962442398071289e-01
9.931356906890869141e-01
9.422786235809326172e-01
9.887804985046386719e-01
9.950988292694091797e-01
9.941095113754272461e-01
9.889169335365295410e-01
9.204491972923278809e-01
9.985072612762451172e-01
9.987813234329223633e-01
9.975118637084960938e-01
9.921442866325378418e-01
9.810720682144165039e-01
9.980581998825073242e-01
9.905658960342407227e-01
9.982540607452392578e-01
9.714771509170532227e-01
9.994833469390869141e-01
9.865095019340515137e-01
9.989308118820190430e-01
9.877090454101562500e-01
9.820362925529479980e-01
9.991358518600463867e-01
9.913811087608337402e-01
9.920685887336730957e-01
9.990735650062561035e-01
9.999185204505920410e-01
9.966707825660705566e-01
9.976135492324829102e-01
9.959543347358703613e-01
9.915473461151123047e-01
9.971383213996887207e-01
9.862267374992370605e-01
9.872851371765136719e-01
9.951455593109130859e-01
9.956104755401611328e-01
9.933031201362609863e-01
9.978841543197631836e-01
9.990487098693847656e-01
9.937353730201721191e-01
9.903044104576110840e-01
9.808800816535949707e-01
9.895099997520446777e-01
9.668085575103759766e-01
9.938654303550720215e-01
9.945228099822998047e-01
9.994454979896545410e-01
9.976788759231567383e-01
9.926160573959350586e-01
9.957693219184875488e-01
9.915902614593505859e-01
9.565942287445068359e-01
9.801080226898193359e-01
9.987376332283020020e-01
9.899559020996093750e-01
9.955851435661315918e-01
9.976223707199096680e-01
9.977483153343200684e-01
9.976627230644226074e-01
9.974681138992309570e-01
9.986531734466552734e-01
9.997798800468444824e-01
9.919776916503906250e-01
9.979975223541259766e-01
9.941498637199401855e-01
9.982264637947082520e-01
9.957375526428222656e-01
9.942618608474731445e-01
9.926830530166625977e-01
9.743382930755615234e-01
9.982078671455383301e-01
9.904482960700988770e-01
9.901677370071411133e-01
9.975974559783935547e-01
9.968719482421875000e-01
9.896256327629089355e-01
9.987283945083618164e-01
9.922337532043457031e-01
9.982681274414062500e-01
9.978477954864501953e-01
9.964788556098937988e-01
9.957532286643981934e-01
9.948654174804687500e-01
9.914972186088562012e-01
9.985982179641723633e-01
9.977698922157287598e-01
9.984685778617858887e-01
9.923420548439025879e-01
9.966293573379516602e-01
9.961288571357727051e-01
9.915378093719482422e-01
9.978134632110595703e-01
9.974855184555053711e-01
9.966738224029541016e-01
9.938380122184753418e-01
9.988869428634643555e-01
9.902641773223876953e-01
9.985361099243164062e-01
9.736054539680480957e-01
9.982048273086547852e-01
9.980432987213134766e-01
9.979817271232604980e-01
9.883251190185546875e-01
9.961782693862915039e-01
9.989635944366455078e-01
9.958363175392150879e-01
9.935055375099182129e-01
9.960553646087646484e-01
9.962237477302551270e-01
9.906036257743835449e-01
9.894965887069702148e-01
8.599920868873596191e-01
9.962386488914489746e-01
9.948813915252685547e-01
9.934321045875549316e-01
9.749638438224792480e-01
9.983769655227661133e-01
9.449362754821777344e-01
9.941279888153076172e-01
9.950428605079650879e-01
9.868106842041015625e-01
9.914440512657165527e-01
9.981329441070556641e-01
9.944772720336914062e-01
9.952454566955566406e-01
9.729281663894653320e-01
9.974740147590637207e-01
9.929766654968261719e-01
9.962437748908996582e-01
9.827338457107543945e-01
9.941510558128356934e-01
9.972519278526306152e-01
9.825552105903625488e-01
9.974805116653442383e-01
9.938509464263916016e-01
9.988492727279663086e-01
9.731487035751342773e-01
9.961516261100769043e-01
9.794862270355224609e-01
9.864143729209899902e-01
9.929018020629882812e-01
9.879567027091979980e-01
9.819628596305847168e-01
9.974190592765808105e-01
9.947051405906677246e-01
9.973788857460021973e-01
9.999327659606933594e-01
9.993930459022521973e-01
9.938424229621887207e-01
9.415848851203918457e-01
9.990433454513549805e-01
9.968584775924682617e-01
9.885967969894409180e-01
9.321537017822265625e-01
9.940762519836425781e-01
9.966160655021667480e-01
9.766939878463745117e-01
9.782249331474304199e-01
9.922051429748535156e-01
9.962649345397949219e-01
9.860315322875976562e-01
9.776543378829956055e-01
9.911767244338989258e-01
9.930028319358825684e-01
9.950876832008361816e-01
9.984315633773803711e-01
9.974384903907775879e-01
9.978593587875366211e-01
9.889042973518371582e-01
9.992673993110656738e-01
9.980587959289550781e-01
9.955344200134277344e-01
9.233019351959228516e-01
9.982647895812988281e-01
9.931419491767883301e-01
9.978170394897460938e-01
9.729093313217163086e-01
9.896459579467773438e-01
9.836664795875549316e-01
9.897581338882446289e-01
9.585733413696289062e-01
9.882037043571472168e-01
9.943245053291320801e-01
9.908652901649475098e-01
9.973874092102050781e-01
9.953203797340393066e-01
9.987472891807556152e-01
9.920396804809570312e-01
9.973242878913879395e-01
9.971348047256469727e-01
9.897426366806030273e-01
9.839206933975219727e-01
9.986802339553833008e-01
9.986189603805541992e-01
9.972866177558898926e-01
9.970138669013977051e-01
9.979542493820190430e-01
9.815456867218017578e-01
9.902023673057556152e-01
9.984477758407592773e-01
9.767736196517944336e-01
9.997851252555847168e-01
9.901406764984130859e-01
9.939048290252685547e-01
9.663618206977844238e-01
9.897937178611755371e-01
9.951471090316772461e-01
9.944775104522705078e-01
9.992035031318664551e-01
9.959916472434997559e-01
9.978501796722412109e-01
9.956841468811035156e-01
9.966921210289001465e-01
9.970743656158447266e-01
9.853425025939941406e-01
9.972165226936340332e-01
9.777928590774536133e-01
9.483873844146728516e-01
9.941737651824951172e-01
9.908839464187622070e-01
9.921223521232604980e-01
9.890676140785217285e-01
9.976382255554199219e-01
9.986539483070373535e-01
9.988871216773986816e-01
9.796634316444396973e-01
9.994006752967834473e-01
9.912861585617065430e-01
9.992055892944335938e-01
9.975626468658447266e-01
9.985511898994445801e-01
9.798358082771301270e-01
9.982721209526062012e-01
9.961205720901489258e-01
9.943094849586486816e-01
9.971449971199035645e-01
9.935712218284606934e-01
9.974028468132019043e-01
9.922764897346496582e-01
9.915108680725097656e-01
9.984402656555175781e-01
9.927724599838256836e-01
9.923534989356994629e-01
9.889541864395141602e-01
9.986194372177124023e-01
9.993006587028503418e-01
9.999584555625915527e-01
9.926740527153015137e-01
9.908201098442077637e-01
9.927367568016052246e-01
9.919227957725524902e-01
9.983263611793518066e-01
9.944351315498352051e-01
9.968007802963256836e-01
9.951176047325134277e-01
9.990223646163940430e-01
9.772578477859497070e-01
9.847129583358764648e-01
9.911020398139953613e-01
9.937614798545837402e-01
9.524437785148620605e-01
9.968762993812561035e-01
9.969976544380187988e-01
9.571604132652282715e-01
9.813284277915954590e-01
9.919969439506530762e-01
9.981169104576110840e-01
9.970898628234863281e-01
9.863274097442626953e-01
9.712330102920532227e-01
9.877527952194213867e-01
9.989670515060424805e-01
9.973616600036621094e-01
9.981843829154968262e-01
9.891512989997863770e-01
9.557179808616638184e-01
9.985286593437194824e-01
9.975656867027282715e-01
9.975634217262268066e-01
9.750558137893676758e-01
9.430875182151794434e-01
9.711995720863342285e-01
9.984417557716369629e-01
9.997519850730895996e-01
9.787282347679138184e-01
9.956793785095214844e-01
9.849866032600402832e-01
9.859455823898315430e-01
9.986733794212341309e-01
9.992091655731201172e-01
9.931145906448364258e-01
9.981866478919982910e-01
9.953038096427917480e-01
9.972763061523437500e-01
9.975764751434326172e-01
9.967885017395019531e-01
9.956235885620117188e-01
9.787541627883911133e-01
9.921165108680725098e-01
9.971596598625183105e-01
9.968394637107849121e-01
9.975757002830505371e-01
9.846120476722717285e-01
9.993683099746704102e-01
9.922262430191040039e-01
9.885360002517700195e-01
9.592089653015136719e-01
9.893923997879028320e-01
9.978902339935302734e-01
9.920628666877746582e-01
8.671113848686218262e-01
9.957597255706787109e-01
9.962351322174072266e-01
9.966076016426086426e-01
9.739835858345031738e-01
9.990466237068176270e-01
9.949021339416503906e-01
9.974005222320556641e-01
9.968444705009460449e-01
9.946438670158386230e-01
9.989553689956665039e-01
9.945793747901916504e-01
9.991854429244995117e-01
9.937904477119445801e-01
9.929888248443603516e-01
9.964997768402099609e-01
9.944148063659667969e-01
9.979350566864013672e-01
9.931029081344604492e-01
9.968702197074890137e-01
9.779650568962097168e-01
9.984412789344787598e-01
9.943891763687133789e-01
9.937527179718017578e-01
9.984224438667297363e-01
9.972042441368103027e-01
9.804375171661376953e-01
9.980901479721069336e-01
9.948709011077880859e-01
9.923502802848815918e-01
9.916711449623107910e-01
9.900838136672973633e-01
8.970830440521240234e-01
9.955915212631225586e-01
9.973812103271484375e-01
9.987126588821411133e-01
9.912860989570617676e-01
9.942397475242614746e-01
9.941655397415161133e-01
9.979035854339599609e-01
9.979860782623291016e-01
9.842545390129089355e-01
9.959554076194763184e-01
9.936322569847106934e-01
9.704319238662719727e-01
9.878498315811157227e-01
9.908474683761596680e-01
9.968351125717163086e-01
9.985018372535705566e-01
9.993743896484375000e-01
9.755447506904602051e-01
9.952321648597717285e-01
9.793888330459594727e-01
9.936593770980834961e-01
9.313018321990966797e-01
9.944666624069213867e-01
9.891752004623413086e-01
9.982582926750183105e-01
9.988811016082763672e-01
9.963009357452392578e-01
9.997596740722656250e-01
9.985777139663696289e-01
9.933055043220520020e-01
9.874864220619201660e-01
9.969655275344848633e-01
9.974377751350402832e-01
9.979643821716308594e-01
9.964689016342163086e-01
9.954348802566528320e-01
9.993049502372741699e-01
9.988092184066772461e-01
9.933845996856689453e-01
9.951312541961669922e-01
9.990768432617187500e-01
9.662435054779052734e-01
9.993451237678527832e-01
9.989212155342102051e-01
9.992079734802246094e-01
9.948504567146301270e-01
9.933720827102661133e-01
9.981746673583984375e-01
9.844104647636413574e-01
9.833106994628906250e-01
9.990459680557250977e-01
9.396971464157104492e-01
9.973283410072326660e-01
9.974931478500366211e-01
9.998378157615661621e-01
9.985520839691162109e-01
9.995500445365905762e-01
9.961362481117248535e-01
9.978366494178771973e-01
9.857089519500732422e-01
9.922313094139099121e-01
9.988992214202880859e-01
9.988793730735778809e-01
9.697966575622558594e-01
9.966758489608764648e-01
9.955655336380004883e-01
9.979844689369201660e-01
9.835075139999389648e-01
9.950698018074035645e-01
9.987714290618896484e-01
9.938168525695800781e-01
9.981247782707214355e-01
9.967906475067138672e-01
9.959261417388916016e-01
9.968636631965637207e-01
9.889196157455444336e-01
9.988048672676086426e-01
9.961183667182922363e-01
9.964651465415954590e-01
9.899448156356811523e-01
9.929006099700927734e-01
9.932566881179809570e-01
9.979187846183776855e-01
9.845622777938842773e-01
9.926999211311340332e-01
9.937592744827270508e-01
9.744322896003723145e-01
9.802233576774597168e-01
9.953970909118652344e-01
9.987360835075378418e-01
9.879552721977233887e-01
9.878092408180236816e-01
9.969537854194641113e-01
9.983992576599121094e-01
9.186779260635375977e-01
9.975386857986450195e-01
9.730107188224792480e-01
9.983547329902648926e-01
9.729157686233520508e-01
9.779143929481506348e-01
9.739255309104919434e-01
9.752471446990966797e-01
9.973270893096923828e-01
9.995283484458923340e-01
9.989464879035949707e-01
9.847226738929748535e-01
9.998008012771606445e-01
9.922249317169189453e-01
9.975090026855468750e-01
9.977292418479919434e-01
9.983075261116027832e-01
9.977435469627380371e-01
9.983047246932983398e-01
9.970116615295410156e-01
9.996397495269775391e-01
9.969233870506286621e-01
9.984093904495239258e-01
9.946705698966979980e-01
9.926670789718627930e-01
9.933508038520812988e-01
9.983183741569519043e-01
9.944764375686645508e-01
9.877088069915771484e-01
9.977337718009948730e-01
9.964538216590881348e-01
9.964901804924011230e-01
9.710693359375000000e-01
9.650741219520568848e-01
9.911118745803833008e-01
9.836108088493347168e-01
9.636499285697937012e-01
9.978789687156677246e-01
9.740033149719238281e-01
9.996538162231445312e-01
9.988983273506164551e-01
9.721991419792175293e-01
9.948185086250305176e-01
9.997120499610900879e-01
9.995745420455932617e-01
9.981425404548645020e-01
9.976232647895812988e-01
9.578345417976379395e-01
8.232971429824829102e-01
9.977311491966247559e-01
9.556313157081604004e-01
9.981705546379089355e-01
9.887564778327941895e-01
9.971308112144470215e-01
9.983513951301574707e-01
9.875715970993041992e-01
8.575137257575988770e-01
9.969127774238586426e-01
9.960354566574096680e-01
9.989880919456481934e-01
9.996032714843750000e-01
9.979616403579711914e-01
9.853965640068054199e-01
9.962598085403442383e-01
9.816144704818725586e-01
9.960940480232238770e-01
9.887911081314086914e-01
9.961818456649780273e-01
9.911274909973144531e-01
9.930434226989746094e-01
9.973350763320922852e-01
9.984472393989562988e-01
9.951757192611694336e-01
9.995701909065246582e-01
9.904513359069824219e-01
9.978184700012207031e-01
9.931494593620300293e-01
9.940084218978881836e-01
9.897317290306091309e-01
9.991235136985778809e-01
9.963297247886657715e-01
9.827991127967834473e-01
9.972211122512817383e-01
9.564459919929504395e-01
9.974564909934997559e-01
9.945769906044006348e-01
9.980401396751403809e-01
9.798523187637329102e-01
9.993306994438171387e-01
9.980447888374328613e-01
9.951421618461608887e-01
9.921505451202392578e-01
9.794487357139587402e-01
9.991673231124877930e-01
9.971740841865539551e-01
9.984649419784545898e-01
9.959697723388671875e-01
9.904142618179321289e-01
9.903631806373596191e-01
9.968940615653991699e-01
9.988088607788085938e-01
9.878134727478027344e-01
9.926913976669311523e-01
9.687063694000244141e-01
9.914584159851074219e-01
9.941737651824951172e-01
9.687290787696838379e-01
9.632544517517089844e-01
9.999718666076660156e-01
9.975126385688781738e-01
9.972289204597473145e-01
9.992327094078063965e-01
9.795015454292297363e-01
9.978009462356567383e-01
9.996939301490783691e-01
9.977720975875854492e-01
9.997417926788330078e-01
9.896864891052246094e-01
9.915459752082824707e-01
9.993012547492980957e-01
9.998004436492919922e-01
9.955015182495117188e-01
9.997274279594421387e-01
9.275664687156677246e-01
9.637517333030700684e-01
9.746299386024475098e-01
9.868862032890319824e-01
9.979865550994873047e-01
9.998317956924438477e-01
9.956741333007812500e-01
9.894272685050964355e-01
9.981637001037597656e-01
9.930309057235717773e-01
9.955288171768188477e-01
9.982135891914367676e-01
9.591358304023742676e-01
9.803370833396911621e-01
9.975321888923645020e-01
9.909729361534118652e-01
9.985699653625488281e-01
9.804459214210510254e-01
9.964634776115417480e-01
9.982396364212036133e-01
9.993419051170349121e-01
9.977300763130187988e-01
8.257816433906555176e-01
9.972215890884399414e-01
9.983701705932617188e-01
9.906460642814636230e-01
9.520348310470581055e-01
9.948143362998962402e-01
9.978556632995605469e-01
9.562021493911743164e-01
9.974918365478515625e-01
9.920956492424011230e-01
9.968855381011962891e-01
9.788314700126647949e-01
9.984359741210937500e-01
9.753426909446716309e-01
9.942240715026855469e-01
9.840775132179260254e-01
9.985638260841369629e-01
9.946696758270263672e-01
9.792732596397399902e-01
9.940772652626037598e-01
9.936839342117309570e-01
9.964460730552673340e-01
9.951636791229248047e-01
9.980453848838806152e-01
9.902756214141845703e-01
9.977424144744873047e-01
9.988989830017089844e-01
9.877691864967346191e-01
9.894326329231262207e-01
9.904100298881530762e-01
9.859446287155151367e-01
9.952540397644042969e-01
9.979709982872009277e-01
9.523638486862182617e-01
9.978170394897460938e-01
9.941624402999877930e-01
9.997807741165161133e-01
9.964661598205566406e-01
9.864106774330139160e-01
9.987074732780456543e-01
9.982973337173461914e-01
9.984390735626220703e-01
9.979225993156433105e-01
9.953683614730834961e-01
9.964058995246887207e-01
9.877088665962219238e-01
9.878115653991699219e-01
9.999487996101379395e-01
9.982916712760925293e-01
9.913997650146484375e-01
9.970022439956665039e-01
9.962419271469116211e-01
9.666516780853271484e-01
9.838777780532836914e-01
9.981043934822082520e-01
9.958548545837402344e-01
9.929159879684448242e-01
9.900503754615783691e-01
9.952110648155212402e-01
9.718294739723205566e-01
9.529995322227478027e-01
9.973239898681640625e-01
9.984272122383117676e-01
9.919077157974243164e-01
9.839041829109191895e-01
9.989112019538879395e-01
9.993813037872314453e-01
9.929299354553222656e-01
9.984282255172729492e-01
9.704782962799072266e-01
9.929084181785583496e-01
9.966075420379638672e-01
9.978761076927185059e-01
9.724019169807434082e-01
9.909565448760986328e-01
9.413507580757141113e-01
9.970812201499938965e-01
9.999663829803466797e-01
9.872258901596069336e-01
9.931819438934326172e-01
9.990047812461853027e-01
9.974974989891052246e-01
9.997721910476684570e-01
9.846609234809875488e-01
9.936634302139282227e-01
9.989944100379943848e-01
9.699828624725341797e-01
9.975481629371643066e-01
9.955703020095825195e-01
9.803975224494934082e-01
9.136537909507751465e-01
9.960992932319641113e-01
9.985641837120056152e-01
9.991416335105895996e-01
9.632882475852966309e-01
9.925348758697509766e-01
9.998000264167785645e-01
9.827893972396850586e-01
9.989786148071289062e-01
9.926460385322570801e-01
9.980958104133605957e-01
9.869956970214843750e-01
9.358606934547424316e-01
8.862127661705017090e-01
9.967675805091857910e-01
9.589568972587585449e-01
9.970987439155578613e-01
9.854936599731445312e-01
9.860290884971618652e-01
9.382051825523376465e-01
9.972448348999023438e-01
9.907564520835876465e-01
9.928811192512512207e-01
9.974364638328552246e-01
9.989220499992370605e-01
9.909191727638244629e-01
9.281422495841979980e-01
9.888247847557067871e-01
9.979287981986999512e-01
9.976522326469421387e-01
9.991880059242248535e-01
9.980311989784240723e-01
9.438945651054382324e-01
9.766335487365722656e-01
9.803422093391418457e-01
9.961325526237487793e-01
9.950138926506042480e-01
9.986381530761718750e-01
9.949434995651245117e-01
9.873224496841430664e-01
9.903993010520935059e-01
9.778317213058471680e-01
9.964672327041625977e-01
9.931640625000000000e-01
9.521573781967163086e-01
9.958297014236450195e-01
9.912927150726318359e-01
9.953756928443908691e-01
9.990727305412292480e-01
9.955275654792785645e-01
9.689311981201171875e-01
9.744269251823425293e-01
9.928179979324340820e-01
9.894592761993408203e-01
9.975349307060241699e-01
9.951946139335632324e-01
9.938788414001464844e-01
9.572942256927490234e-01
9.990656375885009766e-01
9.746742248535156250e-01
9.956253170967102051e-01
9.961374998092651367e-01
9.842691421508789062e-01
9.912650585174560547e-01
9.986490011215209961e-01
9.691728353500366211e-01
9.978281855583190918e-01
9.971311688423156738e-01
9.990141391754150391e-01
9.950641989707946777e-01
9.463950395584106445e-01
9.886941313743591309e-01
9.937438964843750000e-01
9.934307336807250977e-01
9.917901754379272461e-01
9.965084195137023926e-01
9.939532279968261719e-01
9.918363094329833984e-01
9.987630248069763184e-01
9.682211875915527344e-01
9.970716238021850586e-01
9.928660988807678223e-01
9.974343776702880859e-01
9.971446990966796875e-01
9.565731883049011230e-01
9.949013590812683105e-01
9.953821301460266113e-01
9.918184280395507812e-01
9.937978386878967285e-01
9.983559846878051758e-01
9.978958368301391602e-01
9.900326728820800781e-01
9.986373186111450195e-01
9.939061999320983887e-01
9.975383877754211426e-01
9.993199110031127930e-01
9.988008141517639160e-01
9.966855049133300781e-01
9.778135418891906738e-01
9.977056384086608887e-01
9.987997412681579590e-01
9.991537928581237793e-01
9.983213543891906738e-01
9.969411492347717285e-01
9.977047443389892578e-01
9.997779130935668945e-01
9.959881901741027832e-01
9.954916238784790039e-01
9.933835864067077637e-01
9.830184578895568848e-01
9.875972270965576172e-01
9.886000156402587891e-01
9.923046231269836426e-01
9.915366768836975098e-01
9.960626363754272461e-01
9.981981515884399414e-01
9.927523136138916016e-01
9.981921315193176270e-01
9.421145319938659668e-01
9.924411177635192871e-01
9.918569922447204590e-01
9.914141893386840820e-01
9.968523383140563965e-01
9.890542030334472656e-01
9.987218379974365234e-01
9.977713823318481445e-01
9.986500144004821777e-01
9.988596439361572266e-01
9.976276755332946777e-01
9.991180300712585449e-01
9.935833215713500977e-01
9.849307537078857422e-01
9.712289571762084961e-01
9.743527770042419434e-01
9.969832897186279297e-01
9.946786165237426758e-01
9.965584278106689453e-01
9.769412279129028320e-01
9.886029362678527832e-01
9.857454895973205566e-01
9.981440305709838867e-01
9.976600408554077148e-01
9.965341091156005859e-01
9.516993165016174316e-01
9.598834514617919922e-01
9.935896396636962891e-01
9.998570084571838379e-01
9.964479207992553711e-01
9.982143044471740723e-01
9.970809221267700195e-01
9.909760355949401855e-01
9.985156655311584473e-01
9.930976629257202148e-01
9.989742636680603027e-01
9.976614713668823242e-01
9.909439086914062500e-01
9.985100030899047852e-01
9.973458647727966309e-01
9.713990092277526855e-01
9.971609711647033691e-01
9.772967696189880371e-01
9.987988471984863281e-01
9.851780533790588379e-01
9.835846424102783203e-01
9.995076060295104980e-01
9.942862391471862793e-01
9.913737177848815918e-01
9.975247383117675781e-01
9.965533018112182617e-01
9.700605869293212891e-01
9.985558390617370605e-01
9.942408204078674316e-01
9.979440569877624512e-01
9.851495027542114258e-01
9.984206557273864746e-01
9.973580837249755859e-01
9.967784881591796875e-01
9.912827610969543457e-01
9.884427785873413086e-01
9.953902363777160645e-01
9.953174591064453125e-01
9.803757667541503906e-01
9.817927479743957520e-01
9.901717901229858398e-01
9.977160096168518066e-01
9.863754510879516602e-01
9.933316707611083984e-01
9.980678558349609375e-01
9.983196258544921875e-01
9.967958331108093262e-01
9.985561370849609375e-01
9.958055615425109863e-01
9.851652383804321289e-01
9.966177344322204590e-01
9.983536005020141602e-01
9.952198863029479980e-01
9.982139468193054199e-01
9.987477064132690430e-01
9.984986186027526855e-01
8.496336340904235840e-01
9.574342370033264160e-01
9.888023138046264648e-01
9.980874061584472656e-01
9.953975677490234375e-01
9.315539598464965820e-01
9.481768012046813965e-01
9.756361842155456543e-01
9.797914624214172363e-01
9.924274682998657227e-01
9.577023386955261230e-01
9.709178209304809570e-01
9.982410073280334473e-01
9.971002340316772461e-01
9.903380274772644043e-01
9.933450222015380859e-01
9.979751706123352051e-01
9.952606558799743652e-01
9.990046620368957520e-01
9.940136671066284180e-01
9.666148424148559570e-01
9.883984327316284180e-01
9.933605790138244629e-01
9.788602590560913086e-01
9.980529546737670898e-01
9.964780807495117188e-01
9.948834776878356934e-01
9.976774454116821289e-01
9.891270995140075684e-01
9.921156167984008789e-01
9.992091059684753418e-01
9.999257922172546387e-01
9.941613078117370605e-01
9.970044493675231934e-01
9.912285208702087402e-01
9.836984276771545410e-01
9.866432547569274902e-01
9.987491369247436523e-01
9.970493316650390625e-01
9.996793270111083984e-01
9.887415170669555664e-01
9.472036361694335938e-01
9.783641695976257324e-01
9.872214794158935547e-01
9.952823519706726074e-01
9.894881248474121094e-01
9.909263849258422852e-01
9.951907992362976074e-01
9.265096187591552734e-01
9.893897771835327148e-01
9.986999034881591797e-01
9.860790967941284180e-01
9.898577332496643066e-01
9.986956715583801270e-01
9.968217611312866211e-01
9.839664101600646973e-01
9.789476990699768066e-01
9.932404160499572754e-01
9.980080723762512207e-01
9.864799380302429199e-01
9.876415729522705078e-01
9.843609333038330078e-01
9.983583092689514160e-01
9.690213203430175781e-01
9.158089756965637207e-01
9.979138970375061035e-01
9.962514042854309082e-01
9.955891370773315430e-01
9.981591701507568359e-01
9.959281086921691895e-01
9.939854741096496582e-01
9.934298396110534668e-01
9.985000491142272949e-01
9.934429526329040527e-01
9.995167255401611328e-01
9.978303313255310059e-01
9.916710853576660156e-01
9.957005977630615234e-01
9.964595437049865723e-01
9.999147653579711914e-01
9.941186904907226562e-01
9.953306317329406738e-01
9.966228604316711426e-01
9.984716773033142090e-01
9.981881380081176758e-01
9.984648227691650391e-01
9.975426793098449707e-01
9.997253417968750000e-01
9.987220168113708496e-01
9.952638149261474609e-01
9.977732896804809570e-01
9.967905879020690918e-01
9.546922445297241211e-01
8.910828828811645508e-01
9.979918003082275391e-01
9.983295202255249023e-01
9.981561899185180664e-01
9.995691180229187012e-01
9.889046549797058105e-01
9.998235702514648438e-01
9.997196793556213379e-01
9.612525105476379395e-01
9.891660213470458984e-01
9.927616715431213379e-01
9.448034167289733887e-01
9.980893731117248535e-01
9.915806055068969727e-01
9.667967557907104492e-01
9.846242070198059082e-01
9.980270266532897949e-01
9.856662154197692871e-01
9.954684376716613770e-01
9.984927177429199219e-01
9.845421314239501953e-01
9.909041523933410645e-01
9.969900250434875488e-01
9.774688482284545898e-01
9.710357785224914551e-01
9.977579116821289062e-01
9.990963339805603027e-01
9.942536354064941406e-01
9.562498927116394043e-01
9.849382042884826660e-01
9.952110052108764648e-01
9.976949691772460938e-01
9.934617877006530762e-01
9.961506128311157227e-01
9.415456652641296387e-01
9.856189489364624023e-01
9.989493489265441895e-01
9.889659881591796875e-01
9.994270205497741699e-01
