0.000000000000000000e+00
0.000000000000000000e+00
0.000000000000000000e+00
0.000000000000000000e+00
0.000000000000000000e+00
0.000000000000000000e+00
0.000000000000000000e+00
0.000000000000000000e+00
0.000000000000000000e+00
1.567398119122256905e-02
0.000000000000000000e+00
0.000000000000000000e+00
0.000000000000000000e+00
9.090909090909091161e-02
0.000000000000000000e+00
0.000000000000000000e+00
0.000000000000000000e+00
0.000000000000000000e+00
1.538461538461538547e-01
0.000000000000000000e+00
0.000000000000000000e+00
0.000000000000000000e+00
9.090909090909091161e-02
0.000000000000000000e+00
0.000000000000000000e+00
0.000000000000000000e+00
0.000000000000000000e+00
5.805515239477503607e-03
0.000000000000000000e+00
0.000000000000000000e+00
0.000000000000000000e+00
7.153075822603719575e-03
0.000000000000000000e+00
0.000000000000000000e+00
0.000000000000000000e+00
6.191950464396285200e-03
9.146341463414633596e-03
0.000000000000000000e+00
0.000000000000000000e+00
0.000000000000000000e+00
0.000000000000000000e+00
0.000000000000000000e+00
0.000000000000000000e+00
8.347245409015024639e-03
3.267973856209150426e-03
0.000000000000000000e+00
0.000000000000000000e+00
0.000000000000000000e+00
0.000000000000000000e+00
3.645643456069996174e-04
0.000000000000000000e+00
6.872852233676976464e-04
0.000000000000000000e+00
0.000000000000000000e+00
0.000000000000000000e+00
6.353240152477763938e-04
0.000000000000000000e+00
1.863684771033013911e-03
9.090909090909091161e-02
0.000000000000000000e+00
0.000000000000000000e+00
0.000000000000000000e+00
0.000000000000000000e+00
0.000000000000000000e+00
0.000000000000000000e+00
0.000000000000000000e+00
0.000000000000000000e+00
4.545454545454545234e-03
0.000000000000000000e+00
0.000000000000000000e+00
0.000000000000000000e+00
0.000000000000000000e+00
0.000000000000000000e+00
0.000000000000000000e+00
0.000000000000000000e+00
0.000000000000000000e+00
0.000000000000000000e+00
0.000000000000000000e+00
1.886792452830188607e-02
0.000000000000000000e+00
0.000000000000000000e+00
2.040816326530612082e-02
0.000000000000000000e+00
1.086956521739130405e-02
0.000000000000000000e+00
1.980198019801980222e-02
0.000000000000000000e+00
0.000000000000000000e+00
0.000000000000000000e+00
4.081632653061224858e-03
0.000000000000000000e+00
0.000000000000000000e+00
2.179327521793275255e-03
2.116402116402116285e-02
0.000000000000000000e+00
0.000000000000000000e+00
0.000000000000000000e+00
0.000000000000000000e+00
7.142857142857142461e-02
0.000000000000000000e+00
0.000000000000000000e+00
1.547029702970297103e-03
0.000000000000000000e+00
0.000000000000000000e+00
0.000000000000000000e+00
0.000000000000000000e+00
0.000000000000000000e+00
0.000000000000000000e+00
1.092043681747269929e-02
0.000000000000000000e+00
0.000000000000000000e+00
0.000000000000000000e+00
5.988023952095808747e-03
0.000000000000000000e+00
0.000000000000000000e+00
0.000000000000000000e+00
2.542372881355932368e-02
0.000000000000000000e+00
0.000000000000000000e+00
6.666666666666666297e-01
4.935834155972358998e-04
0.000000000000000000e+00
4.694835680751173815e-03
4.761904761904762334e-03
0.000000000000000000e+00
0.000000000000000000e+00
0.000000000000000000e+00
2.469135802469135665e-02
0.000000000000000000e+00
2.788844621513944175e-02
5.128205128205128027e-02
0.000000000000000000e+00
1.293103448275862051e-02
0.000000000000000000e+00
4.415011037527593815e-03
1.192605843768634400e-03
0.000000000000000000e+00
0.000000000000000000e+00
3.888888888888888951e-02
5.540166204986149597e-03
0.000000000000000000e+00
0.000000000000000000e+00
0.000000000000000000e+00
0.000000000000000000e+00
1.075268817204301161e-02
0.000000000000000000e+00
0.000000000000000000e+00
0.000000000000000000e+00
2.049180327868852305e-02
0.000000000000000000e+00
0.000000000000000000e+00
4.219409282700421586e-03
0.000000000000000000e+00
0.000000000000000000e+00
0.000000000000000000e+00
0.000000000000000000e+00
9.737098344693281751e-04
0.000000000000000000e+00
0.000000000000000000e+00
3.246753246753246967e-03
0.000000000000000000e+00
1.806358381502890138e-03
0.000000000000000000e+00
0.000000000000000000e+00
0.000000000000000000e+00
1.686746987951807204e-03
0.000000000000000000e+00
0.000000000000000000e+00
4.184100418410041482e-03
0.000000000000000000e+00
0.000000000000000000e+00
0.000000000000000000e+00
0.000000000000000000e+00
3.804347826086956676e-03
0.000000000000000000e+00
0.000000000000000000e+00
0.000000000000000000e+00
0.000000000000000000e+00
0.000000000000000000e+00
1.660516605166051721e-02
0.000000000000000000e+00
0.000000000000000000e+00
0.000000000000000000e+00
2.985074626865671585e-02
0.000000000000000000e+00
0.000000000000000000e+00
0.000000000000000000e+00
0.000000000000000000e+00
0.000000000000000000e+00
3.257328990228013175e-03
0.000000000000000000e+00
0.000000000000000000e+00
0.000000000000000000e+00
0.000000000000000000e+00
0.000000000000000000e+00
1.379310344827586188e-02
2.100840336134453951e-02
1.666666666666666644e-02
0.000000000000000000e+00
1.590330788804071149e-03
2.901353965183752544e-03
1.388888888888888812e-02
1.724137931034482735e-02
0.000000000000000000e+00
0.000000000000000000e+00
0.000000000000000000e+00
5.999999999999999778e-01
5.524861878453038444e-03
0.000000000000000000e+00
1.000000000000000056e-01
0.000000000000000000e+00
2.214022140221402063e-02
2.324500232450023383e-03
0.000000000000000000e+00
0.000000000000000000e+00
4.950495049504950555e-03
1.088646967340591021e-02
2.673796791443850112e-03
0.000000000000000000e+00
0.000000000000000000e+00
1.592356687898089252e-03
0.000000000000000000e+00
4.283965728274173428e-03
0.000000000000000000e+00
0.000000000000000000e+00
1.142857142857142856e-02
2.427184466019417265e-03
9.132420091324200406e-03
0.000000000000000000e+00
1.800180018001800103e-03
0.000000000000000000e+00
0.000000000000000000e+00
0.000000000000000000e+00
0.000000000000000000e+00
0.000000000000000000e+00
0.000000000000000000e+00
1.219512195121951262e-02
0.000000000000000000e+00
0.000000000000000000e+00
5.930318754633061296e-03
2.587322121604139925e-03
0.000000000000000000e+00
0.000000000000000000e+00
0.000000000000000000e+00
0.000000000000000000e+00
0.000000000000000000e+00
3.187759005419190132e-04
1.799370220422852069e-03
0.000000000000000000e+00
0.000000000000000000e+00
0.000000000000000000e+00
0.000000000000000000e+00
1.086956521739130405e-02
0.000000000000000000e+00
0.000000000000000000e+00
0.000000000000000000e+00
0.000000000000000000e+00
1.562500000000000000e-02
1.818181818181818094e-02
0.000000000000000000e+00
0.000000000000000000e+00
4.975124378109452641e-03
1.197604790419161749e-02
0.000000000000000000e+00
0.000000000000000000e+00
0.000000000000000000e+00
2.331002331002331000e-03
3.333333333333333148e-01
1.290322580645161289e-02
0.000000000000000000e+00
1.657458563535911533e-02
0.000000000000000000e+00
3.333333333333333148e-01
0.000000000000000000e+00
0.000000000000000000e+00
0.000000000000000000e+00
0.000000000000000000e+00
0.000000000000000000e+00
0.000000000000000000e+00
0.000000000000000000e+00
0.000000000000000000e+00
0.000000000000000000e+00
0.000000000000000000e+00
9.685230024213075523e-03
0.000000000000000000e+00
0.000000000000000000e+00
0.000000000000000000e+00
0.000000000000000000e+00
0.000000000000000000e+00
0.000000000000000000e+00
2.500000000000000000e-01
1.886792452830188607e-02
2.040816326530612082e-02
0.000000000000000000e+00
0.000000000000000000e+00
7.462686567164178962e-03
0.000000000000000000e+00
0.000000000000000000e+00
1.360544217687074779e-02
3.280481137233460728e-03
8.547008547008547868e-03
0.000000000000000000e+00
6.263048016701461621e-03
0.000000000000000000e+00
5.189413596263621952e-04
3.330161750713606181e-03
0.000000000000000000e+00
1.194267515923566831e-03
0.000000000000000000e+00
0.000000000000000000e+00
0.000000000000000000e+00
5.952380952380952051e-03
0.000000000000000000e+00
5.659309564233163834e-04
2.932551319648093839e-03
0.000000000000000000e+00
0.000000000000000000e+00
2.431610942249240286e-03
3.012048192771084494e-03
2.079002079002079117e-03
0.000000000000000000e+00
0.000000000000000000e+00
0.000000000000000000e+00
0.000000000000000000e+00
3.254678600488201696e-03
0.000000000000000000e+00
8.333333333333333218e-03
0.000000000000000000e+00
0.000000000000000000e+00
6.535947712418300852e-03
0.000000000000000000e+00
0.000000000000000000e+00
0.000000000000000000e+00
0.000000000000000000e+00
0.000000000000000000e+00
0.000000000000000000e+00
2.816901408450704376e-03
0.000000000000000000e+00
0.000000000000000000e+00
0.000000000000000000e+00
0.000000000000000000e+00
0.000000000000000000e+00
0.000000000000000000e+00
0.000000000000000000e+00
3.868471953578336581e-03
0.000000000000000000e+00
0.000000000000000000e+00
5.586592178770949900e-03
0.000000000000000000e+00
0.000000000000000000e+00
9.746588693957114469e-04
2.058823529411764677e-02
0.000000000000000000e+00
0.000000000000000000e+00
4.484304932735425943e-03
0.000000000000000000e+00
0.000000000000000000e+00
9.174311926605505096e-03
1.306335728282168561e-03
0.000000000000000000e+00
1.754385964912280604e-02
0.000000000000000000e+00
5.355776587605202803e-03
0.000000000000000000e+00
6.250000000000000347e-03
2.830188679245282824e-03
0.000000000000000000e+00
0.000000000000000000e+00
0.000000000000000000e+00
0.000000000000000000e+00
0.000000000000000000e+00
1.423487544483985692e-02
4.878048780487804874e-03
0.000000000000000000e+00
5.128205128205128201e-03
6.134969325153374377e-03
0.000000000000000000e+00
6.240249609984399592e-03
0.000000000000000000e+00
1.265822784810126563e-02
0.000000000000000000e+00
9.615384615384615918e-03
0.000000000000000000e+00
0.000000000000000000e+00
0.000000000000000000e+00
0.000000000000000000e+00
0.000000000000000000e+00
1.311953352769679344e-02
4.410838059231253841e-03
0.000000000000000000e+00
0.000000000000000000e+00
0.000000000000000000e+00
9.259259259259258745e-03
0.000000000000000000e+00
9.584664536741213658e-03
7.434944237918215265e-03
4.048582995951417046e-03
0.000000000000000000e+00
0.000000000000000000e+00
0.000000000000000000e+00
0.000000000000000000e+00
0.000000000000000000e+00
1.176470588235294101e-02
0.000000000000000000e+00
0.000000000000000000e+00
0.000000000000000000e+00
0.000000000000000000e+00
0.000000000000000000e+00
0.000000000000000000e+00
2.500000000000000139e-02
0.000000000000000000e+00
0.000000000000000000e+00
2.826633165829145825e-03
1.219512195121951262e-02
1.449275362318840597e-02
0.000000000000000000e+00
1.497504159733777096e-02
0.000000000000000000e+00
0.000000000000000000e+00
0.000000000000000000e+00
1.190476190476190410e-02
0.000000000000000000e+00
5.862646566164153757e-03
1.497005988023952100e-02
0.000000000000000000e+00
0.000000000000000000e+00
2.141327623126338450e-03
1.923076923076923184e-02
0.000000000000000000e+00
0.000000000000000000e+00
5.555555555555555768e-03
1.162790697674418589e-02
0.000000000000000000e+00
0.000000000000000000e+00
5.309734513274336209e-02
6.335128286347798537e-04
0.000000000000000000e+00
0.000000000000000000e+00
0.000000000000000000e+00
1.111111111111111154e-02
0.000000000000000000e+00
0.000000000000000000e+00
0.000000000000000000e+00
8.896797153024910577e-04
0.000000000000000000e+00
0.000000000000000000e+00
0.000000000000000000e+00
0.000000000000000000e+00
2.604166666666666522e-03
2.656042496679946689e-03
0.000000000000000000e+00
9.132420091324200406e-03
5.000000000000000000e-01
6.250000000000000347e-03
3.494060097833682566e-04
0.000000000000000000e+00
0.000000000000000000e+00
1.282051282051282007e-02
0.000000000000000000e+00
1.818181818181818232e-01
0.000000000000000000e+00
0.000000000000000000e+00
1.818181818181818232e-01
0.000000000000000000e+00
0.000000000000000000e+00
0.000000000000000000e+00
0.000000000000000000e+00
0.000000000000000000e+00
0.000000000000000000e+00
2.392344497607655496e-02
5.882352941176470507e-02
2.564102564102564014e-02
1.000000000000000056e-01
3.571428571428571230e-02
0.000000000000000000e+00
8.290155440414507387e-03
0.000000000000000000e+00
0.000000000000000000e+00
2.773375594294770312e-03
0.000000000000000000e+00
0.000000000000000000e+00
0.000000000000000000e+00
0.000000000000000000e+00
0.000000000000000000e+00
0.000000000000000000e+00
0.000000000000000000e+00
0.000000000000000000e+00
0.000000000000000000e+00
3.225806451612903136e-02
0.000000000000000000e+00
4.016064257028112081e-03
2.136752136752136967e-03
9.404388714733542820e-03
0.000000000000000000e+00
2.463054187192118341e-02
3.097345132743362789e-02
2.093144950287807553e-03
0.000000000000000000e+00
0.000000000000000000e+00
0.000000000000000000e+00
1.020408163265306041e-02
0.000000000000000000e+00
0.000000000000000000e+00
0.000000000000000000e+00
0.000000000000000000e+00
0.000000000000000000e+00
0.000000000000000000e+00
0.000000000000000000e+00
3.937007874015747977e-02
0.000000000000000000e+00
3.314917127071823066e-02
0.000000000000000000e+00
5.333333333333333155e-03
0.000000000000000000e+00
0.000000000000000000e+00
0.000000000000000000e+00
0.000000000000000000e+00
2.695417789757412544e-03
0.000000000000000000e+00
0.000000000000000000e+00
0.000000000000000000e+00
0.000000000000000000e+00
0.000000000000000000e+00
8.705745792222867145e-04
0.000000000000000000e+00
1.282051282051282007e-02
1.818181818181818180e-03
0.000000000000000000e+00
3.941441441441441082e-03
0.000000000000000000e+00
0.000000000000000000e+00
0.000000000000000000e+00
4.285714285714285754e-02
0.000000000000000000e+00
0.000000000000000000e+00
0.000000000000000000e+00
0.000000000000000000e+00
0.000000000000000000e+00
0.000000000000000000e+00
1.000000000000000056e-01
0.000000000000000000e+00
1.639344262295082053e-02
0.000000000000000000e+00
1.366120218579234971e-03
0.000000000000000000e+00
0.000000000000000000e+00
3.703703703703703498e-02
9.029345372460495858e-03
4.280821917808218940e-04
0.000000000000000000e+00
0.000000000000000000e+00
0.000000000000000000e+00
0.000000000000000000e+00
0.000000000000000000e+00
3.658536585365853439e-02
6.458557588805167136e-03
0.000000000000000000e+00
0.000000000000000000e+00
0.000000000000000000e+00
1.087350489307720158e-03
1.123595505617977497e-02
0.000000000000000000e+00
0.000000000000000000e+00
0.000000000000000000e+00
1.298701298701298787e-02
1.192250372578241430e-02
0.000000000000000000e+00
0.000000000000000000e+00
0.000000000000000000e+00
3.731343283582089481e-03
0.000000000000000000e+00
0.000000000000000000e+00
1.018922852983988360e-02
4.641909814323607296e-03
0.000000000000000000e+00
1.215805471124620056e-02
8.000000000000000167e-03
3.333333333333333148e-01
0.000000000000000000e+00
5.687203791469194053e-03
0.000000000000000000e+00
0.000000000000000000e+00
0.000000000000000000e+00
0.000000000000000000e+00
0.000000000000000000e+00
0.000000000000000000e+00
0.000000000000000000e+00
4.504504504504504465e-03
0.000000000000000000e+00
0.000000000000000000e+00
1.362862010221465095e-02
4.545454545454545581e-02
0.000000000000000000e+00
3.418803418803419147e-02
0.000000000000000000e+00
1.666666666666666574e-01
3.030303030303030387e-02
0.000000000000000000e+00
0.000000000000000000e+00
0.000000000000000000e+00
0.000000000000000000e+00
0.000000000000000000e+00
0.000000000000000000e+00
6.968641114982578391e-03
3.215434083601286137e-03
3.598560575769692120e-03
0.000000000000000000e+00
1.904761904761904760e-03
0.000000000000000000e+00
5.882352941176470507e-03
0.000000000000000000e+00
0.000000000000000000e+00
3.194888178913737886e-03
0.000000000000000000e+00
8.149010477299184485e-03
6.493506493506493935e-03
0.000000000000000000e+00
0.000000000000000000e+00
0.000000000000000000e+00
0.000000000000000000e+00
4.477611940298507724e-03
0.000000000000000000e+00
3.906250000000000000e-03
0.000000000000000000e+00
0.000000000000000000e+00
1.605504587155963392e-02
2.777777777777777624e-02
0.000000000000000000e+00
0.000000000000000000e+00
9.090909090909091161e-02
0.000000000000000000e+00
0.000000000000000000e+00
0.000000000000000000e+00
9.090909090909091161e-02
2.403846153846153980e-03
0.000000000000000000e+00
0.000000000000000000e+00
0.000000000000000000e+00
0.000000000000000000e+00
0.000000000000000000e+00
0.000000000000000000e+00
0.000000000000000000e+00
2.654867256637168105e-02
0.000000000000000000e+00
0.000000000000000000e+00
0.000000000000000000e+00
0.000000000000000000e+00
0.000000000000000000e+00
1.248439450686641711e-03
2.252252252252252146e-02
4.542504866969500690e-03
0.000000000000000000e+00
0.000000000000000000e+00
1.290322580645161289e-02
0.000000000000000000e+00
0.000000000000000000e+00
0.000000000000000000e+00
4.313000616142944818e-03
0.000000000000000000e+00
3.636363636363636187e-02
2.926829268292682924e-03
1.650165016501650012e-02
1.391650099403578603e-02
0.000000000000000000e+00
0.000000000000000000e+00
0.000000000000000000e+00
2.500000000000000000e-01
1.284109149277688593e-02
0.000000000000000000e+00
0.000000000000000000e+00
1.261829652996845387e-02
0.000000000000000000e+00
6.282722513089005444e-03
0.000000000000000000e+00
7.556675062972291988e-03
0.000000000000000000e+00
0.000000000000000000e+00
0.000000000000000000e+00
0.000000000000000000e+00
0.000000000000000000e+00
2.314814814814814686e-03
2.288329519450800920e-03
3.039513677811550140e-03
0.000000000000000000e+00
0.000000000000000000e+00
0.000000000000000000e+00
0.000000000000000000e+00
0.000000000000000000e+00
1.111111111111111049e-01
7.527286413248024345e-04
0.000000000000000000e+00
0.000000000000000000e+00
0.000000000000000000e+00
0.000000000000000000e+00
0.000000000000000000e+00
8.333333333333332871e-02
0.000000000000000000e+00
1.127819548872180389e-02
0.000000000000000000e+00
0.000000000000000000e+00
1.400560224089635909e-02
0.000000000000000000e+00
0.000000000000000000e+00
4.044489383215369230e-03
0.000000000000000000e+00
8.333333333333332871e-02
0.000000000000000000e+00
0.000000000000000000e+00
6.141248720573182912e-03
7.917656373713380467e-04
0.000000000000000000e+00
0.000000000000000000e+00
0.000000000000000000e+00
0.000000000000000000e+00
6.963788300835654617e-04
0.000000000000000000e+00
0.000000000000000000e+00
0.000000000000000000e+00
1.713306681896059310e-03
0.000000000000000000e+00
2.768166089965398008e-02
7.488766849725411344e-04
0.000000000000000000e+00
0.000000000000000000e+00
0.000000000000000000e+00
2.331002331002331000e-03
1.111111111111111154e-02
0.000000000000000000e+00
0.000000000000000000e+00
1.052631578947368397e-02
0.000000000000000000e+00
1.666666666666666644e-02
0.000000000000000000e+00
0.000000000000000000e+00
1.360544217687074736e-03
0.000000000000000000e+00
8.771929824561403022e-03
0.000000000000000000e+00
7.990867579908675356e-03
2.825999192571659185e-03
2.127659574468085055e-02
0.000000000000000000e+00
0.000000000000000000e+00
0.000000000000000000e+00
0.000000000000000000e+00
1.845018450184501835e-02
0.000000000000000000e+00
0.000000000000000000e+00
0.000000000000000000e+00
0.000000000000000000e+00
0.000000000000000000e+00
2.380952380952380820e-02
6.622516556291390723e-03
2.922755741127348698e-03
0.000000000000000000e+00
1.176470588235294101e-02
0.000000000000000000e+00
1.956947162426614373e-03
7.490636704119850268e-03
5.102040816326530205e-03
2.237136465324384739e-03
5.376344086021505805e-03
1.939058171745152229e-02
0.000000000000000000e+00
0.000000000000000000e+00
0.000000000000000000e+00
0.000000000000000000e+00
0.000000000000000000e+00
0.000000000000000000e+00
0.000000000000000000e+00
5.537098560354374727e-03
1.298701298701298787e-02
0.000000000000000000e+00
0.000000000000000000e+00
0.000000000000000000e+00
1.494768310911808720e-03
1.869158878504672758e-02
0.000000000000000000e+00
0.000000000000000000e+00
2.770083102493074798e-03
0.000000000000000000e+00
0.000000000000000000e+00
1.704545454545454463e-03
0.000000000000000000e+00
0.000000000000000000e+00
4.761904761904761640e-02
0.000000000000000000e+00
8.273009307135471141e-03
1.518987341772151840e-02
0.000000000000000000e+00
0.000000000000000000e+00
0.000000000000000000e+00
0.000000000000000000e+00
0.000000000000000000e+00
0.000000000000000000e+00
0.000000000000000000e+00
0.000000000000000000e+00
0.000000000000000000e+00
1.392757660167130880e-02
1.428571428571428492e-01
0.000000000000000000e+00
4.761904761904761640e-02
0.000000000000000000e+00
0.000000000000000000e+00
0.000000000000000000e+00
0.000000000000000000e+00
9.615384615384615918e-03
0.000000000000000000e+00
0.000000000000000000e+00
0.000000000000000000e+00
0.000000000000000000e+00
0.000000000000000000e+00
1.694915254237288130e-02
0.000000000000000000e+00
0.000000000000000000e+00
0.000000000000000000e+00
3.061849357011634833e-03
0.000000000000000000e+00
0.000000000000000000e+00
5.982905982905983334e-03
1.754385964912280604e-02
2.366863905325443732e-02
0.000000000000000000e+00
0.000000000000000000e+00
0.000000000000000000e+00
0.000000000000000000e+00
6.060606060606060601e-03
6.024096385542168988e-03
9.244992295839753790e-04
0.000000000000000000e+00
5.263157894736841987e-03
3.005259203606311207e-03
0.000000000000000000e+00
0.000000000000000000e+00
1.855287569573283888e-03
0.000000000000000000e+00
8.156606851549754594e-03
0.000000000000000000e+00
0.000000000000000000e+00
0.000000000000000000e+00
0.000000000000000000e+00
0.000000000000000000e+00
0.000000000000000000e+00
5.063291139240506250e-02
0.000000000000000000e+00
0.000000000000000000e+00
0.000000000000000000e+00
2.061855670103092744e-02
0.000000000000000000e+00
0.000000000000000000e+00
2.869440459110473608e-03
3.921568627450980338e-03
0.000000000000000000e+00
0.000000000000000000e+00
1.183431952662721866e-02
2.439024390243902524e-02
1.817355747387551035e-03
4.347826086956521618e-02
1.092896174863387977e-02
0.000000000000000000e+00
0.000000000000000000e+00
1.351351351351351426e-02
0.000000000000000000e+00
0.000000000000000000e+00
0.000000000000000000e+00
0.000000000000000000e+00
6.317689530685920152e-03
0.000000000000000000e+00
3.174603174603174600e-03
1.111111111111111049e-01
2.283974114960030458e-03
1.766784452296819765e-03
0.000000000000000000e+00
1.265822784810126563e-02
0.000000000000000000e+00
0.000000000000000000e+00
5.000000000000000000e-01
0.000000000000000000e+00
0.000000000000000000e+00
0.000000000000000000e+00
7.692307692307692735e-02
1.279317697228144965e-02
8.928571428571428076e-03
0.000000000000000000e+00
7.337526205450734147e-03
0.000000000000000000e+00
0.000000000000000000e+00
5.005005005005004962e-04
0.000000000000000000e+00
0.000000000000000000e+00
1.376146788990825764e-02
2.564102564102564014e-02
0.000000000000000000e+00
0.000000000000000000e+00
2.352941176470588203e-02
0.000000000000000000e+00
0.000000000000000000e+00
4.761904761904761640e-02
2.136752136752136794e-02
0.000000000000000000e+00
0.000000000000000000e+00
0.000000000000000000e+00
1.041666666666666609e-02
7.468259895444361984e-04
0.000000000000000000e+00
5.063291139240506250e-02
2.057613168724280010e-03
0.000000000000000000e+00
2.806361085126286067e-03
1.081081081081081141e-02
0.000000000000000000e+00
1.355013550135501441e-02
0.000000000000000000e+00
3.496503496503496500e-03
0.000000000000000000e+00
0.000000000000000000e+00
1.254180602006688995e-03
5.805515239477503173e-04
0.000000000000000000e+00
0.000000000000000000e+00
9.259259259259258745e-03
0.000000000000000000e+00
0.000000000000000000e+00
8.968609865470851886e-03
0.000000000000000000e+00
9.324009324009324001e-03
0.000000000000000000e+00
2.518891687657430663e-03
0.000000000000000000e+00
0.000000000000000000e+00
9.019165727170236346e-03
0.000000000000000000e+00
0.000000000000000000e+00
1.718213058419243953e-03
1.160092807424593919e-03
4.494382022471910508e-03
1.716738197424892698e-02
4.484304932735425943e-03
0.000000000000000000e+00
1.024590163934426153e-02
0.000000000000000000e+00
0.000000000000000000e+00
4.100041000410003860e-04
4.866180048661800615e-03
1.034482758620689641e-01
1.041666666666666609e-02
0.000000000000000000e+00
1.683501683501683428e-03
0.000000000000000000e+00
0.000000000000000000e+00
9.900990099009901110e-03
6.507592190889370694e-03
1.449275362318840597e-02
0.000000000000000000e+00
0.000000000000000000e+00
0.000000000000000000e+00
9.009009009009008931e-03
7.662835249042145849e-04
0.000000000000000000e+00
2.097902097902097987e-02
1.565557729941291498e-02
0.000000000000000000e+00
0.000000000000000000e+00
0.000000000000000000e+00
0.000000000000000000e+00
6.024096385542168988e-03
3.169014084507042195e-02
0.000000000000000000e+00
9.009009009009008931e-03
0.000000000000000000e+00
5.275056518462697443e-03
1.608825557343139447e-03
0.000000000000000000e+00
1.219512195121951262e-02
2.592352559948152974e-03
1.088139281828074019e-03
4.119464469618949395e-03
1.020408163265306041e-02
2.500000000000000000e-01
0.000000000000000000e+00
0.000000000000000000e+00
0.000000000000000000e+00
1.492537313432835792e-02
0.000000000000000000e+00
0.000000000000000000e+00
4.166666666666666435e-02
3.278688524590163932e-03
1.323626737260092659e-03
0.000000000000000000e+00
8.438818565400843172e-03
0.000000000000000000e+00
0.000000000000000000e+00
0.000000000000000000e+00
9.523809523809524669e-03
3.228410008071024885e-03
1.284109149277688593e-02
6.125574272588055376e-03
0.000000000000000000e+00
2.266288951841359881e-02
5.769230769230769551e-02
1.298279779292437494e-03
0.000000000000000000e+00
0.000000000000000000e+00
0.000000000000000000e+00
6.020469596628537021e-04
6.191950464396285200e-03
2.508361204013377990e-03
3.717472118959107633e-03
5.046257359125315596e-03
0.000000000000000000e+00
6.109979633401221855e-03
0.000000000000000000e+00
0.000000000000000000e+00
0.000000000000000000e+00
4.584151931892600264e-03
9.302325581395348708e-02
6.060606060606060774e-02
0.000000000000000000e+00
0.000000000000000000e+00
0.000000000000000000e+00
0.000000000000000000e+00
0.000000000000000000e+00
0.000000000000000000e+00
0.000000000000000000e+00
2.898550724637681195e-02
0.000000000000000000e+00
1.322314049586776957e-03
9.345794392523363789e-03
1.089918256130790152e-02
0.000000000000000000e+00
1.342732460557233970e-03
2.409638554216867682e-03
0.000000000000000000e+00
2.479338842975206680e-02
0.000000000000000000e+00
0.000000000000000000e+00
0.000000000000000000e+00
0.000000000000000000e+00
0.000000000000000000e+00
0.000000000000000000e+00
8.928571428571428076e-03
2.409638554216867595e-02
0.000000000000000000e+00
0.000000000000000000e+00
1.881720430107526945e-02
1.528384279475982453e-02
4.524886877828054703e-03
1.067615658362989356e-02
2.000000000000000111e-01
0.000000000000000000e+00
5.970149253731343343e-03
0.000000000000000000e+00
3.603603603603603572e-02
0.000000000000000000e+00
0.000000000000000000e+00
0.000000000000000000e+00
0.000000000000000000e+00
6.369426751592357008e-03
1.047120418848167603e-02
0.000000000000000000e+00
0.000000000000000000e+00
0.000000000000000000e+00
0.000000000000000000e+00
0.000000000000000000e+00
0.000000000000000000e+00
0.000000000000000000e+00
0.000000000000000000e+00
5.076142131979695035e-03
1.656314699792960782e-02
0.000000000000000000e+00
6.060606060606060601e-03
0.000000000000000000e+00
0.000000000000000000e+00
0.000000000000000000e+00
0.000000000000000000e+00
8.902077151335311897e-03
0.000000000000000000e+00
0.000000000000000000e+00
1.562500000000000087e-03
0.000000000000000000e+00
0.000000000000000000e+00
1.694915254237288130e-02
0.000000000000000000e+00
0.000000000000000000e+00
0.000000000000000000e+00
1.030927835051546372e-02
0.000000000000000000e+00
0.000000000000000000e+00
0.000000000000000000e+00
3.333333333333333148e-01
0.000000000000000000e+00
0.000000000000000000e+00
0.000000000000000000e+00
0.000000000000000000e+00
1.724137931034482735e-02
2.753303964757709398e-03
1.136363636363636395e-02
1.086956521739130405e-02
0.000000000000000000e+00
3.125000000000000000e-02
1.739130434782608717e-02
0.000000000000000000e+00
0.000000000000000000e+00
0.000000000000000000e+00
4.405286343612335211e-03
6.570302233902759661e-04
2.375296912114014357e-03
0.000000000000000000e+00
0.000000000000000000e+00
0.000000000000000000e+00
0.000000000000000000e+00
4.878048780487805047e-02
9.699321047526673250e-04
2.222222222222222307e-02
5.167958656330749571e-03
0.000000000000000000e+00
5.882352941176470507e-02
0.000000000000000000e+00
3.717472118959107633e-03
0.000000000000000000e+00
1.294498381877022715e-02
0.000000000000000000e+00
7.042253521126760722e-03
0.000000000000000000e+00
0.000000000000000000e+00
1.639344262295082053e-02
0.000000000000000000e+00
6.944444444444444059e-03
1.474926253687315614e-02
1.856148491879350357e-03
2.785515320334261847e-03
1.000000000000000000e+00
9.302325581395348708e-03
0.000000000000000000e+00
0.000000000000000000e+00
4.032258064516128920e-03
0.000000000000000000e+00
0.000000000000000000e+00
7.672634271099744441e-03
2.604166666666666522e-03
3.246753246753246967e-03
4.229607250755287005e-03
0.000000000000000000e+00
9.049773755656109406e-03
0.000000000000000000e+00
0.000000000000000000e+00
6.651884700665188464e-03
1.953125000000000000e-03
0.000000000000000000e+00
0.000000000000000000e+00
0.000000000000000000e+00
3.125000000000000000e-02
0.000000000000000000e+00
2.309468822170900656e-03
0.000000000000000000e+00
0.000000000000000000e+00
1.119402985074626801e-02
2.656748140276301868e-03
0.000000000000000000e+00
0.000000000000000000e+00
0.000000000000000000e+00
1.666666666666666574e-01
0.000000000000000000e+00
0.000000000000000000e+00
0.000000000000000000e+00
1.090909090909090995e-02
3.610108303249097601e-03
0.000000000000000000e+00
0.000000000000000000e+00
3.322259136212624663e-03
5.000000000000000104e-03
6.060606060606060601e-03
0.000000000000000000e+00
0.000000000000000000e+00
1.546391752577319645e-02
4.539559014267185826e-03
0.000000000000000000e+00
0.000000000000000000e+00
1.848428835489833617e-03
0.000000000000000000e+00
1.864975755315180896e-03
1.515151515151515194e-02
1.960784313725490169e-02
0.000000000000000000e+00
0.000000000000000000e+00
0.000000000000000000e+00
6.375227686703096967e-03
0.000000000000000000e+00
0.000000000000000000e+00
0.000000000000000000e+00
6.329113924050632813e-03
0.000000000000000000e+00
1.282051282051282007e-02
0.000000000000000000e+00
3.703703703703703498e-02
0.000000000000000000e+00
1.707317073170731836e-02
7.345225603357817198e-03
1.369863013698630061e-02
0.000000000000000000e+00
0.000000000000000000e+00
1.149425287356321823e-02
4.307250538406317240e-03
0.000000000000000000e+00
4.120070629782224617e-03
2.962962962962963076e-02
1.226993865030674919e-03
0.000000000000000000e+00
0.000000000000000000e+00
6.622516556291390723e-03
0.000000000000000000e+00
0.000000000000000000e+00
0.000000000000000000e+00
0.000000000000000000e+00
5.555555555555555247e-02
0.000000000000000000e+00
0.000000000000000000e+00
4.854368932038834530e-03
0.000000000000000000e+00
0.000000000000000000e+00
0.000000000000000000e+00
1.077586206896551709e-03
0.000000000000000000e+00
0.000000000000000000e+00
0.000000000000000000e+00
0.000000000000000000e+00
0.000000000000000000e+00
0.000000000000000000e+00
0.000000000000000000e+00
6.557377049180327863e-03
5.882352941176470507e-02
4.778972520908004486e-03
0.000000000000000000e+00
0.000000000000000000e+00
0.000000000000000000e+00
5.464480874316939886e-03
4.477611940298507724e-03
0.000000000000000000e+00
4.479283314669652884e-03
1.551189245087900622e-03
0.000000000000000000e+00
0.000000000000000000e+00
0.000000000000000000e+00
3.846153846153846367e-02
0.000000000000000000e+00
0.000000000000000000e+00
8.739076154806492414e-03
0.000000000000000000e+00
3.311258278145695622e-02
0.000000000000000000e+00
0.000000000000000000e+00
5.000000000000000000e-01
0.000000000000000000e+00
0.000000000000000000e+00
0.000000000000000000e+00
0.000000000000000000e+00
5.617977528089887485e-03
0.000000000000000000e+00
1.459854014598540098e-02
4.081632653061224858e-03
7.928642220019821441e-03
0.000000000000000000e+00
0.000000000000000000e+00
1.250000000000000069e-02
0.000000000000000000e+00
0.000000000000000000e+00
0.000000000000000000e+00
0.000000000000000000e+00
4.962779156327543420e-03
1.680672268907562952e-02
0.000000000000000000e+00
0.000000000000000000e+00
0.000000000000000000e+00
9.090909090909091161e-02
0.000000000000000000e+00
6.560449859418931301e-03
1.384083044982699004e-02
1.219512195121951262e-02
0.000000000000000000e+00
0.000000000000000000e+00
0.000000000000000000e+00
5.714285714285714107e-02
0.000000000000000000e+00
0.000000000000000000e+00
0.000000000000000000e+00
1.051524710830704489e-03
0.000000000000000000e+00
0.000000000000000000e+00
0.000000000000000000e+00
0.000000000000000000e+00
1.769911504424778736e-02
8.793969849246231069e-03
0.000000000000000000e+00
9.900990099009901110e-03
0.000000000000000000e+00
4.724409448818897572e-03
0.000000000000000000e+00
0.000000000000000000e+00
0.000000000000000000e+00
0.000000000000000000e+00
0.000000000000000000e+00
9.478672985781991245e-03
8.130081300813008123e-04
0.000000000000000000e+00
0.000000000000000000e+00
0.000000000000000000e+00
0.000000000000000000e+00
0.000000000000000000e+00
0.000000000000000000e+00
1.962708537782139207e-03
0.000000000000000000e+00
9.775171065493646130e-04
0.000000000000000000e+00
0.000000000000000000e+00
2.816901408450704289e-02
3.039513677811550140e-03
0.000000000000000000e+00
0.000000000000000000e+00
4.385964912280701511e-03
1.785714285714285615e-02
2.902757619738751804e-03
9.168704156479217564e-04
0.000000000000000000e+00
0.000000000000000000e+00
0.000000000000000000e+00
0.000000000000000000e+00
0.000000000000000000e+00
0.000000000000000000e+00
0.000000000000000000e+00
0.000000000000000000e+00
1.301518438177874139e-02
0.000000000000000000e+00
0.000000000000000000e+00
