9.978175759315490723e-01
9.968844652175903320e-01
9.969688653945922852e-01
9.949234724044799805e-01
9.898768663406372070e-01
9.534526467323303223e-01
9.955550432205200195e-01
9.987888932228088379e-01
9.961178302764892578e-01
9.988691806793212891e-01
9.881977438926696777e-01
9.784761667251586914e-01
9.967196583747863770e-01
9.408332109451293945e-01
9.982609152793884277e-01
9.976259469985961914e-01
9.975480437278747559e-01
9.901174902915954590e-01
9.894376397132873535e-01
9.938886165618896484e-01
9.918091893196105957e-01
9.988338351249694824e-01
9.837870597839355469e-01
9.787161350250244141e-01
9.880553483963012695e-01
9.960750341415405273e-01
9.955435991287231445e-01
9.949869513511657715e-01
9.997332096099853516e-01
9.852064847946166992e-01
9.598181247711181641e-01
9.418951869010925293e-01
9.815157651901245117e-01
9.957275390625000000e-01
9.421877264976501465e-01
9.971853494644165039e-01
9.928715825080871582e-01
9.973847866058349609e-01
9.852672815322875977e-01
9.699343442916870117e-01
9.944657683372497559e-01
9.994463920593261719e-01
9.983631372451782227e-01
9.997387528419494629e-01
9.953968524932861328e-01
9.992564320564270020e-01
9.895824790000915527e-01
9.322776198387145996e-01
9.980906248092651367e-01
9.968855381011962891e-01
9.925245046615600586e-01
9.901570081710815430e-01
9.885696768760681152e-01
9.896005988121032715e-01
9.956042170524597168e-01
9.959742426872253418e-01
9.955836534500122070e-01
9.937764406204223633e-01
9.988809227943420410e-01
9.996116757392883301e-01
9.893174171447753906e-01
9.937450885772705078e-01
9.845947623252868652e-01
9.947164058685302734e-01
9.951964616775512695e-01
9.951043128967285156e-01
9.855235219001770020e-01
9.953760504722595215e-01
9.955891370773315430e-01
9.958784580230712891e-01
9.896972775459289551e-01
9.989969730377197266e-01
9.964727163314819336e-01
9.883700013160705566e-01
9.357691407203674316e-01
9.947677850723266602e-01
9.954185485839843750e-01
9.746907353401184082e-01
9.901069998741149902e-01
9.571889638900756836e-01
9.862911105155944824e-01
9.900998473167419434e-01
9.966644644737243652e-01
9.979801177978515625e-01
9.961187243461608887e-01
9.997758865356445312e-01
9.978324770927429199e-01
9.953025579452514648e-01
9.942096471786499023e-01
9.998584389686584473e-01
9.735804200172424316e-01
9.920566678047180176e-01
9.966191053390502930e-01
7.962439656257629395e-01
9.439321756362915039e-01
9.993160963058471680e-01
9.978506565093994141e-01
9.992614984512329102e-01
9.954705834388732910e-01
9.853157401084899902e-01
9.889760017395019531e-01
9.975095987319946289e-01
9.939187765121459961e-01
9.916897416114807129e-01
9.899631142616271973e-01
9.969503879547119141e-01
9.830643534660339355e-01
9.721983671188354492e-01
9.976860284805297852e-01
9.950690865516662598e-01
9.801970720291137695e-01
9.764912724494934082e-01
9.959622025489807129e-01
9.822787642478942871e-01
9.975554943084716797e-01
9.969276785850524902e-01
9.958975315093994141e-01
9.993041157722473145e-01
9.980248808860778809e-01
9.947866797447204590e-01
9.985860586166381836e-01
9.694308042526245117e-01
9.863643050193786621e-01
9.984058141708374023e-01
9.978604912757873535e-01
9.980677366256713867e-01
9.777441620826721191e-01
9.910039305686950684e-01
9.977147579193115234e-01
9.964604973793029785e-01
8.955553174018859863e-01
9.999113082885742188e-01
9.944927692413330078e-01
9.946563243865966797e-01
9.938869476318359375e-01
9.893983006477355957e-01
9.923021793365478516e-01
9.928598999977111816e-01
9.904246330261230469e-01
9.928120374679565430e-01
9.943506717681884766e-01
9.999506473541259766e-01
9.874648451805114746e-01
9.908483028411865234e-01
9.864069223403930664e-01
9.971528053283691406e-01
9.945298433303833008e-01
9.993183016777038574e-01
9.669283032417297363e-01
9.557977318763732910e-01
9.806644320487976074e-01
9.905729293823242188e-01
9.938219189643859863e-01
9.769279956817626953e-01
9.974514245986938477e-01
9.953463673591613770e-01
9.944705963134765625e-01
9.933537244796752930e-01
9.836992621421813965e-01
9.991585612297058105e-01
9.924865961074829102e-01
9.963384270668029785e-01
9.945027232170104980e-01
9.894856810569763184e-01
9.969182014465332031e-01
9.998024106025695801e-01
9.413344264030456543e-01
9.957978725433349609e-01
9.729036688804626465e-01
9.977590441703796387e-01
9.763724803924560547e-01
9.834904074668884277e-01
9.981591105461120605e-01
9.992809295654296875e-01
9.885920286178588867e-01
9.894513487815856934e-01
9.939689636230468750e-01
9.716677069664001465e-01
9.963670372962951660e-01
9.767889380455017090e-01
9.977803230285644531e-01
9.929890036582946777e-01
9.973745942115783691e-01
9.987510442733764648e-01
9.998862147331237793e-01
9.957399964332580566e-01
9.954438805580139160e-01
9.657863378524780273e-01
9.892024397850036621e-01
9.907546639442443848e-01
9.982741475105285645e-01
9.918009042739868164e-01
9.927042126655578613e-01
9.915887713432312012e-01
9.984695911407470703e-01
9.983708262443542480e-01
9.713809490203857422e-01
7.772965431213378906e-01
9.915383458137512207e-01
9.994475841522216797e-01
9.880424737930297852e-01
9.776290655136108398e-01
9.991897940635681152e-01
9.829281568527221680e-01
9.969570040702819824e-01
9.967415928840637207e-01
9.919850826263427734e-01
9.974155426025390625e-01
9.989488720893859863e-01
9.885870814323425293e-01
9.963082075119018555e-01
9.702858924865722656e-01
9.736328125000000000e-01
9.549188613891601562e-01
9.977658390998840332e-01
9.936180114746093750e-01
9.945873022079467773e-01
9.925971031188964844e-01
9.729321599006652832e-01
9.979219436645507812e-01
9.931384325027465820e-01
9.919338822364807129e-01
9.767472743988037109e-01
9.845878481864929199e-01
9.930188059806823730e-01
9.994823336601257324e-01
9.988099932670593262e-01
8.906808495521545410e-01
9.981605410575866699e-01
9.627205133438110352e-01
9.947882890701293945e-01
9.875230789184570312e-01
9.961515069007873535e-01
9.989017248153686523e-01
9.916380643844604492e-01
9.531547427177429199e-01
9.776088595390319824e-01
9.980992078781127930e-01
9.896076321601867676e-01
9.930428266525268555e-01
9.967154264450073242e-01
9.799481630325317383e-01
9.872722029685974121e-01
9.979455471038818359e-01
9.995632171630859375e-01
9.870409369468688965e-01
9.878975749015808105e-01
9.946931600570678711e-01
9.979639053344726562e-01
9.835584163665771484e-01
9.646568894386291504e-01
9.975639581680297852e-01
9.961991310119628906e-01
9.973943233489990234e-01
9.915228486061096191e-01
9.609469175338745117e-01
9.972265362739562988e-01
9.974354505538940430e-01
9.942399859428405762e-01
9.919003248214721680e-01
9.984669089317321777e-01
9.888543486595153809e-01
9.868093729019165039e-01
9.982619285583496094e-01
9.976615905761718750e-01
9.869980216026306152e-01
9.606491923332214355e-01
9.989694952964782715e-01
9.468352198600769043e-01
9.578435420989990234e-01
9.977217316627502441e-01
9.993293285369873047e-01
9.905610680580139160e-01
9.921149015426635742e-01
9.870752096176147461e-01
9.927793145179748535e-01
9.978354573249816895e-01
9.977784156799316406e-01
9.978666305541992188e-01
9.892318844795227051e-01
9.860875606536865234e-01
9.966744184494018555e-01
9.962902069091796875e-01
9.996894001960754395e-01
9.986590743064880371e-01
9.980239868164062500e-01
9.983970522880554199e-01
9.749511480331420898e-01
9.948478937149047852e-01
9.954005479812622070e-01
9.831197261810302734e-01
9.276018738746643066e-01
9.973685145378112793e-01
9.984515905380249023e-01
9.942176938056945801e-01
9.871601462364196777e-01
9.891646504402160645e-01
9.894090294837951660e-01
9.983699917793273926e-01
9.955661892890930176e-01
9.977335929870605469e-01
9.980375170707702637e-01
9.880694150924682617e-01
9.971103072166442871e-01
9.974473118782043457e-01
9.972308874130249023e-01
9.903555512428283691e-01
9.422097206115722656e-01
9.856503605842590332e-01
9.931598305702209473e-01
9.944796562194824219e-01
9.883084297180175781e-01
9.827038049697875977e-01
9.182014465332031250e-01
9.980835318565368652e-01
9.987379312515258789e-01
9.957598447799682617e-01
9.921130537986755371e-01
9.809581041336059570e-01
9.986356496810913086e-01
9.931153059005737305e-01
9.974979162216186523e-01
9.730765819549560547e-01
9.995907545089721680e-01
9.869039058685302734e-01
9.989125132560729980e-01
9.882218241691589355e-01
9.825711250305175781e-01
9.989675283432006836e-01
9.996734857559204102e-01
9.920930862426757812e-01
9.982823133468627930e-01
9.994466304779052734e-01
9.963822364807128906e-01
9.972349405288696289e-01
9.953023791313171387e-01
9.948433041572570801e-01
9.981729984283447266e-01
9.859099984169006348e-01
9.855443239212036133e-01
9.959083795547485352e-01
9.955066442489624023e-01
9.918013811111450195e-01
9.976573586463928223e-01
9.979742169380187988e-01
9.921022057533264160e-01
9.901394844055175781e-01
9.840347170829772949e-01
9.880275726318359375e-01
9.580941796302795410e-01
9.889791607856750488e-01
9.936522245407104492e-01
9.988313913345336914e-01
9.968783259391784668e-01
9.917838573455810547e-01
9.934231638908386230e-01
9.916816353797912598e-01
9.602000117301940918e-01
9.795396924018859863e-01
9.987468719482421875e-01
9.876603484153747559e-01
9.966627359390258789e-01
9.973247051239013672e-01
9.971233010292053223e-01
9.966898560523986816e-01
9.965590238571166992e-01
9.979351162910461426e-01
9.905720353126525879e-01
9.890112280845642090e-01
9.960246086120605469e-01
9.942287802696228027e-01
9.983780980110168457e-01
9.951853752136230469e-01
9.922229051589965820e-01
9.883093237876892090e-01
9.833242297172546387e-01
9.982191324234008789e-01
9.823692440986633301e-01
9.903756976127624512e-01
9.964631795883178711e-01
9.970785975456237793e-01
9.856181144714355469e-01
9.978440999984741211e-01
9.935140609741210938e-01
9.964788556098937988e-01
9.961347579956054688e-01
9.962904453277587891e-01
9.952600002288818359e-01
9.946303963661193848e-01
9.794862866401672363e-01
9.984973073005676270e-01
9.975550770759582520e-01
9.979970455169677734e-01
9.919190406799316406e-01
9.941844344139099121e-01
9.958136081695556641e-01
9.896197319030761719e-01
9.974974393844604492e-01
9.965646266937255859e-01
9.917599558830261230e-01
9.928745031356811523e-01
9.988091588020324707e-01
9.829463958740234375e-01
9.978085160255432129e-01
9.694958925247192383e-01
9.985489249229431152e-01
9.979357719421386719e-01
9.978242516517639160e-01
9.838125109672546387e-01
9.946504235267639160e-01
9.989557862281799316e-01
9.958400726318359375e-01
9.929501414299011230e-01
9.966422319412231445e-01
9.948252439498901367e-01
9.908254146575927734e-01
9.874567389488220215e-01
8.326082825660705566e-01
9.965641498565673828e-01
9.952350258827209473e-01
9.938488602638244629e-01
9.712421894073486328e-01
9.967818856239318848e-01
9.501239061355590820e-01
9.920376539230346680e-01
9.971260428428649902e-01
9.839438796043395996e-01
9.934322237968444824e-01
9.974490404129028320e-01
9.945604205131530762e-01
9.685363769531250000e-01
9.666486978530883789e-01
9.963220357894897461e-01
9.921339750289916992e-01
9.971318244934082031e-01
9.811126589775085449e-01
9.915102720260620117e-01
9.922957420349121094e-01
9.758865237236022949e-01
9.984164834022521973e-01
9.947131276130676270e-01
9.997642636299133301e-01
9.800779223442077637e-01
9.950817823410034180e-01
9.787142872810363770e-01
9.849330186843872070e-01
9.907081127166748047e-01
9.974387884140014648e-01
9.819204807281494141e-01
9.981133937835693359e-01
9.935100674629211426e-01
9.971910119056701660e-01
9.998066425323486328e-01
9.992366433143615723e-01
9.929305911064147949e-01
9.453527927398681641e-01
9.994711875915527344e-01
9.986255168914794922e-01
9.897997379302978516e-01
9.228652715682983398e-01
9.979035854339599609e-01
9.965339899063110352e-01
9.797834157943725586e-01
9.998931288719177246e-01
9.917361736297607422e-01
9.929420351982116699e-01
9.895196557044982910e-01
9.743221998214721680e-01
9.926915168762207031e-01
9.916396141052246094e-01
9.942073822021484375e-01
9.978176355361938477e-01
9.973077178001403809e-01
9.989000558853149414e-01
9.885447025299072266e-01
9.987336397171020508e-01
9.972642064094543457e-01
9.859603643417358398e-01
9.175848960876464844e-01
9.979103207588195801e-01
9.921204447746276855e-01
9.984686970710754395e-01
9.692971110343933105e-01
9.890801310539245605e-01
9.817567467689514160e-01
9.919895529747009277e-01
9.626496434211730957e-01
9.879967570304870605e-01
9.931898117065429688e-01
9.926428794860839844e-01
9.965044856071472168e-01
9.942885041236877441e-01
9.990969300270080566e-01
9.911835789680480957e-01
9.975616335868835449e-01
9.968242049217224121e-01
9.887816905975341797e-01
9.763021469116210938e-01
9.985090494155883789e-01
9.986066818237304688e-01
9.965384006500244141e-01
9.968569278717041016e-01
9.978050589561462402e-01
9.764677286148071289e-01
9.877033233642578125e-01
9.974606037139892578e-01
9.793768525123596191e-01
9.998735189437866211e-01
9.900361299514770508e-01
9.936366081237792969e-01
9.768151044845581055e-01
9.931191205978393555e-01
9.934961795806884766e-01
9.952920079231262207e-01
9.991484284400939941e-01
9.935382008552551270e-01
9.975640773773193359e-01
9.957510232925415039e-01
9.985536932945251465e-01
9.970122575759887695e-01
9.855430126190185547e-01
9.963889122009277344e-01
9.779275655746459961e-01
9.484515190124511719e-01
9.943665266036987305e-01
9.765185117721557617e-01
9.926264882087707520e-01
9.885678887367248535e-01
9.971412420272827148e-01
9.992691874504089355e-01
9.985889196395874023e-01
9.798517227172851562e-01
9.985600709915161133e-01
9.896928668022155762e-01
9.973040819168090820e-01
9.969300627708435059e-01
9.978121519088745117e-01
9.739365577697753906e-01
9.977287650108337402e-01
9.962646961212158203e-01
9.938775300979614258e-01
9.975657463073730469e-01
9.926221370697021484e-01
9.955397844314575195e-01
9.893873929977416992e-01
9.913461208343505859e-01
9.974650144577026367e-01
9.924716353416442871e-01
9.932128787040710449e-01
9.922925233840942383e-01
9.921936988830566406e-01
9.992372393608093262e-01
9.999831914901733398e-01
9.912073612213134766e-01
9.900932908058166504e-01
9.927970767021179199e-01
9.897722601890563965e-01
9.989126324653625488e-01
9.986108541488647461e-01
9.976625442504882812e-01
9.890893101692199707e-01
9.994714856147766113e-01
9.775279760360717773e-01
9.826995134353637695e-01
9.908170700073242188e-01
9.940670132637023926e-01
9.618069529533386230e-01
9.977785348892211914e-01
9.976774454116821289e-01
9.792656302452087402e-01
9.766873121261596680e-01
9.912595152854919434e-01
9.982798695564270020e-01
9.970295429229736328e-01
9.839994907379150391e-01
9.655420780181884766e-01
9.891921281814575195e-01
9.969349503517150879e-01
9.960075020790100098e-01
9.988110661506652832e-01
9.883715510368347168e-01
9.601550102233886719e-01
9.976236820220947266e-01
9.975273609161376953e-01
9.962165355682373047e-01
9.789380431175231934e-01
9.311635494232177734e-01
9.694609642028808594e-01
9.968475699424743652e-01
9.997576475143432617e-01
9.801685810089111328e-01
9.959865808486938477e-01
9.838560223579406738e-01
9.828008413314819336e-01
9.988272190093994141e-01
9.988702535629272461e-01
9.928537011146545410e-01
9.938502907752990723e-01
9.987927079200744629e-01
9.969184994697570801e-01
9.967887997627258301e-01
9.990047216415405273e-01
9.968194365501403809e-01
9.950211048126220703e-01
9.786837100982666016e-01
9.858832359313964844e-01
9.951487779617309570e-01
9.958213567733764648e-01
9.947221875190734863e-01
9.922510981559753418e-01
9.994930028915405273e-01
9.939311146736145020e-01
9.882459640502929688e-01
9.563297629356384277e-01
9.945671558380126953e-01
9.973382949829101562e-01
9.913352727890014648e-01
9.023902416229248047e-01
9.956168532371520996e-01
9.903752207756042480e-01
9.967474937438964844e-01
9.738624095916748047e-01
9.988340735435485840e-01
9.936189055442810059e-01
9.963923096656799316e-01
9.920933246612548828e-01
9.921606183052062988e-01
9.982885122299194336e-01
9.940332174301147461e-01
9.992184042930603027e-01
9.962218403816223145e-01
9.935763478279113770e-01
9.973430633544921875e-01
9.952481985092163086e-01
9.991572499275207520e-01
9.924591183662414551e-01
9.960424304008483887e-01
9.718261957168579102e-01
9.991344213485717773e-01
9.922836422920227051e-01
9.915321469306945801e-01
9.977437853813171387e-01
9.971078038215637207e-01
9.973725080490112305e-01
9.976699352264404297e-01
9.947868585586547852e-01
9.903116822242736816e-01
9.931134581565856934e-01
9.890450239181518555e-01
8.875123858451843262e-01
9.964405298233032227e-01
9.966765046119689941e-01
9.991574287414550781e-01
9.773098826408386230e-01
9.957923293113708496e-01
9.945845603942871094e-01
9.966080784797668457e-01
9.969677925109863281e-01
9.778470396995544434e-01
9.941474795341491699e-01
9.911946058273315430e-01
9.665586352348327637e-01
9.862627387046813965e-01
9.915794134140014648e-01
9.966528415679931641e-01
9.980279803276062012e-01
9.999667406082153320e-01
9.759252667427062988e-01
9.940965771675109863e-01
9.717998504638671875e-01
9.925508499145507812e-01
9.264225363731384277e-01
9.940556883811950684e-01
9.886177182197570801e-01
9.976727366447448730e-01
9.992716908454895020e-01
9.975264072418212891e-01
9.997335076332092285e-01
9.969156384468078613e-01
9.925296902656555176e-01
9.899827241897583008e-01
9.965993165969848633e-01
9.973111748695373535e-01
9.979285001754760742e-01
9.955621957778930664e-01
9.944194555282592773e-01
9.992331266403198242e-01
9.981335997581481934e-01
9.925212264060974121e-01
9.964080452919006348e-01
9.982651472091674805e-01
9.693684577941894531e-01
9.993237257003784180e-01
9.991434812545776367e-01
9.993134737014770508e-01
9.939343333244323730e-01
9.957432150840759277e-01
9.978137016296386719e-01
9.790125489234924316e-01
9.827315211296081543e-01
9.986557364463806152e-01
9.273170828819274902e-01
9.975619912147521973e-01
9.963418841361999512e-01
9.998931288719177246e-01
9.985581040382385254e-01
9.947976469993591309e-01
9.969093799591064453e-01
9.961940050125122070e-01
9.840540885925292969e-01
9.913624525070190430e-01
9.986183643341064453e-01
9.977433085441589355e-01
9.833484292030334473e-01
9.961637258529663086e-01
9.947309494018554688e-01
9.975496530532836914e-01
9.604433178901672363e-01
9.946022629737854004e-01
9.978054165840148926e-01
9.927943348884582520e-01
9.976732730865478516e-01
9.955608844757080078e-01
9.954900145530700684e-01
9.969309568405151367e-01
9.891826510429382324e-01
9.980719685554504395e-01
9.944460391998291016e-01
9.967051148414611816e-01
9.868738651275634766e-01
9.924042224884033203e-01
9.918811917304992676e-01
9.979421496391296387e-01
9.834858775138854980e-01
9.948905706405639648e-01
9.870038032531738281e-01
9.778772592544555664e-01
9.786996841430664062e-01
9.960606694221496582e-01
9.984175562858581543e-01
9.904902577400207520e-01
9.917412996292114258e-01
9.965607523918151855e-01
9.975016117095947266e-01
9.093373417854309082e-01
9.977388978004455566e-01
9.799488782882690430e-01
9.977567195892333984e-01
9.690626263618469238e-01
9.803898930549621582e-01
9.730446338653564453e-01
9.751594066619873047e-01
9.963997602462768555e-01
9.982877373695373535e-01
9.980530142784118652e-01
9.828360676765441895e-01
9.996557831764221191e-01
9.930075407028198242e-01
9.956190586090087891e-01
9.935641288757324219e-01
9.983283877372741699e-01
9.968150854110717773e-01
9.983575940132141113e-01
9.968367815017700195e-01
9.997515082359313965e-01
9.974368214607238770e-01
9.986843466758728027e-01
9.973850846290588379e-01
9.917885661125183105e-01
9.917969703674316406e-01
9.982798695564270020e-01
9.942437410354614258e-01
9.882225394248962402e-01
9.967365860939025879e-01
9.955494403839111328e-01
9.961386322975158691e-01
9.734662771224975586e-01
9.648473858833312988e-01
9.888081550598144531e-01
9.791216850280761719e-01
9.695885777473449707e-01
9.971841573715209961e-01
9.846608042716979980e-01
9.998708963394165039e-01
9.982571005821228027e-01
9.789085388183593750e-01
9.935881495475769043e-01
9.994681477546691895e-01
9.996394515037536621e-01
9.974569678306579590e-01
9.988014698028564453e-01
9.966012835502624512e-01
9.928951859474182129e-01
7.916522622108459473e-01
9.979050159454345703e-01
9.519624114036560059e-01
9.979570508003234863e-01
9.873981475830078125e-01
9.976933598518371582e-01
9.975027441978454590e-01
9.879139065742492676e-01
8.820240497589111328e-01
9.964479207992553711e-01
9.970654249191284180e-01
9.991278648376464844e-01
9.993823170661926270e-01
9.948636293411254883e-01
9.842828512191772461e-01
9.971227049827575684e-01
9.909708499908447266e-01
9.970394372940063477e-01
9.842193722724914551e-01
9.968937039375305176e-01
9.906949400901794434e-01
9.885272383689880371e-01
9.968165755271911621e-01
9.978548884391784668e-01
9.944211840629577637e-01
9.996615648269653320e-01
9.868674874305725098e-01
9.978603720664978027e-01
9.919374585151672363e-01
9.944338798522949219e-01
9.909956455230712891e-01
9.989088177680969238e-01
9.959195852279663086e-01
9.815241694450378418e-01
9.974728226661682129e-01
9.572170972824096680e-01
9.967959523200988770e-01
9.957785606384277344e-01
9.983595013618469238e-01
9.859051108360290527e-01
9.992334246635437012e-01
9.978096485137939453e-01
9.984304904937744141e-01
9.895299673080444336e-01
9.786776304244995117e-01
9.988578557968139648e-01
9.950923919677734375e-01
9.982545375823974609e-01
9.936735033988952637e-01
9.849559664726257324e-01
9.830809831619262695e-01
9.963184595108032227e-01
9.984375834465026855e-01
9.986765980720520020e-01
9.933282136917114258e-01
9.755837321281433105e-01
9.857801198959350586e-01
9.930668473243713379e-01
9.711310863494873047e-01
9.671948552131652832e-01
9.998893737792968750e-01
9.983327984809875488e-01
9.966475367546081543e-01
9.988203644752502441e-01
9.767917990684509277e-01
9.976322054862976074e-01
9.997254014015197754e-01
9.965323209762573242e-01
9.995245933532714844e-01
9.862856864929199219e-01
9.939553737640380859e-01
9.993328452110290527e-01
9.999036192893981934e-01
9.952446818351745605e-01
9.991908669471740723e-01
9.113641381263732910e-01
8.211025595664978027e-01
9.634492993354797363e-01
9.799075126647949219e-01
9.981558918952941895e-01
9.988130331039428711e-01
9.952041506767272949e-01
9.921811223030090332e-01
9.977225065231323242e-01
9.917964339256286621e-01
9.959756731986999512e-01
9.964913725852966309e-01
9.575923085212707520e-01
9.777553081512451172e-01
9.979173541069030762e-01
9.902909994125366211e-01
9.977812170982360840e-01
9.866631627082824707e-01
9.939426183700561523e-01
9.972139596939086914e-01
9.989959597587585449e-01
9.979755282402038574e-01
8.270585536956787109e-01
9.962177276611328125e-01
9.932333827018737793e-01
9.927017688751220703e-01
9.657568931579589844e-01
9.962881207466125488e-01
9.978684782981872559e-01
9.616223573684692383e-01
9.977723360061645508e-01
9.929040074348449707e-01
9.970851540565490723e-01
9.843333363533020020e-01
9.981593489646911621e-01
9.745779633522033691e-01
9.911797642707824707e-01
9.836592078208923340e-01
9.983622431755065918e-01
9.948043227195739746e-01
9.777669310569763184e-01
9.943704009056091309e-01
9.923716187477111816e-01
9.914963841438293457e-01
9.989576935768127441e-01
9.984323978424072266e-01
9.881898164749145508e-01
9.974604249000549316e-01
9.985439777374267578e-01
9.819431900978088379e-01
9.835798144340515137e-01
9.921973943710327148e-01
9.824146628379821777e-01
9.970940351486206055e-01
9.965026378631591797e-01
9.596686959266662598e-01
9.978249073028564453e-01
9.932702183723449707e-01
9.993416070938110352e-01
9.957574009895324707e-01
9.867346286773681641e-01
9.979842305183410645e-01
9.978809356689453125e-01
9.977364540100097656e-01
9.980203509330749512e-01
9.948143362998962402e-01
9.952407479286193848e-01
9.890654683113098145e-01
9.879609942436218262e-01
9.951336383819580078e-01
9.961245656013488770e-01
9.916396141052246094e-01
9.966336488723754883e-01
9.968289136886596680e-01
9.657580256462097168e-01
9.834229350090026855e-01
9.985836744308471680e-01
9.963684082031250000e-01
9.787378907203674316e-01
9.875771403312683105e-01
9.952524304389953613e-01
9.836109876632690430e-01
9.541115164756774902e-01
9.976091384887695312e-01
9.975465536117553711e-01
9.874855279922485352e-01
9.818313717842102051e-01
9.991388916969299316e-01
9.989868402481079102e-01
9.918965101242065430e-01
9.974282979965209961e-01
9.899515509605407715e-01
9.711696505546569824e-01
9.925442934036254883e-01
9.960405826568603516e-01
9.977803826332092285e-01
9.685057401657104492e-01
9.811647534370422363e-01
9.401627779006958008e-01
9.978789687156677246e-01
9.993553161621093750e-01
9.882408380508422852e-01
9.930074810981750488e-01
9.852959513664245605e-01
9.968411326408386230e-01
9.997172951698303223e-01
9.842018485069274902e-01
9.908717274665832520e-01
9.986450076103210449e-01
9.681742787361145020e-01
9.964592456817626953e-01
9.823843836784362793e-01
9.859850406646728516e-01
8.700097203254699707e-01
9.978788495063781738e-01
9.982235431671142578e-01
9.994022250175476074e-01
9.546498060226440430e-01
9.859575033187866211e-01
9.962564706802368164e-01
9.838656783103942871e-01
9.979729056358337402e-01
9.894740581512451172e-01
9.916629791259765625e-01
9.843263030052185059e-01
9.539816975593566895e-01
9.184955358505249023e-01
9.952121376991271973e-01
9.601538777351379395e-01
9.966408014297485352e-01
9.858424663543701172e-01
9.894291162490844727e-01
9.416440725326538086e-01
9.964150190353393555e-01
9.852418303489685059e-01
9.944301843643188477e-01
9.967389106750488281e-01
9.988715648651123047e-01
9.904420971870422363e-01
9.225530028343200684e-01
9.806196093559265137e-01
9.979900717735290527e-01
9.985947608947753906e-01
9.992905855178833008e-01
9.976834058761596680e-01
9.429420828819274902e-01
9.753028154373168945e-01
9.788900613784790039e-01
9.953040480613708496e-01
9.977122545242309570e-01
9.978654980659484863e-01
9.932978749275207520e-01
9.896344542503356934e-01
9.793023467063903809e-01
9.696356058120727539e-01
9.949026703834533691e-01
9.948069453239440918e-01
9.941077828407287598e-01
9.958585500717163086e-01
9.921841621398925781e-01
9.939911365509033203e-01
9.984102249145507812e-01
9.970037937164306641e-01
9.885713458061218262e-01
9.766153693199157715e-01
9.940958023071289062e-01
9.838281273841857910e-01
9.966142177581787109e-01
9.804326295852661133e-01
9.852011799812316895e-01
9.630347490310668945e-01
9.985452890396118164e-01
9.770727157592773438e-01
9.968492388725280762e-01
9.974018931388854980e-01
9.902358651161193848e-01
9.906278252601623535e-01
9.986002445220947266e-01
9.643619656562805176e-01
9.987708926200866699e-01
9.955687522888183594e-01
9.987395405769348145e-01
9.958364963531494141e-01
9.398432970046997070e-01
9.906934499740600586e-01
9.944550395011901855e-01
9.940313100814819336e-01
9.910358786582946777e-01
9.941554665565490723e-01
9.952145814895629883e-01
9.880591034889221191e-01
9.987941384315490723e-01
9.731851816177368164e-01
9.960957169532775879e-01
9.934381246566772461e-01
9.939060211181640625e-01
9.981769323348999023e-01
9.518069624900817871e-01
9.934827685356140137e-01
9.893850088119506836e-01
9.895567297935485840e-01
9.932336211204528809e-01
9.988691806793212891e-01
9.971192479133605957e-01
9.777172207832336426e-01
9.985873103141784668e-01
9.940667748451232910e-01
9.978666305541992188e-01
9.994482398033142090e-01
9.983254671096801758e-01
9.955959320068359375e-01
9.870066642761230469e-01
9.969540238380432129e-01
9.990985989570617676e-01
9.991495013236999512e-01
9.981517195701599121e-01
9.958877563476562500e-01
9.936725497245788574e-01
9.997788071632385254e-01
9.969885349273681641e-01
9.956912398338317871e-01
9.950123429298400879e-01
9.851202368736267090e-01
9.883381128311157227e-01
9.947173595428466797e-01
9.925892949104309082e-01
9.838622808456420898e-01
9.954250454902648926e-01
9.965547323226928711e-01
9.911719560623168945e-01
9.979482889175415039e-01
9.249207377433776855e-01
9.854354262351989746e-01
9.876405000686645508e-01
9.911187887191772461e-01
9.966778159141540527e-01
9.843646883964538574e-01
9.986664056777954102e-01
9.951891899108886719e-01
9.981106519699096680e-01
9.984328150749206543e-01
9.931020140647888184e-01
9.990649223327636719e-01
9.932788014411926270e-01
9.821475148200988770e-01
9.722914695739746094e-01
9.764373898506164551e-01
9.960685968399047852e-01
9.934747219085693359e-01
9.971354603767395020e-01
9.802389740943908691e-01
9.896022081375122070e-01
9.896780848503112793e-01
9.980385899543762207e-01
9.973018169403076172e-01
9.969108104705810547e-01
9.617617130279541016e-01
9.624131321907043457e-01
9.933469891548156738e-01
9.998753666877746582e-01
9.983934760093688965e-01
9.986144900321960449e-01
9.961996078491210938e-01
9.886965751647949219e-01
9.976384639739990234e-01
9.964969158172607422e-01
9.987518787384033203e-01
9.979778528213500977e-01
9.922613501548767090e-01
9.987677335739135742e-01
9.976729750633239746e-01
9.860363006591796875e-01
9.961819052696228027e-01
9.826784133911132812e-01
9.989554286003112793e-01
9.930710792541503906e-01
9.864256978034973145e-01
9.989806413650512695e-01
9.907013773918151855e-01
9.804354310035705566e-01
9.976338744163513184e-01
9.947130084037780762e-01
9.489482045173645020e-01
9.976872205734252930e-01
9.945496916770935059e-01
9.993541836738586426e-01
9.856441617012023926e-01
9.975547194480895996e-01
9.974328279495239258e-01
9.960427284240722656e-01
9.921177029609680176e-01
9.873589277267456055e-01
9.965336322784423828e-01
9.951587319374084473e-01
9.874222874641418457e-01
9.820570945739746094e-01
9.904302954673767090e-01
9.957158565521240234e-01
9.896537661552429199e-01
9.932366013526916504e-01
9.973674416542053223e-01
9.981494545936584473e-01
9.962267875671386719e-01
9.986968636512756348e-01
9.960234165191650391e-01
9.774636030197143555e-01
9.954856038093566895e-01
9.975450634956359863e-01
9.962003231048583984e-01
9.974370598793029785e-01
9.975768327713012695e-01
9.978613853454589844e-01
8.384789228439331055e-01
9.611080884933471680e-01
9.877632856369018555e-01
9.975245594978332520e-01
9.915308952331542969e-01
9.651821851730346680e-01
9.455443620681762695e-01
9.735330343246459961e-01
9.831805229187011719e-01
9.917335510253906250e-01
9.507492184638977051e-01
9.697285890579223633e-01
9.981608390808105469e-01
9.963075518608093262e-01
9.897544980049133301e-01
9.895411729812622070e-01
9.971296787261962891e-01
9.960803389549255371e-01
9.986159205436706543e-01
9.934920072555541992e-01
9.654630422592163086e-01
9.883057475090026855e-01
9.928831458091735840e-01
9.470002651214599609e-01
9.980437159538269043e-01
9.945219159126281738e-01
9.928601980209350586e-01
9.922588467597961426e-01
9.910783171653747559e-01
9.914333820343017578e-01
9.993344545364379883e-01
9.999279975891113281e-01
9.942374825477600098e-01
9.969730377197265625e-01
9.925261735916137695e-01
9.841961264610290527e-01
9.857751727104187012e-01
9.986987709999084473e-01
9.912777543067932129e-01
9.995112419128417969e-01
9.863203167915344238e-01
9.414950013160705566e-01
9.777705073356628418e-01
9.903200268745422363e-01
9.947696924209594727e-01
9.870080351829528809e-01
9.893881678581237793e-01
9.955183267593383789e-01
9.140828847885131836e-01
9.963688254356384277e-01
9.977914690971374512e-01
9.860855937004089355e-01
9.920788407325744629e-01
9.986419677734375000e-01
9.959598779678344727e-01
9.816284179687500000e-01
9.816428422927856445e-01
9.940774440765380859e-01
9.985564947128295898e-01
9.869861602783203125e-01
9.895583987236022949e-01
9.808438420295715332e-01
9.982662200927734375e-01
9.677162170410156250e-01
9.169137477874755859e-01
9.973255395889282227e-01
9.954510927200317383e-01
9.978853464126586914e-01
9.980341196060180664e-01
9.951709508895874023e-01
9.922832846641540527e-01
9.927246570587158203e-01
9.972386360168457031e-01
9.873571395874023438e-01
9.987475872039794922e-01
9.973241090774536133e-01
9.947440028190612793e-01
9.951396584510803223e-01
9.977784156799316406e-01
9.997380375862121582e-01
9.939061999320983887e-01
9.908961653709411621e-01
9.960308670997619629e-01
9.982385635375976562e-01
9.942740797996520996e-01
9.973386526107788086e-01
9.974308609962463379e-01
9.995754957199096680e-01
9.989572763442993164e-01
9.972727894783020020e-01
9.968214631080627441e-01
9.973043799400329590e-01
9.564042687416076660e-01
8.918784856796264648e-01
9.980941414833068848e-01
9.977872967720031738e-01
9.972310066223144531e-01
9.997065067291259766e-01
9.862616062164306641e-01
9.988948106765747070e-01
9.996958374977111816e-01
9.609808921813964844e-01
9.874828457832336426e-01
9.910173416137695312e-01
9.569643139839172363e-01
9.981099963188171387e-01
9.930770993232727051e-01
9.637221693992614746e-01
9.878636598587036133e-01
9.978045225143432617e-01
9.834018349647521973e-01
9.951530098915100098e-01
9.979818463325500488e-01
9.841738343238830566e-01
9.886872172355651855e-01
9.969130158424377441e-01
9.773309230804443359e-01
9.735950827598571777e-01
9.985032677650451660e-01
9.521084427833557129e-01
9.946300387382507324e-01
9.615387320518493652e-01
9.701464176177978516e-01
9.970524311065673828e-01
9.959693551063537598e-01
9.938336610794067383e-01
9.957277774810791016e-01
9.575723409652709961e-01
9.861251711845397949e-01
9.988942742347717285e-01
9.948627352714538574e-01
9.992720484733581543e-01
