9.493513703346252441e-01
9.977154135704040527e-01
9.661545753479003906e-01
9.896083474159240723e-01
9.893483519554138184e-01
9.959680438041687012e-01
9.863137006759643555e-01
8.695132136344909668e-01
9.765173792839050293e-01
9.372581839561462402e-01
9.852837920188903809e-01
9.826291799545288086e-01
9.665256738662719727e-01
9.835236072540283203e-01
9.913107752799987793e-01
9.989251494407653809e-01
9.529581069946289062e-01
9.918190240859985352e-01
9.877741932868957520e-01
9.832142591476440430e-01
9.967577457427978516e-01
9.958407282829284668e-01
9.430837035179138184e-01
9.963041543960571289e-01
9.929581880569458008e-01
9.523855447769165039e-01
9.728066921234130859e-01
9.852920770645141602e-01
8.592045307159423828e-01
9.863082170486450195e-01
8.958736062049865723e-01
9.127953648567199707e-01
9.825097918510437012e-01
9.865685701370239258e-01
9.591544270515441895e-01
9.964975714683532715e-01
9.818401932716369629e-01
8.721964359283447266e-01
9.825014472007751465e-01
9.912232756614685059e-01
9.991204738616943359e-01
9.909507036209106445e-01
9.937801957130432129e-01
9.713196158409118652e-01
9.807571768760681152e-01
9.495452642440795898e-01
9.806182980537414551e-01
9.973030090332031250e-01
9.601745605468750000e-01
9.720101356506347656e-01
9.984740614891052246e-01
9.907098412513732910e-01
9.966335296630859375e-01
9.930986762046813965e-01
9.956743121147155762e-01
9.685446619987487793e-01
9.847400188446044922e-01
9.889687299728393555e-01
9.709987044334411621e-01
9.961792230606079102e-01
9.866191148757934570e-01
9.604864120483398438e-01
9.434123635292053223e-01
9.906683564186096191e-01
9.604327082633972168e-01
9.670315980911254883e-01
9.916957616806030273e-01
9.995571970939636230e-01
9.871098995208740234e-01
9.711025953292846680e-01
9.401605725288391113e-01
9.942474365234375000e-01
9.296147227287292480e-01
9.604700803756713867e-01
9.889173507690429688e-01
9.822520017623901367e-01
9.470461606979370117e-01
9.791405200958251953e-01
9.534195065498352051e-01
9.881720542907714844e-01
9.874331355094909668e-01
9.517498612403869629e-01
9.713512659072875977e-01
9.845279455184936523e-01
9.687007069587707520e-01
9.025541543960571289e-01
9.372573494911193848e-01
9.762344360351562500e-01
9.559521079063415527e-01
9.345871210098266602e-01
9.454496502876281738e-01
9.954771995544433594e-01
9.890882372856140137e-01
9.809939861297607422e-01
9.648548364639282227e-01
9.924191236495971680e-01
9.559839963912963867e-01
9.690204262733459473e-01
8.487901687622070312e-01
9.947457313537597656e-01
9.897460341453552246e-01
9.707142710685729980e-01
9.892841577529907227e-01
9.794138669967651367e-01
9.844262003898620605e-01
9.657863378524780273e-01
9.950098395347595215e-01
9.757674336433410645e-01
9.947227835655212402e-01
9.751102924346923828e-01
9.378311038017272949e-01
9.924250841140747070e-01
9.802260994911193848e-01
9.031458497047424316e-01
9.825418591499328613e-01
9.880431294441223145e-01
9.419540166854858398e-01
9.460042119026184082e-01
9.911036491394042969e-01
9.478098154067993164e-01
9.787738919258117676e-01
9.995571970939636230e-01
9.970900416374206543e-01
9.705480337142944336e-01
9.892907142639160156e-01
9.883390665054321289e-01
9.847897887229919434e-01
9.681867361068725586e-01
9.955733418464660645e-01
9.816861152648925781e-01
9.714108109474182129e-01
9.646455645561218262e-01
9.448926448822021484e-01
9.440591931343078613e-01
9.868729114532470703e-01
9.993788599967956543e-01
9.705523848533630371e-01
9.937928915023803711e-01
9.989269375801086426e-01
8.378748297691345215e-01
9.837439656257629395e-01
9.912057518959045410e-01
9.951873421669006348e-01
9.725725650787353516e-01
9.840365052223205566e-01
9.785078167915344238e-01
9.957926273345947266e-01
9.800828099250793457e-01
9.894893765449523926e-01
9.942749142646789551e-01
9.064294695854187012e-01
9.846144318580627441e-01
9.843546152114868164e-01
9.925474524497985840e-01
9.854379296302795410e-01
9.512183666229248047e-01
9.392600655555725098e-01
9.417534470558166504e-01
9.653151631355285645e-01
9.999513030052185059e-01
9.878667593002319336e-01
9.899063110351562500e-01
9.975153207778930664e-01
9.535243511199951172e-01
9.900039434432983398e-01
9.907590150833129883e-01
9.677414298057556152e-01
9.245930314064025879e-01
9.785525202751159668e-01
9.352883696556091309e-01
9.336317777633666992e-01
9.468266367912292480e-01
9.718551039695739746e-01
9.838203191757202148e-01
9.580999016761779785e-01
9.796633124351501465e-01
9.635705351829528809e-01
9.737398624420166016e-01
9.523085355758666992e-01
9.297305941581726074e-01
9.854045510292053223e-01
9.316421747207641602e-01
9.888471961021423340e-01
9.602585434913635254e-01
9.508296251296997070e-01
9.983646273612976074e-01
9.512453079223632812e-01
9.963539242744445801e-01
9.714350104331970215e-01
9.736947417259216309e-01
9.488940834999084473e-01
9.807449579238891602e-01
9.914857149124145508e-01
9.853737950325012207e-01
9.877521395683288574e-01
9.760940670967102051e-01
9.783206582069396973e-01
8.407145738601684570e-01
9.966212511062622070e-01
9.881541132926940918e-01
9.626737833023071289e-01
9.230383634567260742e-01
9.454522728919982910e-01
8.805508017539978027e-01
9.648111462593078613e-01
9.876959919929504395e-01
9.698888659477233887e-01
9.746809005737304688e-01
9.981930851936340332e-01
9.615337252616882324e-01
9.940785169601440430e-01
9.678393602371215820e-01
9.811618924140930176e-01
9.886595010757446289e-01
9.996435642242431641e-01
9.660017490386962891e-01
9.738925099372863770e-01
9.810566902160644531e-01
9.839624762535095215e-01
9.830015897750854492e-01
9.747058749198913574e-01
8.649809956550598145e-01
9.956871271133422852e-01
9.984470605850219727e-01
9.032202959060668945e-01
9.346315264701843262e-01
8.791034817695617676e-01
9.731769561767578125e-01
9.643974900245666504e-01
9.704549908638000488e-01
9.747624397277832031e-01
9.345241785049438477e-01
9.823109507560729980e-01
9.960110187530517578e-01
9.778435826301574707e-01
9.396474957466125488e-01
9.706667065620422363e-01
9.861115813255310059e-01
9.939132332801818848e-01
9.869140982627868652e-01
9.849318861961364746e-01
9.372261166572570801e-01
8.097317814826965332e-01
8.899279832839965820e-01
9.714621305465698242e-01
9.981873631477355957e-01
9.626918435096740723e-01
9.996002316474914551e-01
9.835078120231628418e-01
9.641938805580139160e-01
9.913457036018371582e-01
9.933526515960693359e-01
9.312947392463684082e-01
9.987813234329223633e-01
8.596472144126892090e-01
9.619116187095642090e-01
9.410676360130310059e-01
9.789995551109313965e-01
9.398976564407348633e-01
9.773475527763366699e-01
9.868185520172119141e-01
9.608171582221984863e-01
9.539918899536132812e-01
9.957674145698547363e-01
9.861914515495300293e-01
9.787848591804504395e-01
9.135550260543823242e-01
9.774840474128723145e-01
9.864473342895507812e-01
9.770331978797912598e-01
9.882696270942687988e-01
9.905701875686645508e-01
9.879875183105468750e-01
9.317902326583862305e-01
9.615035653114318848e-01
9.982395768165588379e-01
9.861130714416503906e-01
9.674717187881469727e-01
9.891276955604553223e-01
9.931043386459350586e-01
9.884882569313049316e-01
8.918938636779785156e-01
9.179171919822692871e-01
9.814891815185546875e-01
9.593834280967712402e-01
9.693777561187744141e-01
9.661855101585388184e-01
9.322991967201232910e-01
9.972724318504333496e-01
9.548280239105224609e-01
9.318597316741943359e-01
9.789447784423828125e-01
9.795054793357849121e-01
9.921695590019226074e-01
9.266703128814697266e-01
9.930832982063293457e-01
8.670985698699951172e-01
9.953660368919372559e-01
9.769532084465026855e-01
9.973201751708984375e-01
9.902998208999633789e-01
9.583907723426818848e-01
9.562690854072570801e-01
9.793578386306762695e-01
9.558239579200744629e-01
9.467073678970336914e-01
9.911826252937316895e-01
9.663966298103332520e-01
9.838903546333312988e-01
9.662060737609863281e-01
9.939050078392028809e-01
9.515776634216308594e-01
9.743573069572448730e-01
9.893756508827209473e-01
9.707618951797485352e-01
9.673703312873840332e-01
9.718409776687622070e-01
9.994597434997558594e-01
9.520518183708190918e-01
9.671702980995178223e-01
9.721009731292724609e-01
9.519004225730895996e-01
9.637541770935058594e-01
9.775120615959167480e-01
9.103268384933471680e-01
9.862858057022094727e-01
9.971272349357604980e-01
9.500038623809814453e-01
9.919500946998596191e-01
9.328301548957824707e-01
9.795707464218139648e-01
9.898857474327087402e-01
9.758454561233520508e-01
9.929327964782714844e-01
9.382156133651733398e-01
9.938580393791198730e-01
9.990551471710205078e-01
9.451092481613159180e-01
9.588592052459716797e-01
9.779510498046875000e-01
9.234249591827392578e-01
9.638912677764892578e-01
8.981916308403015137e-01
9.954523444175720215e-01
9.895567893981933594e-01
9.651321172714233398e-01
9.650344252586364746e-01
9.962906241416931152e-01
9.656056165695190430e-01
9.884770512580871582e-01
9.767004847526550293e-01
9.915971159934997559e-01
9.883317351341247559e-01
9.325518608093261719e-01
8.504843711853027344e-01
9.816496968269348145e-01
9.122582077980041504e-01
9.830005764961242676e-01
9.877515435218811035e-01
9.814878702163696289e-01
9.709167480468750000e-01
9.877123832702636719e-01
9.885190129280090332e-01
9.589859247207641602e-01
9.798725247383117676e-01
9.447400569915771484e-01
9.768136739730834961e-01
9.494082927703857422e-01
9.851657152175903320e-01
9.841947555541992188e-01
9.988922476768493652e-01
9.822429418563842773e-01
9.487326145172119141e-01
9.606931209564208984e-01
9.806479811668395996e-01
9.943642020225524902e-01
9.883471131324768066e-01
9.821819663047790527e-01
9.780187010765075684e-01
9.378757476806640625e-01
9.664381146430969238e-01
9.976102113723754883e-01
9.906312227249145508e-01
8.892895579338073730e-01
9.708658456802368164e-01
9.538165926933288574e-01
9.912343025207519531e-01
9.676019549369812012e-01
9.939641952514648438e-01
9.977135658264160156e-01
9.947313666343688965e-01
9.906333088874816895e-01
9.993734955787658691e-01
9.977434873580932617e-01
9.944054484367370605e-01
9.670780301094055176e-01
9.572792053222656250e-01
9.473097920417785645e-01
9.833482503890991211e-01
9.846468567848205566e-01
9.591965675354003906e-01
9.445028901100158691e-01
9.016442894935607910e-01
9.705440402030944824e-01
9.990854263305664062e-01
9.370760917663574219e-01
9.675470590591430664e-01
9.945802092552185059e-01
9.314094781875610352e-01
9.820411205291748047e-01
8.030714988708496094e-01
9.938337206840515137e-01
9.955256581306457520e-01
9.843402504920959473e-01
9.938528537750244141e-01
9.886732697486877441e-01
9.581452012062072754e-01
9.939720630645751953e-01
9.864814281463623047e-01
9.817977547645568848e-01
9.672652482986450195e-01
9.975824952125549316e-01
9.706720709800720215e-01
9.360390305519104004e-01
9.705338478088378906e-01
9.984751939773559570e-01
9.676298499107360840e-01
9.868870377540588379e-01
9.640587568283081055e-01
7.846590280532836914e-01
9.994701743125915527e-01
9.889087677001953125e-01
8.866566419601440430e-01
9.941084384918212891e-01
9.832082390785217285e-01
9.475758075714111328e-01
9.868785142898559570e-01
9.816889166831970215e-01
9.728055596351623535e-01
9.439337253570556641e-01
9.874731898307800293e-01
9.553213119506835938e-01
9.229814410209655762e-01
9.340374469757080078e-01
9.634544253349304199e-01
9.631528258323669434e-01
9.356107711791992188e-01
9.921513795852661133e-01
9.919428229331970215e-01
9.856072664260864258e-01
9.880499243736267090e-01
9.812639355659484863e-01
9.567880630493164062e-01
9.436206221580505371e-01
9.979285597801208496e-01
9.247397184371948242e-01
8.133586049079895020e-01
9.674589037895202637e-01
9.695214033126831055e-01
9.945358037948608398e-01
9.999492764472961426e-01
9.766932725906372070e-01
9.788714051246643066e-01
8.910062909126281738e-01
9.788774847984313965e-01
9.826077818870544434e-01
9.386044144630432129e-01
9.554678797721862793e-01
9.935823082923889160e-01
9.592909812927246094e-01
9.766237139701843262e-01
9.359636902809143066e-01
9.821643829345703125e-01
9.761452674865722656e-01
9.551811218261718750e-01
9.893789887428283691e-01
9.706662297248840332e-01
9.473797082901000977e-01
9.866382479667663574e-01
9.940369725227355957e-01
9.502510428428649902e-01
8.940477967262268066e-01
9.455816149711608887e-01
9.741615056991577148e-01
9.575160741806030273e-01
9.706453680992126465e-01
9.600690603256225586e-01
8.849154710769653320e-01
9.640979170799255371e-01
9.791685938835144043e-01
9.949885010719299316e-01
9.801685214042663574e-01
9.736819863319396973e-01
9.984975457191467285e-01
9.294899106025695801e-01
9.486461281776428223e-01
9.330989718437194824e-01
9.728755950927734375e-01
9.364746809005737305e-01
9.941312074661254883e-01
9.758351445198059082e-01
9.451043605804443359e-01
9.601256251335144043e-01
9.980735778808593750e-01
9.518558979034423828e-01
9.717751145362854004e-01
9.852195382118225098e-01
9.474964141845703125e-01
9.994747042655944824e-01
9.610632658004760742e-01
9.862552285194396973e-01
9.771270751953125000e-01
9.922365546226501465e-01
9.998213052749633789e-01
9.761110544204711914e-01
9.778414368629455566e-01
9.576086401939392090e-01
9.643046855926513672e-01
9.742446541786193848e-01
9.908643960952758789e-01
9.814425110816955566e-01
9.945090413093566895e-01
9.958612918853759766e-01
9.823246002197265625e-01
9.899510145187377930e-01
9.772067666053771973e-01
9.796128869056701660e-01
9.636089801788330078e-01
9.952086210250854492e-01
9.031395316123962402e-01
9.820315837860107422e-01
9.865053296089172363e-01
9.811446666717529297e-01
9.008383154869079590e-01
9.887464046478271484e-01
9.914961457252502441e-01
9.942581057548522949e-01
9.837296009063720703e-01
8.810625672340393066e-01
9.967077970504760742e-01
9.986570477485656738e-01
9.859908819198608398e-01
9.523288011550903320e-01
9.854953885078430176e-01
9.518100619316101074e-01
9.760714769363403320e-01
9.938540458679199219e-01
8.118622303009033203e-01
9.832424521446228027e-01
9.525855779647827148e-01
9.883276820182800293e-01
9.791032075881958008e-01
9.831321239471435547e-01
9.373468160629272461e-01
9.939610362052917480e-01
9.728560447692871094e-01
9.900876283645629883e-01
9.680182337760925293e-01
9.910014867782592773e-01
9.833105206489562988e-01
9.746580719947814941e-01
9.729852080345153809e-01
9.462193250656127930e-01
9.905461668968200684e-01
9.613508582115173340e-01
9.746928811073303223e-01
9.967008829116821289e-01
9.993990659713745117e-01
9.823542237281799316e-01
9.819796681404113770e-01
9.697827100753784180e-01
8.570782542228698730e-01
9.782205224037170410e-01
9.958313703536987305e-01
9.900317192077636719e-01
9.547327160835266113e-01
9.994055032730102539e-01
9.774505496025085449e-01
9.817842245101928711e-01
9.931927323341369629e-01
9.937754273414611816e-01
9.846627712249755859e-01
9.641655683517456055e-01
9.963448643684387207e-01
9.535066485404968262e-01
9.941017627716064453e-01
9.789064526557922363e-01
9.553828835487365723e-01
9.503116607666015625e-01
9.568980336189270020e-01
8.983936905860900879e-01
8.866906166076660156e-01
9.872925281524658203e-01
9.718740582466125488e-01
9.898729324340820312e-01
9.913442134857177734e-01
9.858572483062744141e-01
9.764729738235473633e-01
9.831138849258422852e-01
9.673143029212951660e-01
9.977472424507141113e-01
9.757912158966064453e-01
9.911181330680847168e-01
9.970460534095764160e-01
9.612120389938354492e-01
9.936385154724121094e-01
9.986700415611267090e-01
9.396961331367492676e-01
9.796035885810852051e-01
9.839681386947631836e-01
9.788893461227416992e-01
9.891064167022705078e-01
9.659965038299560547e-01
9.788177609443664551e-01
9.917753338813781738e-01
8.802171945571899414e-01
9.718962311744689941e-01
8.590257167816162109e-01
9.676255583763122559e-01
9.793291687965393066e-01
9.916653037071228027e-01
9.295437335968017578e-01
9.626157879829406738e-01
9.185877442359924316e-01
9.858559966087341309e-01
8.715962767601013184e-01
9.764669537544250488e-01
9.350718259811401367e-01
9.983759522438049316e-01
9.612167477607727051e-01
9.491930603981018066e-01
8.963837623596191406e-01
8.720823526382446289e-01
9.697535037994384766e-01
9.943630695343017578e-01
9.883429408073425293e-01
9.255388975143432617e-01
9.558491110801696777e-01
9.908369779586791992e-01
9.765463471412658691e-01
9.635192155838012695e-01
9.964869618415832520e-01
9.747308492660522461e-01
9.359612464904785156e-01
9.961934089660644531e-01
9.906296730041503906e-01
9.616218805313110352e-01
9.392022490501403809e-01
9.630532264709472656e-01
9.931390285491943359e-01
9.568459391593933105e-01
9.890679717063903809e-01
9.992650747299194336e-01
9.796063303947448730e-01
9.383376836776733398e-01
9.841774702072143555e-01
8.399819731712341309e-01
9.920911192893981934e-01
9.779141545295715332e-01
9.934014081954956055e-01
9.835707545280456543e-01
9.815790653228759766e-01
9.634560942649841309e-01
9.866094589233398438e-01
9.862626791000366211e-01
9.889329075813293457e-01
9.128991961479187012e-01
9.624190926551818848e-01
9.788836836814880371e-01
9.392202496528625488e-01
9.840008020401000977e-01
9.777297973632812500e-01
9.498720765113830566e-01
9.374451041221618652e-01
9.700938463211059570e-01
9.883689284324645996e-01
9.764106273651123047e-01
9.614313840866088867e-01
9.733301997184753418e-01
9.946826696395874023e-01
9.922765493392944336e-01
9.243651628494262695e-01
9.900704622268676758e-01
9.942582249641418457e-01
9.553275704383850098e-01
9.875815510749816895e-01
9.943049550056457520e-01
9.904349446296691895e-01
9.938220977783203125e-01
9.717723131179809570e-01
9.854612350463867188e-01
9.804625511169433594e-01
9.769659638404846191e-01
9.466064572334289551e-01
9.712501168251037598e-01
9.809997081756591797e-01
9.523088932037353516e-01
9.606412053108215332e-01
9.811481237411499023e-01
9.396057128906250000e-01
9.288200139999389648e-01
9.755132198333740234e-01
9.900059700012207031e-01
9.920207858085632324e-01
9.936046600341796875e-01
9.710292816162109375e-01
9.742431044578552246e-01
9.838737249374389648e-01
9.711651802062988281e-01
9.782073497772216797e-01
9.923385381698608398e-01
8.808386921882629395e-01
9.932675957679748535e-01
9.995391964912414551e-01
9.855143427848815918e-01
9.905319809913635254e-01
9.831796288490295410e-01
9.685861468315124512e-01
9.939636588096618652e-01
9.948334097862243652e-01
9.853811860084533691e-01
9.757194519042968750e-01
9.914055466651916504e-01
7.776126861572265625e-01
9.980686902999877930e-01
9.766128063201904297e-01
9.787593483924865723e-01
9.804797172546386719e-01
9.966480135917663574e-01
9.515139460563659668e-01
9.190690517425537109e-01
9.930645227432250977e-01
9.947931766510009766e-01
9.809585809707641602e-01
9.551379680633544922e-01
9.905279874801635742e-01
9.727982878684997559e-01
9.965354204177856445e-01
9.997761249542236328e-01
9.862400889396667480e-01
9.445121288299560547e-01
9.827768206596374512e-01
9.857603907585144043e-01
9.367620944976806641e-01
9.975306391716003418e-01
9.947568774223327637e-01
9.802613854408264160e-01
9.282000660896301270e-01
9.903530478477478027e-01
9.758816957473754883e-01
9.897152781486511230e-01
9.903718233108520508e-01
9.522286653518676758e-01
9.812779426574707031e-01
9.068370461463928223e-01
9.934099912643432617e-01
9.713718295097351074e-01
9.970276951789855957e-01
9.297062158584594727e-01
9.772325754165649414e-01
9.964004755020141602e-01
9.724058508872985840e-01
9.913451671600341797e-01
9.976648092269897461e-01
9.936680793762207031e-01
9.882279038429260254e-01
9.452723860740661621e-01
9.870977401733398438e-01
9.721092581748962402e-01
9.970586299896240234e-01
9.802065491676330566e-01
9.290033578872680664e-01
9.527530074119567871e-01
9.343859553337097168e-01
9.902604818344116211e-01
9.817778468132019043e-01
9.877690672874450684e-01
9.813470244407653809e-01
9.822503328323364258e-01
9.474363923072814941e-01
8.700091242790222168e-01
9.895740151405334473e-01
9.597273468971252441e-01
9.064812064170837402e-01
9.853401780128479004e-01
9.629122614860534668e-01
9.907215833663940430e-01
9.885093569755554199e-01
9.770710468292236328e-01
9.941810965538024902e-01
9.943911433219909668e-01
9.947972893714904785e-01
9.821676611900329590e-01
9.893914461135864258e-01
9.898561239242553711e-01
9.890317320823669434e-01
9.935984015464782715e-01
9.965819716453552246e-01
9.203214645385742188e-01
9.758565425872802734e-01
8.967626690864562988e-01
9.385776519775390625e-01
9.868105053901672363e-01
9.787259101867675781e-01
9.797524213790893555e-01
9.855474829673767090e-01
9.400657415390014648e-01
9.501203298568725586e-01
9.909634590148925781e-01
9.979218840599060059e-01
9.674605131149291992e-01
9.841436743736267090e-01
9.799931049346923828e-01
8.412745594978332520e-01
9.593549966812133789e-01
9.903492331504821777e-01
9.858217239379882812e-01
9.843506217002868652e-01
9.909525513648986816e-01
9.905850887298583984e-01
9.550173878669738770e-01
9.746032953262329102e-01
9.117113351821899414e-01
9.946777820587158203e-01
9.929565787315368652e-01
9.928727149963378906e-01
8.656191229820251465e-01
9.241354465484619141e-01
9.761216640472412109e-01
9.913187026977539062e-01
9.722102284431457520e-01
9.563822150230407715e-01
9.413114190101623535e-01
9.526494741439819336e-01
9.101315140724182129e-01
9.785792231559753418e-01
9.854051470756530762e-01
9.018203020095825195e-01
9.515945315361022949e-01
9.943475723266601562e-01
9.108510017395019531e-01
9.371232390403747559e-01
9.696944952011108398e-01
9.827001094818115234e-01
9.756722450256347656e-01
9.948276877403259277e-01
9.745117425918579102e-01
9.669399261474609375e-01
9.987313747406005859e-01
9.773389697074890137e-01
9.862144589424133301e-01
9.548378586769104004e-01
9.832354784011840820e-01
9.990258216857910156e-01
9.965633749961853027e-01
9.655938148498535156e-01
9.967899918556213379e-01
9.672328829765319824e-01
9.841804504394531250e-01
9.697268605232238770e-01
9.845308065414428711e-01
9.925534129142761230e-01
9.514145255088806152e-01
9.952334165573120117e-01
9.928485155105590820e-01
9.622206091880798340e-01
9.635517001152038574e-01
9.049609899520874023e-01
9.367414712905883789e-01
9.799549579620361328e-01
9.937925338745117188e-01
9.996733665466308594e-01
8.566130399703979492e-01
9.714205861091613770e-01
9.956874847412109375e-01
9.554896354675292969e-01
9.902346134185791016e-01
9.809864163398742676e-01
8.778005242347717285e-01
9.928360581398010254e-01
9.549109935760498047e-01
9.964734911918640137e-01
9.829290509223937988e-01
9.559246301651000977e-01
9.934683442115783691e-01
9.973880648612976074e-01
9.734549522399902344e-01
9.991708993911743164e-01
9.782240986824035645e-01
9.844469428062438965e-01
9.825493693351745605e-01
9.944637417793273926e-01
9.965201616287231445e-01
9.426050782203674316e-01
9.731135368347167969e-01
9.006524682044982910e-01
9.943507313728332520e-01
9.023254513740539551e-01
9.894732832908630371e-01
9.788351655006408691e-01
9.775555133819580078e-01
9.558433890342712402e-01
9.232779145240783691e-01
9.738354086875915527e-01
9.826152920722961426e-01
9.746946692466735840e-01
9.914820790290832520e-01
9.526573419570922852e-01
9.472787380218505859e-01
9.832401275634765625e-01
9.983134865760803223e-01
9.017734527587890625e-01
9.530782699584960938e-01
9.841471314430236816e-01
9.827774167060852051e-01
9.993618130683898926e-01
9.812403321266174316e-01
9.890156388282775879e-01
9.883009195327758789e-01
9.950205087661743164e-01
9.818268418312072754e-01
9.249451160430908203e-01
9.685053825378417969e-01
9.925131201744079590e-01
9.785076379776000977e-01
9.317316412925720215e-01
9.708983302116394043e-01
9.823344349861145020e-01
6.867268681526184082e-01
9.958714842796325684e-01
9.998223781585693359e-01
9.659057855606079102e-01
9.930062890052795410e-01
9.855493307113647461e-01
9.795811176300048828e-01
9.776715636253356934e-01
9.973515868186950684e-01
9.922447800636291504e-01
9.938321113586425781e-01
9.926311373710632324e-01
9.518947601318359375e-01
9.974719285964965820e-01
9.831783771514892578e-01
9.573637247085571289e-01
9.042864441871643066e-01
9.538410305976867676e-01
9.630073308944702148e-01
9.935743808746337891e-01
9.881078004837036133e-01
9.768629074096679688e-01
9.690859317779541016e-01
9.988875389099121094e-01
9.939913153648376465e-01
9.909141659736633301e-01
9.897476434707641602e-01
9.585459232330322266e-01
9.970268607139587402e-01
9.640454649925231934e-01
9.879515171051025391e-01
9.941443204879760742e-01
9.890559911727905273e-01
9.724645614624023438e-01
9.686899781227111816e-01
9.856724143028259277e-01
9.899373054504394531e-01
9.953292012214660645e-01
9.799380898475646973e-01
9.681995511054992676e-01
9.696745872497558594e-01
9.878653883934020996e-01
9.635118246078491211e-01
9.313908219337463379e-01
9.975566864013671875e-01
9.927603602409362793e-01
9.914970993995666504e-01
9.753569364547729492e-01
9.746688008308410645e-01
9.123973846435546875e-01
9.927034378051757812e-01
9.810214638710021973e-01
9.648894071578979492e-01
9.670206904411315918e-01
9.964476227760314941e-01
9.830917119979858398e-01
9.833883047103881836e-01
9.965161085128784180e-01
9.907027482986450195e-01
9.766901135444641113e-01
9.550905823707580566e-01
9.121497869491577148e-01
8.071697950363159180e-01
9.698143601417541504e-01
9.434683918952941895e-01
9.847038984298706055e-01
9.843779206275939941e-01
9.842017889022827148e-01
9.875468611717224121e-01
9.941017031669616699e-01
9.899985790252685547e-01
9.294894933700561523e-01
8.180028200149536133e-01
9.916877150535583496e-01
9.269276261329650879e-01
9.880874156951904297e-01
9.430362582206726074e-01
9.437040686607360840e-01
9.939188361167907715e-01
9.445194602012634277e-01
9.914828538894653320e-01
9.956877827644348145e-01
9.649131298065185547e-01
9.231673479080200195e-01
9.942615628242492676e-01
9.883987903594970703e-01
9.069648981094360352e-01
9.864559173583984375e-01
9.700956940650939941e-01
9.253170490264892578e-01
9.385716319084167480e-01
9.640470743179321289e-01
9.828885197639465332e-01
9.990384578704833984e-01
9.928073883056640625e-01
9.943771362304687500e-01
9.185343980789184570e-01
9.699321985244750977e-01
9.890938401222229004e-01
9.988461732864379883e-01
9.291474223136901855e-01
9.820062518119812012e-01
9.766988158226013184e-01
9.334322810173034668e-01
9.404697418212890625e-01
9.627163410186767578e-01
9.459061026573181152e-01
9.899486303329467773e-01
9.922778010368347168e-01
9.658974409103393555e-01
9.970914721488952637e-01
8.995835185050964355e-01
9.765409231185913086e-01
9.789804220199584961e-01
9.903814196586608887e-01
9.895743727684020996e-01
9.377344846725463867e-01
9.852668642997741699e-01
9.022629857063293457e-01
9.899032711982727051e-01
9.848125576972961426e-01
9.892309308052062988e-01
9.928548932075500488e-01
9.873142242431640625e-01
9.995305538177490234e-01
9.965206384658813477e-01
9.840601682662963867e-01
9.575865268707275391e-01
9.854531288146972656e-01
9.952341318130493164e-01
9.694650173187255859e-01
9.807152748107910156e-01
9.948206543922424316e-01
9.866980314254760742e-01
9.778386354446411133e-01
9.885422587394714355e-01
9.809297323226928711e-01
9.982317686080932617e-01
9.261677861213684082e-01
9.211310148239135742e-01
9.927076697349548340e-01
9.208765625953674316e-01
9.797927737236022949e-01
9.915068149566650391e-01
9.359089136123657227e-01
9.122766852378845215e-01
9.797983169555664062e-01
9.760078191757202148e-01
9.702631831169128418e-01
9.527440667152404785e-01
9.455664753913879395e-01
9.639803171157836914e-01
9.269303679466247559e-01
9.831849336624145508e-01
9.884761571884155273e-01
9.980238676071166992e-01
9.544646739959716797e-01
9.116314053535461426e-01
9.862272739410400391e-01
9.904333353042602539e-01
9.194296598434448242e-01
9.977491497993469238e-01
9.673559069633483887e-01
9.788377881050109863e-01
8.995566964149475098e-01
9.799529910087585449e-01
9.996321201324462891e-01
9.602303504943847656e-01
9.698823690414428711e-01
9.915594458580017090e-01
9.890887737274169922e-01
9.844586849212646484e-01
9.869397878646850586e-01
9.433665275573730469e-01
9.693825244903564453e-01
9.906483888626098633e-01
8.862335085868835449e-01
9.547818899154663086e-01
9.477816820144653320e-01
9.783000349998474121e-01
9.623140096664428711e-01
9.896227121353149414e-01
9.917818307876586914e-01
8.652699589729309082e-01
9.706893563270568848e-01
9.539825320243835449e-01
9.749707579612731934e-01
8.751603364944458008e-01
9.718639254570007324e-01
9.892344474792480469e-01
9.327585697174072266e-01
9.719395637512207031e-01
9.674936532974243164e-01
9.871050119400024414e-01
9.520677328109741211e-01
9.920955896377563477e-01
9.829999208450317383e-01
9.633213877677917480e-01
9.937986731529235840e-01
9.711927175521850586e-01
9.958665370941162109e-01
9.578124284744262695e-01
9.725832343101501465e-01
9.582911729812622070e-01
9.348019957542419434e-01
9.032379388809204102e-01
9.938973784446716309e-01
9.787887930870056152e-01
8.789741992950439453e-01
9.760867953300476074e-01
9.856015443801879883e-01
9.986582398414611816e-01
9.892719984054565430e-01
9.684600830078125000e-01
9.820151925086975098e-01
8.616848587989807129e-01
9.925445318222045898e-01
9.819614291191101074e-01
9.953811764717102051e-01
9.890342354774475098e-01
9.503098726272583008e-01
9.968954920768737793e-01
8.560492396354675293e-01
9.612371921539306641e-01
9.652242064476013184e-01
9.740240573883056641e-01
9.833396673202514648e-01
9.857025146484375000e-01
9.593104124069213867e-01
9.898409247398376465e-01
9.872266650199890137e-01
9.851692318916320801e-01
9.802629947662353516e-01
9.989318847656250000e-01
9.500724673271179199e-01
9.728145599365234375e-01
9.979203343391418457e-01
9.632875919342041016e-01
9.843987226486206055e-01
7.955778241157531738e-01
9.582837820053100586e-01
8.810301423072814941e-01
9.920544028282165527e-01
8.957418799400329590e-01
9.995588660240173340e-01
9.748612046241760254e-01
9.975988864898681641e-01
9.991304278373718262e-01
9.829053282737731934e-01
9.774529337882995605e-01
8.885412216186523438e-01
9.754770398139953613e-01
9.418132901191711426e-01
9.862805604934692383e-01
9.924042224884033203e-01
9.745508432388305664e-01
9.466914534568786621e-01
9.927473664283752441e-01
9.972156286239624023e-01
9.485234022140502930e-01
9.909984469413757324e-01
9.724763035774230957e-01
9.884833097457885742e-01
9.140546917915344238e-01
9.425952434539794922e-01
9.958661794662475586e-01
9.780087471008300781e-01
9.754317402839660645e-01
9.786967039108276367e-01
9.748497009277343750e-01
9.385200142860412598e-01
9.731265902519226074e-01
9.935322403907775879e-01
9.975791573524475098e-01
9.866484403610229492e-01
9.446087479591369629e-01
9.550632834434509277e-01
9.216947555541992188e-01
9.952124357223510742e-01
9.266269207000732422e-01
9.961426854133605957e-01
9.698895215988159180e-01
9.821972250938415527e-01
9.926106333732604980e-01
9.687159657478332520e-01
8.646110296249389648e-01
9.992267489433288574e-01
9.802199006080627441e-01
9.672150015830993652e-01
9.740847349166870117e-01
9.948503375053405762e-01
9.802626371383666992e-01
9.854377508163452148e-01
9.904523491859436035e-01
9.411523342132568359e-01
9.796931147575378418e-01
9.902696609497070312e-01
9.956477880477905273e-01
9.792452454566955566e-01
9.688613414764404297e-01
9.915473461151123047e-01
9.300518035888671875e-01
9.881005287170410156e-01
9.927124381065368652e-01
9.956901669502258301e-01
9.402044415473937988e-01
9.656707048416137695e-01
9.077290892601013184e-01
9.809380173683166504e-01
9.825975298881530762e-01
9.749201536178588867e-01
9.925234317779541016e-01
9.937750101089477539e-01
9.819864034652709961e-01
9.536714553833007812e-01
9.909660220146179199e-01
9.816271066665649414e-01
9.730143547058105469e-01
9.612471461296081543e-01
9.217697978019714355e-01
9.849421977996826172e-01
9.737558364868164062e-01
9.676201939582824707e-01
9.839699864387512207e-01
9.996397495269775391e-01
9.908248782157897949e-01
8.435820341110229492e-01
9.886788129806518555e-01
9.791191816329956055e-01
9.638997912406921387e-01
9.406090974807739258e-01
8.851273655891418457e-01
9.609830379486083984e-01
9.690722227096557617e-01
9.739629626274108887e-01
9.893923401832580566e-01
9.796181321144104004e-01
9.891402721405029297e-01
9.871316552162170410e-01
9.902883172035217285e-01
9.989007115364074707e-01
9.695413112640380859e-01
9.654871821403503418e-01
9.950591325759887695e-01
9.374867677688598633e-01
9.954671263694763184e-01
9.915722012519836426e-01
9.964445829391479492e-01
9.949831366539001465e-01
9.861510992050170898e-01
9.913410544395446777e-01
9.225815534591674805e-01
9.993734955787658691e-01
9.901211857795715332e-01
9.975985884666442871e-01
9.842026233673095703e-01
9.498096108436584473e-01
9.460182189941406250e-01
9.974951148033142090e-01
9.654551744461059570e-01
9.363985061645507812e-01
8.742592334747314453e-01
9.902287721633911133e-01
9.992754459381103516e-01
9.541428089141845703e-01
9.984492659568786621e-01
9.752881526947021484e-01
9.487068653106689453e-01
9.915570020675659180e-01
9.757487177848815918e-01
9.892702698707580566e-01
9.073661565780639648e-01
9.687310457229614258e-01
9.345337748527526855e-01
