0.000000000000000000e+00
0.000000000000000000e+00
2.325581395348837177e-02
2.179836512261580303e-02
0.000000000000000000e+00
0.000000000000000000e+00
5.263157894736841813e-02
1.036269430051813510e-02
0.000000000000000000e+00
7.142857142857142634e-03
0.000000000000000000e+00
0.000000000000000000e+00
0.000000000000000000e+00
0.000000000000000000e+00
0.000000000000000000e+00
0.000000000000000000e+00
0.000000000000000000e+00
0.000000000000000000e+00
0.000000000000000000e+00
0.000000000000000000e+00
0.000000000000000000e+00
0.000000000000000000e+00
1.538461538461538547e-02
0.000000000000000000e+00
0.000000000000000000e+00
0.000000000000000000e+00
0.000000000000000000e+00
2.777777777777777624e-02
0.000000000000000000e+00
0.000000000000000000e+00
3.496503496503496500e-03
0.000000000000000000e+00
0.000000000000000000e+00
0.000000000000000000e+00
0.000000000000000000e+00
1.709401709401709574e-02
0.000000000000000000e+00
8.333333333333332871e-02
2.702702702702702853e-02
1.612903225806451568e-02
0.000000000000000000e+00
0.000000000000000000e+00
1.219512195121951262e-02
0.000000000000000000e+00
0.000000000000000000e+00
0.000000000000000000e+00
3.278688524590164105e-02
0.000000000000000000e+00
2.985074626865671672e-03
9.513742071881606949e-03
0.000000000000000000e+00
0.000000000000000000e+00
0.000000000000000000e+00
5.000000000000000000e-01
0.000000000000000000e+00
0.000000000000000000e+00
0.000000000000000000e+00
0.000000000000000000e+00
2.356020942408377020e-02
1.829268292682926719e-02
0.000000000000000000e+00
0.000000000000000000e+00
1.937984496124030981e-02
7.692307692307692735e-02
2.356020942408377020e-02
0.000000000000000000e+00
0.000000000000000000e+00
0.000000000000000000e+00
5.405405405405405705e-03
0.000000000000000000e+00
0.000000000000000000e+00
0.000000000000000000e+00
0.000000000000000000e+00
0.000000000000000000e+00
6.779661016949152345e-03
1.661129568106312418e-02
1.790510295434198738e-03
0.000000000000000000e+00
0.000000000000000000e+00
1.000000000000000000e+00
0.000000000000000000e+00
0.000000000000000000e+00
6.928406466512702401e-03
0.000000000000000000e+00
0.000000000000000000e+00
0.000000000000000000e+00
3.163555836760518700e-03
0.000000000000000000e+00
0.000000000000000000e+00
2.573529411764705760e-02
0.000000000000000000e+00
2.325581395348837177e-02
3.157894736842105365e-02
0.000000000000000000e+00
1.600000000000000033e-02
0.000000000000000000e+00
0.000000000000000000e+00
1.014656144306651589e-02
0.000000000000000000e+00
0.000000000000000000e+00
0.000000000000000000e+00
0.000000000000000000e+00
0.000000000000000000e+00
0.000000000000000000e+00
0.000000000000000000e+00
0.000000000000000000e+00
0.000000000000000000e+00
0.000000000000000000e+00
0.000000000000000000e+00
0.000000000000000000e+00
1.410437235543018312e-03
0.000000000000000000e+00
4.338394793926247418e-03
6.920415224913495020e-03
0.000000000000000000e+00
0.000000000000000000e+00
0.000000000000000000e+00
0.000000000000000000e+00
0.000000000000000000e+00
5.148005148005147837e-03
0.000000000000000000e+00
0.000000000000000000e+00
0.000000000000000000e+00
0.000000000000000000e+00
0.000000000000000000e+00
0.000000000000000000e+00
0.000000000000000000e+00
0.000000000000000000e+00
3.076923076923077094e-02
6.734006734006733712e-03
0.000000000000000000e+00
8.100810081008101224e-03
0.000000000000000000e+00
2.479338842975206680e-02
0.000000000000000000e+00
2.839116719242902251e-02
4.716981132075471518e-03
0.000000000000000000e+00
0.000000000000000000e+00
5.830903790087463463e-03
0.000000000000000000e+00
1.153846153846153910e-01
2.127659574468085055e-02
0.000000000000000000e+00
0.000000000000000000e+00
0.000000000000000000e+00
0.000000000000000000e+00
8.077544426494345786e-03
7.299270072992700489e-03
1.650943396226415075e-02
0.000000000000000000e+00
0.000000000000000000e+00
2.702702702702702853e-02
1.000000000000000056e-01
5.285412262156448208e-03
3.846153846153846367e-02
0.000000000000000000e+00
5.299417064122946379e-03
5.154639175257731860e-03
0.000000000000000000e+00
0.000000000000000000e+00
0.000000000000000000e+00
0.000000000000000000e+00
0.000000000000000000e+00
0.000000000000000000e+00
0.000000000000000000e+00
0.000000000000000000e+00
1.893939393939393992e-03
0.000000000000000000e+00
1.793721973094170377e-02
0.000000000000000000e+00
9.345794392523363789e-03
0.000000000000000000e+00
2.325581395348837177e-02
2.040816326530612082e-02
6.153846153846153841e-03
0.000000000000000000e+00
0.000000000000000000e+00
0.000000000000000000e+00
2.631578947368420907e-02
0.000000000000000000e+00
0.000000000000000000e+00
0.000000000000000000e+00
3.565062388591800149e-03
0.000000000000000000e+00
0.000000000000000000e+00
0.000000000000000000e+00
1.428571428571428492e-01
0.000000000000000000e+00
3.571428571428571230e-02
2.941176470588235253e-02
1.234567901234567833e-02
0.000000000000000000e+00
3.105590062111801032e-03
0.000000000000000000e+00
4.830917874396135035e-03
0.000000000000000000e+00
0.000000000000000000e+00
5.076142131979695035e-03
0.000000000000000000e+00
0.000000000000000000e+00
0.000000000000000000e+00
0.000000000000000000e+00
2.114164904862579283e-02
0.000000000000000000e+00
0.000000000000000000e+00
0.000000000000000000e+00
0.000000000000000000e+00
0.000000000000000000e+00
0.000000000000000000e+00
5.479452054794520244e-02
0.000000000000000000e+00
0.000000000000000000e+00
0.000000000000000000e+00
0.000000000000000000e+00
1.065449010654490047e-02
6.493506493506493935e-03
0.000000000000000000e+00
4.459308807134894012e-03
0.000000000000000000e+00
0.000000000000000000e+00
3.412969283276450546e-03
2.820874471086036624e-03
0.000000000000000000e+00
0.000000000000000000e+00
2.341920374707259951e-03
3.496503496503496500e-03
1.449275362318840597e-02
0.000000000000000000e+00
0.000000000000000000e+00
6.968641114982578391e-03
0.000000000000000000e+00
0.000000000000000000e+00
0.000000000000000000e+00
5.405405405405405705e-03
0.000000000000000000e+00
8.703220191470843747e-03
0.000000000000000000e+00
1.257861635220125854e-02
6.976744186046511531e-02
0.000000000000000000e+00
0.000000000000000000e+00
0.000000000000000000e+00
3.846153846153846367e-02
0.000000000000000000e+00
7.132667617689015908e-04
0.000000000000000000e+00
0.000000000000000000e+00
0.000000000000000000e+00
0.000000000000000000e+00
0.000000000000000000e+00
0.000000000000000000e+00
0.000000000000000000e+00
0.000000000000000000e+00
4.166666666666666435e-02
0.000000000000000000e+00
0.000000000000000000e+00
0.000000000000000000e+00
0.000000000000000000e+00
0.000000000000000000e+00
3.164556962025316406e-03
4.444444444444444614e-02
7.575757575757575968e-03
4.504504504504504465e-03
0.000000000000000000e+00
0.000000000000000000e+00
0.000000000000000000e+00
1.562500000000000000e-02
0.000000000000000000e+00
0.000000000000000000e+00
3.380662609871534774e-04
0.000000000000000000e+00
0.000000000000000000e+00
7.744433688286544298e-03
2.283105022831050102e-03
7.692307692307692735e-02
0.000000000000000000e+00
0.000000000000000000e+00
0.000000000000000000e+00
0.000000000000000000e+00
0.000000000000000000e+00
0.000000000000000000e+00
0.000000000000000000e+00
0.000000000000000000e+00
0.000000000000000000e+00
7.142857142857142461e-02
0.000000000000000000e+00
0.000000000000000000e+00
0.000000000000000000e+00
0.000000000000000000e+00
1.392111368909512703e-02
2.188183807439824866e-02
0.000000000000000000e+00
0.000000000000000000e+00
0.000000000000000000e+00
0.000000000000000000e+00
0.000000000000000000e+00
0.000000000000000000e+00
6.250000000000000347e-03
0.000000000000000000e+00
0.000000000000000000e+00
2.403020940611053959e-03
2.614379084967320081e-03
0.000000000000000000e+00
0.000000000000000000e+00
0.000000000000000000e+00
1.897018970189701809e-02
0.000000000000000000e+00
4.452926208651399390e-03
0.000000000000000000e+00
0.000000000000000000e+00
0.000000000000000000e+00
0.000000000000000000e+00
3.076923076923077094e-02
0.000000000000000000e+00
0.000000000000000000e+00
0.000000000000000000e+00
4.177545691906005103e-03
0.000000000000000000e+00
0.000000000000000000e+00
0.000000000000000000e+00
1.407954945441745832e-03
0.000000000000000000e+00
0.000000000000000000e+00
0.000000000000000000e+00
0.000000000000000000e+00
9.090909090909090468e-03
0.000000000000000000e+00
0.000000000000000000e+00
2.885170225043277685e-03
0.000000000000000000e+00
0.000000000000000000e+00
2.624671916010498651e-03
0.000000000000000000e+00
2.144772117962466529e-02
0.000000000000000000e+00
0.000000000000000000e+00
3.571428571428571230e-02
0.000000000000000000e+00
2.365464222353637087e-03
0.000000000000000000e+00
0.000000000000000000e+00
0.000000000000000000e+00
5.042016806722689204e-02
0.000000000000000000e+00
0.000000000000000000e+00
0.000000000000000000e+00
0.000000000000000000e+00
0.000000000000000000e+00
0.000000000000000000e+00
0.000000000000000000e+00
0.000000000000000000e+00
0.000000000000000000e+00
1.923076923076923184e-02
0.000000000000000000e+00
0.000000000000000000e+00
0.000000000000000000e+00
0.000000000000000000e+00
2.777777777777777624e-02
1.152073732718894008e-03
0.000000000000000000e+00
7.683863885839736611e-03
0.000000000000000000e+00
0.000000000000000000e+00
2.056555269922879028e-02
1.428571428571428492e-01
0.000000000000000000e+00
2.312138728323699568e-03
0.000000000000000000e+00
0.000000000000000000e+00
4.329004329004329001e-03
0.000000000000000000e+00
0.000000000000000000e+00
0.000000000000000000e+00
0.000000000000000000e+00
0.000000000000000000e+00
0.000000000000000000e+00
2.459016393442622905e-02
1.503759398496240518e-02
0.000000000000000000e+00
0.000000000000000000e+00
1.111111111111111154e-02
0.000000000000000000e+00
0.000000000000000000e+00
0.000000000000000000e+00
0.000000000000000000e+00
0.000000000000000000e+00
0.000000000000000000e+00
2.564102564102564014e-02
0.000000000000000000e+00
5.999999999999999778e-02
0.000000000000000000e+00
0.000000000000000000e+00
0.000000000000000000e+00
0.000000000000000000e+00
3.882418191902384935e-03
3.703703703703703498e-02
0.000000000000000000e+00
2.620087336244541435e-03
2.000000000000000111e-01
0.000000000000000000e+00
0.000000000000000000e+00
4.484304932735425943e-03
0.000000000000000000e+00
0.000000000000000000e+00
0.000000000000000000e+00
0.000000000000000000e+00
2.222222222222222307e-02
0.000000000000000000e+00
8.064516129032257841e-03
2.646377770426728594e-03
1.250000000000000069e-02
0.000000000000000000e+00
0.000000000000000000e+00
0.000000000000000000e+00
0.000000000000000000e+00
1.775147928994082885e-02
0.000000000000000000e+00
0.000000000000000000e+00
3.238866396761133637e-02
0.000000000000000000e+00
3.333333333333333148e-01
0.000000000000000000e+00
0.000000000000000000e+00
0.000000000000000000e+00
1.226993865030674875e-02
3.524229074889868168e-02
0.000000000000000000e+00
0.000000000000000000e+00
0.000000000000000000e+00
0.000000000000000000e+00
0.000000000000000000e+00
0.000000000000000000e+00
1.510574018126888216e-03
0.000000000000000000e+00
2.673796791443850199e-02
7.692307692307692735e-03
2.899484536082474334e-03
2.000000000000000111e-01
0.000000000000000000e+00
1.851851851851851749e-02
0.000000000000000000e+00
0.000000000000000000e+00
1.886792452830188694e-03
0.000000000000000000e+00
0.000000000000000000e+00
0.000000000000000000e+00
0.000000000000000000e+00
0.000000000000000000e+00
0.000000000000000000e+00
1.136363636363636395e-02
1.956521739130434936e-02
0.000000000000000000e+00
0.000000000000000000e+00
0.000000000000000000e+00
2.840909090909090814e-02
0.000000000000000000e+00
4.885993485342019112e-03
0.000000000000000000e+00
0.000000000000000000e+00
2.000000000000000111e-01
0.000000000000000000e+00
0.000000000000000000e+00
0.000000000000000000e+00
0.000000000000000000e+00
0.000000000000000000e+00
0.000000000000000000e+00
0.000000000000000000e+00
3.500000000000000333e-02
2.222222222222222307e-02
0.000000000000000000e+00
3.048780487804877981e-02
0.000000000000000000e+00
0.000000000000000000e+00
0.000000000000000000e+00
0.000000000000000000e+00
0.000000000000000000e+00
0.000000000000000000e+00
3.171582619727243853e-04
0.000000000000000000e+00
4.794520547945205734e-03
0.000000000000000000e+00
0.000000000000000000e+00
0.000000000000000000e+00
0.000000000000000000e+00
1.666666666666666574e-01
8.620689655172413673e-03
6.825938566552901092e-04
3.333333333333333148e-01
3.367003367003366856e-03
1.030927835051546372e-02
0.000000000000000000e+00
0.000000000000000000e+00
4.854368932038834530e-03
0.000000000000000000e+00
0.000000000000000000e+00
0.000000000000000000e+00
1.209677419354838676e-02
0.000000000000000000e+00
0.000000000000000000e+00
0.000000000000000000e+00
0.000000000000000000e+00
0.000000000000000000e+00
0.000000000000000000e+00
0.000000000000000000e+00
0.000000000000000000e+00
0.000000000000000000e+00
2.448408534452605877e-03
0.000000000000000000e+00
0.000000000000000000e+00
2.162162162162162282e-02
2.597402597402597574e-02
1.935483870967742021e-02
3.422053231939163609e-02
0.000000000000000000e+00
0.000000000000000000e+00
0.000000000000000000e+00
0.000000000000000000e+00
1.098901098901098987e-02
2.578981302385557721e-03
0.000000000000000000e+00
0.000000000000000000e+00
0.000000000000000000e+00
6.334125098970704373e-03
0.000000000000000000e+00
0.000000000000000000e+00
2.804262478968031543e-03
1.976284584980237020e-03
2.577319587628865843e-02
8.368200836820082963e-03
0.000000000000000000e+00
0.000000000000000000e+00
3.125000000000000000e-02
0.000000000000000000e+00
2.874480996486745554e-03
1.156069364161849654e-02
2.500000000000000000e-01
0.000000000000000000e+00
0.000000000000000000e+00
0.000000000000000000e+00
2.185792349726775954e-02
2.222222222222222099e-01
3.125000000000000000e-02
1.348314606741573066e-02
0.000000000000000000e+00
0.000000000000000000e+00
8.333333333333332871e-02
0.000000000000000000e+00
0.000000000000000000e+00
0.000000000000000000e+00
0.000000000000000000e+00
0.000000000000000000e+00
0.000000000000000000e+00
1.503759398496240518e-02
0.000000000000000000e+00
1.492537313432835792e-02
9.433962264150943036e-03
0.000000000000000000e+00
6.359300476947536175e-03
8.958566629339305767e-03
9.596928982725527052e-03
7.086614173228346358e-03
1.128031584884376867e-03
0.000000000000000000e+00
0.000000000000000000e+00
7.866273352999017185e-03
8.445945945945946415e-04
0.000000000000000000e+00
0.000000000000000000e+00
4.524886877828054703e-03
0.000000000000000000e+00
2.500000000000000139e-02
0.000000000000000000e+00
2.739726027397260122e-02
0.000000000000000000e+00
0.000000000000000000e+00
0.000000000000000000e+00
0.000000000000000000e+00
0.000000000000000000e+00
4.237288135593220324e-03
0.000000000000000000e+00
2.674690738883316477e-03
0.000000000000000000e+00
0.000000000000000000e+00
2.500000000000000000e-01
9.587727708533078444e-03
0.000000000000000000e+00
0.000000000000000000e+00
1.234567901234567833e-02
0.000000000000000000e+00
0.000000000000000000e+00
0.000000000000000000e+00
0.000000000000000000e+00
0.000000000000000000e+00
1.574803149606299191e-02
0.000000000000000000e+00
1.152073732718894008e-03
0.000000000000000000e+00
2.824858757062146883e-03
0.000000000000000000e+00
0.000000000000000000e+00
0.000000000000000000e+00
5.369127516778523200e-03
0.000000000000000000e+00
0.000000000000000000e+00
0.000000000000000000e+00
0.000000000000000000e+00
3.642987249544626591e-04
0.000000000000000000e+00
0.000000000000000000e+00
6.015037593984962766e-03
0.000000000000000000e+00
0.000000000000000000e+00
1.694915254237288130e-02
2.777777777777777624e-02
1.923076923076923184e-02
0.000000000000000000e+00
0.000000000000000000e+00
4.420432220039292523e-03
0.000000000000000000e+00
0.000000000000000000e+00
0.000000000000000000e+00
1.666666666666666644e-02
0.000000000000000000e+00
1.449275362318840597e-02
0.000000000000000000e+00
3.652968036529680163e-02
0.000000000000000000e+00
0.000000000000000000e+00
0.000000000000000000e+00
5.494505494505494934e-03
8.532423208191126582e-03
0.000000000000000000e+00
0.000000000000000000e+00
4.638218923933209829e-03
1.754385964912280604e-02
6.666666666666666574e-02
1.639344262295082053e-02
0.000000000000000000e+00
0.000000000000000000e+00
0.000000000000000000e+00
1.996007984031936133e-02
3.240440699935191217e-03
9.554140127388534645e-03
0.000000000000000000e+00
0.000000000000000000e+00
0.000000000000000000e+00
0.000000000000000000e+00
0.000000000000000000e+00
0.000000000000000000e+00
0.000000000000000000e+00
0.000000000000000000e+00
0.000000000000000000e+00
0.000000000000000000e+00
0.000000000000000000e+00
1.980198019801980222e-02
2.563163676309044171e-03
0.000000000000000000e+00
0.000000000000000000e+00
6.756756756756757132e-03
0.000000000000000000e+00
0.000000000000000000e+00
8.403361344537814762e-03
0.000000000000000000e+00
0.000000000000000000e+00
0.000000000000000000e+00
2.884615384615384776e-02
0.000000000000000000e+00
0.000000000000000000e+00
2.604166666666666782e-02
5.422993492407809056e-03
0.000000000000000000e+00
3.274394237066142674e-03
5.000000000000000000e-01
1.422475106685633069e-03
0.000000000000000000e+00
0.000000000000000000e+00
0.000000000000000000e+00
2.631578947368420907e-02
0.000000000000000000e+00
0.000000000000000000e+00
0.000000000000000000e+00
1.511335012594458398e-02
2.673796791443850199e-02
3.162555344718532419e-03
3.333333333333333287e-02
1.345291479820627870e-02
0.000000000000000000e+00
0.000000000000000000e+00
0.000000000000000000e+00
4.368932038834951598e-02
0.000000000000000000e+00
1.098901098901098987e-02
0.000000000000000000e+00
3.074558032282859350e-03
0.000000000000000000e+00
0.000000000000000000e+00
0.000000000000000000e+00
0.000000000000000000e+00
0.000000000000000000e+00
0.000000000000000000e+00
0.000000000000000000e+00
0.000000000000000000e+00
0.000000000000000000e+00
0.000000000000000000e+00
0.000000000000000000e+00
6.134969325153374377e-03
1.421800947867298513e-02
0.000000000000000000e+00
0.000000000000000000e+00
0.000000000000000000e+00
0.000000000000000000e+00
1.808318264014466487e-03
4.648760330578512526e-03
0.000000000000000000e+00
4.264392324093816550e-03
0.000000000000000000e+00
5.170630816959669029e-03
7.977662544874351315e-04
0.000000000000000000e+00
0.000000000000000000e+00
0.000000000000000000e+00
3.048780487804878155e-03
0.000000000000000000e+00
0.000000000000000000e+00
9.478672985781990811e-04
1.250000000000000000e-01
0.000000000000000000e+00
0.000000000000000000e+00
0.000000000000000000e+00
0.000000000000000000e+00
0.000000000000000000e+00
0.000000000000000000e+00
0.000000000000000000e+00
5.263157894736841813e-02
2.821442966545747479e-03
6.405124099279423111e-03
0.000000000000000000e+00
5.313496280552603302e-04
7.001166861143524184e-03
0.000000000000000000e+00
0.000000000000000000e+00
0.000000000000000000e+00
0.000000000000000000e+00
3.676470588235294067e-03
0.000000000000000000e+00
0.000000000000000000e+00
2.172338884866039169e-03
0.000000000000000000e+00
1.459854014598540098e-02
5.000000000000000000e-01
2.500000000000000000e-01
0.000000000000000000e+00
0.000000000000000000e+00
0.000000000000000000e+00
0.000000000000000000e+00
0.000000000000000000e+00
0.000000000000000000e+00
0.000000000000000000e+00
0.000000000000000000e+00
1.102362204724409434e-02
2.329644729178800312e-03
1.315789473684210453e-02
9.523809523809523281e-02
0.000000000000000000e+00
0.000000000000000000e+00
0.000000000000000000e+00
5.263157894736841813e-02
5.952380952380952051e-03
0.000000000000000000e+00
0.000000000000000000e+00
2.433090024330900308e-03
0.000000000000000000e+00
2.127659574468085055e-02
4.166666666666666435e-02
0.000000000000000000e+00
0.000000000000000000e+00
0.000000000000000000e+00
1.052631578947368397e-02
5.555555555555555247e-02
0.000000000000000000e+00
0.000000000000000000e+00
5.706134094151212727e-03
0.000000000000000000e+00
0.000000000000000000e+00
0.000000000000000000e+00
0.000000000000000000e+00
0.000000000000000000e+00
0.000000000000000000e+00
0.000000000000000000e+00
1.372997711670480465e-02
0.000000000000000000e+00
1.818181818181818232e-01
0.000000000000000000e+00
0.000000000000000000e+00
0.000000000000000000e+00
2.207505518763796908e-03
0.000000000000000000e+00
1.565217391304347949e-02
0.000000000000000000e+00
2.105263157894736795e-02
0.000000000000000000e+00
0.000000000000000000e+00
0.000000000000000000e+00
0.000000000000000000e+00
0.000000000000000000e+00
0.000000000000000000e+00
0.000000000000000000e+00
0.000000000000000000e+00
7.106598984771573743e-03
2.713178294573643373e-02
0.000000000000000000e+00
0.000000000000000000e+00
3.460207612456747510e-03
1.840490797546012400e-02
0.000000000000000000e+00
9.443861490031480246e-03
0.000000000000000000e+00
0.000000000000000000e+00
0.000000000000000000e+00
2.564102564102564014e-02
0.000000000000000000e+00
0.000000000000000000e+00
3.347280334728033185e-02
7.968127490039840499e-03
7.007708479327259604e-04
0.000000000000000000e+00
9.523809523809524669e-03
0.000000000000000000e+00
0.000000000000000000e+00
0.000000000000000000e+00
0.000000000000000000e+00
0.000000000000000000e+00
0.000000000000000000e+00
3.125000000000000000e-02
0.000000000000000000e+00
4.312668463611860244e-03
0.000000000000000000e+00
0.000000000000000000e+00
9.225092250922509174e-03
6.349206349206349201e-04
0.000000000000000000e+00
0.000000000000000000e+00
1.104972375690607689e-02
0.000000000000000000e+00
5.780346820809248269e-03
3.460207612456747510e-03
0.000000000000000000e+00
0.000000000000000000e+00
3.344481605351170509e-03
3.191489361702127409e-02
0.000000000000000000e+00
0.000000000000000000e+00
1.445086705202312067e-03
0.000000000000000000e+00
0.000000000000000000e+00
0.000000000000000000e+00
1.694915254237288130e-02
1.255886970172684532e-02
0.000000000000000000e+00
0.000000000000000000e+00
0.000000000000000000e+00
1.886792452830188607e-02
5.797101449275362172e-04
0.000000000000000000e+00
2.985074626865671585e-02
0.000000000000000000e+00
0.000000000000000000e+00
0.000000000000000000e+00
1.892147587511825921e-03
0.000000000000000000e+00
4.255319148936170109e-02
3.264773098269670073e-03
0.000000000000000000e+00
9.493670886075949653e-03
0.000000000000000000e+00
0.000000000000000000e+00
1.470588235294117627e-02
4.918032786885245811e-02
1.867995018679950280e-03
1.666666666666666574e-01
0.000000000000000000e+00
0.000000000000000000e+00
0.000000000000000000e+00
0.000000000000000000e+00
0.000000000000000000e+00
0.000000000000000000e+00
0.000000000000000000e+00
1.990049751243781057e-02
8.561643835616437881e-04
6.854009595613433890e-03
1.250000000000000069e-02
0.000000000000000000e+00
5.347593582887700397e-02
3.690036900369003583e-03
0.000000000000000000e+00
2.173913043478260809e-02
1.470588235294117627e-02
0.000000000000000000e+00
0.000000000000000000e+00
0.000000000000000000e+00
4.784688995215310992e-02
1.472754050073637674e-03
0.000000000000000000e+00
0.000000000000000000e+00
0.000000000000000000e+00
0.000000000000000000e+00
2.216066481994459839e-02
0.000000000000000000e+00
0.000000000000000000e+00
0.000000000000000000e+00
2.605863192182410540e-03
0.000000000000000000e+00
0.000000000000000000e+00
0.000000000000000000e+00
0.000000000000000000e+00
0.000000000000000000e+00
1.928374655647382974e-02
1.111111111111111049e-01
4.576659038901601841e-03
0.000000000000000000e+00
4.962779156327543420e-03
6.024096385542168988e-03
8.595988538681948593e-03
4.255319148936170109e-02
2.770083102493074798e-03
0.000000000000000000e+00
0.000000000000000000e+00
1.176470588235294101e-02
1.000000000000000021e-02
0.000000000000000000e+00
1.621621621621621712e-02
0.000000000000000000e+00
0.000000000000000000e+00
0.000000000000000000e+00
0.000000000000000000e+00
0.000000000000000000e+00
7.920792079207920888e-03
0.000000000000000000e+00
0.000000000000000000e+00
0.000000000000000000e+00
0.000000000000000000e+00
0.000000000000000000e+00
0.000000000000000000e+00
0.000000000000000000e+00
2.304906157392163334e-03
0.000000000000000000e+00
2.406417112299465144e-02
4.545454545454545581e-02
2.380952380952380820e-02
0.000000000000000000e+00
0.000000000000000000e+00
0.000000000000000000e+00
7.142857142857142461e-02
0.000000000000000000e+00
0.000000000000000000e+00
0.000000000000000000e+00
2.272727272727272617e-03
1.428571428571428492e-01
1.986754966887417304e-02
0.000000000000000000e+00
0.000000000000000000e+00
1.666666666666666574e-01
4.347826086956521618e-02
2.375296912114014357e-03
0.000000000000000000e+00
0.000000000000000000e+00
0.000000000000000000e+00
0.000000000000000000e+00
0.000000000000000000e+00
0.000000000000000000e+00
6.250000000000000000e-02
2.000000000000000111e-01
2.564102564102564014e-02
0.000000000000000000e+00
0.000000000000000000e+00
0.000000000000000000e+00
0.000000000000000000e+00
0.000000000000000000e+00
0.000000000000000000e+00
0.000000000000000000e+00
6.105006105006105001e-03
3.567606136282554328e-03
3.947368421052631360e-02
0.000000000000000000e+00
1.608579088471849897e-02
0.000000000000000000e+00
0.000000000000000000e+00
2.000000000000000111e-01
9.635974304068522373e-03
4.566210045662100203e-03
8.333333333333332871e-02
0.000000000000000000e+00
4.639175257731958935e-02
0.000000000000000000e+00
0.000000000000000000e+00
1.287553648068669523e-02
0.000000000000000000e+00
8.113590263691683457e-03
1.610017889087656667e-02
0.000000000000000000e+00
0.000000000000000000e+00
0.000000000000000000e+00
0.000000000000000000e+00
0.000000000000000000e+00
8.264462809917355601e-03
1.185536455245998723e-03
0.000000000000000000e+00
4.702194357366771410e-03
4.883342376559956545e-03
0.000000000000000000e+00
0.000000000000000000e+00
0.000000000000000000e+00
3.663003663003663000e-03
0.000000000000000000e+00
0.000000000000000000e+00
2.777777777777777624e-02
2.387267904509283653e-02
0.000000000000000000e+00
0.000000000000000000e+00
1.666666666666666644e-02
4.101722723543888677e-04
9.512485136741972991e-03
0.000000000000000000e+00
1.904761904761904760e-03
0.000000000000000000e+00
0.000000000000000000e+00
0.000000000000000000e+00
1.360544217687074779e-02
8.342022940563086769e-03
6.944444444444444059e-03
0.000000000000000000e+00
0.000000000000000000e+00
1.250000000000000000e-01
0.000000000000000000e+00
2.500000000000000000e-01
6.250000000000000000e-02
2.974223397224058131e-03
0.000000000000000000e+00
5.096839959225280513e-03
0.000000000000000000e+00
4.672897196261681894e-03
1.923076923076923184e-02
0.000000000000000000e+00
0.000000000000000000e+00
6.550933508024893090e-04
0.000000000000000000e+00
0.000000000000000000e+00
4.491017964071856126e-03
0.000000000000000000e+00
0.000000000000000000e+00
0.000000000000000000e+00
1.030927835051546372e-02
3.571428571428571317e-03
0.000000000000000000e+00
5.797101449275362172e-04
0.000000000000000000e+00
2.444987775061124684e-03
0.000000000000000000e+00
8.403361344537814762e-03
0.000000000000000000e+00
2.040816326530612082e-02
9.090909090909091161e-02
8.000000000000000167e-02
0.000000000000000000e+00
0.000000000000000000e+00
0.000000000000000000e+00
0.000000000000000000e+00
4.761904761904761640e-02
0.000000000000000000e+00
0.000000000000000000e+00
0.000000000000000000e+00
0.000000000000000000e+00
4.761904761904761640e-02
0.000000000000000000e+00
3.238866396761133637e-02
0.000000000000000000e+00
0.000000000000000000e+00
0.000000000000000000e+00
1.149425287356321823e-02
0.000000000000000000e+00
0.000000000000000000e+00
1.345291479820627870e-02
8.176614881439083632e-03
0.000000000000000000e+00
0.000000000000000000e+00
0.000000000000000000e+00
2.063273727647867758e-03
0.000000000000000000e+00
0.000000000000000000e+00
0.000000000000000000e+00
6.309148264984226935e-03
0.000000000000000000e+00
2.686567164179104461e-02
0.000000000000000000e+00
0.000000000000000000e+00
5.543237250554324154e-03
0.000000000000000000e+00
0.000000000000000000e+00
7.812500000000000000e-03
0.000000000000000000e+00
0.000000000000000000e+00
0.000000000000000000e+00
0.000000000000000000e+00
0.000000000000000000e+00
1.277955271565495154e-02
1.331557922769640440e-02
8.695652173913043584e-03
4.347826086956521618e-02
0.000000000000000000e+00
3.937007874015747977e-03
1.483679525222551983e-03
0.000000000000000000e+00
0.000000000000000000e+00
4.878048780487804874e-03
1.103752759381898541e-02
3.048780487804878155e-03
0.000000000000000000e+00
6.451612903225806273e-02
2.243589743589743599e-02
0.000000000000000000e+00
0.000000000000000000e+00
0.000000000000000000e+00
0.000000000000000000e+00
0.000000000000000000e+00
0.000000000000000000e+00
0.000000000000000000e+00
0.000000000000000000e+00
0.000000000000000000e+00
0.000000000000000000e+00
4.470938897168405361e-03
0.000000000000000000e+00
2.836879432624113406e-02
0.000000000000000000e+00
0.000000000000000000e+00
1.709401709401709400e-03
0.000000000000000000e+00
0.000000000000000000e+00
0.000000000000000000e+00
4.629629629629629373e-02
0.000000000000000000e+00
3.278688524590164105e-02
0.000000000000000000e+00
5.714285714285714107e-02
0.000000000000000000e+00
4.591836734693877792e-02
0.000000000000000000e+00
0.000000000000000000e+00
0.000000000000000000e+00
0.000000000000000000e+00
1.010101010101010187e-02
0.000000000000000000e+00
3.367003367003366856e-03
4.651162790697674354e-03
6.060606060606060774e-02
1.299263750541359902e-03
0.000000000000000000e+00
0.000000000000000000e+00
1.272264631043257092e-03
0.000000000000000000e+00
0.000000000000000000e+00
4.402515723270439968e-02
2.500000000000000139e-02
0.000000000000000000e+00
0.000000000000000000e+00
0.000000000000000000e+00
4.716981132075471518e-03
0.000000000000000000e+00
1.118210862619808260e-02
0.000000000000000000e+00
0.000000000000000000e+00
0.000000000000000000e+00
5.882352941176470507e-02
4.694835680751173815e-03
0.000000000000000000e+00
0.000000000000000000e+00
0.000000000000000000e+00
7.521624670928920469e-04
3.819709702062643172e-04
1.140684410646387870e-03
0.000000000000000000e+00
0.000000000000000000e+00
0.000000000000000000e+00
0.000000000000000000e+00
0.000000000000000000e+00
0.000000000000000000e+00
2.183406113537117790e-02
0.000000000000000000e+00
0.000000000000000000e+00
4.518072289156626307e-03
4.032258064516128920e-03
0.000000000000000000e+00
0.000000000000000000e+00
0.000000000000000000e+00
1.709401709401709574e-02
5.813953488372092943e-03
2.886465683130211637e-03
0.000000000000000000e+00
0.000000000000000000e+00
0.000000000000000000e+00
0.000000000000000000e+00
0.000000000000000000e+00
0.000000000000000000e+00
0.000000000000000000e+00
0.000000000000000000e+00
0.000000000000000000e+00
0.000000000000000000e+00
4.518752824220514767e-03
0.000000000000000000e+00
0.000000000000000000e+00
0.000000000000000000e+00
0.000000000000000000e+00
0.000000000000000000e+00
0.000000000000000000e+00
0.000000000000000000e+00
4.291845493562231745e-03
3.496503496503496500e-03
0.000000000000000000e+00
1.562500000000000087e-03
0.000000000000000000e+00
0.000000000000000000e+00
4.678362573099415292e-03
0.000000000000000000e+00
3.125000000000000000e-02
0.000000000000000000e+00
0.000000000000000000e+00
0.000000000000000000e+00
0.000000000000000000e+00
1.751313485113835389e-03
0.000000000000000000e+00
1.388888888888888812e-02
0.000000000000000000e+00
0.000000000000000000e+00
1.258741258741258827e-02
0.000000000000000000e+00
0.000000000000000000e+00
0.000000000000000000e+00
0.000000000000000000e+00
2.320185614849187838e-03
0.000000000000000000e+00
1.675977653631284883e-02
0.000000000000000000e+00
3.846153846153846367e-03
0.000000000000000000e+00
0.000000000000000000e+00
0.000000000000000000e+00
0.000000000000000000e+00
1.886792452830188694e-03
0.000000000000000000e+00
1.648351648351648394e-02
8.130081300813008990e-03
0.000000000000000000e+00
0.000000000000000000e+00
3.174603174603174427e-02
0.000000000000000000e+00
0.000000000000000000e+00
8.359456635318705114e-03
4.585052728106373096e-04
4.680187207488299694e-03
1.142857142857142856e-02
0.000000000000000000e+00
5.321979776476849083e-04
1.506024096385542160e-02
0.000000000000000000e+00
0.000000000000000000e+00
0.000000000000000000e+00
0.000000000000000000e+00
0.000000000000000000e+00
7.092198581560283516e-03
0.000000000000000000e+00
0.000000000000000000e+00
2.864417568427752962e-03
0.000000000000000000e+00
0.000000000000000000e+00
0.000000000000000000e+00
0.000000000000000000e+00
1.000000000000000000e+00
0.000000000000000000e+00
0.000000000000000000e+00
0.000000000000000000e+00
0.000000000000000000e+00
0.000000000000000000e+00
0.000000000000000000e+00
0.000000000000000000e+00
9.259259259259258745e-03
0.000000000000000000e+00
0.000000000000000000e+00
0.000000000000000000e+00
5.856515373352855214e-03
0.000000000000000000e+00
2.666666666666666838e-02
0.000000000000000000e+00
2.380952380952381167e-03
0.000000000000000000e+00
0.000000000000000000e+00
0.000000000000000000e+00
0.000000000000000000e+00
2.272727272727272790e-02
5.405405405405405705e-02
1.612903225806451568e-02
0.000000000000000000e+00
