9.996380805969238281e-01
9.989721775054931641e-01
9.791173338890075684e-01
9.249380826950073242e-01
9.743630290031433105e-01
9.903967380523681641e-01
9.920158386230468750e-01
9.170615077018737793e-01
9.776700735092163086e-01
9.901366233825683594e-01
9.998456239700317383e-01
9.894760251045227051e-01
9.900056719779968262e-01
5.474619269371032715e-01
9.008688926696777344e-01
9.515013098716735840e-01
8.724641203880310059e-01
4.013173878192901611e-01
8.950126767158508301e-01
9.715899229049682617e-01
9.991080760955810547e-01
9.585515856742858887e-01
9.923477172851562500e-01
9.994462728500366211e-01
9.544513225555419922e-01
9.925747513771057129e-01
9.941772818565368652e-01
9.933366179466247559e-01
9.697922468185424805e-01
9.951775074005126953e-01
9.720530509948730469e-01
5.471315383911132812e-01
8.694797158241271973e-01
9.948474168777465820e-01
8.668628334999084473e-01
9.870733022689819336e-01
9.284304380416870117e-01
9.937132000923156738e-01
9.879246354103088379e-01
9.777649044990539551e-01
9.756478667259216309e-01
9.895259737968444824e-01
9.907516837120056152e-01
9.867166280746459961e-01
7.211360335350036621e-01
9.976156353950500488e-01
9.451686739921569824e-01
9.891552925109863281e-01
9.176051616668701172e-01
9.773028492927551270e-01
9.992139935493469238e-01
9.479403495788574219e-01
9.784510731697082520e-01
9.987220764160156250e-01
9.111229777336120605e-01
6.744874715805053711e-01
9.958541989326477051e-01
9.256978631019592285e-01
9.746931195259094238e-01
9.838997721672058105e-01
8.186759352684020996e-01
9.192617535591125488e-01
9.284147024154663086e-01
9.939851760864257812e-01
9.177166223526000977e-01
9.825936555862426758e-01
6.786968708038330078e-01
9.653623700141906738e-01
9.728885293006896973e-01
9.547486305236816406e-01
9.986205697059631348e-01
9.890375137329101562e-01
9.493366479873657227e-01
9.420067071914672852e-01
9.864200949668884277e-01
8.193509578704833984e-01
9.826599359512329102e-01
9.767218232154846191e-01
9.884359836578369141e-01
9.942147135734558105e-01
9.828684926033020020e-01
5.010859966278076172e-01
9.978252649307250977e-01
9.449238777160644531e-01
9.907398819923400879e-01
7.330588698387145996e-01
9.874540567398071289e-01
9.805122613906860352e-01
8.104823827743530273e-01
9.621741175651550293e-01
9.056355357170104980e-01
9.813838601112365723e-01
9.635886549949645996e-01
9.961603283882141113e-01
9.719038605690002441e-01
9.781463742256164551e-01
9.748628735542297363e-01
9.791386723518371582e-01
9.515696763992309570e-01
9.924036860466003418e-01
9.964558482170104980e-01
9.850813746452331543e-01
9.775466322898864746e-01
9.832832813262939453e-01
9.951843023300170898e-01
9.949260354042053223e-01
9.857752919197082520e-01
9.810332655906677246e-01
9.937344789505004883e-01
9.472076296806335449e-01
9.795524477958679199e-01
9.983683824539184570e-01
9.681820273399353027e-01
8.970804810523986816e-01
9.419086575508117676e-01
9.672510027885437012e-01
9.946170449256896973e-01
8.650528192520141602e-01
9.209894537925720215e-01
9.701620340347290039e-01
9.923391938209533691e-01
9.976832270622253418e-01
9.823460578918457031e-01
9.525997042655944824e-01
9.999190568923950195e-01
9.996585249900817871e-01
8.276831507682800293e-01
9.837700128555297852e-01
9.857534766197204590e-01
7.452861666679382324e-01
9.781877994537353516e-01
9.715602397918701172e-01
9.737427234649658203e-01
9.287331700325012207e-01
9.765965342521667480e-01
9.897688031196594238e-01
9.800012111663818359e-01
9.612430334091186523e-01
9.958965182304382324e-01
9.044028520584106445e-01
9.961653351783752441e-01
9.876917600631713867e-01
9.682691097259521484e-01
4.701813161373138428e-01
9.637348055839538574e-01
9.781545996665954590e-01
9.849429726600646973e-01
9.502132534980773926e-01
9.884489774703979492e-01
9.857116937637329102e-01
5.905592441558837891e-01
9.970602989196777344e-01
9.158445000648498535e-01
9.552666544914245605e-01
9.546205997467041016e-01
8.278711438179016113e-01
9.880293011665344238e-01
9.519895911216735840e-01
9.825838804244995117e-01
9.769986867904663086e-01
9.391715526580810547e-01
9.987505078315734863e-01
9.791973233222961426e-01
9.819622039794921875e-01
9.808662533760070801e-01
7.189112305641174316e-01
9.903507828712463379e-01
9.541191458702087402e-01
9.890694022178649902e-01
9.936391711235046387e-01
9.657434821128845215e-01
9.818536639213562012e-01
9.929826259613037109e-01
9.579753279685974121e-01
8.776938319206237793e-01
9.843308925628662109e-01
9.226567745208740234e-01
9.708127379417419434e-01
9.612130522727966309e-01
9.457362294197082520e-01
9.853233695030212402e-01
8.490050435066223145e-01
9.791978001594543457e-01
9.711897969245910645e-01
9.996698498725891113e-01
9.895869493484497070e-01
9.519935846328735352e-01
9.751824140548706055e-01
9.091120958328247070e-01
9.649331569671630859e-01
9.757727384567260742e-01
9.850856065750122070e-01
9.789590239524841309e-01
9.642691612243652344e-01
9.995575547218322754e-01
8.896866440773010254e-01
9.867852926254272461e-01
9.816625118255615234e-01
9.850090146064758301e-01
8.891498446464538574e-01
9.797446131706237793e-01
9.348243474960327148e-01
9.665296673774719238e-01
9.626699686050415039e-01
9.875791072845458984e-01
9.727097153663635254e-01
9.749801754951477051e-01
9.842103719711303711e-01
9.031392931938171387e-01
9.871463179588317871e-01
9.694859981536865234e-01
9.932762384414672852e-01
9.881405830383300781e-01
9.744150042533874512e-01
9.850273132324218750e-01
9.763145446777343750e-01
9.075911641120910645e-01
9.940778017044067383e-01
9.953833222389221191e-01
9.939880967140197754e-01
9.848160147666931152e-01
9.829518198966979980e-01
9.841740131378173828e-01
8.779565095901489258e-01
9.582942724227905273e-01
9.886137247085571289e-01
9.964530467987060547e-01
9.115182757377624512e-01
9.348968267440795898e-01
9.956757426261901855e-01
9.841448068618774414e-01
9.666189551353454590e-01
9.916769266128540039e-01
9.884775876998901367e-01
9.571145176887512207e-01
9.607138037681579590e-01
9.678567051887512207e-01
9.465057849884033203e-01
9.978649020195007324e-01
9.451813101768493652e-01
9.857496619224548340e-01
9.903302192687988281e-01
9.690847992897033691e-01
8.660854101181030273e-01
9.403143525123596191e-01
9.887055754661560059e-01
9.879735112190246582e-01
9.828475117683410645e-01
9.268584847450256348e-01
9.427320957183837891e-01
9.988656044006347656e-01
9.915266633033752441e-01
9.793697595596313477e-01
9.488872289657592773e-01
7.708993554115295410e-01
9.920903444290161133e-01
8.889855146408081055e-01
9.677935838699340820e-01
9.969105720520019531e-01
9.323254227638244629e-01
9.547907114028930664e-01
8.991304039955139160e-01
9.493711590766906738e-01
9.896149039268493652e-01
9.718181490898132324e-01
9.926470518112182617e-01
9.320398569107055664e-01
9.911369085311889648e-01
9.706616401672363281e-01
9.662368893623352051e-01
9.644802212715148926e-01
9.848902225494384766e-01
9.786764383316040039e-01
9.806927442550659180e-01
9.586887359619140625e-01
9.095056653022766113e-01
9.920917749404907227e-01
9.828151464462280273e-01
8.908082246780395508e-01
9.780141711235046387e-01
7.886011600494384766e-01
9.905109405517578125e-01
7.940654754638671875e-01
9.761893749237060547e-01
9.694334864616394043e-01
9.924215078353881836e-01
9.862254858016967773e-01
9.010521173477172852e-01
9.810054898262023926e-01
9.175041913986206055e-01
9.789352416992187500e-01
9.406914114952087402e-01
9.959652423858642578e-01
9.802767038345336914e-01
9.845523834228515625e-01
9.962064027786254883e-01
9.605743288993835449e-01
9.912208914756774902e-01
9.295519590377807617e-01
9.698917865753173828e-01
9.341945648193359375e-01
9.564941525459289551e-01
9.180318117141723633e-01
7.885773181915283203e-01
9.151038527488708496e-01
9.802777767181396484e-01
6.080490350723266602e-01
7.050532698631286621e-01
9.890568852424621582e-01
9.578781723976135254e-01
9.390000700950622559e-01
9.867139458656311035e-01
9.995530843734741211e-01
9.697180986404418945e-01
9.448070526123046875e-01
9.748699665069580078e-01
9.894707798957824707e-01
9.994800090789794922e-01
8.934641480445861816e-01
9.419882297515869141e-01
9.333375692367553711e-01
9.829555153846740723e-01
9.714993834495544434e-01
8.884837627410888672e-01
8.489010334014892578e-01
9.983744025230407715e-01
9.727308750152587891e-01
9.680314064025878906e-01
9.651860594749450684e-01
9.970915913581848145e-01
9.787360429763793945e-01
9.288812875747680664e-01
7.481799721717834473e-01
9.875106215476989746e-01
9.762300848960876465e-01
9.815793633460998535e-01
9.208136796951293945e-01
9.593584537506103516e-01
8.987727761268615723e-01
8.648333549499511719e-01
9.913150072097778320e-01
8.569542765617370605e-01
9.955859184265136719e-01
9.507101774215698242e-01
7.754394412040710449e-01
9.821482300758361816e-01
9.882512688636779785e-01
9.559039473533630371e-01
9.828633666038513184e-01
9.831023216247558594e-01
9.571232795715332031e-01
9.493093490600585938e-01
9.428961873054504395e-01
9.419879317283630371e-01
9.753570556640625000e-01
9.936749339103698730e-01
9.969356656074523926e-01
9.690442681312561035e-01
9.917002916336059570e-01
9.781231284141540527e-01
9.641480445861816406e-01
9.825213551521301270e-01
9.544188380241394043e-01
9.727714657783508301e-01
9.937400817871093750e-01
9.735293388366699219e-01
9.273834824562072754e-01
9.830126166343688965e-01
9.662816524505615234e-01
9.942454099655151367e-01
9.592672586441040039e-01
9.687041640281677246e-01
9.225831627845764160e-01
9.786839485168457031e-01
6.834419369697570801e-01
9.409893751144409180e-01
9.971873760223388672e-01
9.519368410110473633e-01
9.913170933723449707e-01
9.213557243347167969e-01
9.080986976623535156e-01
9.112717509269714355e-01
9.339693188667297363e-01
7.862216830253601074e-01
9.861844778060913086e-01
9.663470387458801270e-01
8.847211003303527832e-01
9.847703576087951660e-01
9.813854098320007324e-01
9.611687660217285156e-01
9.743562340736389160e-01
9.897997975349426270e-01
9.846335649490356445e-01
9.687707424163818359e-01
9.924659132957458496e-01
9.271787405014038086e-01
9.750526547431945801e-01
9.387512207031250000e-01
9.826012253761291504e-01
9.863798022270202637e-01
6.893008947372436523e-01
9.925023913383483887e-01
9.984784126281738281e-01
8.880567550659179688e-01
9.891229271888732910e-01
9.959077835083007812e-01
9.609270095825195312e-01
9.774891138076782227e-01
7.354060411453247070e-01
9.885402917861938477e-01
5.258896946907043457e-01
9.786986708641052246e-01
8.972753286361694336e-01
9.805913567543029785e-01
6.091983318328857422e-01
9.843990206718444824e-01
8.179471492767333984e-01
9.924199581146240234e-01
9.765835404396057129e-01
9.866832494735717773e-01
9.784562587738037109e-01
9.766806960105895996e-01
9.593564271926879883e-01
9.921037554740905762e-01
8.860530853271484375e-01
9.727265238761901855e-01
8.902260661125183105e-01
9.111660122871398926e-01
9.856079816818237305e-01
9.685242772102355957e-01
5.987483859062194824e-01
9.948465824127197266e-01
9.458843469619750977e-01
9.906426668167114258e-01
9.905602335929870605e-01
8.868741393089294434e-01
9.632245898246765137e-01
9.119021892547607422e-01
9.771077632904052734e-01
9.579557776451110840e-01
9.929159879684448242e-01
5.817625522613525391e-01
9.851304888725280762e-01
9.885165095329284668e-01
9.008488059043884277e-01
9.422198534011840820e-01
9.980586171150207520e-01
9.970484375953674316e-01
9.590813517570495605e-01
9.994279146194458008e-01
9.826709032058715820e-01
8.756378889083862305e-01
9.329597949981689453e-01
9.880375266075134277e-01
9.973163008689880371e-01
9.629648923873901367e-01
5.387988090515136719e-01
9.198046326637268066e-01
9.616544246673583984e-01
8.515224456787109375e-01
9.279488325119018555e-01
9.581804275512695312e-01
9.614236354827880859e-01
9.917333722114562988e-01
9.670264720916748047e-01
9.735168218612670898e-01
9.188265204429626465e-01
9.864946603775024414e-01
9.996268749237060547e-01
9.735715985298156738e-01
9.872790575027465820e-01
9.746979475021362305e-01
9.877364039421081543e-01
9.732595682144165039e-01
9.421526789665222168e-01
9.784700870513916016e-01
9.844516515731811523e-01
9.977920651435852051e-01
9.915560483932495117e-01
9.838438034057617188e-01
9.126499891281127930e-01
8.870084881782531738e-01
9.332610368728637695e-01
8.671519756317138672e-01
9.896160364151000977e-01
9.886977076530456543e-01
8.475980758666992188e-01
9.714748263359069824e-01
9.792596101760864258e-01
9.680663943290710449e-01
9.977478981018066406e-01
9.820508956909179688e-01
9.510414600372314453e-01
9.998209476470947266e-01
9.979594945907592773e-01
8.693213462829589844e-01
9.966780543327331543e-01
9.691616892814636230e-01
9.607971310615539551e-01
9.704804420471191406e-01
9.907845854759216309e-01
9.582205414772033691e-01
9.849603176116943359e-01
9.996883273124694824e-01
9.982010126113891602e-01
9.820763468742370605e-01
9.845746159553527832e-01
9.994755387306213379e-01
9.673983454704284668e-01
8.632652163505554199e-01
9.964598417282104492e-01
9.889910817146301270e-01
9.223605990409851074e-01
9.438686966896057129e-01
8.043907880783081055e-01
9.727524518966674805e-01
9.786413311958312988e-01
9.648000597953796387e-01
9.957400560379028320e-01
9.633414149284362793e-01
9.575286507606506348e-01
8.436700105667114258e-01
9.398958683013916016e-01
9.855726957321166992e-01
9.290345907211303711e-01
9.690465927124023438e-01
8.781412243843078613e-01
9.568796753883361816e-01
8.563431501388549805e-01
9.073008894920349121e-01
9.152793884277343750e-01
9.201217293739318848e-01
9.691601395606994629e-01
9.830785393714904785e-01
9.739652276039123535e-01
9.883282184600830078e-01
8.328549861907958984e-01
9.770863652229309082e-01
9.911864995956420898e-01
9.644554257392883301e-01
9.582437276840209961e-01
9.026427268981933594e-01
9.182839393615722656e-01
9.853799939155578613e-01
9.853254556655883789e-01
9.862838387489318848e-01
9.984462261199951172e-01
9.931694865226745605e-01
9.990434646606445312e-01
9.772555232048034668e-01
8.764453530311584473e-01
9.802169799804687500e-01
9.827656149864196777e-01
9.791401624679565430e-01
9.192747473716735840e-01
8.893540501594543457e-01
9.733381867408752441e-01
9.849232435226440430e-01
9.060096740722656250e-01
9.874247908592224121e-01
9.675185084342956543e-01
9.711256027221679688e-01
9.800017476081848145e-01
9.680523872375488281e-01
7.891284227371215820e-01
9.904028773307800293e-01
9.130845069885253906e-01
9.688033461570739746e-01
9.936974048614501953e-01
9.752035737037658691e-01
9.973244071006774902e-01
9.700633287429809570e-01
6.971541047096252441e-01
9.327208399772644043e-01
9.692530632019042969e-01
9.729102849960327148e-01
9.760317802429199219e-01
8.893017768859863281e-01
9.930391311645507812e-01
9.237180352210998535e-01
9.848362803459167480e-01
6.818867325782775879e-01
9.836228489875793457e-01
8.953413367271423340e-01
9.720365405082702637e-01
9.025548696517944336e-01
9.934070110321044922e-01
9.102393388748168945e-01
9.935657978057861328e-01
9.816600680351257324e-01
9.788135886192321777e-01
9.755521416664123535e-01
9.744008779525756836e-01
8.546105623245239258e-01
9.751684665679931641e-01
9.812868237495422363e-01
9.612995386123657227e-01
9.763644337654113770e-01
9.806214570999145508e-01
9.866849184036254883e-01
8.752631545066833496e-01
9.381719231605529785e-01
9.989762306213378906e-01
9.982384443283081055e-01
9.780749678611755371e-01
9.800475239753723145e-01
9.926312565803527832e-01
8.115885257720947266e-01
7.861229777336120605e-01
5.819418430328369141e-01
9.914450049400329590e-01
7.347329258918762207e-01
4.718382954597473145e-01
9.760434627532958984e-01
9.756799340248107910e-01
9.993161559104919434e-01
9.258378744125366211e-01
9.720448851585388184e-01
9.536145329475402832e-01
9.928795695304870605e-01
8.827942013740539551e-01
9.956417679786682129e-01
9.105089306831359863e-01
9.889626502990722656e-01
8.873648643493652344e-01
9.773703813552856445e-01
9.740666151046752930e-01
9.871343970298767090e-01
9.734734892845153809e-01
9.311259984970092773e-01
9.895729422569274902e-01
9.801276922225952148e-01
8.649888634681701660e-01
9.391445517539978027e-01
6.679965853691101074e-01
9.509065151214599609e-01
9.602573513984680176e-01
9.942300319671630859e-01
8.802545070648193359e-01
9.878700971603393555e-01
9.959827661514282227e-01
9.648301601409912109e-01
9.710001945495605469e-01
9.854530692100524902e-01
9.862655401229858398e-01
9.858829379081726074e-01
9.946418404579162598e-01
9.811199903488159180e-01
8.355092406272888184e-01
9.690390229225158691e-01
9.501963257789611816e-01
9.547513127326965332e-01
9.348754882812500000e-01
9.952959418296813965e-01
9.883151054382324219e-01
9.929668307304382324e-01
9.742351174354553223e-01
9.871879220008850098e-01
7.375372052192687988e-01
9.372778534889221191e-01
9.890562891960144043e-01
9.654636979103088379e-01
9.544895291328430176e-01
9.776034951210021973e-01
9.898718595504760742e-01
9.581865668296813965e-01
8.638688325881958008e-01
6.885469555854797363e-01
9.318943023681640625e-01
9.986079931259155273e-01
9.996765255928039551e-01
9.214477539062500000e-01
9.848607182502746582e-01
8.468074798583984375e-01
9.599928259849548340e-01
9.033529758453369141e-01
7.379654645919799805e-01
9.853344559669494629e-01
9.909928441047668457e-01
9.285744428634643555e-01
9.979211091995239258e-01
9.391507506370544434e-01
9.993990659713745117e-01
9.833997488021850586e-01
9.205406904220581055e-01
9.871873259544372559e-01
9.817095994949340820e-01
9.858789443969726562e-01
9.874216318130493164e-01
9.843921065330505371e-01
9.418290853500366211e-01
9.741921424865722656e-01
9.363793730735778809e-01
9.943887591361999512e-01
9.700742363929748535e-01
9.001283049583435059e-01
9.024876356124877930e-01
9.854729771614074707e-01
9.962265491485595703e-01
9.935868382453918457e-01
9.982841014862060547e-01
9.357715845108032227e-01
9.865500330924987793e-01
9.972671270370483398e-01
9.906547069549560547e-01
5.558479428291320801e-01
9.881518483161926270e-01
9.908096790313720703e-01
9.921156764030456543e-01
9.419258236885070801e-01
9.271926879882812500e-01
9.108690023422241211e-01
9.330146312713623047e-01
8.507789373397827148e-01
9.801735877990722656e-01
9.494298696517944336e-01
9.832209944725036621e-01
8.892759084701538086e-01
9.008410573005676270e-01
8.597686290740966797e-01
9.467468261718750000e-01
9.845435023307800293e-01
9.599305391311645508e-01
9.840158224105834961e-01
9.773487448692321777e-01
9.001114368438720703e-01
8.881875872611999512e-01
9.979222416877746582e-01
9.618006348609924316e-01
9.945971369743347168e-01
9.342157840728759766e-01
7.707427144050598145e-01
9.959766268730163574e-01
9.754052758216857910e-01
9.713090658187866211e-01
9.906468391418457031e-01
8.853581547737121582e-01
9.664169549942016602e-01
9.005774259567260742e-01
7.291664481163024902e-01
9.840169548988342285e-01
9.707406759262084961e-01
9.711080193519592285e-01
9.890134930610656738e-01
8.948506116867065430e-01
8.697968721389770508e-01
9.636975526809692383e-01
8.431206941604614258e-01
9.891064763069152832e-01
9.574674963951110840e-01
8.976620435714721680e-01
9.995575547218322754e-01
9.894983172416687012e-01
9.807718992233276367e-01
9.939278364181518555e-01
9.056771397590637207e-01
9.886348843574523926e-01
9.769665598869323730e-01
9.919664859771728516e-01
9.633183479309082031e-01
9.129726886749267578e-01
8.757755160331726074e-01
9.892885088920593262e-01
9.866555929183959961e-01
9.989112019538879395e-01
9.084079265594482422e-01
9.758095741271972656e-01
9.867492318153381348e-01
9.552257061004638672e-01
9.884457588195800781e-01
9.953335523605346680e-01
9.786246418952941895e-01
9.523734450340270996e-01
9.730697870254516602e-01
9.504517316818237305e-01
9.439253807067871094e-01
8.943517804145812988e-01
9.762821793556213379e-01
8.651809692382812500e-01
9.616519808769226074e-01
9.892780780792236328e-01
9.988787174224853516e-01
8.532810211181640625e-01
4.705344736576080322e-01
7.387946844100952148e-01
9.947086572647094727e-01
9.284862279891967773e-01
9.781352877616882324e-01
9.668922424316406250e-01
9.951678514480590820e-01
9.856559038162231445e-01
9.022772312164306641e-01
9.878875017166137695e-01
9.774286746978759766e-01
9.750066995620727539e-01
9.892627000808715820e-01
9.230210781097412109e-01
9.914304018020629883e-01
9.252831935882568359e-01
8.701462149620056152e-01
9.290451407432556152e-01
9.982654452323913574e-01
9.953679442405700684e-01
9.739486575126647949e-01
9.955711960792541504e-01
9.793735146522521973e-01
9.830020070075988770e-01
9.813203811645507812e-01
9.229131937026977539e-01
9.791265726089477539e-01
9.874130487442016602e-01
9.929681420326232910e-01
7.916302680969238281e-01
8.281900882720947266e-01
9.180266857147216797e-01
9.991951584815979004e-01
9.771476387977600098e-01
9.986078143119812012e-01
9.604061245918273926e-01
9.493555426597595215e-01
9.616888165473937988e-01
9.877581000328063965e-01
9.201781749725341797e-01
9.762078523635864258e-01
9.669460654258728027e-01
9.854938387870788574e-01
9.575353860855102539e-01
9.637261033058166504e-01
6.207374334335327148e-01
9.951785206794738770e-01
9.718658328056335449e-01
9.919610619544982910e-01
9.762597084045410156e-01
9.273915886878967285e-01
9.896330237388610840e-01
8.845166563987731934e-01
9.937170147895812988e-01
9.147856831550598145e-01
9.874137043952941895e-01
9.862753152847290039e-01
9.741420745849609375e-01
9.445683956146240234e-01
7.042198181152343750e-01
9.758112430572509766e-01
9.916353225708007812e-01
9.887263178825378418e-01
9.725508689880371094e-01
9.846707582473754883e-01
9.119065403938293457e-01
9.073161482810974121e-01
9.953851103782653809e-01
9.922622442245483398e-01
9.940671324729919434e-01
8.000050187110900879e-01
9.987239837646484375e-01
9.886259436607360840e-01
9.865794777870178223e-01
9.426119923591613770e-01
9.864908456802368164e-01
9.905021190643310547e-01
9.353704452514648438e-01
9.886891841888427734e-01
9.223753213882446289e-01
7.837687134742736816e-01
9.553188085556030273e-01
9.767941236495971680e-01
9.730927348136901855e-01
9.409204721450805664e-01
9.956859946250915527e-01
8.500273823738098145e-01
5.684852004051208496e-01
9.769431948661804199e-01
9.884011149406433105e-01
9.380385279655456543e-01
9.782983064651489258e-01
9.935925602912902832e-01
9.978348016738891602e-01
9.757299423217773438e-01
9.947356581687927246e-01
9.632129073143005371e-01
9.952517151832580566e-01
9.586871862411499023e-01
9.949696660041809082e-01
9.907941818237304688e-01
9.971455931663513184e-01
8.168789744377136230e-01
9.840705394744873047e-01
8.947860002517700195e-01
9.966544508934020996e-01
7.039368748664855957e-01
9.583063125610351562e-01
9.820798635482788086e-01
9.331786632537841797e-01
9.782231450080871582e-01
9.561395645141601562e-01
9.016399383544921875e-01
8.055979609489440918e-01
9.957527518272399902e-01
9.623163342475891113e-01
6.347007155418395996e-01
9.058315157890319824e-01
9.774128198623657227e-01
7.601450681686401367e-01
9.790319204330444336e-01
9.901348948478698730e-01
9.550285339355468750e-01
9.308877587318420410e-01
7.654452919960021973e-01
7.257316708564758301e-01
9.319438338279724121e-01
9.357395172119140625e-01
9.869780540466308594e-01
9.514834284782409668e-01
9.073173403739929199e-01
8.939151167869567871e-01
9.930598139762878418e-01
9.163305759429931641e-01
9.805856943130493164e-01
9.242008924484252930e-01
9.005564451217651367e-01
7.722347378730773926e-01
8.978111743927001953e-01
9.062271714210510254e-01
9.328255057334899902e-01
8.761683106422424316e-01
9.330377578735351562e-01
9.908989667892456055e-01
9.787661433219909668e-01
9.868593811988830566e-01
9.826192259788513184e-01
9.169840812683105469e-01
9.556350111961364746e-01
9.979507327079772949e-01
9.833336472511291504e-01
9.351844787597656250e-01
9.982359409332275391e-01
9.717957973480224609e-01
9.711300730705261230e-01
9.786527156829833984e-01
9.336239099502563477e-01
9.699160456657409668e-01
9.448174834251403809e-01
9.871975183486938477e-01
9.405907988548278809e-01
9.805978536605834961e-01
9.963951706886291504e-01
9.181759357452392578e-01
9.835124611854553223e-01
9.456201195716857910e-01
9.817880988121032715e-01
9.534589648246765137e-01
9.799906015396118164e-01
9.903071522712707520e-01
9.836996197700500488e-01
9.543772935867309570e-01
9.517913460731506348e-01
8.706881999969482422e-01
9.761421084403991699e-01
9.910970926284790039e-01
9.642513990402221680e-01
9.956494569778442383e-01
9.982839822769165039e-01
9.708033204078674316e-01
8.459901809692382812e-01
9.955115318298339844e-01
9.289261102676391602e-01
9.844140410423278809e-01
9.401336908340454102e-01
9.944280385971069336e-01
9.952348470687866211e-01
9.825361371040344238e-01
9.918149113655090332e-01
9.913895130157470703e-01
9.838804602622985840e-01
9.682900905609130859e-01
9.720261096954345703e-01
9.954861998558044434e-01
9.901494383811950684e-01
9.856832027435302734e-01
9.970346689224243164e-01
9.566869139671325684e-01
9.744295477867126465e-01
9.865187406539916992e-01
9.928864240646362305e-01
9.415524005889892578e-01
9.271908402442932129e-01
9.739741683006286621e-01
9.833011627197265625e-01
9.266656637191772461e-01
9.879347085952758789e-01
9.992263913154602051e-01
9.397698044776916504e-01
9.749431014060974121e-01
9.431027770042419434e-01
9.527034163475036621e-01
8.837069272994995117e-01
9.382854700088500977e-01
9.701598882675170898e-01
9.761608839035034180e-01
9.566444754600524902e-01
9.908440709114074707e-01
9.602049589157104492e-01
9.844192862510681152e-01
9.684308171272277832e-01
8.601003289222717285e-01
8.413321971893310547e-01
9.785980582237243652e-01
9.604739546775817871e-01
9.913094043731689453e-01
9.615861773490905762e-01
9.647159576416015625e-01
9.715164899826049805e-01
8.445165753364562988e-01
9.768117070198059082e-01
9.449404478073120117e-01
9.174077510833740234e-01
9.233226180076599121e-01
9.834133982658386230e-01
9.945358037948608398e-01
9.715799689292907715e-01
9.955549836158752441e-01
9.702237248420715332e-01
9.475805163383483887e-01
9.136680960655212402e-01
9.934986233711242676e-01
8.517428636550903320e-01
9.906149506568908691e-01
7.965744733810424805e-01
9.771981239318847656e-01
9.898907542228698730e-01
9.979225993156433105e-01
9.856470227241516113e-01
9.914246797561645508e-01
9.761985540390014648e-01
9.914148449897766113e-01
9.331880211830139160e-01
8.902642726898193359e-01
9.775871038436889648e-01
9.895718693733215332e-01
9.765995740890502930e-01
8.715344667434692383e-01
9.873400330543518066e-01
9.603168964385986328e-01
9.857100248336791992e-01
9.449356794357299805e-01
9.940989613533020020e-01
9.895873665809631348e-01
9.779360294342041016e-01
9.968252182006835938e-01
9.185137152671813965e-01
9.952661991119384766e-01
9.855750799179077148e-01
8.337323665618896484e-01
8.684883713722229004e-01
7.386298775672912598e-01
9.898118376731872559e-01
9.447531104087829590e-01
8.943724036216735840e-01
9.693132042884826660e-01
9.790490865707397461e-01
9.491676688194274902e-01
9.925681352615356445e-01
9.733473062515258789e-01
9.859713912010192871e-01
9.255461096763610840e-01
9.974536299705505371e-01
9.934369325637817383e-01
9.868625998497009277e-01
9.385607838630676270e-01
4.466254711151123047e-01
9.732239842414855957e-01
9.545261263847351074e-01
9.793792963027954102e-01
9.151731729507446289e-01
9.920870661735534668e-01
9.766501188278198242e-01
9.195219874382019043e-01
9.663127660751342773e-01
9.970962405204772949e-01
9.340864419937133789e-01
9.726365804672241211e-01
9.475750923156738281e-01
9.480861425399780273e-01
9.794090390205383301e-01
9.852843284606933594e-01
9.600329399108886719e-01
9.018347263336181641e-01
9.929099082946777344e-01
8.469517230987548828e-01
9.051696062088012695e-01
9.863778352737426758e-01
9.802331328392028809e-01
9.813059568405151367e-01
9.584745764732360840e-01
9.481006860733032227e-01
9.572857022285461426e-01
9.612392783164978027e-01
9.880043864250183105e-01
7.275426387786865234e-01
9.999445676803588867e-01
6.105772852897644043e-01
9.683697223663330078e-01
8.661220669746398926e-01
9.727435111999511719e-01
9.832946062088012695e-01
9.910376667976379395e-01
9.876939654350280762e-01
9.799798130989074707e-01
8.451157212257385254e-01
8.802552819252014160e-01
9.692614078521728516e-01
9.864861965179443359e-01
9.813458919525146484e-01
8.708651065826416016e-01
9.435998201370239258e-01
9.809455275535583496e-01
8.944901823997497559e-01
9.912973046302795410e-01
9.899804592132568359e-01
9.900881648063659668e-01
8.689671754837036133e-01
9.912086725234985352e-01
9.896300435066223145e-01
9.487653374671936035e-01
9.962379932403564453e-01
8.862566947937011719e-01
9.865550398826599121e-01
9.510302543640136719e-01
8.539649844169616699e-01
9.872990250587463379e-01
9.611364006996154785e-01
9.854019284248352051e-01
9.692184925079345703e-01
9.584184885025024414e-01
9.948974847793579102e-01
9.798576831817626953e-01
9.869374036788940430e-01
9.915100336074829102e-01
9.941355586051940918e-01
9.336280226707458496e-01
9.987515211105346680e-01
9.784559607505798340e-01
9.753632545471191406e-01
9.941700100898742676e-01
9.766849279403686523e-01
9.755893945693969727e-01
9.956250190734863281e-01
7.519286274909973145e-01
6.944754123687744141e-01
7.810487151145935059e-01
9.763562679290771484e-01
9.658452272415161133e-01
9.846943616867065430e-01
9.805445075035095215e-01
9.933899044990539551e-01
9.066222310066223145e-01
6.536285877227783203e-01
9.907751083374023438e-01
9.660165905952453613e-01
8.769459128379821777e-01
9.945920109748840332e-01
9.880492687225341797e-01
9.640373587608337402e-01
9.616867899894714355e-01
9.987449645996093750e-01
8.673994541168212891e-01
9.870969057083129883e-01
9.904397130012512207e-01
9.904754757881164551e-01
9.982095360755920410e-01
9.930387139320373535e-01
9.938188791275024414e-01
9.274969696998596191e-01
9.778048396110534668e-01
9.510830044746398926e-01
9.819546937942504883e-01
5.539430975914001465e-01
5.005272030830383301e-01
9.517568349838256836e-01
4.122289419174194336e-01
9.921223521232604980e-01
9.860667586326599121e-01
9.626311063766479492e-01
9.753311872482299805e-01
9.785748124122619629e-01
9.856840372085571289e-01
9.894582629203796387e-01
9.842936992645263672e-01
9.862077236175537109e-01
9.992360472679138184e-01
9.555677771568298340e-01
9.580273032188415527e-01
9.554800987243652344e-01
9.162960052490234375e-01
9.682150483131408691e-01
9.010698199272155762e-01
9.769953489303588867e-01
8.212325572967529297e-01
9.881999492645263672e-01
9.814420342445373535e-01
9.953869581222534180e-01
9.835411906242370605e-01
9.785382151603698730e-01
9.137620329856872559e-01
8.018796443939208984e-01
4.384401738643646240e-01
9.871035218238830566e-01
9.915452003479003906e-01
9.620671868324279785e-01
9.874793887138366699e-01
9.611811637878417969e-01
9.972990155220031738e-01
8.796275854110717773e-01
9.506272077560424805e-01
9.172620773315429688e-01
9.496889114379882812e-01
9.552555680274963379e-01
8.442429304122924805e-01
9.280508756637573242e-01
9.745324850082397461e-01
9.995255470275878906e-01
9.900668263435363770e-01
9.789770841598510742e-01
9.904415011405944824e-01
9.950612783432006836e-01
9.453336596488952637e-01
9.956157803535461426e-01
9.935095310211181641e-01
9.075191617012023926e-01
8.956119418144226074e-01
9.548584222793579102e-01
9.599972367286682129e-01
9.976065158843994141e-01
9.538070559501647949e-01
9.834975004196166992e-01
9.540374279022216797e-01
9.697616100311279297e-01
9.652594923973083496e-01
9.450029134750366211e-01
8.652074933052062988e-01
9.630886912345886230e-01
9.648093581199645996e-01
9.048522114753723145e-01
7.603948116302490234e-01
9.787942767143249512e-01
9.649810194969177246e-01
9.390502572059631348e-01
9.694074392318725586e-01
7.534169554710388184e-01
7.195100784301757812e-01
9.329337477684020996e-01
9.779309034347534180e-01
7.591500878334045410e-01
3.633167743682861328e-01
9.692620038986206055e-01
9.943546652793884277e-01
9.341593980789184570e-01
9.758722186088562012e-01
5.756254196166992188e-01
9.665459990501403809e-01
9.780852198600769043e-01
9.833798408508300781e-01
5.995285511016845703e-01
9.717733860015869141e-01
9.459332823753356934e-01
9.919231534004211426e-01
9.940836429595947266e-01
9.522126317024230957e-01
9.771073460578918457e-01
9.926921725273132324e-01
9.887253046035766602e-01
9.956555366516113281e-01
9.580286145210266113e-01
9.741745591163635254e-01
9.926862120628356934e-01
8.911561965942382812e-01
9.902344942092895508e-01
9.995575547218322754e-01
9.460304975509643555e-01
9.973043203353881836e-01
9.961301088333129883e-01
8.921711444854736328e-01
9.924452900886535645e-01
9.179591536521911621e-01
9.979230165481567383e-01
9.840951561927795410e-01
9.835830926895141602e-01
8.586889505386352539e-01
9.940688610076904297e-01
8.809028267860412598e-01
9.597563743591308594e-01
9.405080676078796387e-01
9.798431396484375000e-01
8.558159470558166504e-01
9.951258897781372070e-01
8.351661562919616699e-01
9.380779266357421875e-01
9.932665228843688965e-01
9.907972812652587891e-01
9.530127048492431641e-01
9.917811751365661621e-01
9.586707353591918945e-01
