9.976064562797546387e-01
9.977285265922546387e-01
9.986703991889953613e-01
9.978763461112976074e-01
9.898656606674194336e-01
9.618646502494812012e-01
9.965717792510986328e-01
9.989196658134460449e-01
9.977786540985107422e-01
9.988841414451599121e-01
9.901806712150573730e-01
9.885243177413940430e-01
9.961417913436889648e-01
9.743028283119201660e-01
9.981402158737182617e-01
9.985136389732360840e-01
9.982900619506835938e-01
9.910004138946533203e-01
9.888108372688293457e-01
9.919586777687072754e-01
9.914609789848327637e-01
9.973401427268981934e-01
9.855546355247497559e-01
9.786591529846191406e-01
9.933106899261474609e-01
9.943760037422180176e-01
9.978814721107482910e-01
9.972419142723083496e-01
9.995434284210205078e-01
9.745990037918090820e-01
9.797039031982421875e-01
9.618865251541137695e-01
9.867073297500610352e-01
9.781951308250427246e-01
9.701855778694152832e-01
9.987430572509765625e-01
9.946027994155883789e-01
9.989569187164306641e-01
9.861727356910705566e-01
9.782473444938659668e-01
9.922187924385070801e-01
9.958559870719909668e-01
9.984827041625976562e-01
9.997027516365051270e-01
9.975178241729736328e-01
9.987732768058776855e-01
9.896781444549560547e-01
9.257079958915710449e-01
9.986605644226074219e-01
9.968351125717163086e-01
9.932391643524169922e-01
9.931142926216125488e-01
9.816942811012268066e-01
9.872177839279174805e-01
9.951654672622680664e-01
9.952473640441894531e-01
9.970288276672363281e-01
9.920948743820190430e-01
9.993927478790283203e-01
9.993760585784912109e-01
9.920399188995361328e-01
9.911092519760131836e-01
9.869625568389892578e-01
9.934478998184204102e-01
9.945012927055358887e-01
9.970372915267944336e-01
9.894102811813354492e-01
9.960801005363464355e-01
9.971992969512939453e-01
9.961422681808471680e-01
9.873031377792358398e-01
9.992163181304931641e-01
9.990718364715576172e-01
9.893382191658020020e-01
9.515017867088317871e-01
9.926787614822387695e-01
9.953937530517578125e-01
9.899176359176635742e-01
9.923128485679626465e-01
9.769298434257507324e-01
9.942651391029357910e-01
9.831437468528747559e-01
9.970330595970153809e-01
9.978519082069396973e-01
9.987587928771972656e-01
9.998219609260559082e-01
9.971836209297180176e-01
9.953695535659790039e-01
9.962726831436157227e-01
9.990255832672119141e-01
9.812653660774230957e-01
9.933246374130249023e-01
9.975344538688659668e-01
7.956866621971130371e-01
9.306456446647644043e-01
9.995815753936767578e-01
9.912213087081909180e-01
9.588651061058044434e-01
9.982368350028991699e-01
9.904732704162597656e-01
9.931818842887878418e-01
9.959236383438110352e-01
9.919518828392028809e-01
9.954343438148498535e-01
9.896644949913024902e-01
9.984324574470520020e-01
9.854310154914855957e-01
9.899016022682189941e-01
9.982771277427673340e-01
9.955503940582275391e-01
9.895375967025756836e-01
9.824535250663757324e-01
9.976531267166137695e-01
9.891665577888488770e-01
9.982407093048095703e-01
9.981426000595092773e-01
9.977389574050903320e-01
9.995898604393005371e-01
9.986333847045898438e-01
9.955137372016906738e-01
9.979098439216613770e-01
9.764269590377807617e-01
9.900251030921936035e-01
9.994078278541564941e-01
9.987474083900451660e-01
9.972330331802368164e-01
9.681673645973205566e-01
9.923667907714843750e-01
9.987427592277526855e-01
9.987445473670959473e-01
9.908182024955749512e-01
9.999526143074035645e-01
9.970080256462097168e-01
9.974179267883300781e-01
9.904766678810119629e-01
9.941098690032958984e-01
9.872482419013977051e-01
9.917290806770324707e-01
9.914857149124145508e-01
9.936334490776062012e-01
9.923940896987915039e-01
9.972590804100036621e-01
9.909989833831787109e-01
9.926961064338684082e-01
9.918311834335327148e-01
9.981904029846191406e-01
9.955721497535705566e-01
9.992116093635559082e-01
9.641019701957702637e-01
9.869614243507385254e-01
9.918836355209350586e-01
9.907050728797912598e-01
9.915555715560913086e-01
9.790555238723754883e-01
9.972975850105285645e-01
9.968137145042419434e-01
9.982685446739196777e-01
9.933329820632934570e-01
9.896737337112426758e-01
9.992377758026123047e-01
9.965890645980834961e-01
9.954927563667297363e-01
9.944838285446166992e-01
9.929385781288146973e-01
9.970846772193908691e-01
9.999449253082275391e-01
9.379881620407104492e-01
9.890812635421752930e-01
9.778166413307189941e-01
9.988850951194763184e-01
9.849429726600646973e-01
9.987406134605407715e-01
9.992575645446777344e-01
9.954539537429809570e-01
9.922512769699096680e-01
9.808777570724487305e-01
9.922717809677124023e-01
9.742420911788940430e-01
9.981324672698974609e-01
9.866812825202941895e-01
9.990196228027343750e-01
9.948025345802307129e-01
9.989585876464843750e-01
9.986357092857360840e-01
9.997995495796203613e-01
9.948301315307617188e-01
9.939638376235961914e-01
9.566835165023803711e-01
9.944996833801269531e-01
9.949852824211120605e-01
9.977708458900451660e-01
9.963748455047607422e-01
9.918222427368164062e-01
9.971463084220886230e-01
9.985618591308593750e-01
9.964790940284729004e-01
9.689632058143615723e-01
7.403506636619567871e-01
9.922069907188415527e-01
9.990580677986145020e-01
9.926077723503112793e-01
9.753280282020568848e-01
9.986711740493774414e-01
9.721952080726623535e-01
9.972764253616333008e-01
9.956507086753845215e-01
9.933612346649169922e-01
9.969906210899353027e-01
9.996314048767089844e-01
9.819899201393127441e-01
9.990624189376831055e-01
9.810989499092102051e-01
9.627642631530761719e-01
9.617693424224853516e-01
9.976836442947387695e-01
9.951353073120117188e-01
9.967052340507507324e-01
9.938455224037170410e-01
9.741644859313964844e-01
9.988116621971130371e-01
9.928191900253295898e-01
9.915310740470886230e-01
9.899848699569702148e-01
9.837688803672790527e-01
9.896789193153381348e-01
9.992058277130126953e-01
9.990990161895751953e-01
8.198037743568420410e-01
9.970631003379821777e-01
9.904268980026245117e-01
9.963883161544799805e-01
9.928134083747863770e-01
9.972674846649169922e-01
9.982138872146606445e-01
9.943431019783020020e-01
9.684882164001464844e-01
9.910560846328735352e-01
9.989014267921447754e-01
9.910562038421630859e-01
9.958699941635131836e-01
9.969821572303771973e-01
9.756913781166076660e-01
9.898470640182495117e-01
9.978854656219482422e-01
9.995959997177124023e-01
9.895024299621582031e-01
9.946880340576171875e-01
9.970707297325134277e-01
9.992394447326660156e-01
9.839916229248046875e-01
9.786933660507202148e-01
9.989278912544250488e-01
9.968889355659484863e-01
9.979150295257568359e-01
9.942685961723327637e-01
9.702458977699279785e-01
9.993471503257751465e-01
9.972155690193176270e-01
9.934111237525939941e-01
9.968769550323486328e-01
9.982328414916992188e-01
9.950123429298400879e-01
9.965301752090454102e-01
9.985259771347045898e-01
9.961742162704467773e-01
9.947143197059631348e-01
9.760836958885192871e-01
9.997077584266662598e-01
9.528995156288146973e-01
9.677156209945678711e-01
9.959712624549865723e-01
9.990782737731933594e-01
9.924550652503967285e-01
9.923942089080810547e-01
9.920247197151184082e-01
9.935154914855957031e-01
9.989479780197143555e-01
9.989399909973144531e-01
9.988967180252075195e-01
9.795573949813842773e-01
9.895437955856323242e-01
9.970232248306274414e-01
9.885406494140625000e-01
9.988687038421630859e-01
9.990905523300170898e-01
9.986774921417236328e-01
9.980745315551757812e-01
9.805186986923217773e-01
9.949168562889099121e-01
9.958381652832031250e-01
9.847435355186462402e-01
9.279871582984924316e-01
9.987977147102355957e-01
9.980992674827575684e-01
9.922554492950439453e-01
9.849712848663330078e-01
9.892424941062927246e-01
9.934210777282714844e-01
9.963669180870056152e-01
9.972356557846069336e-01
9.978802204132080078e-01
9.989103674888610840e-01
9.942177534103393555e-01
9.970300197601318359e-01
9.969515800476074219e-01
9.975773096084594727e-01
9.935719370841979980e-01
9.589476585388183594e-01
9.908352494239807129e-01
9.974069595336914062e-01
9.941622018814086914e-01
9.911746978759765625e-01
9.856839179992675781e-01
9.333891868591308594e-01
9.987472295761108398e-01
9.990427494049072266e-01
9.982184171676635742e-01
9.943802952766418457e-01
9.798398017883300781e-01
9.974070787429809570e-01
9.922491312026977539e-01
9.981567263603210449e-01
9.741959571838378906e-01
9.994537234306335449e-01
9.859725236892700195e-01
9.987092614173889160e-01
9.846272468566894531e-01
9.776725172996520996e-01
9.989503026008605957e-01
9.970036745071411133e-01
9.899417757987976074e-01
9.992222785949707031e-01
9.997742772102355957e-01
9.968767166137695312e-01
9.975139498710632324e-01
9.958602190017700195e-01
9.926159977912902832e-01
9.979301095008850098e-01
9.906729459762573242e-01
9.911221861839294434e-01
9.947545528411865234e-01
9.962631464004516602e-01
9.941098093986511230e-01
9.979820847511291504e-01
9.992614388465881348e-01
9.937537908554077148e-01
9.897107481956481934e-01
9.902931451797485352e-01
9.917914271354675293e-01
9.712570905685424805e-01
9.971758723258972168e-01
9.946649074554443359e-01
9.995134472846984863e-01
9.973056316375732422e-01
9.924187660217285156e-01
9.984303116798400879e-01
9.930641055107116699e-01
9.645085930824279785e-01
9.900603294372558594e-01
9.988998174667358398e-01
9.963293671607971191e-01
9.970011115074157715e-01
9.975147843360900879e-01
9.962230920791625977e-01
9.975187778472900391e-01
9.981545209884643555e-01
9.966002702713012695e-01
9.836844801902770996e-01
9.894930124282836914e-01
9.988828301429748535e-01
9.971442222595214844e-01
9.979959130287170410e-01
9.963510632514953613e-01
9.951247572898864746e-01
9.952779412269592285e-01
9.821326136589050293e-01
9.984927773475646973e-01
9.897673726081848145e-01
9.853803515434265137e-01
9.971428513526916504e-01
9.985060095787048340e-01
9.985597729682922363e-01
9.989189505577087402e-01
9.920175075531005859e-01
9.972852468490600586e-01
9.968137145042419434e-01
9.947883486747741699e-01
9.969529509544372559e-01
9.942580461502075195e-01
9.959464669227600098e-01
9.984721541404724121e-01
9.980773925781250000e-01
9.980090856552124023e-01
9.925250411033630371e-01
9.955765604972839355e-01
9.949163198471069336e-01
9.892147183418273926e-01
9.977448582649230957e-01
9.978126883506774902e-01
9.967412352561950684e-01
9.939085841178894043e-01
9.992219805717468262e-01
9.967683553695678711e-01
9.978181719779968262e-01
9.821152687072753906e-01
9.979820251464843750e-01
9.975212216377258301e-01
9.970342516899108887e-01
9.880785346031188965e-01
9.998729228973388672e-01
9.991384744644165039e-01
9.969277977943420410e-01
9.938353300094604492e-01
9.968767762184143066e-01
9.971531629562377930e-01
9.890382885932922363e-01
9.900965690612792969e-01
8.812627196311950684e-01
9.958428144454956055e-01
9.941775798797607422e-01
9.939266443252563477e-01
9.791484475135803223e-01
9.988054633140563965e-01
9.611988663673400879e-01
9.946790933609008789e-01
9.978823065757751465e-01
9.916682839393615723e-01
9.973483681678771973e-01
9.983869194984436035e-01
9.947515130043029785e-01
9.935153126716613770e-01
9.539191722869873047e-01
9.977960586547851562e-01
9.948557615280151367e-01
9.971865415573120117e-01
9.866924285888671875e-01
9.933739304542541504e-01
9.866023063659667969e-01
9.859521389007568359e-01
9.977732896804809570e-01
9.963976144790649414e-01
9.993625879287719727e-01
9.837495684623718262e-01
9.973059296607971191e-01
9.844489097595214844e-01
9.899886846542358398e-01
9.927265644073486328e-01
9.875137209892272949e-01
9.869100451469421387e-01
9.944152235984802246e-01
9.937452673912048340e-01
9.979546666145324707e-01
9.996985793113708496e-01
9.995549321174621582e-01
9.935685396194458008e-01
9.660996198654174805e-01
9.991536140441894531e-01
9.971913099288940430e-01
9.920841455459594727e-01
9.416859149932861328e-01
9.954118728637695312e-01
9.976996779441833496e-01
9.803579449653625488e-01
9.731866121292114258e-01
9.940258264541625977e-01
9.973332285881042480e-01
9.906423687934875488e-01
9.844204783439636230e-01
9.927450418472290039e-01
9.840220212936401367e-01
9.954918622970581055e-01
9.986380934715270996e-01
9.976105690002441406e-01
9.984555840492248535e-01
9.945104122161865234e-01
9.992710947990417480e-01
9.980663657188415527e-01
9.992763996124267578e-01
9.422688484191894531e-01
9.986249804496765137e-01
9.942442178726196289e-01
9.976051449775695801e-01
9.723446369171142578e-01
9.852417707443237305e-01
9.876468181610107422e-01
9.944152832031250000e-01
9.750085473060607910e-01
9.917552471160888672e-01
9.969725012779235840e-01
9.950030446052551270e-01
9.976642131805419922e-01
9.947901964187622070e-01
9.989122748374938965e-01
9.940588474273681641e-01
9.976048469543457031e-01
9.948732256889343262e-01
9.920829534530639648e-01
9.888284802436828613e-01
9.986630082130432129e-01
9.973058104515075684e-01
9.979077577590942383e-01
9.975009560585021973e-01
9.970813989639282227e-01
9.901248216629028320e-01
9.911412000656127930e-01
9.989368319511413574e-01
9.831746220588684082e-01
9.997978210449218750e-01
9.913659095764160156e-01
9.996131658554077148e-01
9.838542342185974121e-01
9.969571828842163086e-01
9.941335320472717285e-01
9.951717257499694824e-01
9.982059597969055176e-01
9.967999458312988281e-01
9.975824952125549316e-01
9.959155917167663574e-01
9.995918869972229004e-01
9.982868432998657227e-01
9.892873167991638184e-01
9.978405833244323730e-01
9.743515253067016602e-01
9.632594585418701172e-01
9.954891800880432129e-01
9.855834841728210449e-01
9.957438111305236816e-01
9.938230514526367188e-01
9.977322220802307129e-01
9.991692304611206055e-01
9.990977048873901367e-01
9.842827916145324707e-01
9.995011091232299805e-01
9.935119152069091797e-01
9.976128935813903809e-01
9.981307983398437500e-01
9.987919330596923828e-01
9.799570441246032715e-01
9.988756179809570312e-01
9.960955977439880371e-01
9.951791763305664062e-01
9.975370168685913086e-01
9.930207729339599609e-01
9.965350031852722168e-01
9.957101345062255859e-01
9.951326847076416016e-01
9.989269375801086426e-01
9.934297204017639160e-01
9.891237616539001465e-01
9.901509284973144531e-01
9.899240136146545410e-01
9.994678497314453125e-01
9.998990893363952637e-01
9.941194057464599609e-01
9.901854991912841797e-01
9.914688467979431152e-01
9.940473437309265137e-01
9.909875988960266113e-01
9.976436495780944824e-01
9.979332089424133301e-01
9.903290271759033203e-01
9.989272952079772949e-01
9.839303493499755859e-01
9.863140583038330078e-01
9.954885840415954590e-01
9.954470396041870117e-01
9.852548837661743164e-01
9.973655939102172852e-01
9.962814450263977051e-01
9.687350988388061523e-01
9.819011688232421875e-01
9.883189201354980469e-01
9.976540803909301758e-01
9.959940910339355469e-01
9.896469116210937500e-01
9.741250872611999512e-01
9.959374666213989258e-01
9.987340569496154785e-01
9.983697533607482910e-01
9.968629479408264160e-01
9.925726652145385742e-01
9.594666361808776855e-01
9.989008903503417969e-01
9.969646930694580078e-01
9.978922605514526367e-01
9.805786013603210449e-01
9.541005492210388184e-01
9.817680120468139648e-01
9.983485937118530273e-01
9.996859431266784668e-01
9.848674535751342773e-01
9.967339634895324707e-01
9.882742762565612793e-01
9.875906705856323242e-01
9.991602301597595215e-01
9.988506436347961426e-01
9.932562708854675293e-01
9.905987977981567383e-01
9.993479847908020020e-01
9.967517256736755371e-01
9.981889724731445312e-01
9.981362819671630859e-01
9.923677444458007812e-01
9.964612722396850586e-01
9.798773527145385742e-01
9.801741242408752441e-01
9.958505034446716309e-01
9.973746538162231445e-01
9.974776506423950195e-01
9.668681621551513672e-01
9.974662661552429199e-01
9.949601292610168457e-01
9.863407015800476074e-01
9.702197313308715820e-01
9.883011579513549805e-01
9.988381266593933105e-01
9.967207312583923340e-01
8.850395679473876953e-01
9.953299164772033691e-01
9.956609010696411133e-01
9.963511824607849121e-01
9.803858399391174316e-01
9.983090758323669434e-01
9.978765249252319336e-01
9.978993535041809082e-01
9.973896741867065430e-01
9.931762814521789551e-01
9.989848136901855469e-01
9.961650371551513672e-01
9.986655116081237793e-01
9.950950145721435547e-01
9.817563891410827637e-01
9.942492246627807617e-01
9.931080937385559082e-01
9.991676211357116699e-01
9.957319498062133789e-01
9.967216253280639648e-01
9.859204888343811035e-01
9.990432858467102051e-01
9.931856989860534668e-01
9.977321624755859375e-01
9.989547729492187500e-01
9.958302974700927734e-01
9.854621291160583496e-01
9.983679652214050293e-01
9.979434609413146973e-01
9.953528642654418945e-01
9.945707321166992188e-01
9.931169748306274414e-01
9.011651873588562012e-01
9.964365959167480469e-01
9.982409477233886719e-01
9.985240101814270020e-01
9.889337420463562012e-01
9.847280383110046387e-01
9.976329207420349121e-01
9.986109733581542969e-01
9.969388246536254883e-01
9.800804257392883301e-01
9.938330650329589844e-01
9.937227368354797363e-01
9.701323509216308594e-01
9.888058900833129883e-01
9.967744946479797363e-01
9.963072538375854492e-01
9.989740252494812012e-01
9.994950890541076660e-01
9.786036014556884766e-01
9.942765831947326660e-01
9.761129617691040039e-01
9.936280250549316406e-01
9.457143545150756836e-01
9.955302476882934570e-01
9.908097982406616211e-01
9.984501600265502930e-01
9.986096024513244629e-01
9.964237213134765625e-01
9.995225667953491211e-01
9.992179870605468750e-01
9.934992790222167969e-01
9.954242110252380371e-01
9.994404911994934082e-01
9.968264698982238770e-01
9.974133968353271484e-01
9.964987039566040039e-01
9.947649240493774414e-01
9.994687438011169434e-01
9.991956949234008789e-01
9.954572916030883789e-01
9.853209257125854492e-01
9.992407560348510742e-01
9.793558120727539062e-01
9.985331892967224121e-01
9.992970228195190430e-01
9.997043013572692871e-01
9.953889846801757812e-01
9.957301020622253418e-01
9.986376166343688965e-01
9.863768219947814941e-01
9.871516227722167969e-01
9.993036389350891113e-01
9.551262855529785156e-01
9.979358911514282227e-01
9.975119233131408691e-01
9.997974634170532227e-01
9.978029131889343262e-01
9.958515763282775879e-01
9.979087114334106445e-01
9.964764118194580078e-01
9.841737747192382812e-01
9.973860383033752441e-01
9.983413815498352051e-01
9.990732073783874512e-01
9.946238994598388672e-01
9.981235265731811523e-01
9.957109689712524414e-01
9.987663626670837402e-01
9.628047347068786621e-01
9.962253570556640625e-01
9.960827231407165527e-01
9.967688918113708496e-01
9.982755184173583984e-01
9.981110692024230957e-01
9.957590103149414062e-01
9.965736269950866699e-01
9.907519221305847168e-01
9.991175532341003418e-01
9.981541633605957031e-01
9.959721565246582031e-01
9.977077841758728027e-01
9.931265711784362793e-01
9.933970570564270020e-01
9.980381727218627930e-01
9.921332001686096191e-01
9.969037175178527832e-01
9.943934082984924316e-01
9.857608079910278320e-01
9.891110062599182129e-01
9.958061575889587402e-01
9.970166087150573730e-01
9.970849156379699707e-01
9.887562394142150879e-01
9.982229471206665039e-01
9.989543557167053223e-01
9.429216384887695312e-01
9.997408986091613770e-01
9.829000830650329590e-01
9.989600181579589844e-01
9.798669815063476562e-01
9.791005849838256836e-01
9.797641038894653320e-01
9.721109867095947266e-01
9.977425932884216309e-01
9.946638941764831543e-01
9.970269799232482910e-01
9.858301281929016113e-01
9.997944235801696777e-01
9.898381829261779785e-01
9.981412887573242188e-01
9.969005584716796875e-01
9.978424906730651855e-01
9.981141686439514160e-01
9.985398054122924805e-01
9.972887039184570312e-01
9.995326399803161621e-01
9.922135472297668457e-01
9.992856383323669434e-01
9.968907833099365234e-01
9.960493445396423340e-01
9.958097338676452637e-01
9.985130429267883301e-01
9.980255961418151855e-01
9.911183714866638184e-01
9.986630082130432129e-01
9.986140131950378418e-01
9.893352389335632324e-01
9.786334037780761719e-01
9.661026597023010254e-01
9.919446110725402832e-01
9.812636971473693848e-01
9.777463078498840332e-01
9.991257190704345703e-01
9.853109121322631836e-01
9.996676445007324219e-01
9.991419315338134766e-01
9.818702936172485352e-01
9.959226250648498535e-01
9.996343851089477539e-01
9.990620017051696777e-01
9.977540969848632812e-01
9.994457960128784180e-01
9.986461400985717773e-01
9.694462418556213379e-01
8.976472020149230957e-01
9.975396990776062012e-01
9.635679721832275391e-01
9.936669468879699707e-01
9.917114973068237305e-01
9.988268613815307617e-01
9.989486932754516602e-01
9.890301823616027832e-01
9.136642813682556152e-01
9.989961385726928711e-01
9.920319318771362305e-01
9.987018704414367676e-01
9.997856616973876953e-01
9.975374341011047363e-01
9.868618845939636230e-01
9.891346693038940430e-01
9.961951375007629395e-01
9.949287176132202148e-01
9.943626523017883301e-01
9.971730709075927734e-01
9.932577013969421387e-01
9.921935200691223145e-01
9.967790842056274414e-01
9.985486268997192383e-01
9.930897951126098633e-01
9.996066093444824219e-01
9.909790754318237305e-01
9.979617595672607422e-01
9.957570433616638184e-01
9.927052259445190430e-01
9.949789643287658691e-01
9.990121126174926758e-01
9.968277215957641602e-01
9.933117032051086426e-01
9.973860979080200195e-01
9.674940109252929688e-01
9.974459409713745117e-01
9.950391650199890137e-01
9.982265830039978027e-01
9.892797470092773438e-01
9.994834661483764648e-01
9.969892501831054688e-01
9.950228929519653320e-01
9.947671294212341309e-01
9.826074838638305664e-01
9.988209009170532227e-01
9.980833530426025391e-01
9.985532760620117188e-01
9.963850378990173340e-01
9.915226697921752930e-01
9.914474487304687500e-01
9.962853193283081055e-01
9.991197586059570312e-01
9.755291938781738281e-01
9.934811592102050781e-01
9.859687685966491699e-01
9.976651072502136230e-01
9.938051104545593262e-01
9.648002386093139648e-01
9.721595644950866699e-01
9.999618530273437500e-01
9.976425170898437500e-01
9.982057809829711914e-01
9.989622235298156738e-01
9.817682504653930664e-01
9.983093142509460449e-01
9.998996257781982422e-01
9.981404542922973633e-01
9.991016387939453125e-01
9.898846149444580078e-01
9.942956566810607910e-01
9.995205998420715332e-01
9.998946189880371094e-01
9.966182708740234375e-01
9.996143579483032227e-01
9.311119318008422852e-01
9.414643645286560059e-01
9.694008827209472656e-01
9.769412875175476074e-01
9.964163899421691895e-01
9.993848204612731934e-01
9.966595768928527832e-01
9.949858784675598145e-01
9.985533952713012695e-01
9.947364926338195801e-01
9.963219761848449707e-01
9.990284442901611328e-01
9.612713456153869629e-01
9.858532547950744629e-01
9.982166886329650879e-01
9.930682778358459473e-01
9.985124468803405762e-01
9.872540235519409180e-01
9.927799701690673828e-01
9.986013770103454590e-01
9.989886879920959473e-01
9.968550801277160645e-01
8.851820230484008789e-01
9.968640804290771484e-01
9.976001977920532227e-01
9.901462793350219727e-01
9.725141525268554688e-01
9.906126260757446289e-01
9.969463348388671875e-01
9.564338326454162598e-01
9.976943135261535645e-01
9.945520162582397461e-01
9.977656006813049316e-01
9.833527803421020508e-01
9.987827539443969727e-01
9.876158833503723145e-01
9.912448525428771973e-01
9.830990433692932129e-01
9.985506534576416016e-01
9.946212768554687500e-01
9.816289544105529785e-01
9.937598109245300293e-01
9.952970147132873535e-01
9.991208910942077637e-01
9.950789809226989746e-01
9.956567287445068359e-01
9.935263395309448242e-01
9.977936744689941406e-01
9.980453848838806152e-01
9.919870495796203613e-01
9.948442578315734863e-01
9.920328259468078613e-01
9.910784363746643066e-01
9.957492947578430176e-01
9.933240413665771484e-01
9.541844129562377930e-01
9.983021616935729980e-01
9.967753291130065918e-01
9.994439482688903809e-01
9.964001774787902832e-01
9.879355430603027344e-01
9.990513920783996582e-01
9.978358745574951172e-01
9.988813996315002441e-01
9.979331493377685547e-01
9.953291416168212891e-01
9.958410859107971191e-01
9.949617981910705566e-01
9.861777424812316895e-01
9.995158314704895020e-01
9.982271790504455566e-01
9.922740459442138672e-01
9.959615468978881836e-01
9.950487017631530762e-01
9.594371914863586426e-01
9.840387701988220215e-01
9.990200996398925781e-01
9.976246356964111328e-01
9.967119097709655762e-01
9.937769770622253418e-01
9.965477585792541504e-01
9.775473475456237793e-01
9.833927154541015625e-01
9.973595738410949707e-01
9.990010261535644531e-01
9.986640810966491699e-01
9.924954771995544434e-01
9.957022070884704590e-01
9.990131258964538574e-01
9.926029443740844727e-01
9.989204406738281250e-01
9.984434247016906738e-01
9.803851842880249023e-01
9.959923624992370605e-01
9.976793527603149414e-01
9.967307448387145996e-01
9.768288135528564453e-01
9.754463434219360352e-01
9.319528937339782715e-01
9.977378845214843750e-01
9.995560050010681152e-01
9.867810606956481934e-01
9.932795763015747070e-01
9.959227442741394043e-01
9.979301691055297852e-01
9.993155598640441895e-01
9.876410365104675293e-01
9.923038482666015625e-01
9.998461008071899414e-01
9.889661669731140137e-01
9.972010850906372070e-01
9.889371395111083984e-01
9.847682714462280273e-01
9.718118309974670410e-01
9.969016313552856445e-01
9.974948763847351074e-01
9.990943074226379395e-01
9.948682785034179688e-01
9.963951110839843750e-01
9.983226060867309570e-01
9.865622520446777344e-01
9.992091655731201172e-01
9.903224110603332520e-01
9.943771362304687500e-01
9.916674494743347168e-01
9.605477452278137207e-01
9.581650495529174805e-01
9.952434897422790527e-01
9.642106890678405762e-01
9.961936473846435547e-01
9.879345297813415527e-01
9.855024814605712891e-01
9.483904242515563965e-01
9.978321790695190430e-01
9.940038919448852539e-01
9.945558905601501465e-01
9.964401125907897949e-01
9.986178278923034668e-01
9.920381903648376465e-01
9.469872117042541504e-01
9.933611750602722168e-01
9.986179471015930176e-01
9.975404739379882812e-01
9.992984533309936523e-01
9.963107109069824219e-01
9.273357391357421875e-01
9.841353297233581543e-01
9.835510253906250000e-01
9.929690361022949219e-01
9.962432980537414551e-01
9.986418485641479492e-01
9.961007833480834961e-01
9.850550889968872070e-01
9.743508100509643555e-01
9.828261733055114746e-01
9.978411197662353516e-01
9.948687553405761719e-01
9.644572138786315918e-01
9.964253306388854980e-01
9.924072027206420898e-01
9.984167218208312988e-01
9.992370605468750000e-01
9.992361068725585938e-01
9.904134273529052734e-01
9.798527956008911133e-01
9.957331418991088867e-01
9.910143017768859863e-01
9.979627728462219238e-01
9.936959147453308105e-01
9.951801300048828125e-01
9.642705917358398438e-01
9.990224838256835938e-01
9.791196584701538086e-01
9.968768358230590820e-01
9.969999790191650391e-01
9.854761362075805664e-01
9.883259534835815430e-01
9.984253048896789551e-01
9.815830588340759277e-01
9.980477690696716309e-01
9.967991113662719727e-01
9.991701841354370117e-01
9.951629042625427246e-01
9.655548334121704102e-01
9.966225624084472656e-01
9.963082671165466309e-01
9.973090291023254395e-01
9.941503405570983887e-01
9.980761408805847168e-01
9.958748817443847656e-01
9.948116540908813477e-01
9.992445707321166992e-01
9.793165922164916992e-01
9.977303147315979004e-01
9.946485757827758789e-01
9.929432868957519531e-01
9.980533719062805176e-01
9.672233462333679199e-01
9.971603155136108398e-01
9.938199520111083984e-01
9.964191913604736328e-01
9.945657253265380859e-01
9.977219700813293457e-01
9.985224008560180664e-01
9.860289692878723145e-01
9.993793368339538574e-01
9.938684701919555664e-01
9.981092810630798340e-01
9.989923834800720215e-01
9.990241527557373047e-01
9.946823716163635254e-01
9.828221201896667480e-01
9.979248046875000000e-01
9.988004565238952637e-01
9.999561309814453125e-01
9.989653229713439941e-01
9.975239038467407227e-01
9.987871050834655762e-01
9.997739791870117188e-01
9.957832694053649902e-01
9.986439943313598633e-01
9.947295784950256348e-01
9.896729588508605957e-01
9.895390272140502930e-01
9.962216019630432129e-01
9.903580546379089355e-01
9.907822608947753906e-01
9.976216554641723633e-01
9.971994757652282715e-01
9.938088655471801758e-01
9.985210895538330078e-01
9.483922123908996582e-01
9.834671020507812500e-01
9.890452623367309570e-01
9.905097484588623047e-01
9.874962568283081055e-01
9.986994266510009766e-01
9.990395307540893555e-01
9.954978227615356445e-01
9.989389777183532715e-01
9.990720152854919434e-01
9.940076470375061035e-01
9.997555613517761230e-01
9.935876131057739258e-01
9.928944706916809082e-01
9.688172936439514160e-01
9.740039110183715820e-01
9.975272417068481445e-01
9.954872727394104004e-01
9.973199963569641113e-01
9.838793277740478516e-01
9.898771047592163086e-01
9.878877997398376465e-01
9.976973533630371094e-01
9.972574710845947266e-01
9.946345686912536621e-01
9.849510788917541504e-01
9.781681299209594727e-01
9.936548471450805664e-01
9.999296069145202637e-01
9.994590878486633301e-01
9.990716576576232910e-01
9.963598847389221191e-01
9.862735867500305176e-01
9.988883733749389648e-01
9.739244580268859863e-01
9.992062449455261230e-01
9.970008730888366699e-01
9.931908845901489258e-01
9.989978671073913574e-01
9.972883462905883789e-01
9.879388213157653809e-01
9.977235198020935059e-01
9.789245724678039551e-01
9.987452030181884766e-01
9.980476498603820801e-01
9.814447164535522461e-01
9.988324642181396484e-01
9.916671514511108398e-01
9.970345497131347656e-01
9.978721737861633301e-01
9.951238036155700684e-01
9.592309594154357910e-01
9.989219307899475098e-01
9.944568872451782227e-01
9.977172613143920898e-01
9.928573369979858398e-01
9.988998174667358398e-01
9.983991980552673340e-01
9.985094666481018066e-01
9.974918961524963379e-01
9.919353127479553223e-01
9.943321347236633301e-01
9.959732294082641602e-01
9.907643795013427734e-01
9.857380390167236328e-01
9.940575361251831055e-01
9.987862110137939453e-01
9.937273263931274414e-01
9.966567158699035645e-01
9.986540675163269043e-01
9.979240298271179199e-01
9.940112233161926270e-01
9.983770847320556641e-01
9.958433508872985840e-01
9.876533746719360352e-01
9.980112314224243164e-01
9.974681138992309570e-01
9.933843612670898438e-01
9.988358020782470703e-01
9.972740411758422852e-01
9.989400506019592285e-01
8.222842812538146973e-01
9.686086773872375488e-01
9.929986596107482910e-01
9.986646175384521484e-01
9.939989447593688965e-01
9.735161066055297852e-01
9.797112345695495605e-01
9.840066432952880859e-01
9.902659058570861816e-01
9.929657578468322754e-01
9.885134100914001465e-01
9.746218323707580566e-01
9.975505471229553223e-01
9.962111115455627441e-01
9.897006750106811523e-01
9.910610914230346680e-01
9.969546198844909668e-01
9.963677525520324707e-01
9.991689920425415039e-01
9.954902529716491699e-01
9.815861582756042480e-01
9.907096624374389648e-01
9.926894307136535645e-01
9.620923995971679688e-01
9.976202845573425293e-01
9.957975149154663086e-01
9.969189763069152832e-01
9.952126741409301758e-01
9.944457411766052246e-01
9.921768307685852051e-01
9.992067813873291016e-01
9.998610019683837891e-01
9.962158799171447754e-01
9.972854852676391602e-01
9.941453337669372559e-01
9.932319521903991699e-01
9.898999929428100586e-01
9.970368742942810059e-01
9.984363317489624023e-01
9.995014071464538574e-01
9.899543523788452148e-01
9.547265768051147461e-01
9.871132969856262207e-01
9.899556040763854980e-01
9.909856319427490234e-01
9.895048141479492188e-01
9.953882694244384766e-01
9.953493475914001465e-01
9.473875761032104492e-01
9.774279594421386719e-01
9.967787265777587891e-01
9.935137033462524414e-01
9.970552921295166016e-01
9.983204603195190430e-01
9.974329471588134766e-01
9.789913296699523926e-01
9.853153824806213379e-01
9.931131601333618164e-01
9.928063154220581055e-01
9.892304539680480957e-01
9.895071983337402344e-01
9.874408841133117676e-01
9.981966614723205566e-01
9.887695908546447754e-01
9.291348457336425781e-01
9.990457892417907715e-01
9.971498847007751465e-01
9.969681501388549805e-01
9.976697564125061035e-01
9.942919611930847168e-01
9.963167905807495117e-01
9.952347874641418457e-01
9.993248581886291504e-01
9.986408948898315430e-01
9.986803531646728516e-01
9.977882504463195801e-01
9.965085983276367188e-01
9.945776462554931641e-01
9.981600642204284668e-01
9.993422627449035645e-01
9.934332966804504395e-01
9.978353381156921387e-01
9.966416954994201660e-01
9.980924725532531738e-01
9.846225380897521973e-01
9.989511966705322266e-01
9.967897534370422363e-01
9.996071457862854004e-01
9.979261755943298340e-01
9.970471262931823730e-01
9.979709386825561523e-01
9.966487288475036621e-01
9.623552560806274414e-01
9.153556227684020996e-01
9.936666488647460938e-01
9.984075427055358887e-01
9.980934858322143555e-01
9.995827078819274902e-01
9.946148395538330078e-01
9.996205568313598633e-01
9.998450875282287598e-01
9.669342041015625000e-01
9.907588362693786621e-01
9.954041838645935059e-01
9.707815051078796387e-01
9.987584352493286133e-01
9.903479814529418945e-01
9.779188036918640137e-01
9.857630729675292969e-01
9.984089136123657227e-01
9.911337494850158691e-01
9.944964051246643066e-01
9.990065693855285645e-01
9.920126199722290039e-01
9.992058873176574707e-01
9.974433779716491699e-01
9.837759733200073242e-01
9.728460311889648438e-01
9.976052045822143555e-01
9.553554058074951172e-01
9.922483563423156738e-01
9.622208476066589355e-01
9.799919724464416504e-01
9.960369467735290527e-01
9.983080029487609863e-01
9.945312738418579102e-01
9.967349171638488770e-01
9.391626715660095215e-01
9.886252284049987793e-01
9.991558790206909180e-01
9.898931980133056641e-01
9.995647072792053223e-01
