9.090909090909091161e-02
0.000000000000000000e+00
0.000000000000000000e+00
1.822916666666666782e-02
0.000000000000000000e+00
0.000000000000000000e+00
1.052631578947368363e-01
1.538461538461538547e-02
0.000000000000000000e+00
6.666666666666667095e-03
0.000000000000000000e+00
0.000000000000000000e+00
0.000000000000000000e+00
0.000000000000000000e+00
0.000000000000000000e+00
0.000000000000000000e+00
0.000000000000000000e+00
0.000000000000000000e+00
0.000000000000000000e+00
0.000000000000000000e+00
0.000000000000000000e+00
0.000000000000000000e+00
2.325581395348837177e-02
3.333333333333333148e-01
0.000000000000000000e+00
0.000000000000000000e+00
0.000000000000000000e+00
3.289473684210526133e-02
0.000000000000000000e+00
0.000000000000000000e+00
1.063829787234042527e-02
0.000000000000000000e+00
0.000000000000000000e+00
0.000000000000000000e+00
0.000000000000000000e+00
1.470588235294117627e-02
0.000000000000000000e+00
0.000000000000000000e+00
0.000000000000000000e+00
0.000000000000000000e+00
5.263157894736841813e-02
0.000000000000000000e+00
1.209677419354838676e-02
0.000000000000000000e+00
0.000000000000000000e+00
0.000000000000000000e+00
2.097902097902097987e-02
0.000000000000000000e+00
4.219409282700421586e-03
1.078748651564185625e-02
1.000000000000000000e+00
0.000000000000000000e+00
0.000000000000000000e+00
0.000000000000000000e+00
0.000000000000000000e+00
0.000000000000000000e+00
0.000000000000000000e+00
0.000000000000000000e+00
1.927710843373494146e-02
1.801801801801801786e-02
0.000000000000000000e+00
0.000000000000000000e+00
1.115241635687732290e-02
2.666666666666666838e-02
2.150537634408602322e-02
0.000000000000000000e+00
0.000000000000000000e+00
2.000000000000000111e-01
0.000000000000000000e+00
0.000000000000000000e+00
0.000000000000000000e+00
0.000000000000000000e+00
0.000000000000000000e+00
0.000000000000000000e+00
8.710801393728222555e-03
9.771986970684038223e-03
0.000000000000000000e+00
2.777777777777777624e-02
0.000000000000000000e+00
0.000000000000000000e+00
0.000000000000000000e+00
0.000000000000000000e+00
9.132420091324200406e-03
1.000000000000000056e-01
0.000000000000000000e+00
0.000000000000000000e+00
3.128911138923654543e-03
0.000000000000000000e+00
0.000000000000000000e+00
3.053435114503816675e-02
0.000000000000000000e+00
2.222222222222222307e-02
2.105263157894736795e-02
0.000000000000000000e+00
1.600000000000000033e-02
0.000000000000000000e+00
0.000000000000000000e+00
1.075268817204301161e-02
0.000000000000000000e+00
0.000000000000000000e+00
0.000000000000000000e+00
0.000000000000000000e+00
0.000000000000000000e+00
0.000000000000000000e+00
0.000000000000000000e+00
0.000000000000000000e+00
0.000000000000000000e+00
0.000000000000000000e+00
0.000000000000000000e+00
6.666666666666666574e-02
3.498950314905528106e-04
0.000000000000000000e+00
1.209677419354838676e-02
1.736111111111111188e-02
0.000000000000000000e+00
0.000000000000000000e+00
0.000000000000000000e+00
1.941747572815533812e-02
1.250000000000000000e-01
6.596306068601583313e-03
0.000000000000000000e+00
0.000000000000000000e+00
0.000000000000000000e+00
0.000000000000000000e+00
0.000000000000000000e+00
0.000000000000000000e+00
0.000000000000000000e+00
5.882352941176470507e-02
6.060606060606060774e-02
0.000000000000000000e+00
0.000000000000000000e+00
9.199632014719411142e-04
0.000000000000000000e+00
2.285714285714285712e-02
4.060913705583756028e-02
1.935483870967742021e-02
0.000000000000000000e+00
0.000000000000000000e+00
1.886792452830188607e-02
8.498583569405099986e-03
0.000000000000000000e+00
1.470588235294117696e-01
2.564102564102564014e-02
0.000000000000000000e+00
0.000000000000000000e+00
0.000000000000000000e+00
0.000000000000000000e+00
7.413509060955518828e-03
0.000000000000000000e+00
1.882352941176470423e-02
0.000000000000000000e+00
0.000000000000000000e+00
0.000000000000000000e+00
1.000000000000000056e-01
5.385029617662896902e-03
0.000000000000000000e+00
0.000000000000000000e+00
5.194805194805194801e-03
0.000000000000000000e+00
0.000000000000000000e+00
0.000000000000000000e+00
0.000000000000000000e+00
0.000000000000000000e+00
0.000000000000000000e+00
0.000000000000000000e+00
0.000000000000000000e+00
0.000000000000000000e+00
0.000000000000000000e+00
0.000000000000000000e+00
3.482587064676617022e-02
0.000000000000000000e+00
0.000000000000000000e+00
0.000000000000000000e+00
0.000000000000000000e+00
1.111111111111111154e-02
1.223241590214067288e-02
0.000000000000000000e+00
0.000000000000000000e+00
0.000000000000000000e+00
2.777777777777777624e-02
0.000000000000000000e+00
0.000000000000000000e+00
2.958579881656804664e-03
3.507541213609259925e-03
0.000000000000000000e+00
0.000000000000000000e+00
0.000000000000000000e+00
2.500000000000000000e-01
0.000000000000000000e+00
0.000000000000000000e+00
0.000000000000000000e+00
8.163265306122449716e-03
0.000000000000000000e+00
2.941176470588235253e-03
0.000000000000000000e+00
0.000000000000000000e+00
9.950248756218905283e-03
0.000000000000000000e+00
0.000000000000000000e+00
3.463203463203463200e-03
3.173595683909869684e-04
0.000000000000000000e+00
0.000000000000000000e+00
0.000000000000000000e+00
1.902748414376321390e-02
0.000000000000000000e+00
1.694915254237288130e-02
6.097560975609756309e-03
0.000000000000000000e+00
0.000000000000000000e+00
0.000000000000000000e+00
2.857142857142857054e-02
0.000000000000000000e+00
0.000000000000000000e+00
6.250000000000000000e-02
0.000000000000000000e+00
9.693053311793214596e-03
1.333333333333333419e-02
0.000000000000000000e+00
2.195389681668496237e-03
0.000000000000000000e+00
0.000000000000000000e+00
0.000000000000000000e+00
5.312084993359893377e-03
0.000000000000000000e+00
4.000000000000000083e-02
2.398081534772182090e-03
1.418439716312056703e-02
0.000000000000000000e+00
0.000000000000000000e+00
0.000000000000000000e+00
1.618122977346278177e-02
0.000000000000000000e+00
0.000000000000000000e+00
0.000000000000000000e+00
1.748251748251748250e-03
0.000000000000000000e+00
6.820119352088661532e-03
0.000000000000000000e+00
0.000000000000000000e+00
8.333333333333332871e-02
0.000000000000000000e+00
0.000000000000000000e+00
0.000000000000000000e+00
3.846153846153846367e-02
0.000000000000000000e+00
7.262164124909222928e-04
0.000000000000000000e+00
5.000000000000000278e-02
0.000000000000000000e+00
0.000000000000000000e+00
0.000000000000000000e+00
4.739336492890995622e-03
0.000000000000000000e+00
9.803921568627450844e-03
1.250000000000000000e-01
0.000000000000000000e+00
3.012048192771084494e-03
0.000000000000000000e+00
0.000000000000000000e+00
0.000000000000000000e+00
6.179196704428424093e-03
4.210526315789473589e-02
1.470588235294117627e-02
0.000000000000000000e+00
0.000000000000000000e+00
0.000000000000000000e+00
0.000000000000000000e+00
0.000000000000000000e+00
0.000000000000000000e+00
1.016949152542372808e-02
0.000000000000000000e+00
1.382647770480470092e-03
0.000000000000000000e+00
1.369863013698630061e-02
6.730769230769231143e-03
2.380952380952381167e-03
2.500000000000000000e-01
0.000000000000000000e+00
0.000000000000000000e+00
0.000000000000000000e+00
0.000000000000000000e+00
0.000000000000000000e+00
0.000000000000000000e+00
0.000000000000000000e+00
0.000000000000000000e+00
4.761904761904761640e-02
0.000000000000000000e+00
0.000000000000000000e+00
0.000000000000000000e+00
0.000000000000000000e+00
1.978021978021977934e-02
2.237136465324384912e-02
0.000000000000000000e+00
0.000000000000000000e+00
0.000000000000000000e+00
1.428571428571428492e-01
0.000000000000000000e+00
0.000000000000000000e+00
1.162790697674418589e-02
0.000000000000000000e+00
5.597014925373134005e-03
7.005253940455341772e-04
1.968503937007873988e-03
0.000000000000000000e+00
0.000000000000000000e+00
0.000000000000000000e+00
2.374670184696569750e-02
0.000000000000000000e+00
3.270111183780248423e-03
0.000000000000000000e+00
0.000000000000000000e+00
8.064516129032257841e-03
0.000000000000000000e+00
4.166666666666666435e-02
0.000000000000000000e+00
0.000000000000000000e+00
2.040816326530612429e-03
4.230565838180856686e-03
0.000000000000000000e+00
2.941176470588235253e-02
3.846153846153846367e-02
3.090659340659340521e-03
0.000000000000000000e+00
0.000000000000000000e+00
0.000000000000000000e+00
0.000000000000000000e+00
0.000000000000000000e+00
0.000000000000000000e+00
0.000000000000000000e+00
3.950338600451467480e-03
3.546099290780141758e-03
0.000000000000000000e+00
0.000000000000000000e+00
0.000000000000000000e+00
2.305475504322766420e-02
0.000000000000000000e+00
0.000000000000000000e+00
0.000000000000000000e+00
2.380952380952380820e-02
2.881844380403458025e-03
0.000000000000000000e+00
0.000000000000000000e+00
0.000000000000000000e+00
6.779661016949152519e-02
0.000000000000000000e+00
0.000000000000000000e+00
0.000000000000000000e+00
5.000000000000000278e-02
0.000000000000000000e+00
0.000000000000000000e+00
0.000000000000000000e+00
0.000000000000000000e+00
0.000000000000000000e+00
2.173913043478260809e-02
0.000000000000000000e+00
0.000000000000000000e+00
2.272727272727272790e-02
0.000000000000000000e+00
1.492537313432835792e-02
0.000000000000000000e+00
0.000000000000000000e+00
1.082251082251082207e-02
0.000000000000000000e+00
0.000000000000000000e+00
2.393617021276595730e-02
1.111111111111111049e-01
1.923076923076923184e-02
3.631961259079903321e-03
0.000000000000000000e+00
0.000000000000000000e+00
0.000000000000000000e+00
0.000000000000000000e+00
0.000000000000000000e+00
0.000000000000000000e+00
0.000000000000000000e+00
0.000000000000000000e+00
0.000000000000000000e+00
1.643835616438356004e-02
0.000000000000000000e+00
0.000000000000000000e+00
0.000000000000000000e+00
3.984063745019920250e-03
0.000000000000000000e+00
0.000000000000000000e+00
0.000000000000000000e+00
0.000000000000000000e+00
0.000000000000000000e+00
0.000000000000000000e+00
4.242424242424242681e-02
0.000000000000000000e+00
5.999999999999999778e-02
0.000000000000000000e+00
0.000000000000000000e+00
0.000000000000000000e+00
2.564102564102564014e-02
3.384094754653130168e-03
3.448275862068965469e-02
0.000000000000000000e+00
3.097345132743362789e-03
0.000000000000000000e+00
0.000000000000000000e+00
0.000000000000000000e+00
4.739336492890995622e-03
0.000000000000000000e+00
1.666666666666666574e-01
0.000000000000000000e+00
0.000000000000000000e+00
2.631578947368420907e-02
0.000000000000000000e+00
7.518796992481202590e-03
3.348961821835231070e-03
0.000000000000000000e+00
0.000000000000000000e+00
0.000000000000000000e+00
0.000000000000000000e+00
3.333333333333333148e-01
2.424242424242424240e-02
0.000000000000000000e+00
0.000000000000000000e+00
3.375527426160337269e-02
0.000000000000000000e+00
0.000000000000000000e+00
0.000000000000000000e+00
0.000000000000000000e+00
0.000000000000000000e+00
2.515723270440251708e-02
2.202643171806167519e-02
0.000000000000000000e+00
0.000000000000000000e+00
2.777777777777777624e-02
3.448275862068965469e-02
0.000000000000000000e+00
1.111111111111111049e-01
4.531722054380665082e-03
0.000000000000000000e+00
1.861702127659574380e-02
7.709251101321585968e-03
2.540489044140997223e-03
4.000000000000000222e-01
0.000000000000000000e+00
0.000000000000000000e+00
0.000000000000000000e+00
2.197802197802197800e-03
1.902949571836346420e-03
0.000000000000000000e+00
0.000000000000000000e+00
0.000000000000000000e+00
0.000000000000000000e+00
0.000000000000000000e+00
0.000000000000000000e+00
1.123595505617977497e-02
2.217294900221729662e-02
0.000000000000000000e+00
2.500000000000000000e-01
0.000000000000000000e+00
1.630434782608695607e-02
0.000000000000000000e+00
3.211991434689507458e-03
0.000000000000000000e+00
0.000000000000000000e+00
4.761904761904761640e-02
0.000000000000000000e+00
0.000000000000000000e+00
0.000000000000000000e+00
0.000000000000000000e+00
1.666666666666666574e-01
0.000000000000000000e+00
6.060606060606060601e-03
2.912621359223301065e-02
1.714285714285714371e-02
0.000000000000000000e+00
4.166666666666666435e-02
0.000000000000000000e+00
0.000000000000000000e+00
4.000000000000000222e-01
0.000000000000000000e+00
0.000000000000000000e+00
0.000000000000000000e+00
6.315124723713293154e-04
0.000000000000000000e+00
5.431093007467752663e-03
5.555555555555555247e-02
0.000000000000000000e+00
0.000000000000000000e+00
0.000000000000000000e+00
0.000000000000000000e+00
1.197604790419161749e-02
0.000000000000000000e+00
0.000000000000000000e+00
6.430868167202572275e-03
0.000000000000000000e+00
0.000000000000000000e+00
0.000000000000000000e+00
0.000000000000000000e+00
0.000000000000000000e+00
0.000000000000000000e+00
1.111111111111111049e-01
1.209677419354838676e-02
0.000000000000000000e+00
6.289308176100629269e-03
2.439024390243902524e-02
0.000000000000000000e+00
0.000000000000000000e+00
0.000000000000000000e+00
0.000000000000000000e+00
0.000000000000000000e+00
0.000000000000000000e+00
2.799160251924422485e-03
0.000000000000000000e+00
0.000000000000000000e+00
2.406417112299465144e-02
1.333333333333333419e-02
0.000000000000000000e+00
2.845528455284552713e-02
0.000000000000000000e+00
0.000000000000000000e+00
0.000000000000000000e+00
0.000000000000000000e+00
7.824726134585289691e-03
1.622849724115546814e-03
0.000000000000000000e+00
0.000000000000000000e+00
0.000000000000000000e+00
7.109004739336492566e-03
0.000000000000000000e+00
8.196721311475410263e-03
1.137009664582148884e-03
0.000000000000000000e+00
2.556818181818181976e-02
4.201680672268907381e-03
0.000000000000000000e+00
0.000000000000000000e+00
1.754385964912280604e-02
1.000000000000000021e-02
2.553463134375997482e-03
2.808988764044943742e-02
0.000000000000000000e+00
2.500000000000000000e-01
0.000000000000000000e+00
0.000000000000000000e+00
2.380952380952380820e-02
2.000000000000000111e-01
3.225806451612903136e-02
1.873536299765807961e-02
0.000000000000000000e+00
0.000000000000000000e+00
0.000000000000000000e+00
0.000000000000000000e+00
0.000000000000000000e+00
0.000000000000000000e+00
6.521739130434782428e-02
0.000000000000000000e+00
0.000000000000000000e+00
7.272727272727272721e-03
0.000000000000000000e+00
7.407407407407407690e-03
4.545454545454545234e-03
0.000000000000000000e+00
6.965944272445820200e-03
7.874015748031495954e-03
1.367187500000000000e-02
7.861635220125786153e-03
2.813731007315700434e-03
0.000000000000000000e+00
0.000000000000000000e+00
7.952286282306162205e-03
0.000000000000000000e+00
0.000000000000000000e+00
0.000000000000000000e+00
4.672897196261681894e-03
0.000000000000000000e+00
2.011494252873563190e-02
0.000000000000000000e+00
0.000000000000000000e+00
0.000000000000000000e+00
0.000000000000000000e+00
1.333333333333333315e-01
0.000000000000000000e+00
5.464480874316939886e-03
4.166666666666666609e-03
0.000000000000000000e+00
3.309066843150231755e-03
0.000000000000000000e+00
2.666666666666666838e-02
0.000000000000000000e+00
8.538899430740038224e-03
0.000000000000000000e+00
2.857142857142857054e-02
2.531645569620253125e-02
0.000000000000000000e+00
0.000000000000000000e+00
0.000000000000000000e+00
0.000000000000000000e+00
0.000000000000000000e+00
1.612903225806451568e-02
0.000000000000000000e+00
1.169590643274853823e-03
0.000000000000000000e+00
2.898550724637681195e-03
0.000000000000000000e+00
0.000000000000000000e+00
0.000000000000000000e+00
8.287292817679557666e-03
0.000000000000000000e+00
0.000000000000000000e+00
0.000000000000000000e+00
0.000000000000000000e+00
0.000000000000000000e+00
0.000000000000000000e+00
0.000000000000000000e+00
6.706408345752608476e-03
0.000000000000000000e+00
0.000000000000000000e+00
4.687500000000000000e-02
2.051282051282051280e-02
4.347826086956521618e-02
0.000000000000000000e+00
0.000000000000000000e+00
2.926829268292682924e-03
0.000000000000000000e+00
0.000000000000000000e+00
0.000000000000000000e+00
1.754385964912280604e-02
0.000000000000000000e+00
0.000000000000000000e+00
2.057613168724280010e-03
4.035874439461883262e-02
0.000000000000000000e+00
0.000000000000000000e+00
1.000000000000000056e-01
0.000000000000000000e+00
1.669449081803005058e-03
0.000000000000000000e+00
0.000000000000000000e+00
4.217432052483599189e-03
1.694915254237288130e-02
0.000000000000000000e+00
1.754385964912280604e-02
0.000000000000000000e+00
0.000000000000000000e+00
0.000000000000000000e+00
1.698513800424628420e-02
2.638522427440633152e-03
1.378254211332312351e-02
0.000000000000000000e+00
1.724137931034482735e-02
0.000000000000000000e+00
0.000000000000000000e+00
0.000000000000000000e+00
0.000000000000000000e+00
0.000000000000000000e+00
0.000000000000000000e+00
0.000000000000000000e+00
0.000000000000000000e+00
0.000000000000000000e+00
3.333333333333333287e-02
2.605135839225902489e-03
0.000000000000000000e+00
0.000000000000000000e+00
8.340283569641367481e-03
0.000000000000000000e+00
4.255319148936170109e-02
2.564102564102564014e-02
0.000000000000000000e+00
0.000000000000000000e+00
0.000000000000000000e+00
0.000000000000000000e+00
1.470588235294117627e-02
0.000000000000000000e+00
2.179836512261580303e-02
4.789781798829164175e-03
0.000000000000000000e+00
4.581151832460732612e-03
0.000000000000000000e+00
2.754820936639118534e-03
0.000000000000000000e+00
3.565062388591800149e-03
0.000000000000000000e+00
0.000000000000000000e+00
1.666666666666666574e-01
0.000000000000000000e+00
0.000000000000000000e+00
2.307692307692307820e-02
2.197802197802197974e-02
3.192848020434227527e-03
6.451612903225806273e-02
1.136363636363636395e-02
0.000000000000000000e+00
0.000000000000000000e+00
0.000000000000000000e+00
4.060913705583756028e-02
0.000000000000000000e+00
0.000000000000000000e+00
0.000000000000000000e+00
3.432494279176201164e-03
0.000000000000000000e+00
3.703703703703703845e-03
0.000000000000000000e+00
0.000000000000000000e+00
0.000000000000000000e+00
0.000000000000000000e+00
0.000000000000000000e+00
1.111111111111111049e-01
0.000000000000000000e+00
0.000000000000000000e+00
1.257861635220125854e-02
1.923076923076923184e-02
5.181347150259067551e-03
0.000000000000000000e+00
0.000000000000000000e+00
0.000000000000000000e+00
1.821493624772313295e-03
4.675324675324675321e-03
0.000000000000000000e+00
4.301075268817204297e-03
0.000000000000000000e+00
7.454739084132055646e-03
2.383790226460071396e-03
0.000000000000000000e+00
0.000000000000000000e+00
0.000000000000000000e+00
9.433962264150943036e-03
0.000000000000000000e+00
8.695652173913043584e-03
4.734848484848484980e-03
0.000000000000000000e+00
0.000000000000000000e+00
0.000000000000000000e+00
0.000000000000000000e+00
0.000000000000000000e+00
0.000000000000000000e+00
0.000000000000000000e+00
0.000000000000000000e+00
1.875000000000000000e-01
1.612253123740427316e-03
6.349206349206349201e-03
0.000000000000000000e+00
0.000000000000000000e+00
1.030927835051546372e-02
0.000000000000000000e+00
0.000000000000000000e+00
0.000000000000000000e+00
1.960784313725490169e-02
3.731343283582089481e-03
0.000000000000000000e+00
0.000000000000000000e+00
1.064207165661582065e-03
8.038585209003215343e-04
0.000000000000000000e+00
0.000000000000000000e+00
0.000000000000000000e+00
1.240694789081885855e-03
0.000000000000000000e+00
0.000000000000000000e+00
0.000000000000000000e+00
0.000000000000000000e+00
0.000000000000000000e+00
0.000000000000000000e+00
0.000000000000000000e+00
8.460236886632825637e-03
0.000000000000000000e+00
1.265822784810126563e-02
5.555555555555555247e-02
0.000000000000000000e+00
0.000000000000000000e+00
0.000000000000000000e+00
0.000000000000000000e+00
5.952380952380952051e-03
0.000000000000000000e+00
0.000000000000000000e+00
7.352941176470588133e-03
0.000000000000000000e+00
2.040816326530612082e-02
0.000000000000000000e+00
0.000000000000000000e+00
0.000000000000000000e+00
3.278688524590164105e-02
1.111111111111111154e-02
5.000000000000000278e-02
0.000000000000000000e+00
0.000000000000000000e+00
4.395604395604395601e-03
0.000000000000000000e+00
0.000000000000000000e+00
5.882352941176470507e-02
0.000000000000000000e+00
0.000000000000000000e+00
0.000000000000000000e+00
0.000000000000000000e+00
1.886792452830188607e-02
0.000000000000000000e+00
1.250000000000000000e-01
0.000000000000000000e+00
0.000000000000000000e+00
2.232142857142857019e-03
0.000000000000000000e+00
1.506591337099811613e-02
0.000000000000000000e+00
2.216066481994459839e-02
0.000000000000000000e+00
0.000000000000000000e+00
0.000000000000000000e+00
0.000000000000000000e+00
0.000000000000000000e+00
0.000000000000000000e+00
0.000000000000000000e+00
0.000000000000000000e+00
7.085020242914979831e-03
3.448275862068965469e-02
0.000000000000000000e+00
0.000000000000000000e+00
1.632653061224489856e-03
3.067484662576687102e-02
0.000000000000000000e+00
8.592910848549946065e-03
0.000000000000000000e+00
2.631578947368420907e-02
0.000000000000000000e+00
0.000000000000000000e+00
0.000000000000000000e+00
0.000000000000000000e+00
3.265306122448979886e-02
0.000000000000000000e+00
1.380262249827467246e-03
0.000000000000000000e+00
0.000000000000000000e+00
0.000000000000000000e+00
9.615384615384615918e-03
3.125000000000000000e-02
0.000000000000000000e+00
0.000000000000000000e+00
0.000000000000000000e+00
7.499999999999999722e-02
0.000000000000000000e+00
5.449591280653950758e-03
0.000000000000000000e+00
9.090909090909091161e-02
8.272058823529411867e-03
6.435006435006434796e-04
0.000000000000000000e+00
0.000000000000000000e+00
5.780346820809248269e-03
0.000000000000000000e+00
0.000000000000000000e+00
0.000000000000000000e+00
0.000000000000000000e+00
0.000000000000000000e+00
3.184713375796178504e-03
2.673796791443850199e-02
0.000000000000000000e+00
0.000000000000000000e+00
1.794687724335965445e-03
0.000000000000000000e+00
0.000000000000000000e+00
0.000000000000000000e+00
4.687500000000000000e-02
1.626016260162601798e-02
0.000000000000000000e+00
0.000000000000000000e+00
0.000000000000000000e+00
1.416430594900849882e-02
2.860411899313501042e-03
0.000000000000000000e+00
4.761904761904761640e-02
2.380952380952380820e-02
0.000000000000000000e+00
0.000000000000000000e+00
1.939864209505334650e-03
0.000000000000000000e+00
1.485148514851485080e-02
3.237293622531563653e-03
0.000000000000000000e+00
0.000000000000000000e+00
0.000000000000000000e+00
0.000000000000000000e+00
0.000000000000000000e+00
3.645833333333333565e-02
1.799640071985602946e-03
0.000000000000000000e+00
0.000000000000000000e+00
0.000000000000000000e+00
0.000000000000000000e+00
0.000000000000000000e+00
0.000000000000000000e+00
0.000000000000000000e+00
0.000000000000000000e+00
1.970443349753694603e-02
0.000000000000000000e+00
6.311360448807853962e-03
0.000000000000000000e+00
0.000000000000000000e+00
3.804347826086956763e-02
1.279707495429616149e-02
0.000000000000000000e+00
0.000000000000000000e+00
0.000000000000000000e+00
0.000000000000000000e+00
0.000000000000000000e+00
0.000000000000000000e+00
2.999999999999999889e-02
1.485884101040118796e-03
0.000000000000000000e+00
0.000000000000000000e+00
0.000000000000000000e+00
0.000000000000000000e+00
2.116402116402116285e-02
0.000000000000000000e+00
0.000000000000000000e+00
0.000000000000000000e+00
2.922077922077922184e-03
0.000000000000000000e+00
0.000000000000000000e+00
0.000000000000000000e+00
0.000000000000000000e+00
0.000000000000000000e+00
2.279202279202279316e-02
1.250000000000000000e-01
9.367681498829039805e-03
0.000000000000000000e+00
4.118616144975288142e-03
1.412429378531073441e-02
1.515151515151515194e-02
0.000000000000000000e+00
2.261420171867933177e-03
0.000000000000000000e+00
0.000000000000000000e+00
0.000000000000000000e+00
1.311475409836065573e-02
0.000000000000000000e+00
1.129943502824858753e-02
0.000000000000000000e+00
0.000000000000000000e+00
6.472491909385113575e-03
0.000000000000000000e+00
0.000000000000000000e+00
9.551098376313276600e-03
9.090909090909091161e-02
0.000000000000000000e+00
0.000000000000000000e+00
0.000000000000000000e+00
2.000000000000000042e-02
0.000000000000000000e+00
0.000000000000000000e+00
2.668445630420279973e-03
0.000000000000000000e+00
2.191780821917808236e-02
0.000000000000000000e+00
2.564102564102564014e-02
0.000000000000000000e+00
7.692307692307692735e-02
0.000000000000000000e+00
0.000000000000000000e+00
0.000000000000000000e+00
0.000000000000000000e+00
0.000000000000000000e+00
0.000000000000000000e+00
2.000000000000000111e-01
1.807228915662650523e-02
1.041666666666666609e-02
0.000000000000000000e+00
0.000000000000000000e+00
0.000000000000000000e+00
4.629629629629629373e-03
0.000000000000000000e+00
0.000000000000000000e+00
0.000000000000000000e+00
0.000000000000000000e+00
0.000000000000000000e+00
0.000000000000000000e+00
0.000000000000000000e+00
0.000000000000000000e+00
4.458598726114649385e-02
0.000000000000000000e+00
0.000000000000000000e+00
0.000000000000000000e+00
0.000000000000000000e+00
0.000000000000000000e+00
0.000000000000000000e+00
0.000000000000000000e+00
0.000000000000000000e+00
3.156787092248333846e-03
5.555555555555555247e-02
0.000000000000000000e+00
1.492537313432835792e-02
0.000000000000000000e+00
3.571428571428571230e-02
0.000000000000000000e+00
8.667388949079089452e-03
0.000000000000000000e+00
0.000000000000000000e+00
0.000000000000000000e+00
3.030303030303030387e-02
0.000000000000000000e+00
0.000000000000000000e+00
1.673640167364016593e-02
0.000000000000000000e+00
8.056394763343403820e-03
1.541095890410958819e-02
2.777777777777777624e-02
0.000000000000000000e+00
0.000000000000000000e+00
0.000000000000000000e+00
2.000000000000000042e-02
3.683241252302025918e-03
2.440512507626601494e-03
0.000000000000000000e+00
4.719454640797063512e-03
5.476451259583789595e-03
0.000000000000000000e+00
0.000000000000000000e+00
0.000000000000000000e+00
3.663003663003663000e-03
0.000000000000000000e+00
0.000000000000000000e+00
2.380952380952380820e-02
2.535211267605633895e-02
0.000000000000000000e+00
0.000000000000000000e+00
0.000000000000000000e+00
2.852485737571312276e-03
1.207729468599033802e-02
0.000000000000000000e+00
2.012072434607646045e-03
0.000000000000000000e+00
3.164556962025316406e-03
0.000000000000000000e+00
0.000000000000000000e+00
1.033057851239669450e-02
0.000000000000000000e+00
0.000000000000000000e+00
0.000000000000000000e+00
3.750000000000000000e-01
0.000000000000000000e+00
0.000000000000000000e+00
0.000000000000000000e+00
2.614379084967320081e-03
4.651162790697674354e-03
4.561581348200709901e-03
0.000000000000000000e+00
0.000000000000000000e+00
1.694915254237288130e-02
0.000000000000000000e+00
0.000000000000000000e+00
3.266906239790917893e-04
0.000000000000000000e+00
0.000000000000000000e+00
4.054738976178408512e-03
0.000000000000000000e+00
0.000000000000000000e+00
0.000000000000000000e+00
1.578947368421052683e-02
0.000000000000000000e+00
0.000000000000000000e+00
0.000000000000000000e+00
0.000000000000000000e+00
2.398081534772182090e-03
0.000000000000000000e+00
0.000000000000000000e+00
0.000000000000000000e+00
2.020202020202020374e-02
0.000000000000000000e+00
5.660377358490566169e-02
9.090909090909091161e-02
0.000000000000000000e+00
0.000000000000000000e+00
2.150537634408602322e-02
0.000000000000000000e+00
0.000000000000000000e+00
0.000000000000000000e+00
0.000000000000000000e+00
0.000000000000000000e+00
0.000000000000000000e+00
0.000000000000000000e+00
2.008032128514056214e-02
0.000000000000000000e+00
0.000000000000000000e+00
0.000000000000000000e+00
2.127659574468085055e-02
0.000000000000000000e+00
0.000000000000000000e+00
4.329004329004329001e-03
7.401315789473683800e-03
0.000000000000000000e+00
0.000000000000000000e+00
0.000000000000000000e+00
3.453038674033149028e-03
0.000000000000000000e+00
0.000000000000000000e+00
0.000000000000000000e+00
6.335797254487856786e-03
0.000000000000000000e+00
2.639296187683284542e-02
0.000000000000000000e+00
0.000000000000000000e+00
6.703910614525139533e-03
0.000000000000000000e+00
0.000000000000000000e+00
7.575757575757575968e-03
0.000000000000000000e+00
0.000000000000000000e+00
0.000000000000000000e+00
0.000000000000000000e+00
0.000000000000000000e+00
1.204819277108433798e-02
1.209677419354838676e-02
4.739336492890995622e-03
1.739130434782608647e-01
0.000000000000000000e+00
5.291005291005290712e-03
6.042296072507552865e-03
0.000000000000000000e+00
0.000000000000000000e+00
6.557377049180327863e-03
6.493506493506493935e-03
9.230769230769231629e-03
0.000000000000000000e+00
6.153846153846154188e-02
2.821316614420062846e-02
0.000000000000000000e+00
0.000000000000000000e+00
0.000000000000000000e+00
0.000000000000000000e+00
0.000000000000000000e+00
0.000000000000000000e+00
0.000000000000000000e+00
0.000000000000000000e+00
6.896551724137930939e-03
0.000000000000000000e+00
5.025125628140703592e-03
0.000000000000000000e+00
1.960784313725490169e-02
0.000000000000000000e+00
1.428571428571428492e-01
0.000000000000000000e+00
1.676727028839704965e-03
0.000000000000000000e+00
0.000000000000000000e+00
0.000000000000000000e+00
2.884615384615384776e-02
0.000000000000000000e+00
0.000000000000000000e+00
0.000000000000000000e+00
1.351351351351351426e-02
0.000000000000000000e+00
3.517587939698492427e-02
0.000000000000000000e+00
0.000000000000000000e+00
0.000000000000000000e+00
0.000000000000000000e+00
0.000000000000000000e+00
0.000000000000000000e+00
0.000000000000000000e+00
3.488372093023255766e-03
0.000000000000000000e+00
4.380201489268506151e-03
0.000000000000000000e+00
0.000000000000000000e+00
1.266223488445710659e-03
0.000000000000000000e+00
0.000000000000000000e+00
2.547770700636942803e-02
0.000000000000000000e+00
0.000000000000000000e+00
0.000000000000000000e+00
0.000000000000000000e+00
4.950495049504950555e-03
0.000000000000000000e+00
1.342281879194630843e-02
0.000000000000000000e+00
0.000000000000000000e+00
0.000000000000000000e+00
0.000000000000000000e+00
0.000000000000000000e+00
0.000000000000000000e+00
0.000000000000000000e+00
0.000000000000000000e+00
0.000000000000000000e+00
1.512287334593572863e-03
7.827788649706458142e-04
1.504890895410082715e-03
0.000000000000000000e+00
0.000000000000000000e+00
0.000000000000000000e+00
0.000000000000000000e+00
0.000000000000000000e+00
0.000000000000000000e+00
3.539823008849557473e-02
0.000000000000000000e+00
0.000000000000000000e+00
1.178203240058910140e-02
0.000000000000000000e+00
1.250000000000000069e-02
0.000000000000000000e+00
0.000000000000000000e+00
0.000000000000000000e+00
1.111111111111111154e-02
2.868983104877271227e-03
0.000000000000000000e+00
0.000000000000000000e+00
0.000000000000000000e+00
0.000000000000000000e+00
0.000000000000000000e+00
8.110300081103001026e-04
0.000000000000000000e+00
0.000000000000000000e+00
0.000000000000000000e+00
0.000000000000000000e+00
4.237288135593220324e-03
0.000000000000000000e+00
0.000000000000000000e+00
0.000000000000000000e+00
0.000000000000000000e+00
8.333333333333332871e-02
0.000000000000000000e+00
0.000000000000000000e+00
0.000000000000000000e+00
4.540295119182746753e-03
0.000000000000000000e+00
1.503759398496240692e-03
0.000000000000000000e+00
0.000000000000000000e+00
5.608524957936063086e-03
8.312551953449709213e-04
0.000000000000000000e+00
0.000000000000000000e+00
0.000000000000000000e+00
0.000000000000000000e+00
0.000000000000000000e+00
5.163511187607573542e-03
0.000000000000000000e+00
0.000000000000000000e+00
0.000000000000000000e+00
0.000000000000000000e+00
1.293103448275862051e-02
0.000000000000000000e+00
0.000000000000000000e+00
0.000000000000000000e+00
0.000000000000000000e+00
0.000000000000000000e+00
0.000000000000000000e+00
1.075268817204301161e-02
0.000000000000000000e+00
0.000000000000000000e+00
0.000000000000000000e+00
0.000000000000000000e+00
0.000000000000000000e+00
0.000000000000000000e+00
1.144164759725400460e-03
0.000000000000000000e+00
2.479338842975206680e-02
0.000000000000000000e+00
0.000000000000000000e+00
7.722007722007721972e-04
3.921568627450980338e-02
0.000000000000000000e+00
0.000000000000000000e+00
8.537886872998933299e-03
4.399472063352397955e-04
1.507537688442210991e-02
0.000000000000000000e+00
0.000000000000000000e+00
5.408328826392645077e-04
2.515723270440251708e-02
0.000000000000000000e+00
0.000000000000000000e+00
0.000000000000000000e+00
0.000000000000000000e+00
0.000000000000000000e+00
7.092198581560283516e-03
0.000000000000000000e+00
0.000000000000000000e+00
2.217997465145754143e-03
0.000000000000000000e+00
0.000000000000000000e+00
0.000000000000000000e+00
0.000000000000000000e+00
0.000000000000000000e+00
0.000000000000000000e+00
0.000000000000000000e+00
0.000000000000000000e+00
0.000000000000000000e+00
0.000000000000000000e+00
9.090909090909091161e-02
0.000000000000000000e+00
1.314060446780551845e-02
5.000000000000000000e-01
0.000000000000000000e+00
0.000000000000000000e+00
7.278020378457059590e-03
1.124859392575928117e-03
2.739726027397260122e-02
0.000000000000000000e+00
2.789400278940027799e-03
0.000000000000000000e+00
0.000000000000000000e+00
7.575757575757575968e-03
0.000000000000000000e+00
1.030927835051546372e-02
2.439024390243902524e-02
0.000000000000000000e+00
0.000000000000000000e+00
