9.994539618492126465e-01
9.992622137069702148e-01
9.941772222518920898e-01
9.978488087654113770e-01
9.984869956970214844e-01
9.984432458877563477e-01
9.922363162040710449e-01
9.777526259422302246e-01
9.957032799720764160e-01
9.901360273361206055e-01
9.965244531631469727e-01
9.888149499893188477e-01
9.909279942512512207e-01
9.821419715881347656e-01
9.988195896148681641e-01
9.999037384986877441e-01
6.092541217803955078e-01
9.938019514083862305e-01
9.982047080993652344e-01
9.986699223518371582e-01
9.997931718826293945e-01
9.975317120552062988e-01
9.999718666076660156e-01
9.981871247291564941e-01
9.995433092117309570e-01
9.956371188163757324e-01
9.942015409469604492e-01
9.920912981033325195e-01
9.972463846206665039e-01
9.886242747306823730e-01
9.708908796310424805e-01
9.991860985755920410e-01
9.818630814552307129e-01
9.998939633369445801e-01
9.868479967117309570e-01
9.975250959396362305e-01
9.981786012649536133e-01
9.829595088958740234e-01
9.971969127655029297e-01
9.981628656387329102e-01
9.978258609771728516e-01
9.977787137031555176e-01
9.991464614868164062e-01
9.974284172058105469e-01
9.975338578224182129e-01
9.869145750999450684e-01
9.983396530151367188e-01
9.982807040214538574e-01
9.995567798614501953e-01
9.955314993858337402e-01
9.995721578598022461e-01
9.997267127037048340e-01
9.990392923355102539e-01
9.976381063461303711e-01
9.997514486312866211e-01
9.957767724990844727e-01
9.989408850669860840e-01
9.986550807952880859e-01
9.990466237068176270e-01
9.970766305923461914e-01
9.960160851478576660e-01
9.895263910293579102e-01
9.829234480857849121e-01
9.908422231674194336e-01
9.992255568504333496e-01
9.995176792144775391e-01
9.980491399765014648e-01
9.999947547912597656e-01
9.989740848541259766e-01
9.964160919189453125e-01
9.766857028007507324e-01
9.997294545173645020e-01
9.911990761756896973e-01
9.910575747489929199e-01
9.975607395172119141e-01
9.972047805786132812e-01
9.994779825210571289e-01
9.953903555870056152e-01
9.953278899192810059e-01
9.828239083290100098e-01
9.958930611610412598e-01
9.992998242378234863e-01
9.994286894798278809e-01
9.923362731933593750e-01
9.835703372955322266e-01
9.889457821846008301e-01
9.861295819282531738e-01
9.618893265724182129e-01
9.998903870582580566e-01
9.948216676712036133e-01
9.969308376312255859e-01
9.895575046539306641e-01
9.991609454154968262e-01
9.907792210578918457e-01
9.995447397232055664e-01
9.999021291732788086e-01
9.932908415794372559e-01
9.992761015892028809e-01
9.367172718048095703e-01
9.987604618072509766e-01
9.980227351188659668e-01
9.938578009605407715e-01
9.817775487899780273e-01
9.307520985603332520e-01
9.925801157951354980e-01
9.977144598960876465e-01
9.976873397827148438e-01
9.873336553573608398e-01
9.930515289306640625e-01
9.973598122596740723e-01
9.875109195709228516e-01
9.962157011032104492e-01
9.994388222694396973e-01
9.923478960990905762e-01
9.995017051696777344e-01
9.972820878028869629e-01
9.986001253128051758e-01
9.951829910278320312e-01
9.974181652069091797e-01
9.978068470954895020e-01
9.998580217361450195e-01
9.998010396957397461e-01
9.943140149116516113e-01
9.972901940345764160e-01
9.989429116249084473e-01
9.958941340446472168e-01
9.954081177711486816e-01
9.959000349044799805e-01
9.926795959472656250e-01
9.991967678070068359e-01
9.959304332733154297e-01
9.955286383628845215e-01
9.986700415611267090e-01
9.942143559455871582e-01
9.980237483978271484e-01
9.997510313987731934e-01
9.975380897521972656e-01
9.996801018714904785e-01
9.827205538749694824e-01
9.822389483451843262e-01
9.966109991073608398e-01
9.808394312858581543e-01
9.999831318855285645e-01
9.802752733230590820e-01
9.973852038383483887e-01
9.977951645851135254e-01
9.587113857269287109e-01
9.973874688148498535e-01
9.966565966606140137e-01
9.994869232177734375e-01
9.940573573112487793e-01
9.984472393989562988e-01
9.906138777732849121e-01
9.968747496604919434e-01
9.989056587219238281e-01
9.973607063293457031e-01
9.942899346351623535e-01
9.920766949653625488e-01
9.973796010017395020e-01
9.983201026916503906e-01
9.885963797569274902e-01
9.964811205863952637e-01
9.965531826019287109e-01
9.949015974998474121e-01
9.947409033775329590e-01
9.979497790336608887e-01
9.999385476112365723e-01
9.984205961227416992e-01
9.998001456260681152e-01
9.801614880561828613e-01
9.863730072975158691e-01
9.951102733612060547e-01
9.989836215972900391e-01
9.967346191406250000e-01
9.998711347579956055e-01
9.849507808685302734e-01
9.922755360603332520e-01
9.586825966835021973e-01
9.999180436134338379e-01
9.871955513954162598e-01
9.981318116188049316e-01
9.843365550041198730e-01
9.984961152076721191e-01
9.997122287750244141e-01
9.867218136787414551e-01
9.995800256729125977e-01
9.999225735664367676e-01
9.957677721977233887e-01
9.995481967926025391e-01
9.979625344276428223e-01
9.990926384925842285e-01
9.991353750228881836e-01
9.947570562362670898e-01
9.938962459564208984e-01
9.989985227584838867e-01
9.999590516090393066e-01
9.987708330154418945e-01
9.997040033340454102e-01
9.401395916938781738e-01
9.983746409416198730e-01
9.940158724784851074e-01
9.815167784690856934e-01
9.888779520988464355e-01
9.863893985748291016e-01
9.877470135688781738e-01
9.924360513687133789e-01
9.995464086532592773e-01
9.979335665702819824e-01
9.989037513732910156e-01
9.998552203178405762e-01
9.919735789299011230e-01
9.960469603538513184e-01
9.987655878067016602e-01
9.936801195144653320e-01
9.917200207710266113e-01
9.996716380119323730e-01
9.986810088157653809e-01
9.914206862449645996e-01
9.957108497619628906e-01
9.968463778495788574e-01
9.924719333648681641e-01
9.933133125305175781e-01
9.865627288818359375e-01
9.860770702362060547e-01
9.999363422393798828e-01
9.951047897338867188e-01
9.586767554283142090e-01
9.977361559867858887e-01
9.966405630111694336e-01
9.899107217788696289e-01
9.997082352638244629e-01
9.996595382690429688e-01
9.985928535461425781e-01
9.998176693916320801e-01
9.994000792503356934e-01
9.912837147712707520e-01
9.994627833366394043e-01
9.956518411636352539e-01
9.993737936019897461e-01
9.861831068992614746e-01
9.931306838989257812e-01
9.991817474365234375e-01
9.982002377510070801e-01
9.873686432838439941e-01
9.896634817123413086e-01
9.728140234947204590e-01
9.988710284233093262e-01
9.991682767868041992e-01
9.999842643737792969e-01
9.980368614196777344e-01
9.997612237930297852e-01
9.996924996376037598e-01
9.933413267135620117e-01
9.918718934059143066e-01
9.967175126075744629e-01
9.888457655906677246e-01
9.744120240211486816e-01
9.945073127746582031e-01
9.998037815093994141e-01
9.983665347099304199e-01
9.944394826889038086e-01
9.947794675827026367e-01
9.822177886962890625e-01
9.967978596687316895e-01
9.991282224655151367e-01
9.992791414260864258e-01
9.995501041412353516e-01
9.908249974250793457e-01
9.876951575279235840e-01
9.991930127143859863e-01
9.989077448844909668e-01
9.998468160629272461e-01
9.991052150726318359e-01
9.950484037399291992e-01
9.984077811241149902e-01
9.995276331901550293e-01
9.969246387481689453e-01
9.990707039833068848e-01
9.956994056701660156e-01
9.953046441078186035e-01
9.969176650047302246e-01
9.943468570709228516e-01
9.825208187103271484e-01
9.936975836753845215e-01
9.948473572731018066e-01
9.919763803482055664e-01
9.972033500671386719e-01
9.985579252243041992e-01
9.903199076652526855e-01
9.972014427185058594e-01
9.944357872009277344e-01
9.980403780937194824e-01
9.987903237342834473e-01
9.981259703636169434e-01
9.978425502777099609e-01
9.965601563453674316e-01
9.806776046752929688e-01
9.783460497856140137e-01
9.999958872795104980e-01
9.994087219238281250e-01
9.989653229713439941e-01
9.860406517982482910e-01
9.848002195358276367e-01
9.917301535606384277e-01
9.910200238227844238e-01
9.949044585227966309e-01
9.936075210571289062e-01
9.919332265853881836e-01
9.954298734664916992e-01
9.967626929283142090e-01
9.989922046661376953e-01
9.995622634887695312e-01
9.877157211303710938e-01
9.986339211463928223e-01
9.957039356231689453e-01
9.988333582878112793e-01
9.986974596977233887e-01
9.988149404525756836e-01
9.998039603233337402e-01
9.959973692893981934e-01
9.972254037857055664e-01
9.998878836631774902e-01
9.908362030982971191e-01
9.918240904808044434e-01
9.930472373962402344e-01
9.985353946685791016e-01
9.973626136779785156e-01
9.995650053024291992e-01
9.968044161796569824e-01
9.957071542739868164e-01
9.996857047080993652e-01
9.997907280921936035e-01
9.996039271354675293e-01
9.953696727752685547e-01
9.991384744644165039e-01
9.945294260978698730e-01
9.988263845443725586e-01
9.999318122863769531e-01
9.967939257621765137e-01
9.992213249206542969e-01
9.981530308723449707e-01
9.939943552017211914e-01
9.958600997924804688e-01
9.899325370788574219e-01
9.987760186195373535e-01
9.972251057624816895e-01
9.981648325920104980e-01
9.801592826843261719e-01
9.973042011260986328e-01
9.988864064216613770e-01
9.990235567092895508e-01
9.990802407264709473e-01
9.958527684211730957e-01
9.944283366203308105e-01
9.975696802139282227e-01
9.787243604660034180e-01
9.994285702705383301e-01
9.952167868614196777e-01
9.998126626014709473e-01
9.863677024841308594e-01
9.989841580390930176e-01
9.968906044960021973e-01
9.944810271263122559e-01
9.943854808807373047e-01
9.752057194709777832e-01
9.992793202400207520e-01
9.996518492698669434e-01
9.953538179397583008e-01
9.976789951324462891e-01
9.986586570739746094e-01
9.923759698867797852e-01
9.981371164321899414e-01
9.997719526290893555e-01
9.988651871681213379e-01
9.980446100234985352e-01
9.979553222656250000e-01
9.979492425918579102e-01
9.979740381240844727e-01
9.994437694549560547e-01
9.911153316497802734e-01
9.985945224761962891e-01
9.974441528320312500e-01
9.955015182495117188e-01
9.988937377929687500e-01
9.890200495719909668e-01
9.959731698036193848e-01
9.941337704658508301e-01
9.957118034362792969e-01
9.992895722389221191e-01
9.974368214607238770e-01
9.995897412300109863e-01
9.999782443046569824e-01
9.931612014770507812e-01
9.936521649360656738e-01
9.994213581085205078e-01
9.994676709175109863e-01
8.146510124206542969e-01
9.997950196266174316e-01
9.934303760528564453e-01
9.957227110862731934e-01
9.931231737136840820e-01
9.978239536285400391e-01
9.911821484565734863e-01
9.815346002578735352e-01
9.942526817321777344e-01
9.992688894271850586e-01
9.959516525268554688e-01
9.947326183319091797e-01
9.962334632873535156e-01
9.984384775161743164e-01
9.981429576873779297e-01
9.911707043647766113e-01
9.994226098060607910e-01
9.992910027503967285e-01
9.966678023338317871e-01
9.982181787490844727e-01
9.971560239791870117e-01
9.996960759162902832e-01
9.989174604415893555e-01
9.989113211631774902e-01
9.962534904479980469e-01
9.992369413375854492e-01
9.995421171188354492e-01
9.990783929824829102e-01
9.988433122634887695e-01
9.959917068481445312e-01
9.881692528724670410e-01
9.939481616020202637e-01
9.957256317138671875e-01
9.861682653427124023e-01
9.981423616409301758e-01
9.999737739562988281e-01
9.997841715812683105e-01
9.947312474250793457e-01
9.990785717964172363e-01
9.988480210304260254e-01
9.933436512947082520e-01
9.888280034065246582e-01
9.984295368194580078e-01
9.968760013580322266e-01
9.832025766372680664e-01
9.988016486167907715e-01
9.901553392410278320e-01
9.972116351127624512e-01
9.968641996383666992e-01
9.896847605705261230e-01
9.642928838729858398e-01
9.922090172767639160e-01
9.993436336517333984e-01
9.961394667625427246e-01
9.988111853599548340e-01
9.940564036369323730e-01
9.997673630714416504e-01
9.998851418495178223e-01
9.945452213287353516e-01
9.981239438056945801e-01
9.966575503349304199e-01
9.965099096298217773e-01
9.993033409118652344e-01
9.985262155532836914e-01
9.998920559883117676e-01
9.990991950035095215e-01
9.991677403450012207e-01
9.977386593818664551e-01
9.956223368644714355e-01
9.951742887496948242e-01
9.951357841491699219e-01
9.907746911048889160e-01
9.984623789787292480e-01
9.996934533119201660e-01
9.524821639060974121e-01
9.991506338119506836e-01
9.981849789619445801e-01
9.991717338562011719e-01
9.930310845375061035e-01
9.996538758277893066e-01
9.784311652183532715e-01
9.993402361869812012e-01
9.983304142951965332e-01
9.955061078071594238e-01
9.940407872200012207e-01
9.976148605346679688e-01
9.944806098937988281e-01
9.903221130371093750e-01
9.991572499275207520e-01
9.951519370079040527e-01
9.960862994194030762e-01
9.975818395614624023e-01
9.457304477691650391e-01
9.959220290184020996e-01
9.958882927894592285e-01
9.905965328216552734e-01
9.975425004959106445e-01
9.997130036354064941e-01
9.996149539947509766e-01
9.982663393020629883e-01
9.916779398918151855e-01
9.951292872428894043e-01
9.976003170013427734e-01
9.997051954269409180e-01
9.962280988693237305e-01
9.607892632484436035e-01
9.931631088256835938e-01
9.991555213928222656e-01
9.963209629058837891e-01
9.999057650566101074e-01
9.932612776756286621e-01
9.965150952339172363e-01
9.973659515380859375e-01
9.993176460266113281e-01
9.931757450103759766e-01
9.975329637527465820e-01
9.926757216453552246e-01
9.966413974761962891e-01
9.977813363075256348e-01
9.983826875686645508e-01
9.898297190666198730e-01
9.997900128364562988e-01
9.980509281158447266e-01
9.924862980842590332e-01
9.962239861488342285e-01
9.888056516647338867e-01
9.989256858825683594e-01
9.983940720558166504e-01
9.954282641410827637e-01
9.990883469581604004e-01
9.977417588233947754e-01
9.931855201721191406e-01
9.931601881980895996e-01
9.995979070663452148e-01
9.746910333633422852e-01
9.990018606185913086e-01
9.994814991950988770e-01
9.997345805168151855e-01
9.852353930473327637e-01
9.942435026168823242e-01
9.975501894950866699e-01
9.916073083877563477e-01
9.967705011367797852e-01
9.681972265243530273e-01
9.987541437149047852e-01
9.968137741088867188e-01
9.786542654037475586e-01
9.999194741249084473e-01
9.981445670127868652e-01
9.972879290580749512e-01
9.989926815032958984e-01
9.989391565322875977e-01
9.861681461334228516e-01
9.997566342353820801e-01
9.969592094421386719e-01
9.951122403144836426e-01
9.955306053161621094e-01
9.995491504669189453e-01
9.900978207588195801e-01
9.974774122238159180e-01
9.977341294288635254e-01
9.998461008071899414e-01
9.973991513252258301e-01
9.984229803085327148e-01
9.909605979919433594e-01
9.923852086067199707e-01
9.868018627166748047e-01
9.928390979766845703e-01
9.992073178291320801e-01
9.999199509620666504e-01
9.989191889762878418e-01
9.984866976737976074e-01
9.998860955238342285e-01
9.905048608779907227e-01
9.824264645576477051e-01
9.924265146255493164e-01
9.833658933639526367e-01
9.975513815879821777e-01
9.820103049278259277e-01
9.973689913749694824e-01
9.999055862426757812e-01
9.979855418205261230e-01
9.989368915557861328e-01
9.980381131172180176e-01
9.999992847442626953e-01
9.989329576492309570e-01
9.991218447685241699e-01
9.877506494522094727e-01
9.999017715454101562e-01
9.985842108726501465e-01
9.975920915603637695e-01
9.997819662094116211e-01
9.999043941497802734e-01
9.975942969322204590e-01
9.872530102729797363e-01
9.988000988960266113e-01
9.924287796020507812e-01
9.942050576210021973e-01
9.936622977256774902e-01
9.906116127967834473e-01
9.952943325042724609e-01
9.964510202407836914e-01
9.947278499603271484e-01
9.981321692466735840e-01
9.972472786903381348e-01
9.987830519676208496e-01
9.954691529273986816e-01
9.990640282630920410e-01
9.995652437210083008e-01
9.982129931449890137e-01
9.979491233825683594e-01
9.995616674423217773e-01
9.950572848320007324e-01
9.992110133171081543e-01
9.967450499534606934e-01
9.978339672088623047e-01
9.939613938331604004e-01
9.836942553520202637e-01
9.842924475669860840e-01
9.973289370536804199e-01
9.998381137847900391e-01
9.950491786003112793e-01
9.969641566276550293e-01
9.977720975875854492e-01
9.914535284042358398e-01
9.981151819229125977e-01
9.957432150840759277e-01
9.849670529365539551e-01
9.979275465011596680e-01
9.932473897933959961e-01
9.880405068397521973e-01
9.998113512992858887e-01
9.982695579528808594e-01
9.993604421615600586e-01
9.995506405830383301e-01
9.935264587402343750e-01
9.947611093521118164e-01
9.861587882041931152e-01
9.984640479087829590e-01
9.973447918891906738e-01
9.996780157089233398e-01
9.848168492317199707e-01
9.996557235717773438e-01
9.971700310707092285e-01
9.908489584922790527e-01
9.975956082344055176e-01
9.991480708122253418e-01
9.986463189125061035e-01
9.970377087593078613e-01
9.944934844970703125e-01
9.977760910987854004e-01
9.914178848266601562e-01
9.797695279121398926e-01
9.913776516914367676e-01
9.904275536537170410e-01
9.944953918457031250e-01
9.982784390449523926e-01
9.990978240966796875e-01
9.981093406677246094e-01
9.938284754753112793e-01
9.997682571411132812e-01
9.712788462638854980e-01
9.900901317596435547e-01
9.962812662124633789e-01
9.971072673797607422e-01
9.942252635955810547e-01
9.901847243309020996e-01
9.924879074096679688e-01
9.923689961433410645e-01
9.990394115447998047e-01
9.961912035942077637e-01
9.887448549270629883e-01
9.983003735542297363e-01
9.956115484237670898e-01
9.959085583686828613e-01
9.775304198265075684e-01
9.991770982742309570e-01
9.976524710655212402e-01
9.730539917945861816e-01
9.946798086166381836e-01
9.994008541107177734e-01
9.987689852714538574e-01
9.994696378707885742e-01
9.987496733665466309e-01
9.962719082832336426e-01
9.959222674369812012e-01
9.984333515167236328e-01
9.779410958290100098e-01
9.960384964942932129e-01
9.938238859176635742e-01
9.980397224426269531e-01
9.932266473770141602e-01
9.980131983757019043e-01
9.994600415229797363e-01
9.963871240615844727e-01
9.930836558341979980e-01
9.993208050727844238e-01
9.888076782226562500e-01
9.993169903755187988e-01
9.978401660919189453e-01
9.992343783378601074e-01
9.975934624671936035e-01
9.857681393623352051e-01
9.948135614395141602e-01
9.997002482414245605e-01
9.955583810806274414e-01
9.899968504905700684e-01
9.892209768295288086e-01
9.988449811935424805e-01
9.870014786720275879e-01
9.872779250144958496e-01
9.997148513793945312e-01
9.983329176902770996e-01
9.973260164260864258e-01
9.955850243568420410e-01
9.960411787033081055e-01
9.802035689353942871e-01
9.868751168251037598e-01
9.955529570579528809e-01
9.965848922729492188e-01
9.994310736656188965e-01
9.975546002388000488e-01
9.932844042778015137e-01
9.975061416625976562e-01
9.950634837150573730e-01
9.970909357070922852e-01
9.942834377288818359e-01
9.982888102531433105e-01
9.946810603141784668e-01
9.959703087806701660e-01
9.936605691909790039e-01
9.962431192398071289e-01
9.913158416748046875e-01
9.995428323745727539e-01
9.986513257026672363e-01
9.956492185592651367e-01
9.936832189559936523e-01
9.935683608055114746e-01
9.975426197052001953e-01
9.999221563339233398e-01
9.989311099052429199e-01
9.987866878509521484e-01
9.975367784500122070e-01
9.997673630714416504e-01
9.893139600753784180e-01
9.866623282432556152e-01
9.996328353881835938e-01
9.983237981796264648e-01
9.972221851348876953e-01
9.994683265686035156e-01
9.998707771301269531e-01
9.957076311111450195e-01
9.866980314254760742e-01
9.924067258834838867e-01
9.994487166404724121e-01
9.990419745445251465e-01
9.982073903083801270e-01
9.999080896377563477e-01
9.970836639404296875e-01
9.915789961814880371e-01
9.780748486518859863e-01
9.976177215576171875e-01
9.964717626571655273e-01
9.956787824630737305e-01
9.964790344238281250e-01
9.948274493217468262e-01
9.897486567497253418e-01
9.962227344512939453e-01
9.999767541885375977e-01
9.970813989639282227e-01
9.998658895492553711e-01
9.946600794792175293e-01
9.949925541877746582e-01
9.976497888565063477e-01
9.990963935852050781e-01
9.987551569938659668e-01
9.961655139923095703e-01
9.730720520019531250e-01
9.624131917953491211e-01
9.984694123268127441e-01
9.995197057723999023e-01
9.882169961929321289e-01
9.983771443367004395e-01
9.844206571578979492e-01
9.901618957519531250e-01
9.718298912048339844e-01
9.915741682052612305e-01
9.975359439849853516e-01
9.645500779151916504e-01
9.951554536819458008e-01
9.945741295814514160e-01
9.952155351638793945e-01
9.984413981437683105e-01
9.982103109359741211e-01
9.946802854537963867e-01
9.995933175086975098e-01
9.950224757194519043e-01
9.934460520744323730e-01
9.897709488868713379e-01
9.985830783843994141e-01
9.957075715065002441e-01
9.970190525054931641e-01
9.872789382934570312e-01
9.864806532859802246e-01
9.972847700119018555e-01
9.914743900299072266e-01
9.992812275886535645e-01
9.932872056961059570e-01
9.946207404136657715e-01
9.978621602058410645e-01
9.953827857971191406e-01
9.984813332557678223e-01
9.999079704284667969e-01
9.991478919982910156e-01
9.991123676300048828e-01
9.919261336326599121e-01
9.994491338729858398e-01
9.997232556343078613e-01
9.830610156059265137e-01
9.379321336746215820e-01
9.902096390724182129e-01
9.956776499748229980e-01
9.981994628906250000e-01
9.995737671852111816e-01
9.988455176353454590e-01
9.850887656211853027e-01
9.988030791282653809e-01
9.982099533081054688e-01
9.944111704826354980e-01
9.993613362312316895e-01
9.986145496368408203e-01
9.810963273048400879e-01
9.987884759902954102e-01
9.994949698448181152e-01
9.997134208679199219e-01
9.966160655021667480e-01
8.572638034820556641e-01
9.950680732727050781e-01
9.919661879539489746e-01
9.936994314193725586e-01
9.970703721046447754e-01
9.947619438171386719e-01
9.310722351074218750e-01
9.963532090187072754e-01
9.995579123497009277e-01
9.893178343772888184e-01
9.919412136077880859e-01
9.994290471076965332e-01
9.966475367546081543e-01
9.793736338615417480e-01
9.986591935157775879e-01
9.805890917778015137e-01
9.972122907638549805e-01
9.970195889472961426e-01
9.942169189453125000e-01
9.986529350280761719e-01
9.999198913574218750e-01
9.988673925399780273e-01
9.978619217872619629e-01
9.995852708816528320e-01
9.940673112869262695e-01
9.994185566902160645e-01
9.830063581466674805e-01
9.991680979728698730e-01
9.928714036941528320e-01
9.968702793121337891e-01
9.698440432548522949e-01
9.998990297317504883e-01
9.985282421112060547e-01
9.941796064376831055e-01
9.958040714263916016e-01
9.927730560302734375e-01
9.999310970306396484e-01
9.996849894523620605e-01
9.940910339355468750e-01
9.999490380287170410e-01
9.995061159133911133e-01
9.900733828544616699e-01
9.988428354263305664e-01
9.999973177909851074e-01
9.987777471542358398e-01
9.979136586189270020e-01
9.996181726455688477e-01
9.876363277435302734e-01
9.933410882949829102e-01
9.750705361366271973e-01
9.961472153663635254e-01
9.992548227310180664e-01
9.905689954757690430e-01
9.979028701782226562e-01
9.991980791091918945e-01
9.907339215278625488e-01
9.986508488655090332e-01
9.894599914550781250e-01
9.999050498008728027e-01
9.998456239700317383e-01
9.989107251167297363e-01
9.987701773643493652e-01
9.982525706291198730e-01
9.989774227142333984e-01
9.745249152183532715e-01
9.999939799308776855e-01
9.938306808471679688e-01
9.965767264366149902e-01
9.995937943458557129e-01
9.972060918807983398e-01
9.692547917366027832e-01
9.983063340187072754e-01
9.923395514488220215e-01
9.989202618598937988e-01
9.991752505302429199e-01
9.968524575233459473e-01
9.987520575523376465e-01
9.824590086936950684e-01
9.766836166381835938e-01
9.959388375282287598e-01
9.800326824188232422e-01
9.971765279769897461e-01
9.932329058647155762e-01
9.983283281326293945e-01
9.997767210006713867e-01
9.921925067901611328e-01
9.950916767120361328e-01
9.987310767173767090e-01
9.993858933448791504e-01
9.989348053932189941e-01
9.929133057594299316e-01
9.862515330314636230e-01
9.975432753562927246e-01
9.988381266593933105e-01
9.870080351829528809e-01
9.932689070701599121e-01
9.991508126258850098e-01
9.997822642326354980e-01
9.935398101806640625e-01
9.998900890350341797e-01
9.931110143661499023e-01
9.995338320732116699e-01
9.975481629371643066e-01
9.983009696006774902e-01
9.938017129898071289e-01
9.988273978233337402e-01
9.969992041587829590e-01
9.985511302947998047e-01
9.995234608650207520e-01
9.735586643218994141e-01
9.999621510505676270e-01
9.987136721611022949e-01
9.997992515563964844e-01
9.759647846221923828e-01
9.999032020568847656e-01
9.911845922470092773e-01
9.942418932914733887e-01
9.897215366363525391e-01
9.977226853370666504e-01
9.973211884498596191e-01
9.949760437011718750e-01
9.898923635482788086e-01
9.949141144752502441e-01
9.964383244514465332e-01
9.823627471923828125e-01
9.938844442367553711e-01
9.798548817634582520e-01
9.955231547355651855e-01
9.998797774314880371e-01
9.926924705505371094e-01
9.977501034736633301e-01
9.953677058219909668e-01
9.890965223312377930e-01
9.948714971542358398e-01
9.928429126739501953e-01
9.984309077262878418e-01
9.972558021545410156e-01
9.995024800300598145e-01
9.914814233779907227e-01
9.986621737480163574e-01
9.944804906845092773e-01
9.987688064575195312e-01
9.979660511016845703e-01
9.985384941101074219e-01
9.897289872169494629e-01
9.987533092498779297e-01
8.717538714408874512e-01
9.998059272766113281e-01
9.977324604988098145e-01
9.707611799240112305e-01
9.990770220756530762e-01
9.904782772064208984e-01
9.998243451118469238e-01
9.976028203964233398e-01
9.997562766075134277e-01
9.986082911491394043e-01
9.967099428176879883e-01
9.999076128005981445e-01
9.979088902473449707e-01
9.835931062698364258e-01
9.899596571922302246e-01
9.983019232749938965e-01
9.990752935409545898e-01
9.988178014755249023e-01
9.950259327888488770e-01
9.962293505668640137e-01
9.988830089569091797e-01
9.958756566047668457e-01
9.958371520042419434e-01
9.777410626411437988e-01
9.989215731620788574e-01
9.948059320449829102e-01
9.822825193405151367e-01
9.930666089057922363e-01
9.903989434242248535e-01
9.978601336479187012e-01
9.993633031845092773e-01
9.992261528968811035e-01
9.999293684959411621e-01
9.976610541343688965e-01
9.870315790176391602e-01
9.914516806602478027e-01
9.889330267906188965e-01
9.860585331916809082e-01
9.956267476081848145e-01
9.981321096420288086e-01
9.983133673667907715e-01
9.991787075996398926e-01
9.984188675880432129e-01
9.994875788688659668e-01
9.997763037681579590e-01
9.966322779655456543e-01
9.967674016952514648e-01
9.888685345649719238e-01
9.993979930877685547e-01
9.883023500442504883e-01
9.991555809974670410e-01
9.935190081596374512e-01
9.950712919235229492e-01
9.940230250358581543e-01
9.965203404426574707e-01
9.975261092185974121e-01
9.966589212417602539e-01
9.979317784309387207e-01
9.991156458854675293e-01
9.989269971847534180e-01
9.991409778594970703e-01
9.996671080589294434e-01
9.930548071861267090e-01
9.997618198394775391e-01
9.961708188056945801e-01
9.994772076606750488e-01
9.921729564666748047e-01
9.978131651878356934e-01
9.933080673217773438e-01
9.983403086662292480e-01
9.976043105125427246e-01
9.808449745178222656e-01
9.982091188430786133e-01
9.951730966567993164e-01
9.940213561058044434e-01
9.999816417694091797e-01
9.995888471603393555e-01
9.974603056907653809e-01
9.911730885505676270e-01
9.978742003440856934e-01
9.991810321807861328e-01
9.974588155746459961e-01
9.968574643135070801e-01
9.956886768341064453e-01
9.986093640327453613e-01
9.971424341201782227e-01
9.989507198333740234e-01
9.995666146278381348e-01
9.984048604965209961e-01
9.904969930648803711e-01
9.885123968124389648e-01
9.991100430488586426e-01
9.866069555282592773e-01
9.966204166412353516e-01
9.985728859901428223e-01
9.726365208625793457e-01
9.981306195259094238e-01
9.981424808502197266e-01
9.943080544471740723e-01
9.999052882194519043e-01
9.971375465393066406e-01
9.969747066497802734e-01
9.944815635681152344e-01
9.984114766120910645e-01
9.952542185783386230e-01
9.942388534545898438e-01
9.990500211715698242e-01
9.845773577690124512e-01
9.992573261260986328e-01
9.971803426742553711e-01
9.934894442558288574e-01
9.964631795883178711e-01
9.997566342353820801e-01
9.954891204833984375e-01
9.774904847145080566e-01
9.980410933494567871e-01
9.952757358551025391e-01
9.949873685836791992e-01
9.993665218353271484e-01
9.992576241493225098e-01
9.991912245750427246e-01
9.998009204864501953e-01
9.979804754257202148e-01
9.985916614532470703e-01
9.998948574066162109e-01
9.997726678848266602e-01
9.943128824234008789e-01
9.965198040008544922e-01
9.646848440170288086e-01
9.947861433029174805e-01
9.893522262573242188e-01
9.933066964149475098e-01
9.968657493591308594e-01
9.819989204406738281e-01
9.764371514320373535e-01
9.881542921066284180e-01
9.983497262001037598e-01
9.963422417640686035e-01
9.980244636535644531e-01
9.929884672164916992e-01
9.948486089706420898e-01
9.971532225608825684e-01
9.876112937927246094e-01
9.963285923004150391e-01
9.796038269996643066e-01
9.949478507041931152e-01
9.888734817504882812e-01
9.980528950691223145e-01
9.937357306480407715e-01
9.776743650436401367e-01
9.999719262123107910e-01
9.944310784339904785e-01
9.890301227569580078e-01
9.998580217361450195e-01
9.997687339782714844e-01
9.916505217552185059e-01
9.947367310523986816e-01
9.980503916740417480e-01
9.921423196792602539e-01
9.991377592086791992e-01
9.971566200256347656e-01
9.986849427223205566e-01
9.985373020172119141e-01
9.742596149444580078e-01
9.993166327476501465e-01
9.555046558380126953e-01
9.978702664375305176e-01
9.765074849128723145e-01
9.967238903045654297e-01
9.782173037528991699e-01
9.972534775733947754e-01
9.947952628135681152e-01
9.866558313369750977e-01
9.956760406494140625e-01
9.998113512992858887e-01
9.958267211914062500e-01
9.995885491371154785e-01
9.987176060676574707e-01
9.997483491897583008e-01
9.983540177345275879e-01
9.969781637191772461e-01
9.980639815330505371e-01
9.989038109779357910e-01
9.999318122863769531e-01
9.996840357780456543e-01
9.977768063545227051e-01
9.999647736549377441e-01
9.992558956146240234e-01
9.999962449073791504e-01
9.962493777275085449e-01
9.837374091148376465e-01
9.905692934989929199e-01
9.976830482482910156e-01
9.926688671112060547e-01
9.995257258415222168e-01
9.913240671157836914e-01
9.917235970497131348e-01
9.999565482139587402e-01
9.998512864112854004e-01
9.985916018486022949e-01
9.999781250953674316e-01
9.925640225410461426e-01
9.914483428001403809e-01
9.979521036148071289e-01
9.979108572006225586e-01
9.966524839401245117e-01
9.869368672370910645e-01
9.965450167655944824e-01
9.974825978279113770e-01
9.980121850967407227e-01
9.990223646163940430e-01
9.999101161956787109e-01
9.987267851829528809e-01
9.956236481666564941e-01
9.972757101058959961e-01
9.980016350746154785e-01
9.993863105773925781e-01
9.893796443939208984e-01
9.998143315315246582e-01
9.987388253211975098e-01
9.924567341804504395e-01
9.994196891784667969e-01
9.964914321899414062e-01
9.956060051918029785e-01
9.980838298797607422e-01
9.988465905189514160e-01
9.966034293174743652e-01
9.975106120109558105e-01
9.987499713897705078e-01
9.983211159706115723e-01
9.907838702201843262e-01
9.950736761093139648e-01
9.564666748046875000e-01
9.992688298225402832e-01
9.974520206451416016e-01
9.800258278846740723e-01
9.988018870353698730e-01
9.708942770957946777e-01
9.751641154289245605e-01
9.949264526367187500e-01
9.941683411598205566e-01
9.989196658134460449e-01
9.984667897224426270e-01
9.997251629829406738e-01
9.957151412963867188e-01
9.860321879386901855e-01
9.988967180252075195e-01
9.997957944869995117e-01
9.396526217460632324e-01
9.993054866790771484e-01
9.981961846351623535e-01
9.981737732887268066e-01
9.948751926422119141e-01
9.976652264595031738e-01
9.953050613403320312e-01
9.943421483039855957e-01
9.985614418983459473e-01
9.939275979995727539e-01
9.950180053710937500e-01
9.995942711830139160e-01
9.935824871063232422e-01
9.993419647216796875e-01
9.967726469039916992e-01
9.928489923477172852e-01
9.999212026596069336e-01
9.997713565826416016e-01
9.995037317276000977e-01
9.760754704475402832e-01
9.807203412055969238e-01
9.928910732269287109e-01
9.976602792739868164e-01
9.971945285797119141e-01
9.820833206176757812e-01
9.956219792366027832e-01
9.998738169670104980e-01
9.988859891891479492e-01
9.826815724372863770e-01
9.997599720954895020e-01
9.989340305328369141e-01
9.995945692062377930e-01
9.986080527305603027e-01
7.391929030418395996e-01
9.870553612709045410e-01
9.903786778450012207e-01
9.967445731163024902e-01
9.984477758407592773e-01
9.982868432998657227e-01
9.978711605072021484e-01
9.961790442466735840e-01
9.867030978202819824e-01
9.908609986305236816e-01
9.956648945808410645e-01
9.979839324951171875e-01
9.995646476745605469e-01
9.993968009948730469e-01
9.931484460830688477e-01
9.912514090538024902e-01
9.992284178733825684e-01
9.987850785255432129e-01
9.878568649291992188e-01
9.983907341957092285e-01
9.946404099464416504e-01
9.999020695686340332e-01
9.984709024429321289e-01
9.993821382522583008e-01
9.748709797859191895e-01
9.961749315261840820e-01
9.982966780662536621e-01
9.999123215675354004e-01
9.981320500373840332e-01
9.999850392341613770e-01
9.990693926811218262e-01
9.905789494514465332e-01
9.997763037681579590e-01
9.991551637649536133e-01
9.941791892051696777e-01
9.976487755775451660e-01
9.998905062675476074e-01
9.968738555908203125e-01
9.991591572761535645e-01
9.936936497688293457e-01
9.995349049568176270e-01
9.978353977203369141e-01
9.939492940902709961e-01
9.987248778343200684e-01
