9.994561076164245605e-01
9.994211792945861816e-01
5.486407876014709473e-01
9.998981356620788574e-01
5.084864497184753418e-01
7.273218035697937012e-01
9.488579630851745605e-01
9.958207607269287109e-01
9.981691241264343262e-01
9.987561702728271484e-01
8.393421173095703125e-01
9.997408986091613770e-01
8.329873681068420410e-01
5.819079279899597168e-01
4.375034272670745850e-01
7.246413230895996094e-01
9.992785453796386719e-01
8.585342764854431152e-01
8.027179241180419922e-01
8.033509850502014160e-01
9.007356762886047363e-01
5.218271613121032715e-01
9.812702536582946777e-01
9.856147766113281250e-01
6.553994417190551758e-01
6.125504970550537109e-01
9.684193730354309082e-01
9.998503923416137695e-01
9.930203557014465332e-01
9.018092751502990723e-01
9.851529598236083984e-01
4.864437580108642578e-01
8.721576333045959473e-01
9.991219639778137207e-01
6.067094802856445312e-01
9.991278648376464844e-01
4.850023388862609863e-01
9.996699690818786621e-01
9.718969464302062988e-01
8.298877477645874023e-01
9.971802234649658203e-01
9.996830821037292480e-01
9.997034072875976562e-01
9.932032227516174316e-01
8.083659410476684570e-01
9.570205807685852051e-01
9.996455907821655273e-01
7.930310368537902832e-01
9.892978668212890625e-01
9.861698150634765625e-01
8.219907283782958984e-01
5.948449969291687012e-01
6.714714765548706055e-01
9.975955486297607422e-01
7.124499678611755371e-01
5.346515178680419922e-01
9.978016018867492676e-01
7.215877175331115723e-01
9.988574385643005371e-01
9.991492033004760742e-01
6.785285472869873047e-01
8.422889709472656250e-01
9.988740682601928711e-01
9.994493722915649414e-01
9.999059438705444336e-01
9.833418130874633789e-01
8.249600529670715332e-01
9.995425343513488770e-01
9.918947219848632812e-01
5.231436491012573242e-01
9.998463988304138184e-01
7.552832365036010742e-01
5.829578638076782227e-01
9.968338012695312500e-01
9.970981478691101074e-01
9.985448122024536133e-01
8.732948899269104004e-01
9.717952013015747070e-01
6.006779670715332031e-01
9.999955296516418457e-01
1.221716403961181641e-02
5.477968454360961914e-01
9.361850619316101074e-01
9.978141188621520996e-01
5.373618006706237793e-01
4.985863268375396729e-01
9.758138060569763184e-01
6.299323439598083496e-01
6.842691302299499512e-01
9.996848106384277344e-01
9.311212897300720215e-01
9.990911483764648438e-01
9.985370039939880371e-01
9.994235634803771973e-01
9.890267848968505859e-01
9.638212919235229492e-01
3.514398634433746338e-01
9.673932790756225586e-01
8.114402890205383301e-01
9.850248694419860840e-01
9.920114278793334961e-01
7.822914123535156250e-01
7.819143533706665039e-01
9.995352029800415039e-01
1.127529144287109375e-02
9.914893507957458496e-01
9.942060112953186035e-01
2.954077124595642090e-01
9.804300665855407715e-01
8.945091366767883301e-01
9.237409830093383789e-01
9.368902444839477539e-01
9.992307424545288086e-01
9.841816425323486328e-01
9.463682174682617188e-01
9.935029745101928711e-01
5.304623842239379883e-01
9.987739920616149902e-01
9.186425209045410156e-01
9.952219724655151367e-01
9.890185594558715820e-01
9.703207015991210938e-01
9.986135959625244141e-01
5.502051115036010742e-01
9.994177818298339844e-01
6.712794899940490723e-01
5.382740497589111328e-01
9.432671666145324707e-01
9.903173446655273438e-01
9.116681814193725586e-01
9.917576313018798828e-01
9.988071918487548828e-01
9.800128936767578125e-01
9.998770952224731445e-01
9.922806024551391602e-01
9.994755983352661133e-01
7.827242612838745117e-01
6.792011260986328125e-01
9.725902676582336426e-01
9.226623773574829102e-01
7.190567851066589355e-01
9.989847540855407715e-01
9.671520590782165527e-01
6.606067419052124023e-01
6.420552730560302734e-01
9.120243191719055176e-01
7.128711342811584473e-01
9.491876959800720215e-01
8.121473789215087891e-01
9.993193149566650391e-01
5.642154216766357422e-01
8.543516993522644043e-01
8.565644621849060059e-01
9.992777705192565918e-01
9.736143350601196289e-01
9.983522891998291016e-01
9.938550591468811035e-01
9.651725292205810547e-01
9.615362286567687988e-01
5.135725736618041992e-01
7.540709972381591797e-01
9.990955591201782227e-01
4.942395985126495361e-01
9.309015870094299316e-01
6.805866360664367676e-01
4.387403130531311035e-01
7.790665626525878906e-01
7.955662012100219727e-01
6.705207824707031250e-01
9.995288252830505371e-01
6.068637967109680176e-01
7.281585931777954102e-01
9.984839558601379395e-01
9.524025917053222656e-01
9.951621294021606445e-01
9.006004929542541504e-01
4.947464466094970703e-01
9.969877004623413086e-01
4.977596402168273926e-01
9.879765510559082031e-01
5.380451083183288574e-01
5.126068592071533203e-01
5.964788794517517090e-01
9.609970450401306152e-01
5.468080639839172363e-01
6.110208034515380859e-01
9.514378309249877930e-01
9.923941493034362793e-01
7.212214469909667969e-01
9.738550186157226562e-01
9.995355010032653809e-01
8.553691506385803223e-01
7.395086288452148438e-01
9.714639782905578613e-01
6.589834690093994141e-01
9.351663589477539062e-01
5.937418341636657715e-01
5.773599147796630859e-01
9.989511370658874512e-01
9.499595165252685547e-01
9.643546342849731445e-01
5.350170135498046875e-01
6.554897427558898926e-01
9.742034077644348145e-01
6.782596707344055176e-01
9.978829026222229004e-01
9.991466403007507324e-01
7.757775187492370605e-01
9.999340772628784180e-01
8.639521002769470215e-01
9.994513392448425293e-01
7.602882981300354004e-01
8.491808772087097168e-01
9.992746114730834961e-01
9.994832873344421387e-01
9.995074272155761719e-01
9.762024283409118652e-01
8.060142397880554199e-01
9.728034138679504395e-01
6.385595202445983887e-01
5.189748406410217285e-01
9.197527170181274414e-01
9.987754225730895996e-01
8.789560794830322266e-01
6.713126301765441895e-01
7.863984107971191406e-01
9.989201426506042480e-01
8.975292444229125977e-01
7.564800977706909180e-01
6.321840882301330566e-01
7.496413588523864746e-01
9.992215037345886230e-01
8.048352003097534180e-01
6.412748098373413086e-01
9.120501279830932617e-01
9.990356564521789551e-01
9.449112415313720703e-01
9.991759061813354492e-01
8.725995421409606934e-01
9.998800754547119141e-01
6.414161324501037598e-01
9.991826415061950684e-01
7.734333872795104980e-01
9.987515807151794434e-01
6.779015660285949707e-01
7.409957647323608398e-01
9.621542096138000488e-01
9.451395273208618164e-01
4.973943531513214111e-01
9.986416697502136230e-01
1.945829391479492188e-02
8.298727869987487793e-01
5.345106720924377441e-01
6.257095932960510254e-01
9.998313784599304199e-01
8.118640780448913574e-01
9.978486299514770508e-01
9.973917603492736816e-01
9.987937808036804199e-01
9.728900194168090820e-01
9.970023632049560547e-01
9.996765851974487305e-01
9.990106225013732910e-01
7.855321764945983887e-01
6.070322394371032715e-01
8.361754417419433594e-01
6.387499570846557617e-01
9.989322423934936523e-01
9.894392490386962891e-01
9.948513507843017578e-01
9.378013610839843750e-01
6.102197766304016113e-01
8.954824209213256836e-01
9.928215146064758301e-01
8.011817336082458496e-01
9.986017942428588867e-01
5.360947847366333008e-01
6.496613025665283203e-01
5.211642384529113770e-01
9.352886676788330078e-01
9.793094992637634277e-01
9.179691076278686523e-01
8.743205666542053223e-01
7.777100205421447754e-01
9.934293627738952637e-01
9.624180793762207031e-01
8.101850748062133789e-01
7.548432350158691406e-01
9.849216341972351074e-01
7.143858075141906738e-01
9.907618761062622070e-01
9.751567840576171875e-01
8.927930593490600586e-01
7.232756614685058594e-01
9.989709854125976562e-01
9.986132979393005371e-01
9.991850852966308594e-01
9.912029504776000977e-01
9.982503652572631836e-01
9.955616593360900879e-01
8.396754860877990723e-01
8.462269306182861328e-01
9.783447980880737305e-01
6.280122399330139160e-01
9.591554403305053711e-01
6.322254538536071777e-01
9.798440337181091309e-01
5.279722213745117188e-01
9.536948204040527344e-01
9.992017745971679688e-01
9.813996553421020508e-01
9.980048537254333496e-01
4.522159397602081299e-01
9.994544386863708496e-01
9.986079931259155273e-01
4.866671562194824219e-01
9.989673495292663574e-01
9.990196824073791504e-01
9.987961649894714355e-01
9.896157979965209961e-01
9.990034699440002441e-01
9.923841357231140137e-01
9.685201644897460938e-01
9.994080662727355957e-01
8.351151943206787109e-01
9.997257590293884277e-01
9.986292719841003418e-01
9.984595775604248047e-01
6.623413562774658203e-01
9.983956217765808105e-01
6.007913351058959961e-01
9.977627396583557129e-01
6.669969558715820312e-01
6.567512154579162598e-01
9.998918175697326660e-01
8.858125805854797363e-01
9.528893232345581055e-01
9.986662268638610840e-01
9.996865987777709961e-01
9.649870991706848145e-01
9.911317229270935059e-01
8.710770010948181152e-01
6.695941090583801270e-01
9.998753070831298828e-01
9.611690044403076172e-01
8.786928653717041016e-01
8.151108622550964355e-01
9.675332307815551758e-01
5.845899581909179688e-01
7.020378708839416504e-01
9.996496438980102539e-01
4.928951561450958252e-01
8.933513760566711426e-01
9.651629924774169922e-01
9.991574287414550781e-01
3.875414431095123291e-01
9.993914365768432617e-01
5.383005738258361816e-01
9.776304960250854492e-01
8.760244250297546387e-01
9.976773262023925781e-01
9.997332692146301270e-01
4.111641049385070801e-01
9.855341315269470215e-01
9.999077916145324707e-01
9.998291730880737305e-01
9.403568506240844727e-01
8.901081681251525879e-01
5.694508552551269531e-01
9.739800691604614258e-01
6.839900612831115723e-01
8.293511271476745605e-01
5.498373508453369141e-01
9.961224794387817383e-01
9.852367639541625977e-01
5.970680117607116699e-01
6.931878924369812012e-01
9.999015927314758301e-01
9.644262790679931641e-01
5.559684038162231445e-01
4.944841265678405762e-01
8.178677558898925781e-01
4.949739575386047363e-01
8.568755388259887695e-01
7.745640277862548828e-01
9.372916817665100098e-01
9.822843670845031738e-01
8.777135610580444336e-01
9.995850920677185059e-01
9.954042434692382812e-01
9.998489618301391602e-01
9.916409254074096680e-01
9.859624505043029785e-01
5.294959545135498047e-01
9.128378033638000488e-01
9.486227035522460938e-01
9.892613887786865234e-01
4.352985620498657227e-01
8.148972988128662109e-01
9.995657205581665039e-01
7.695624828338623047e-01
9.972297549247741699e-01
9.896925687789916992e-01
7.047724723815917969e-01
9.917554259300231934e-01
9.957792758941650391e-01
7.892611622810363770e-01
9.994069933891296387e-01
6.766845583915710449e-01
8.798808455467224121e-01
9.994065165519714355e-01
9.266309738159179688e-01
5.651886463165283203e-01
9.471108913421630859e-01
6.655539870262145996e-01
9.935830831527709961e-01
9.998605847358703613e-01
9.576929807662963867e-01
8.603240251541137695e-01
9.997624158859252930e-01
5.727545022964477539e-01
9.990339279174804688e-01
5.417668819427490234e-01
8.951162099838256836e-01
8.457589149475097656e-01
9.996977448463439941e-01
9.997248649597167969e-01
9.993521571159362793e-01
3.658070564270019531e-01
9.991224408149719238e-01
9.853152632713317871e-01
7.949813604354858398e-01
9.561101198196411133e-01
9.875385165214538574e-01
9.839023947715759277e-01
9.999106526374816895e-01
9.997305870056152344e-01
9.732757806777954102e-01
8.015290498733520508e-01
9.975581765174865723e-01
9.980368018150329590e-01
8.599806427955627441e-01
7.008177042007446289e-01
9.076171517372131348e-01
9.999614357948303223e-01
9.989277720451354980e-01
9.919762015342712402e-01
9.939901232719421387e-01
9.971373081207275391e-01
6.240835189819335938e-01
8.993570208549499512e-01
9.908394813537597656e-01
2.128938436508178711e-01
9.993077516555786133e-01
9.787586927413940430e-01
9.998006224632263184e-01
5.803240537643432617e-01
8.519283533096313477e-01
9.849125742912292480e-01
6.635462641716003418e-01
9.997416734695434570e-01
8.010374903678894043e-01
6.783472895622253418e-01
7.822148203849792480e-01
7.129350900650024414e-01
9.990860223770141602e-01
9.988551139831542969e-01
9.435676932334899902e-01
9.998269081115722656e-01
9.990947246551513672e-01
9.845103025436401367e-01
9.995226860046386719e-01
5.024635791778564453e-01
7.868811488151550293e-01
9.990592598915100098e-01
9.967665672302246094e-01
5.057646036148071289e-01
9.828487634658813477e-01
9.422438144683837891e-01
9.375504851341247559e-01
9.626156091690063477e-01
9.196025729179382324e-01
6.328770518302917480e-01
9.953629374504089355e-01
7.773379087448120117e-01
9.992489814758300781e-01
9.848048686981201172e-01
7.523056864738464355e-01
9.992849230766296387e-01
9.994374513626098633e-01
8.751850128173828125e-01
9.807556271553039551e-01
9.936017990112304688e-01
9.261077642440795898e-01
5.173187255859375000e-01
9.915899634361267090e-01
9.985406398773193359e-01
9.997401833534240723e-01
4.543163180351257324e-01
9.995540380477905273e-01
7.683450579643249512e-01
9.988797903060913086e-01
4.411109685897827148e-01
9.987379908561706543e-01
7.974446415901184082e-01
9.998351335525512695e-01
9.653218388557434082e-01
9.941789507865905762e-01
9.946684837341308594e-01
9.009664654731750488e-01
9.999048113822937012e-01
9.878209829330444336e-01
9.405868053436279297e-01
9.998661875724792480e-01
8.241757750511169434e-01
3.946178555488586426e-01
9.659261703491210938e-01
9.963691234588623047e-01
9.985175132751464844e-01
9.795727729797363281e-01
9.842544794082641602e-01
9.323402047157287598e-01
5.418336987495422363e-01
9.993440508842468262e-01
6.753784418106079102e-01
9.169907569885253906e-01
6.088887453079223633e-01
9.987886548042297363e-01
9.999080300331115723e-01
9.214074015617370605e-01
4.154602885246276855e-01
9.998168945312500000e-01
9.974229335784912109e-01
9.805381894111633301e-01
9.693540930747985840e-01
8.601531386375427246e-01
7.540513873100280762e-01
9.998808503150939941e-01
3.368904590606689453e-01
9.978359341621398926e-01
9.999027848243713379e-01
9.741006493568420410e-01
9.983302354812622070e-01
9.994284510612487793e-01
9.950988888740539551e-01
9.909178614616394043e-01
9.997792840003967285e-01
5.798138976097106934e-01
7.941268682479858398e-01
5.455920100212097168e-01
9.995783567428588867e-01
9.990515708923339844e-01
7.536512613296508789e-01
9.993352890014648438e-01
9.380106329917907715e-01
9.792988300323486328e-01
9.684889316558837891e-01
7.664806842803955078e-01
9.994085431098937988e-01
9.977120161056518555e-01
9.966291189193725586e-01
9.987758398056030273e-01
8.390455245971679688e-01
9.983206987380981445e-01
6.301544904708862305e-01
9.904491305351257324e-01
9.924707412719726562e-01
9.810104370117187500e-01
9.337436556816101074e-01
6.634542942047119141e-01
8.946347236633300781e-01
9.998708963394165039e-01
6.605851650238037109e-01
9.787849783897399902e-01
9.914779663085937500e-01
6.002220511436462402e-01
9.930530786514282227e-01
6.719712018966674805e-01
9.794593453407287598e-01
8.808510303497314453e-01
8.766645193099975586e-01
9.990943670272827148e-01
6.538838148117065430e-01
9.485129117965698242e-01
7.598335146903991699e-01
9.996426701545715332e-01
9.940437078475952148e-01
9.962174892425537109e-01
9.993509650230407715e-01
6.004457473754882812e-01
8.840798139572143555e-01
5.874513387680053711e-01
9.924678206443786621e-01
9.986236095428466797e-01
9.190053939819335938e-01
9.991802573204040527e-01
8.532471656799316406e-01
6.512967348098754883e-01
9.917808771133422852e-01
9.988065958023071289e-01
9.841487407684326172e-01
5.097107887268066406e-01
9.989542365074157715e-01
9.016621112823486328e-01
9.530885815620422363e-01
6.399243474006652832e-01
6.602460145950317383e-01
8.859006762504577637e-01
9.997298121452331543e-01
5.757315158843994141e-01
9.494621753692626953e-01
9.984841346740722656e-01
5.676871538162231445e-01
9.908462166786193848e-01
9.999068975448608398e-01
9.797152280807495117e-01
7.925598621368408203e-01
5.517917275428771973e-01
9.803007245063781738e-01
7.027704715728759766e-01
6.705272793769836426e-01
9.725012183189392090e-01
9.466183185577392578e-01
8.228056430816650391e-01
9.985633492469787598e-01
8.839563727378845215e-01
9.998626112937927246e-01
9.967806339263916016e-01
9.915962219238281250e-01
9.998752474784851074e-01
9.348031282424926758e-01
9.630087614059448242e-01
5.879011154174804688e-01
9.859952926635742188e-01
9.779967665672302246e-01
9.526453018188476562e-01
9.998460412025451660e-01
9.983486533164978027e-01
8.324935436248779297e-01
9.923663139343261719e-01
9.249295592308044434e-01
9.835041761398315430e-01
9.761182665824890137e-01
9.888799190521240234e-01
9.941532015800476074e-01
9.938644766807556152e-01
9.989907741546630859e-01
9.865120649337768555e-01
4.796210527420043945e-01
9.759860634803771973e-01
4.777140617370605469e-01
4.946419894695281982e-01
8.172422051429748535e-01
8.543322086334228516e-01
8.042620420455932617e-01
9.995492100715637207e-01
9.402995109558105469e-01
9.862480759620666504e-01
5.052188038825988770e-01
9.991936683654785156e-01
8.432611227035522461e-01
9.994976520538330078e-01
9.987683892250061035e-01
8.167369961738586426e-01
9.982358813285827637e-01
9.189348816871643066e-01
9.987667798995971680e-01
8.641765117645263672e-01
9.985230565071105957e-01
9.999110102653503418e-01
9.986843466758728027e-01
9.985248446464538574e-01
9.887109994888305664e-01
9.999505281448364258e-01
9.591578245162963867e-01
6.218448877334594727e-01
7.609391212463378906e-01
5.637274384498596191e-01
9.989364147186279297e-01
9.991701841354370117e-01
5.062124133110046387e-01
9.815158247947692871e-01
9.964610934257507324e-01
9.999152421951293945e-01
9.876711368560791016e-01
9.646291136741638184e-01
9.977642893791198730e-01
9.981548786163330078e-01
7.400267720222473145e-01
9.988793730735778809e-01
9.998736977577209473e-01
5.775848031044006348e-01
9.951553344726562500e-01
6.380556225776672363e-01
9.942314624786376953e-01
6.962524652481079102e-01
9.831586480140686035e-01
9.992944598197937012e-01
6.652560234069824219e-01
7.441658377647399902e-01
4.272343814373016357e-01
9.977213144302368164e-01
9.894562363624572754e-01
9.999217391014099121e-01
4.661279618740081787e-01
9.966151118278503418e-01
9.929591417312622070e-01
9.993280172348022461e-01
9.306323528289794922e-01
5.012853145599365234e-01
7.523944377899169922e-01
6.266332864761352539e-01
9.349746108055114746e-01
9.956393241882324219e-01
9.076166152954101562e-01
9.913136363029479980e-01
8.679115772247314453e-01
9.995234012603759766e-01
6.766412854194641113e-01
4.704330265522003174e-01
6.925154328346252441e-01
5.050362944602966309e-01
8.603177666664123535e-01
9.867954850196838379e-01
4.962964355945587158e-01
9.943426251411437988e-01
9.958508610725402832e-01
6.683188080787658691e-01
7.918613553047180176e-01
5.599963068962097168e-01
5.683448314666748047e-01
9.996333718299865723e-01
9.711400270462036133e-01
9.118033647537231445e-01
9.998981356620788574e-01
8.700537085533142090e-01
9.993896484375000000e-01
2.947015166282653809e-01
7.462971806526184082e-01
9.615991115570068359e-01
5.234901309013366699e-01
8.714842200279235840e-01
8.368932604789733887e-01
8.835737109184265137e-01
9.987900853157043457e-01
8.551395535469055176e-01
5.769313573837280273e-01
9.760621190071105957e-01
8.530924916267395020e-01
9.142240881919860840e-01
9.999914169311523438e-01
9.653139114379882812e-01
9.329233169555664062e-01
6.533237099647521973e-01
9.966615438461303711e-01
7.723431587219238281e-01
7.913466691970825195e-01
7.227576375007629395e-01
7.606247067451477051e-01
9.993869066238403320e-01
9.992418289184570312e-01
9.786098003387451172e-01
9.809266924858093262e-01
9.998121857643127441e-01
4.993353784084320068e-01
5.852093696594238281e-01
9.992203712463378906e-01
9.948362112045288086e-01
9.895342588424682617e-01
6.303089261054992676e-01
8.692776560783386230e-01
7.005113959312438965e-01
6.676692366600036621e-01
9.215738773345947266e-01
9.992315769195556641e-01
7.316948175430297852e-01
5.156654119491577148e-01
9.956200122833251953e-01
9.962668418884277344e-01
9.996092915534973145e-01
4.622500240802764893e-01
7.530955076217651367e-01
9.964153766632080078e-01
5.148284435272216797e-01
6.284974813461303711e-01
8.959538340568542480e-01
9.955031275749206543e-01
9.981348514556884766e-01
9.968627095222473145e-01
9.567383527755737305e-01
9.993832111358642578e-01
9.074283838272094727e-01
9.998172521591186523e-01
9.993340969085693359e-01
4.596658945083618164e-01
5.242911577224731445e-01
7.442961931228637695e-01
6.426998972892761230e-01
9.996829628944396973e-01
9.928874373435974121e-01
9.997994899749755859e-01
9.794335365295410156e-01
8.328980207443237305e-01
5.527051091194152832e-01
8.023741245269775391e-01
9.919084310531616211e-01
8.981844186782836914e-01
9.990630745887756348e-01
6.532487273216247559e-01
9.989920258522033691e-01
9.993064999580383301e-01
8.765901327133178711e-01
5.008625984191894531e-01
9.590545892715454102e-01
9.996837973594665527e-01
9.980713725090026855e-01
9.883913993835449219e-01
7.587268352508544922e-01
9.736462235450744629e-01
7.617138624191284180e-01
9.993991255760192871e-01
9.912666678428649902e-01
6.811197400093078613e-01
9.994056224822998047e-01
9.939031004905700684e-01
8.733994960784912109e-01
7.565879225730895996e-01
9.735966920852661133e-01
4.388460516929626465e-01
8.020340204238891602e-01
8.349621891975402832e-01
9.980389475822448730e-01
9.833950996398925781e-01
8.867140412330627441e-01
9.996923804283142090e-01
9.185292124748229980e-01
9.894066452980041504e-01
9.142484068870544434e-01
9.990703463554382324e-01
9.868049025535583496e-01
8.915635943412780762e-01
9.986999630928039551e-01
4.138101041316986084e-01
9.991703033447265625e-01
9.948483705520629883e-01
9.859464168548583984e-01
9.975494146347045898e-01
9.996468424797058105e-01
9.999752640724182129e-01
9.273977875709533691e-01
9.998623728752136230e-01
5.004392266273498535e-01
9.999924898147583008e-01
8.321637511253356934e-01
9.979716539382934570e-01
9.996533989906311035e-01
9.127194285392761230e-01
9.410851597785949707e-01
9.967741370201110840e-01
4.852937161922454834e-01
7.093917727470397949e-01
5.834422111511230469e-01
9.998809695243835449e-01
8.379945158958435059e-01
9.956480860710144043e-01
9.537106752395629883e-01
9.718196988105773926e-01
9.964247345924377441e-01
8.905532956123352051e-01
9.555932283401489258e-01
8.994781374931335449e-01
9.995188713073730469e-01
9.873769879341125488e-01
6.079380512237548828e-01
9.856019020080566406e-01
9.963932633399963379e-01
9.984690546989440918e-01
9.237024784088134766e-01
9.998737573623657227e-01
9.467773437500000000e-01
9.999007582664489746e-01
7.372625470161437988e-01
9.990596771240234375e-01
9.993643760681152344e-01
9.999603033065795898e-01
9.390884041786193848e-01
9.998365640640258789e-01
1.641392707824707031e-02
9.933361411094665527e-01
7.652140855789184570e-01
9.978567957878112793e-01
9.385023117065429688e-01
7.647222876548767090e-01
9.998969435691833496e-01
8.180289268493652344e-01
9.643085598945617676e-01
9.260925054550170898e-01
9.993674159049987793e-01
8.289144039154052734e-01
7.054958939552307129e-01
5.882109403610229492e-01
9.991601705551147461e-01
9.440341591835021973e-01
5.894638895988464355e-01
6.692866683006286621e-01
9.906035661697387695e-01
6.384295225143432617e-01
9.998947381973266602e-01
7.088460326194763184e-01
7.110544443130493164e-01
9.100106954574584961e-01
9.955426454544067383e-01
9.996977448463439941e-01
8.826930522918701172e-01
8.786718249320983887e-01
9.851048588752746582e-01
4.726798236370086670e-01
9.998807311058044434e-01
9.988943934440612793e-01
9.982484579086303711e-01
9.988759160041809082e-01
9.629671573638916016e-01
9.955024123191833496e-01
9.985508918762207031e-01
9.740356206893920898e-01
8.212553262710571289e-01
4.988712072372436523e-01
7.242568135261535645e-01
9.987143278121948242e-01
9.995839595794677734e-01
9.996124505996704102e-01
9.997218847274780273e-01
9.973622560501098633e-01
9.823658466339111328e-01
9.642384052276611328e-01
5.670247673988342285e-01
9.992204904556274414e-01
9.996708035469055176e-01
8.297597765922546387e-01
9.979270696640014648e-01
9.788296222686767578e-01
7.285798788070678711e-01
9.989966750144958496e-01
9.366415143013000488e-01
9.318466186523437500e-01
9.227339029312133789e-01
6.210541725158691406e-01
9.999086260795593262e-01
9.748808145523071289e-01
7.906482219696044922e-01
9.549930691719055176e-01
9.974399209022521973e-01
6.742735505104064941e-01
8.417049050331115723e-01
9.980936646461486816e-01
5.132400989532470703e-01
3.450706005096435547e-01
9.059261083602905273e-01
9.284854531288146973e-01
9.986271858215332031e-01
9.995553493499755859e-01
8.086444139480590820e-01
9.998601078987121582e-01
9.939483404159545898e-01
7.353866696357727051e-01
6.846275925636291504e-01
8.402522206306457520e-01
9.551278948783874512e-01
9.975652694702148438e-01
6.730670928955078125e-01
9.971818923950195312e-01
9.968714714050292969e-01
7.990281581878662109e-01
9.998106360435485840e-01
8.344950675964355469e-01
9.954584836959838867e-01
9.284688234329223633e-01
4.771277606487274170e-01
6.377238631248474121e-01
4.975204467773437500e-01
7.885530591011047363e-01
8.985330462455749512e-01
9.755743741989135742e-01
9.992334246635437012e-01
9.974301457405090332e-01
9.997947216033935547e-01
9.989625215530395508e-01
8.451136350631713867e-01
9.107402563095092773e-01
9.732201099395751953e-01
7.980079054832458496e-01
9.998214840888977051e-01
5.283283591270446777e-01
9.996123909950256348e-01
9.464526772499084473e-01
8.731586337089538574e-01
9.888964891433715820e-01
4.666631817817687988e-01
9.923396110534667969e-01
9.997922182083129883e-01
9.793033599853515625e-01
9.997580051422119141e-01
5.433289408683776855e-01
3.195261955261230469e-02
9.649529457092285156e-01
9.988685250282287598e-01
7.382745146751403809e-01
4.261707961559295654e-01
9.978745579719543457e-01
9.912993311882019043e-01
9.402831196784973145e-01
9.072704315185546875e-01
4.475023746490478516e-01
9.499046802520751953e-01
9.957355856895446777e-01
4.656478762626647949e-01
9.998965859413146973e-01
9.999054670333862305e-01
3.273063004016876221e-01
9.984137415885925293e-01
8.706051111221313477e-01
8.697934150695800781e-01
9.996831417083740234e-01
9.925212860107421875e-01
9.987593293190002441e-01
9.690487384796142578e-01
8.491517901420593262e-01
6.721759438514709473e-01
9.921113252639770508e-01
9.868453145027160645e-01
9.867676496505737305e-01
9.992017745971679688e-01
5.868836641311645508e-01
9.973555803298950195e-01
6.615218520164489746e-01
9.967958331108093262e-01
9.973367452621459961e-01
9.977274537086486816e-01
6.003273725509643555e-01
9.926596879959106445e-01
9.717783927917480469e-01
9.212813377380371094e-01
9.983314275741577148e-01
7.108165621757507324e-01
9.936179518699645996e-01
9.252396821975708008e-01
8.241066336631774902e-01
9.992870092391967773e-01
9.992910027503967285e-01
9.475215673446655273e-01
7.832696437835693359e-01
8.719368577003479004e-01
9.699670672416687012e-01
9.098295569419860840e-01
9.691523909568786621e-01
8.354318141937255859e-01
8.488687872886657715e-01
9.255198836326599121e-01
4.670087397098541260e-01
7.404885292053222656e-01
7.441574335098266602e-01
9.997359514236450195e-01
9.958890676498413086e-01
9.805480837821960449e-01
9.975889921188354492e-01
9.966529011726379395e-01
9.546461105346679688e-01
9.991350173950195312e-01
9.993304014205932617e-01
9.314424991607666016e-01
5.950078964233398438e-01
5.133062601089477539e-01
7.395733594894409180e-01
9.963583946228027344e-01
4.828892350196838379e-01
9.991076588630676270e-01
9.145244359970092773e-01
9.939116835594177246e-01
9.981016516685485840e-01
9.517276883125305176e-01
7.191713452339172363e-01
5.783087611198425293e-01
9.959276914596557617e-01
9.450446963310241699e-01
6.318427920341491699e-01
9.909312129020690918e-01
7.721878290176391602e-01
9.882193803787231445e-01
9.963871836662292480e-01
5.965029597282409668e-01
6.692080497741699219e-01
9.960572123527526855e-01
7.891787886619567871e-01
9.993110299110412598e-01
6.378009915351867676e-01
6.121985912322998047e-01
9.885380864143371582e-01
7.872439622879028320e-01
6.247558593750000000e-01
8.748301863670349121e-01
9.940682649612426758e-01
5.609800219535827637e-01
5.766806602478027344e-01
9.894872903823852539e-01
9.232348203659057617e-01
9.577958583831787109e-01
9.997006058692932129e-01
9.900944828987121582e-01
7.737428545951843262e-01
9.962592720985412598e-01
9.987909793853759766e-01
8.047354817390441895e-01
5.057069659233093262e-01
8.980762958526611328e-01
9.989352822303771973e-01
9.961702227592468262e-01
8.488045930862426758e-01
6.478844285011291504e-01
9.990906119346618652e-01
9.996911287307739258e-01
9.416782855987548828e-01
5.178139805793762207e-01
5.012249946594238281e-01
8.286599516868591309e-01
6.585083603858947754e-01
7.922337055206298828e-01
9.813165068626403809e-01
3.521132469177246094e-02
5.806497931480407715e-01
7.267653942108154297e-01
9.929628372192382812e-01
3.926225304603576660e-01
9.993249177932739258e-01
9.974828958511352539e-01
4.642677009105682373e-01
9.265044927597045898e-01
9.945703744888305664e-01
8.277104496955871582e-01
9.995546936988830566e-01
9.990757107734680176e-01
9.946181178092956543e-01
9.647011756896972656e-01
6.323156356811523438e-01
9.995892047882080078e-01
8.212246298789978027e-01
9.994331002235412598e-01
9.297086596488952637e-01
6.343142986297607422e-01
3.499028682708740234e-01
5.864991545677185059e-01
9.591150879859924316e-01
8.283758163452148438e-01
9.959153532981872559e-01
9.038259983062744141e-01
9.997739791870117188e-01
9.944048523902893066e-01
3.990496993064880371e-01
6.700199246406555176e-01
9.501157402992248535e-01
8.575612306594848633e-01
6.674456596374511719e-01
9.998277425765991211e-01
9.002858996391296387e-01
9.151455760002136230e-01
7.878033518791198730e-01
6.109356284141540527e-01
9.426714181900024414e-01
7.658525705337524414e-01
9.996877312660217285e-01
7.319368720054626465e-01
9.990473389625549316e-01
7.137650847434997559e-01
9.998325109481811523e-01
5.147325992584228516e-01
6.736592054367065430e-01
4.787032306194305420e-01
4.881550967693328857e-01
9.755073189735412598e-01
7.044948935508728027e-01
9.791980981826782227e-01
6.642090082168579102e-01
8.738139271736145020e-01
9.998658299446105957e-01
7.246021032333374023e-01
5.692313909530639648e-01
9.935943484306335449e-01
9.998497962951660156e-01
7.339267730712890625e-01
9.287062883377075195e-01
7.942256927490234375e-01
9.207815527915954590e-01
9.994772672653198242e-01
9.700401425361633301e-01
7.920259833335876465e-01
9.762520194053649902e-01
8.629721999168395996e-01
9.607564806938171387e-01
9.768758416175842285e-01
4.058311283588409424e-01
8.582064509391784668e-01
9.972758889198303223e-01
9.899726510047912598e-01
7.661792635917663574e-01
7.745119333267211914e-01
4.862831234931945801e-01
9.961937069892883301e-01
9.992259740829467773e-01
9.788702130317687988e-01
5.131237506866455078e-01
9.566585421562194824e-01
7.535167932510375977e-01
5.429360866546630859e-01
9.093518853187561035e-01
6.660797595977783203e-01
9.870490431785583496e-01
9.869639277458190918e-01
9.820339083671569824e-01
4.184128344058990479e-01
9.847553968429565430e-01
9.969819188117980957e-01
8.518972396850585938e-01
9.333994984626770020e-01
8.274493813514709473e-01
9.953968524932861328e-01
8.627591133117675781e-01
3.499607145786285400e-01
8.427627086639404297e-01
9.224812388420104980e-01
8.690358400344848633e-01
4.823962450027465820e-01
7.853508591651916504e-01
5.107334256172180176e-01
8.865054249763488770e-01
9.975894093513488770e-01
9.818969964981079102e-01
5.200729370117187500e-01
8.743857741355895996e-01
4.865006506443023682e-01
9.021116495132446289e-01
8.895975351333618164e-01
9.928627014160156250e-01
5.141543149948120117e-01
8.520122766494750977e-01
6.350309848785400391e-01
5.430660843849182129e-01
4.300315380096435547e-01
3.871755897998809814e-01
7.979614734649658203e-01
5.652495622634887695e-01
9.997737407684326172e-01
6.869908571243286133e-01
7.122619748115539551e-01
8.021900057792663574e-01
9.998867511749267578e-01
9.686155319213867188e-01
5.868428945541381836e-01
9.894439578056335449e-01
8.687461614608764648e-01
8.227096199989318848e-01
8.609164953231811523e-01
9.992803335189819336e-01
7.822769880294799805e-01
9.946809411048889160e-01
8.104848861694335938e-01
9.991846084594726562e-01
9.937824010848999023e-01
7.878433465957641602e-01
8.649010658264160156e-01
9.988854527473449707e-01
5.569024682044982910e-01
8.441312909126281738e-01
9.738059043884277344e-01
5.494332909584045410e-01
9.998216629028320312e-01
9.954554438591003418e-01
9.978382587432861328e-01
9.999955296516418457e-01
6.643476486206054688e-01
8.681642413139343262e-01
8.918263316154479980e-01
6.985878944396972656e-01
3.408586978912353516e-02
9.963635802268981934e-01
9.993629455566406250e-01
9.545137882232666016e-01
9.995419383049011230e-01
6.838973164558410645e-01
9.960111975669860840e-01
9.457302689552307129e-01
9.456262588500976562e-01
9.983792304992675781e-01
9.971296787261962891e-01
9.698873162269592285e-01
9.872741103172302246e-01
6.085360646247863770e-01
9.738735556602478027e-01
5.872019529342651367e-01
9.987927079200744629e-01
9.991496205329895020e-01
7.850633859634399414e-01
6.069901585578918457e-01
