2.435401074762921780e-05
3.601008211262524128e-04
5.588777639786712825e-05
1.923076924867928028e-03
1.075847249012440443e-04
3.571428731083869934e-02
8.474576286971569061e-03
3.571428731083869934e-02
1.480384962633252144e-04
1.424501388100907207e-04
1.314060413278639317e-03
2.083333395421504974e-02
6.211180007085204124e-04
1.620745519176125526e-03
1.812250848161056638e-04
1.324503333307802677e-03
1.785714365541934967e-02
4.737315975944511592e-05
2.762431045994162560e-03
5.599104333668947220e-04
2.649006491992622614e-04
2.631578966975212097e-02
3.030303120613098145e-02
1.571832690387964249e-04
1.923076924867928028e-03
1.785714365541934967e-02
1.234567910432815552e-02
7.651109481230378151e-04
2.242152404505759478e-04
4.115226212888956070e-03
1.028700717142783105e-04
5.316321039572358131e-04
1.298701274208724499e-03
3.558718832209706306e-03
1.812250848161056638e-04
2.486943558324128389e-04
1.485884073190391064e-03
1.340123271802440286e-04
2.380952425301074982e-02
1.147052098531275988e-04
1.019367948174476624e-03
3.472222248092293739e-03
3.289473708719015121e-03
9.999999776482582092e-03
3.225806355476379395e-02
1.019367948174476624e-03
9.615384973585605621e-03
3.787878900766372681e-03
3.601008211262524128e-04
4.898359111393801868e-05
3.846153989434242249e-02
3.968254197388887405e-03
3.030303120613098145e-02
3.448275849223136902e-02
1.923076924867928028e-03
8.196720853447914124e-03
5.181347019970417023e-03
3.546099178493022919e-04
1.408450677990913391e-02
9.671180159784853458e-04
3.095975145697593689e-03
1.369863003492355347e-02
1.000000014901161194e-01
1.780626771505922079e-04
4.220656046527437866e-05
1.785714365541934967e-02
2.173912944272160530e-03
2.607562055345624685e-04
1.122334506362676620e-03
4.166666883975267410e-03
8.438818622380495071e-04
1.370989921269938350e-04
1.165501191280782223e-03
8.001280366443097591e-05
8.824567339615896344e-05
7.042253389954566956e-03
4.539264773484319448e-04
3.030303120613098145e-02
1.515151467174291611e-03
2.666666638106107712e-03
1.289324427489191294e-04
5.611672531813383102e-04
1.831501838751137257e-03
1.011122367344796658e-03
1.061345756170339882e-04
2.840102242771536112e-04
2.832861151546239853e-03
1.506024040281772614e-03
2.127659507095813751e-02
1.123595517128705978e-02
1.300001258641714230e-05
2.354048920096829534e-04
2.164502162486314774e-03
2.183406148105859756e-03
2.159827155992388725e-03
5.473453784361481667e-04
8.019246160984039307e-04
3.164557041600346565e-03
8.539709378965198994e-04
5.624297191388905048e-04
1.449275389313697815e-02
1.908396952785551548e-03
2.634351840242743492e-04
2.150537678971886635e-03
1.344086020253598690e-03
1.812250848161056638e-04
1.689189230091869831e-03
1.886080717667937279e-04
9.460737928748130798e-04
2.857142826542258263e-03
3.003003075718879700e-03
3.030303120613098145e-02
1.603592099854722619e-04
1.812250848161056638e-04
4.048583097755908966e-03
3.687315620481967926e-04
6.711409427225589752e-03
3.012048080563545227e-03
2.808988792821764946e-03
7.613826892338693142e-05
7.317429844988510013e-05
1.538224896648898721e-04
1.631321385502815247e-03
7.407407276332378387e-03
1.539645891170948744e-04
1.369863003492355347e-02
7.042253389954566956e-03
3.278688527643680573e-03
2.976190531626343727e-03
6.540222093462944031e-04
8.960573468357324600e-04
1.408450677990913391e-02
3.056234854739159346e-04
1.785714365541934967e-02
3.030303120613098145e-02
1.370989921269938350e-04
1.689189230091869831e-03
3.306878206785768270e-04
8.695651777088642120e-03
1.669449033215641975e-03
1.490312977693974972e-03
1.571832690387964249e-04
4.610419564414769411e-04
1.191895105876028538e-03
4.863813228439539671e-04
5.076142027974128723e-03
1.636661181692034006e-04
1.835199072957038879e-04
1.061345756170339882e-04
9.999999776482582092e-03
4.184100311249494553e-03
3.030303120613098145e-02
1.204819232225418091e-02
1.538461539894342422e-02
1.923076924867928028e-03
3.601008211262524128e-04
6.002400768920779228e-04
2.107037435052916408e-04
7.462686393409967422e-03
1.272264635190367699e-03
2.325581386685371399e-02
4.024144727736711502e-04
4.786979407072067261e-04
1.098901126533746719e-02
1.065870819729752839e-04
3.610108280554413795e-03
1.428571413271129131e-03
1.370989921269938350e-04
8.333333767950534821e-03
3.030303120613098145e-02
3.963221388403326273e-05
3.731343196704983711e-03
2.424242411507293582e-04
1.011122367344796658e-03
1.812250848161056638e-04
1.785714365541934967e-02
8.045052527450025082e-04
8.333333581686019897e-02
8.695652359165251255e-04
1.785714365541934967e-02
3.239286161260679364e-05
5.599104333668947220e-04
3.759398590773344040e-03
1.923076924867928028e-03
1.785714365541934967e-02
1.234567910432815552e-02
3.752345219254493713e-04
1.785714365541934967e-02
1.999999955296516418e-02
1.208021276397630572e-04
1.737015845719724894e-04
5.953443906037136912e-05
5.263158120214939117e-03
1.111111138015985489e-02
1.713796082185581326e-04
2.277904422953724861e-03
1.228652108693495393e-04
1.369863003492355347e-02
5.988024175167083740e-03
6.097560748457908630e-03
3.601008211262524128e-04
4.361098981462419033e-04
1.083893366740085185e-04
1.683501643128693104e-03
3.441156295593827963e-04
1.920380964293144643e-05
3.344481578096747398e-03
1.488538255216553807e-04
1.737015845719724894e-04
2.380952471867203712e-03
2.272727340459823608e-02
1.000000014901161194e-01
3.225806355476379395e-02
1.123595517128705978e-02
6.552221020683646202e-05
1.219512149691581726e-02
2.717391354963183403e-03
6.020469591021537781e-04
9.615384973585605621e-03
8.833922329358756542e-04
1.099384317058138549e-04
3.601008211262524128e-04
1.561280223540961742e-04
8.620689623057842255e-03
7.215007208287715912e-04
1.417233579559251666e-04
1.136363670229911804e-02
4.006570816272869706e-05
6.115459837019443512e-05
2.808988792821764946e-03
2.384813524258788675e-05
1.370989921269938350e-04
1.000000000000000000e+00
1.785714365541934967e-02
2.439024299383163452e-02
1.111111138015985489e-03
7.751937955617904663e-03
2.577319508418440819e-03
3.178639453835785389e-04
5.555555596947669983e-02
4.629201066563837230e-05
3.840245772153139114e-04
5.555555690079927444e-03
3.030303120613098145e-02
1.369863003492355347e-02
2.702702768146991730e-02
8.547008619643747807e-04
2.500000037252902985e-02
4.032258002553135157e-04
2.865329617634415627e-03
1.557632349431514740e-03
1.550628076074644923e-04
9.596928721293807030e-04
1.513088209321722388e-04
3.676470601931214333e-03
1.000000014901161194e-01
2.792204213619697839e-05
6.381213461281731725e-05
3.571428591385483742e-03
3.030303120613098145e-02
1.785714365541934967e-02
1.027749269269406796e-03
2.433090005069971085e-03
9.671180159784853458e-04
3.030303120613098145e-02
4.278990090824663639e-04
3.601008211262524128e-04
4.098360426723957062e-03
2.283104928210377693e-03
3.178639453835785389e-04
9.920635493472218513e-04
1.061345756170339882e-04
1.052631624042987823e-02
1.369863003492355347e-02
3.460207721218466759e-03
1.123595517128705978e-02
5.473453784361481667e-04
6.944444612599909306e-04
1.689189230091869831e-03
1.123595517128705978e-02
3.164557041600346565e-03
1.370989921269938350e-04
3.610108280554413795e-03
4.065040498971939087e-03
1.123595517128705978e-02
1.331557868979871273e-03
3.164557041600346565e-03
1.737015845719724894e-04
3.344481578096747398e-03
2.702702768146991730e-02
1.550387591123580933e-03
5.988024175167083740e-03
3.030303120613098145e-02
1.550147280795499682e-04
1.011122367344796658e-03
1.923076924867928028e-03
3.030303120613098145e-02
1.141943575930781662e-04
7.633587665623053908e-05
1.812250848161056638e-04
4.098360426723957062e-03
3.601008211262524128e-04
1.048217993229627609e-03
4.655493539758026600e-04
3.225806355476379395e-02
9.803921915590763092e-03
3.448275849223136902e-02
1.785714365541934967e-02
2.884338027797639370e-04
1.436781603842973709e-03
1.503081293776631355e-04
1.374570420011878014e-04
7.282790465978905559e-05
2.183406148105859756e-03
2.380952471867203712e-03
3.610108280554413795e-03
1.250000000000000000e-01
2.469135913997888565e-03
2.380952471867203712e-03
2.272727200761437416e-03
1.635322987567633390e-04
1.571832690387964249e-04
1.002004020847380161e-03
5.498735117726027966e-05
2.032520249485969543e-03
9.498480358161032200e-05
5.347879414330236614e-05
3.812428622040897608e-04
1.750700321281328797e-04
1.123595517128705978e-02
7.347538485191762447e-04
1.724137924611568451e-02
6.876160477986559272e-05
1.785714365541934967e-02
4.184100311249494553e-03
3.533568931743502617e-03
4.048583097755908966e-03
1.111111138015985489e-02
1.179245300590991974e-03
5.524862091988325119e-03
9.787608723854646087e-05
1.159689199994318187e-04
1.785714365541934967e-02
1.808318309485912323e-03
2.358490601181983948e-03
1.553518668515607715e-04
2.469135913997888565e-03
3.246753243729472160e-03
3.178639453835785389e-04
1.111111138015985489e-02
2.132196212187409401e-03
4.728132335003465414e-04
1.061345756170339882e-04
1.750700321281328797e-04
1.370989921269938350e-04
3.880029544234275818e-05
1.123595517128705978e-02
1.428571492433547974e-01
8.849557489156723022e-03
1.466490648454055190e-04
2.345765824429690838e-04
1.123595517128705978e-02
1.596933871041983366e-04
3.610108280554413795e-03
7.582076068501919508e-05
7.012622663751244545e-04
3.601008211262524128e-04
1.123595517128705978e-02
1.408450677990913391e-02
1.298701297491788864e-02
1.612903201021254063e-03
1.055966247804462910e-03
1.190476212650537491e-02
6.097560748457908630e-03
1.344086020253598690e-03
4.032258002553135157e-04
1.484340173192322254e-04
3.601008211262524128e-04
4.347826167941093445e-02
1.130837918026372790e-04
2.577319508418440819e-03
1.737015845719724894e-04
9.206407412420958281e-05
3.211303846910595894e-04
1.812250848161056638e-04
6.641870277235284448e-05
3.030303120613098145e-02
1.123595517128705978e-02
5.281504127196967602e-05
5.076142027974128723e-03
2.168726932723075151e-04
3.601008211262524128e-04
1.528584543848410249e-04
1.428571413271129131e-03
1.141552464105188847e-03
3.314550849609076977e-04
1.812250848161056638e-04
1.966181735042482615e-04
1.785714365541934967e-02
3.344481578096747398e-03
3.030302934348583221e-03
2.380952425301074982e-02
2.325581386685371399e-02
4.448398540262132883e-04
6.724949344061315060e-04
1.812250848161056638e-04
3.448275849223136902e-02
3.030303120613098145e-02
2.380952471867203712e-03
3.601008211262524128e-04
3.030303120613098145e-02
1.908396952785551548e-03
1.685772149357944727e-04
1.558117801323533058e-04
2.500000037252902985e-02
5.649717524647712708e-03
7.610350148752331734e-04
3.846153989434242249e-02
7.951021689223125577e-05
1.923076924867928028e-03
3.030303120613098145e-02
3.846153989434242249e-02
1.550147280795499682e-04
3.448275849223136902e-02
2.183406148105859756e-03
1.785714365541934967e-02
3.030303120613098145e-02
9.337068186141550541e-04
2.468526363372802734e-04
2.526528551243245602e-04
7.874015718698501587e-03
1.282051298767328262e-02
2.500000037252902985e-02
2.780867507681250572e-04
1.766784465871751308e-03
3.178639453835785389e-04
3.846153989434242249e-02
4.761904850602149963e-02
4.142502148170024157e-04
5.076142027974128723e-03
1.298701297491788864e-02
6.666667014360427856e-02
1.037559632095508277e-04
1.000000014901161194e-01
5.924170836806297302e-04
5.181078813620842993e-05
3.601008211262524128e-04
1.666666716337203979e-01
1.250000000000000000e-01
7.440476329065859318e-04
1.750700321281328797e-04
4.249893827363848686e-04
1.575051137479022145e-04
3.030303120613098145e-02
1.785714365541934967e-02
3.030303120613098145e-02
3.610108280554413795e-03
1.492537278681993484e-02
3.448275849223136902e-02
2.488800382707268000e-04
6.686279812129214406e-05
1.205545486300252378e-04
1.086956541985273361e-02
1.234567910432815552e-02
9.337068186141550541e-04
4.979583536623977125e-05
4.545454680919647217e-02
9.900990407913923264e-04
5.102040711790323257e-03
5.740527994930744171e-04
3.333333414047956467e-03
4.863813228439539671e-04
4.184100311249494553e-03
3.030303120613098145e-02
9.453582606511190534e-05
2.188183832913637161e-03
1.785714365541934967e-02
3.164557041600346565e-03
4.995004856027662754e-04
5.659309681504964828e-04
4.868549294769763947e-04
1.812250848161056638e-04
1.248283660970628262e-04
2.183406148105859756e-03
5.740527994930744171e-04
4.514469037530943751e-05
1.369863003492355347e-02
1.923076924867928028e-03
3.333333507180213928e-02
1.052410007105208933e-04
1.901140669360756874e-03
3.601008211262524128e-04
1.607717014849185944e-03
2.310536074219271541e-04
4.873769285040907562e-05
3.448275849223136902e-02
1.123595517128705978e-02
1.573069021105766296e-04
1.220852136611938477e-04
9.090908803045749664e-03
3.999999910593032837e-02
1.013171204249374568e-04
3.225806402042508125e-03
9.090908803045749664e-03
3.242542152293026447e-04
2.663328632479533553e-05
1.785714365541934967e-02
3.891050582751631737e-03
1.028700717142783105e-04
1.453699660487473011e-04
1.615508925169706345e-03
2.849002834409475327e-03
4.629629664123058319e-03
9.615384973585605621e-03
3.846153989434242249e-02
4.166666883975267410e-03
1.148369337897747755e-04
1.612903201021254063e-03
1.785714365541934967e-02
1.666666716337203979e-01
9.692740422906354070e-05
4.672897048294544220e-03
2.352941082790493965e-03
1.111111138015985489e-02
3.601008211262524128e-04
1.757469261065125465e-03
1.369863003492355347e-02
1.571832690387964249e-04
1.272264635190367699e-03
9.671180159784853458e-04
1.571832690387964249e-04
1.296680566156283021e-04
5.988024175167083740e-03
1.390047254972159863e-04
6.617257895413786173e-05
1.492537278681993484e-02
5.076142027974128723e-03
1.162790693342685699e-02
1.666666716337203979e-01
2.183406148105859756e-03
3.076923021581023932e-04
2.242152579128742218e-03
1.747335336403921247e-04
3.999999910593032837e-02
3.030303120613098145e-02
4.347826167941093445e-02
3.987876698374748230e-05
1.057305998983792961e-04
2.407897845841944218e-04
2.375353324168827385e-05
8.849557489156723022e-03
3.012048080563545227e-03
7.337295392062515020e-05
5.882353056222200394e-03
4.098360426723957062e-03
1.642036077100783587e-04
3.601008211262524128e-04
7.651109481230378151e-04
1.254705130122601986e-03
1.571832690387964249e-04
1.923076924867928028e-03
5.482756751007400453e-05
1.724137924611568451e-02
2.871912729460746050e-04
5.659309681504964828e-04
4.906771355308592319e-04
3.289473708719015121e-03
4.048583097755908966e-03
6.108362140366807580e-05
2.717391354963183403e-03
2.242152579128742218e-03
1.333333365619182587e-02
2.277904422953724861e-03
1.785714365541934967e-02
1.571832690387964249e-04
1.108278811443597078e-04
4.347826167941093445e-02
1.785714365541934967e-02
1.562500000000000000e-02
1.302422460867092013e-04
3.333333507180213928e-02
1.812250848161056638e-04
9.009009227156639099e-03
7.012622518232092261e-05
2.500000037252902985e-02
1.812250848161056638e-04
9.415309614269062877e-05
1.149425283074378967e-03
1.428571492433547974e-01
1.785714365541934967e-02
1.123595517128705978e-02
2.344665845157578588e-04
1.076750777428969741e-05
7.812500000000000000e-03
4.539264773484319448e-04
1.200912665808573365e-04
4.016064340248703957e-04
1.923076924867928028e-03
5.917159840464591980e-03
4.863813228439539671e-04
1.297016860917210579e-03
1.571832690387964249e-04
3.448275849223136902e-02
1.408450677990913391e-02
1.369863003492355347e-02
3.448275849223136902e-02
1.113585778512060642e-03
4.347826167941093445e-02
8.077544625848531723e-04
1.785714365541934967e-02
1.694053935352712870e-04
4.166666883975267410e-03
1.154601050075143576e-04
5.988024175167083740e-03
7.669888145755976439e-05
3.745318390429019928e-03
1.923076924867928028e-03
1.103752729250118136e-04
1.612903201021254063e-03
1.422272762283682823e-04
3.344481578096747398e-03
7.751937955617904663e-03
1.414827420376241207e-04
1.253446971531957388e-04
6.666667014360427856e-02
7.716049440205097198e-04
1.571832690387964249e-04
2.500000037252902985e-02
2.888503659050911665e-04
5.740527994930744171e-04
3.448275849223136902e-02
3.525347347022034228e-05
5.740527994930744171e-04
3.003003075718879700e-03
1.851851865649223328e-02
7.623694546055048704e-05
3.035822592210024595e-04
2.871912729460746050e-04
1.956947147846221924e-03
1.086720294551923871e-04
7.042253389954566956e-03
2.702702768146991730e-02
3.178639453835785389e-04
2.635046257637441158e-04
1.369863003492355347e-02
9.615384973585605621e-03
3.030303120613098145e-02
1.874063018476590514e-04
4.098360426723957062e-03
1.519756857305765152e-03
1.250000018626451492e-02
2.642706094775348902e-04
1.157407416030764580e-03
4.347826167941093445e-02
2.500000037252902985e-02
1.011122367344796658e-03
3.030303120613098145e-02
2.040816284716129303e-02
4.629629547707736492e-04
2.702702768146991730e-02
2.272727340459823608e-02
5.988024175167083740e-03
4.262574657332152128e-04
1.436781603842973709e-03
1.000000014901161194e-01
4.516711924225091934e-04
2.310536074219271541e-04
3.846153989434242249e-02
1.194315045722760260e-04
1.239157398231327534e-03
4.694835748523473740e-03
2.197319263359531760e-04
5.279552351566962898e-05
1.011122367344796658e-03
3.333333414047956467e-03
2.133105735993012786e-04
8.431703317910432816e-04
3.601008211262524128e-04
1.369863003492355347e-02
1.174674034700728953e-04
4.288164782337844372e-04
4.545454680919647217e-02
1.140380918513983488e-04
2.500000037252902985e-02
1.061345756170339882e-04
4.734848625957965851e-04
3.030303120613098145e-02
5.882353056222200394e-03
3.018412389792501926e-04
1.908396952785551548e-03
3.178639453835785389e-04
4.557885113172233105e-04
5.555555596947669983e-02
1.612903201021254063e-03
5.844535189680755138e-04
3.030303120613098145e-02
1.798561192117631435e-03
4.184100311249494553e-03
1.041666697710752487e-02
3.234152682125568390e-04
3.178639453835785389e-04
1.724137924611568451e-02
1.298701297491788864e-02
4.079967329744249582e-04
1.333333365619182587e-02
1.571832690387964249e-04
4.972650203853845596e-04
1.265822816640138626e-02
2.808988792821764946e-03
5.076142027974128723e-03
4.184100311249494553e-03
3.357958339620381594e-04
6.666667014360427856e-02
7.072135922499001026e-04
5.154639016836881638e-03
4.111842135898768902e-04
1.612903201021254063e-03
1.812250848161056638e-04
1.061345756170339882e-04
5.555555690079927444e-03
1.923076924867928028e-03
1.923076924867928028e-03
1.976284664124250412e-03
4.372540570329874754e-04
3.533568931743502617e-03
6.285749987000599504e-05
7.707129407208412886e-05
1.855287584476172924e-03
3.601008211262524128e-04
1.571832690387964249e-04
1.689189230091869831e-03
1.123595517128705978e-02
3.030303120613098145e-02
1.011122367344796658e-03
4.425758015713654459e-05
2.500000037252902985e-02
1.123595517128705978e-02
1.812250848161056638e-04
2.380952471867203712e-03
3.194888122379779816e-03
8.779631461948156357e-04
1.228501205332577229e-03
1.019367948174476624e-03
3.033060347661375999e-04
5.599104333668947220e-04
5.740527994930744171e-04
1.540832105092704296e-03
1.538698270451277494e-04
3.042287717107683420e-04
6.329114083200693130e-03
2.272727340459823608e-02
3.861003788188099861e-03
1.812250848161056638e-04
3.448275849223136902e-02
1.785714365541934967e-02
3.846153989434242249e-02
1.988071482628583908e-03
5.359056522138416767e-04
4.048583097755908966e-03
9.090909361839294434e-02
1.123595517128705978e-02
1.669449033215641975e-03
3.194888122379779816e-03
1.144164707511663437e-03
1.888574188342317939e-04
3.787878900766372681e-03
4.086636763531714678e-04
1.174260250991210341e-04
9.033423848450183868e-04
2.801120514050126076e-03
1.037344452925026417e-03
3.601008211262524128e-04
3.054367844015359879e-04
2.985074650496244431e-03
8.692628762219101191e-05
4.364906053524464369e-04
1.334935222985222936e-04
1.428571492433547974e-01
4.293688398320227861e-04
1.061345756170339882e-04
4.539264773484319448e-04
7.843137136660516262e-04
3.236246062442660332e-03
8.771929889917373657e-03
4.184100311249494553e-03
3.344481578096747398e-03
1.571832690387964249e-04
3.448275849223136902e-02
1.542733662063255906e-04
1.812250848161056638e-04
2.543299706303514540e-05
8.849557489156723022e-03
1.812250848161056638e-04
1.140250824391841888e-03
1.317002461291849613e-04
3.691399178933352232e-04
1.571832690387964249e-04
3.030302934348583221e-03
2.500000037252902985e-02
1.689189230091869831e-03
7.778469444019719958e-05
5.988024175167083740e-03
3.030303120613098145e-02
3.030303120613098145e-02
1.492537278681993484e-02
2.782415249384939671e-04
2.510670456103980541e-04
2.380952425301074982e-02
4.856726445723325014e-04
1.785714365541934967e-02
3.399048291612416506e-04
3.601008211262524128e-04
6.849315017461776733e-03
1.812250848161056638e-04
1.370989921269938350e-04
2.040816284716129303e-02
6.835269741714000702e-04
4.629629664123058319e-03
2.666666638106107712e-03
5.000000074505805969e-02
1.370989921269938350e-04
1.812250848161056638e-04
3.183902299497276545e-05
2.380952471867203712e-03
1.472537114750593901e-04
7.057163165882229805e-04
1.785714365541934967e-02
1.571832690387964249e-04
1.897533191367983818e-03
1.777777797542512417e-04
2.707972271309699863e-05
6.934812990948557854e-04
3.344481578096747398e-03
3.381005444680340588e-05
1.587301678955554962e-02
1.221747079398483038e-04
3.030303120613098145e-02
1.558117801323533058e-04
1.011122367344796658e-03
1.574555208208039403e-04
9.514747653156518936e-04
3.344481578096747398e-03
1.812250848161056638e-04
5.291005130857229233e-03
1.011122367344796658e-03
5.193995821173302829e-05
7.704160525463521481e-04
1.923076924867928028e-03
1.290322630666196346e-03
3.012048080563545227e-03
3.846153989434242249e-02
1.000000014901161194e-01
1.550387591123580933e-03
1.785714365541934967e-02
5.376344081014394760e-03
9.082652395591139793e-04
1.078050918295048177e-04
6.105006323195993900e-04
1.655629166634753346e-04
2.724053338170051575e-04
1.812250848161056638e-04
3.061849274672567844e-04
1.666666753590106964e-02
3.333333432674407959e-01
1.785714365541934967e-02
4.889975534752011299e-04
3.436426050029695034e-04
9.737098589539527893e-04
9.070294618140906096e-05
1.786352222552523017e-04
3.999999910593032837e-02
5.076142027974128723e-03
3.448275849223136902e-02
1.851851865649223328e-02
6.973500421736389399e-05
1.727115741232410073e-04
5.659309681504964828e-04
1.812250848161056638e-04
2.380952425301074982e-02
9.256687917513772845e-05
6.317518273135647178e-05
1.571832690387964249e-04
1.251564477570354939e-03
5.599104333668947220e-04
2.656748110894113779e-04
1.923076924867928028e-03
4.310344811528921127e-03
6.963788182474672794e-04
2.500000037252902985e-02
3.749531169887632132e-04
1.186239649541676044e-03
1.020408142358064651e-02
5.114566374686546624e-05
1.923076924867928028e-03
3.030303120613098145e-02
2.183406148105859756e-03
1.804858766263350844e-05
1.370989921269938350e-04
1.624695432838052511e-04
2.206044591730460525e-04
4.184100311249494553e-03
2.012072363868355751e-03
1.128872008848702535e-05
5.659309681504964828e-04
1.390820601955056190e-03
3.030303120613098145e-02
4.539264773484319448e-04
1.000000014901161194e-01
1.123595517128705978e-02
1.406469731591641903e-03
1.795332180336117744e-03
8.051529875956475735e-04
2.604166744276881218e-03
2.564102469477802515e-04
2.506265649572014809e-03
3.601008211262524128e-04
2.856326755136251450e-04
3.460207663010805845e-04
1.249219203600659966e-04
1.923076924867928028e-03
9.090908803045749664e-03
2.083333395421504974e-02
2.637826401041820645e-05
5.678591551259160042e-04
7.468817784683778882e-05
1.117318402975797653e-03
2.635254350025206804e-05
2.584647154435515404e-04
4.184100311249494553e-03
1.210345999425044283e-05
8.841733215376734734e-04
4.184100311249494553e-03
9.090908803045749664e-03
1.111111138015985489e-02
5.599104333668947220e-04
6.652474985457956791e-05
3.030303120613098145e-02
3.601008211262524128e-04
1.785714365541934967e-02
1.923076924867928028e-03
1.061345756170339882e-04
4.048583097755908966e-03
4.137360374443233013e-04
3.601008211262524128e-04
1.785714365541934967e-02
3.079765883740037680e-04
1.785714365541934967e-02
2.695417730137705803e-03
7.575757801532745361e-03
3.412969177588820457e-03
1.689189230091869831e-03
4.761904850602149963e-02
1.000000014901161194e-01
5.000000074505805969e-02
1.102535868994891644e-03
5.847953259944915771e-03
4.901960957795381546e-03
7.810669194441288710e-05
1.408450677990913391e-02
9.090909361839294434e-02
2.538973240007180721e-05
9.915716509567573667e-05
6.214268069015815854e-05
1.812250848161056638e-04
2.056343801086768508e-04
2.421307610347867012e-03
3.039513714611530304e-03
2.424242411507293582e-04
6.692096940241754055e-05
1.748251816025003791e-04
3.846153989434242249e-02
1.937984488904476166e-03
9.090909361839294434e-02
2.500000037252902985e-02
1.923076924867928028e-03
7.042253389954566956e-03
3.724810812855139375e-05
1.369863003492355347e-02
8.801654985290952027e-06
3.280839882791042328e-04
3.999999910593032837e-02
1.164144370704889297e-03
1.992031931877136230e-03
2.163097524316981435e-04
2.272727340459823608e-02
1.571832690387964249e-04
3.344481578096747398e-03
1.019367948174476624e-03
1.571832690387964249e-04
1.785714365541934967e-02
1.864975783973932266e-04
1.307189580984413624e-03
9.345794096589088440e-03
3.030303120613098145e-02
3.030303120613098145e-02
5.599104333668947220e-04
5.555555690079927444e-03
3.846153989434242249e-02
9.999999776482582092e-03
4.079967329744249582e-04
1.785714365541934967e-02
1.588057784829288721e-04
1.923076924867928028e-03
1.250000000000000000e-01
1.428571436554193497e-02
3.267973952461034060e-04
3.952569328248500824e-03
1.923076924867928028e-03
2.147305203834548593e-04
5.988024175167083740e-03
1.812250848161056638e-04
3.115264698863029480e-03
1.432459539500996470e-04
3.030303120613098145e-02
5.871301254956051707e-05
4.048583097755908966e-03
5.583472666330635548e-04
2.847056202881503850e-05
2.566076545917894691e-05
1.785714365541934967e-02
2.215330023318529129e-04
1.250000000000000000e-01
5.458515370264649391e-04
1.506477856310084462e-04
5.743825458921492100e-04
2.481389557942748070e-03
8.196720853447914124e-03
4.533091560006141663e-04
1.430615200661122799e-03
3.030303120613098145e-02
1.923076994717121124e-02
1.000000014901161194e-01
1.123595517128705978e-02
3.030303120613098145e-02
5.681818351149559021e-03
1.392757636494934559e-03
1.571832690387964249e-04
1.923076924867928028e-03
4.616805235855281353e-04
1.689189230091869831e-03
8.064515888690948486e-03
1.370989921269938350e-04
9.033423848450183868e-04
5.555555596947669983e-02
1.772735267877578735e-04
5.740527994930744171e-04
1.571832690387964249e-04
4.378283629193902016e-04
7.204610737971961498e-04
5.546004103962332010e-05
2.739726100116968155e-03
3.875968977808952332e-03
1.923076994717121124e-02
1.508295652456581593e-03
9.999999776482582092e-03
6.974473217269405723e-05
1.529285800643265247e-04
1.369863003492355347e-02
1.236093958141282201e-04
4.048583097755908966e-03
3.030303120613098145e-02
1.923076924867928028e-03
1.737015845719724894e-04
1.812250848161056638e-04
1.612903201021254063e-03
7.692307978868484497e-02
2.439024299383163452e-02
1.189343456644564867e-04
1.449275389313697815e-02
1.449275389313697815e-02
2.040816284716129303e-02
1.571832690387964249e-04
1.513088209321722388e-04
3.030303120613098145e-02
1.300390111282467842e-03
1.011122367344796658e-03
5.076142027974128723e-03
4.007052484666928649e-05
1.785714365541934967e-02
7.535794866271317005e-04
1.858736039139330387e-03
1.689189230091869831e-03
1.785714365541934967e-02
4.863813228439539671e-04
2.380952425301074982e-02
9.671180159784853458e-04
3.030303120613098145e-02
3.448275849223136902e-02
2.358490601181983948e-03
1.785714365541934967e-02
1.408450677990913391e-02
1.370989921269938350e-04
5.988024175167083740e-03
1.379310415359213948e-04
1.011122367344796658e-03
2.075980883091688156e-04
1.518372300779446959e-04
2.631578966975212097e-02
5.988024175167083740e-03
2.183406148105859756e-03
1.317002461291849613e-04
3.401360474526882172e-03
1.785714365541934967e-02
3.243593964725732803e-04
3.030303120613098145e-02
1.250000000000000000e-01
1.960784429684281349e-03
2.583979396149516106e-03
4.310344811528921127e-03
2.808988792821764946e-03
7.293946109712123871e-04
1.923076924867928028e-03
5.555555596947669983e-02
3.533568931743502617e-03
2.942041901405900717e-04
1.370989921269938350e-04
1.191895105876028538e-03
1.737015845719724894e-04
1.370989921269938350e-04
2.183406148105859756e-03
1.814552670111879706e-04
3.178639453835785389e-04
1.492537278681993484e-02
4.649216498364694417e-05
5.777007318101823330e-04
1.485001557739451528e-04
1.123595517128705978e-02
2.536140091251581907e-04
4.863813228439539671e-04
1.083423630916513503e-04
3.164557041600346565e-03
1.812250848161056638e-04
1.785714365541934967e-02
3.999999910593032837e-02
3.030303120613098145e-02
1.837222080212086439e-04
1.812250848161056638e-04
1.785714365541934967e-02
8.000000379979610443e-03
1.428571492433547974e-01
7.142857182770967484e-03
8.960573468357324600e-04
6.203473894856870174e-04
4.098360426723957062e-03
6.472491659224033356e-04
1.923076924867928028e-03
4.549176446744240820e-05
1.923076924867928028e-03
1.812250848161056638e-04
3.030303120613098145e-02
8.071024785749614239e-04
1.422677451046183705e-04
1.785714365541934967e-02
3.115264698863029480e-03
1.612903201021254063e-03
1.785714365541934967e-02
5.599104333668947220e-04
1.785714365541934967e-02
7.423905190080404282e-04
1.795332180336117744e-03
9.276437922380864620e-04
5.076142027974128723e-03
1.791472604963928461e-04
1.785714365541934967e-02
1.019367948174476624e-03
3.601008211262524128e-04
4.504504613578319550e-04
1.157407386926934123e-04
7.142857462167739868e-02
1.345713972114026546e-04
2.183406148105859756e-03
4.366812296211719513e-03
1.923076994717121124e-02
1.449275389313697815e-02
1.136363670229911804e-02
9.689922444522380829e-05
1.766784465871751308e-03
1.795654534362256527e-04
9.345794096589088440e-03
6.756756920367479324e-03
3.030303120613098145e-02
1.812250848161056638e-04
5.555555690079927444e-03
2.127659507095813751e-02
4.255319014191627502e-03
1.727115741232410073e-04
3.601008211262524128e-04
1.785714365541934967e-02
1.812250848161056638e-04
5.659309681504964828e-04
1.812250848161056638e-04
3.378378460183739662e-03
6.666667014360427856e-02
1.564210833748802543e-04
1.000000000000000000e+00
8.264462463557720184e-03
1.571832690387964249e-04
2.321262727491557598e-04
3.033060347661375999e-04
5.955926026217639446e-04
1.923076924867928028e-03
1.190476212650537491e-02
5.882353056222200394e-03
1.785714365541934967e-02
4.065040498971939087e-03
1.782531151548027992e-03
3.178639453835785389e-04
2.500000037252902985e-02
9.708737954497337341e-03
1.612903201021254063e-03
1.582278520800173283e-03
1.123595517128705978e-02
7.751937955617904663e-03
3.344481578096747398e-03
2.467917220201343298e-04
5.316321039572358131e-04
5.205622292123734951e-04
1.562500000000000000e-02
1.207729452289640903e-03
3.030303120613098145e-02
1.176470611244440079e-02
9.999999776482582092e-03
1.785714365541934967e-02
3.571428731083869934e-02
1.812250848161056638e-04
1.369863003492355347e-02
1.333333365619182587e-02
5.617977585643529892e-03
3.533568931743502617e-03
1.123595517128705978e-02
4.347826167941093445e-02
8.849557489156723022e-03
1.237623742781579494e-03
9.727626456879079342e-04
1.315789530053734779e-03
6.410256493836641312e-03
3.178639453835785389e-04
1.666666716337203979e-01
5.882352963089942932e-02
5.988024175167083740e-03
6.666667014360427856e-02
1.612903201021254063e-03
1.123595517128705978e-02
1.689189230091869831e-03
1.571832690387964249e-04
1.005631565931253135e-04
2.978850097861140966e-04
3.246753243729472160e-03
2.183406148105859756e-03
1.737015845719724894e-04
2.206190583819989115e-05
1.028700717142783105e-04
2.500000037252902985e-02
1.923076924867928028e-03
4.875670420005917549e-04
7.142857462167739868e-02
1.061345756170339882e-04
5.227391375228762627e-04
9.920635493472218513e-04
5.219206796027719975e-04
6.587615353055298328e-04
3.601008211262524128e-04
6.242976814974099398e-05
1.923076924867928028e-03
4.184100311249494553e-03
6.329114083200693130e-03
2.325581386685371399e-02
1.043841359205543995e-03
1.190476212650537491e-02
1.923076994717121124e-02
1.558117801323533058e-04
1.552795059978961945e-03
1.785714365541934967e-02
2.500000037252902985e-02
1.298701297491788864e-02
2.500000037252902985e-02
9.999999776482582092e-03
1.193317468278110027e-03
6.666667014360427856e-02
2.857142826542258263e-03
3.448275849223136902e-02
1.923076924867928028e-03
2.500000037252902985e-02
1.578531955601647496e-04
1.001000986434519291e-03
2.949852496385574341e-03
6.678688077954575419e-05
2.702702768146991730e-02
2.619172446429729462e-04
6.574622238986194134e-04
1.448855473427101970e-04
9.708738070912659168e-05
7.651109481230378151e-04
4.048583097755908966e-03
9.999999776482582092e-03
1.279099524253979325e-04
2.462629527144599706e-05
9.999999776482582092e-03
1.290156069444492459e-04
1.344086020253598690e-03
2.173913083970546722e-02
4.248088225722312927e-04
1.785714365541934967e-02
