8.135253190994262695e-01
9.902740120887756348e-01
9.950413703918457031e-01
9.885445237159729004e-01
9.832074642181396484e-01
8.127914071083068848e-01
9.946447610855102539e-01
9.950063824653625488e-01
9.958823323249816895e-01
9.964894652366638184e-01
9.467288851737976074e-01
9.525384902954101562e-01
9.961901307106018066e-01
9.623319506645202637e-01
9.982581138610839844e-01
9.963700771331787109e-01
9.970204830169677734e-01
9.637598395347595215e-01
9.699283838272094727e-01
9.862686395645141602e-01
9.503695368766784668e-01
9.934997558593750000e-01
9.249346256256103516e-01
9.603509902954101562e-01
9.827907681465148926e-01
9.602601528167724609e-01
9.940032958984375000e-01
9.755644798278808594e-01
9.994271993637084961e-01
9.894978404045104980e-01
9.387702941894531250e-01
9.767487645149230957e-01
9.563476443290710449e-01
9.529255032539367676e-01
9.947189092636108398e-01
9.914086461067199707e-01
9.863265156745910645e-01
9.975936412811279297e-01
9.321919679641723633e-01
9.483289718627929688e-01
9.915010333061218262e-01
9.830014705657958984e-01
9.958899021148681641e-01
9.998076558113098145e-01
9.873658418655395508e-01
9.944565892219543457e-01
9.585524797439575195e-01
8.647413253784179688e-01
9.936274290084838867e-01
9.901086688041687012e-01
9.773243069648742676e-01
9.808501005172729492e-01
9.740628600120544434e-01
9.478387236595153809e-01
9.690517783164978027e-01
9.856204986572265625e-01
9.935498833656311035e-01
9.683675169944763184e-01
9.996251463890075684e-01
9.984367489814758301e-01
9.616686105728149414e-01
9.778781533241271973e-01
9.110333323478698730e-01
9.928902983665466309e-01
9.933763146400451660e-01
9.809067845344543457e-01
9.452658891677856445e-01
9.936722517013549805e-01
9.788855314254760742e-01
9.914059638977050781e-01
9.441640377044677734e-01
9.993535280227661133e-01
9.880495667457580566e-01
9.718949794769287109e-01
8.258644938468933105e-01
9.697328209877014160e-01
9.728166460990905762e-01
9.726204872131347656e-01
9.378079175949096680e-01
8.884339928627014160e-01
9.826992154121398926e-01
9.752016067504882812e-01
9.956781864166259766e-01
9.948866963386535645e-01
9.930366277694702148e-01
9.998227357864379883e-01
9.962494373321533203e-01
9.836142063140869141e-01
9.800564050674438477e-01
9.973186850547790527e-01
9.762526154518127441e-01
9.792007803916931152e-01
9.857920408248901367e-01
9.724014401435852051e-01
8.485326170921325684e-01
9.982453584671020508e-01
9.864705204963684082e-01
9.982271790504455566e-01
9.969862103462219238e-01
9.904891848564147949e-01
9.383910298347473145e-01
9.781663417816162109e-01
9.772172570228576660e-01
9.827910661697387695e-01
9.678449034690856934e-01
9.949942827224731445e-01
9.848024845123291016e-01
9.926908612251281738e-01
9.907226562500000000e-01
9.864639043807983398e-01
9.812981486320495605e-01
9.700354337692260742e-01
9.970383048057556152e-01
9.603918790817260742e-01
9.949512481689453125e-01
9.863588213920593262e-01
9.823912978172302246e-01
9.840997457504272461e-01
9.929392933845520020e-01
9.754415750503540039e-01
9.919209480285644531e-01
9.312195777893066406e-01
9.291486144065856934e-01
9.988528490066528320e-01
9.953017830848693848e-01
9.888002276420593262e-01
9.232513308525085449e-01
9.801937937736511230e-01
9.963710904121398926e-01
9.990569949150085449e-01
9.676275253295898438e-01
9.994716644287109375e-01
9.842127561569213867e-01
9.926654100418090820e-01
9.748637080192565918e-01
9.907453060150146484e-01
9.729136824607849121e-01
9.711737632751464844e-01
9.671249389648437500e-01
9.842614531517028809e-01
9.897130727767944336e-01
9.873676300048828125e-01
9.863387942314147949e-01
9.875156879425048828e-01
9.475030303001403809e-01
9.924552440643310547e-01
9.766515493392944336e-01
9.981715083122253418e-01
9.085754156112670898e-01
9.800935387611389160e-01
9.560027122497558594e-01
9.659857153892517090e-01
9.830014109611511230e-01
9.023270606994628906e-01
9.979475736618041992e-01
9.917473196983337402e-01
9.780851602554321289e-01
9.856899976730346680e-01
9.668678641319274902e-01
9.952625036239624023e-01
9.948323369026184082e-01
9.720237255096435547e-01
9.882394671440124512e-01
9.892857074737548828e-01
9.862782955169677734e-01
9.996802210807800293e-01
8.657614588737487793e-01
9.857580065727233887e-01
9.775989055633544922e-01
9.977493882179260254e-01
9.663962125778198242e-01
9.922888875007629395e-01
9.934848546981811523e-01
9.975805878639221191e-01
9.895780682563781738e-01
9.958271980285644531e-01
9.349915385246276855e-01
9.309437870979309082e-01
9.941371679306030273e-01
9.401265382766723633e-01
9.969851374626159668e-01
9.560676217079162598e-01
9.976199269294738770e-01
9.993384480476379395e-01
9.973233342170715332e-01
9.879000186920166016e-01
9.938585162162780762e-01
9.927224516868591309e-01
9.775561094284057617e-01
9.988146424293518066e-01
9.935490489006042480e-01
9.898802042007446289e-01
9.727776646614074707e-01
9.836280941963195801e-01
9.963021278381347656e-01
9.953743815422058105e-01
9.414114952087402344e-01
8.078562021255493164e-01
9.685426950454711914e-01
9.977140426635742188e-01
9.646373987197875977e-01
9.150676727294921875e-01
9.954660534858703613e-01
9.828392267227172852e-01
9.885115623474121094e-01
9.843103289604187012e-01
9.650287628173828125e-01
9.929884076118469238e-01
9.946010708808898926e-01
9.712154865264892578e-01
9.917148947715759277e-01
9.828466176986694336e-01
9.732053875923156738e-01
9.074102640151977539e-01
9.979386329650878906e-01
9.899748563766479492e-01
9.858379364013671875e-01
9.613149166107177734e-01
9.102618098258972168e-01
9.975560903549194336e-01
9.796523451805114746e-01
9.930453300476074219e-01
9.926796555519104004e-01
9.698470830917358398e-01
9.291828870773315430e-01
9.892295002937316895e-01
9.964848160743713379e-01
9.417520761489868164e-01
9.978550076484680176e-01
9.833925962448120117e-01
9.828333258628845215e-01
9.742218255996704102e-01
9.853333234786987305e-01
9.984783530235290527e-01
9.590561389923095703e-01
8.400655388832092285e-01
9.930739998817443848e-01
9.947098493576049805e-01
9.655252099037170410e-01
9.935238957405090332e-01
9.838885664939880371e-01
9.366316795349121094e-01
9.257187843322753906e-01
9.957382678985595703e-01
9.874789118766784668e-01
9.657707810401916504e-01
9.828071594238281250e-01
9.862888455390930176e-01
9.848439693450927734e-01
9.555271863937377930e-01
9.293310046195983887e-01
9.979072809219360352e-01
9.607515335083007812e-01
9.885165691375732422e-01
9.662144184112548828e-01
9.394235610961914062e-01
9.973716735839843750e-01
9.942558407783508301e-01
9.752923846244812012e-01
9.834484457969665527e-01
9.980324506759643555e-01
9.206891059875488281e-01
9.907463192939758301e-01
9.956079125404357910e-01
9.774225950241088867e-01
9.685242772102355957e-01
9.454681873321533203e-01
9.916362166404724121e-01
9.924792647361755371e-01
9.692587852478027344e-01
9.933957457542419434e-01
9.996891021728515625e-01
9.371625185012817383e-01
9.743872284889221191e-01
9.554859399795532227e-01
9.442169070243835449e-01
9.970231056213378906e-01
9.973390102386474609e-01
9.975864291191101074e-01
9.654917120933532715e-01
8.853285312652587891e-01
9.949069023132324219e-01
9.616683125495910645e-01
9.994438290596008301e-01
9.967680573463439941e-01
9.922315478324890137e-01
9.877939820289611816e-01
9.601131677627563477e-01
9.891643524169921875e-01
9.960511326789855957e-01
9.857924580574035645e-01
7.902210950851440430e-01
9.977090954780578613e-01
9.991570711135864258e-01
9.889140129089355469e-01
9.800211787223815918e-01
9.427892565727233887e-01
9.785494208335876465e-01
9.938519597053527832e-01
9.829992651939392090e-01
9.961112737655639648e-01
9.966367483139038086e-01
9.461654424667358398e-01
9.914932250976562500e-01
9.276542663574218750e-01
9.644413590431213379e-01
9.852652549743652344e-01
8.456919789314270020e-01
8.984539508819580078e-01
9.912857413291931152e-01
9.865141510963439941e-01
9.729093313217163086e-01
6.330986022949218750e-01
7.955371141433715820e-01
9.902045726776123047e-01
9.967514276504516602e-01
9.954745769500732422e-01
9.915819764137268066e-01
9.739019870758056641e-01
9.986286759376525879e-01
9.825598597526550293e-01
9.916880130767822266e-01
9.435579776763916016e-01
9.989652037620544434e-01
9.836476445198059082e-01
9.963848590850830078e-01
9.745502471923828125e-01
8.659373521804809570e-01
9.993864893913269043e-01
9.895007014274597168e-01
9.911813735961914062e-01
9.969518780708312988e-01
9.982619285583496094e-01
9.609148502349853516e-01
9.967613220214843750e-01
9.955558180809020996e-01
9.731564521789550781e-01
9.748086929321289062e-01
9.701332449913024902e-01
9.627215266227722168e-01
9.876224994659423828e-01
9.921900629997253418e-01
9.709800481796264648e-01
9.932676553726196289e-01
9.976534843444824219e-01
9.846085309982299805e-01
9.866289496421813965e-01
9.842674732208251953e-01
9.815621972084045410e-01
9.326925277709960938e-01
8.706104755401611328e-01
9.886988997459411621e-01
9.989786744117736816e-01
9.949885606765747070e-01
9.826982617378234863e-01
9.963778257369995117e-01
9.541862607002258301e-01
8.603410720825195312e-01
9.932532310485839844e-01
9.957633018493652344e-01
9.780992269515991211e-01
9.870810508728027344e-01
9.760872125625610352e-01
9.944523572921752930e-01
9.929296374320983887e-01
9.877297878265380859e-01
9.944435954093933105e-01
9.542583227157592773e-01
9.869289398193359375e-01
9.703646898269653320e-01
9.972918629646301270e-01
9.827911853790283203e-01
9.916043877601623535e-01
9.569723010063171387e-01
9.790406823158264160e-01
9.943624734878540039e-01
9.603680968284606934e-01
9.814128279685974121e-01
9.960820078849792480e-01
9.928316473960876465e-01
9.919761419296264648e-01
9.967654347419738770e-01
9.813027977943420410e-01
9.916261434555053711e-01
9.717747569084167480e-01
9.916957616806030273e-01
9.809749722480773926e-01
9.804947972297668457e-01
9.952672719955444336e-01
9.954930543899536133e-01
9.950560927391052246e-01
9.970514774322509766e-01
9.580612778663635254e-01
9.788508415222167969e-01
9.913016557693481445e-01
9.560468792915344238e-01
9.917151331901550293e-01
9.916908144950866699e-01
9.924219250679016113e-01
9.890338778495788574e-01
9.972673058509826660e-01
9.876483082771301270e-01
9.956104159355163574e-01
9.271152615547180176e-01
9.963330626487731934e-01
9.957783818244934082e-01
9.923420548439025879e-01
9.890296459197998047e-01
9.789205789566040039e-01
9.962171316146850586e-01
9.910714030265808105e-01
9.882527589797973633e-01
9.823134541511535645e-01
9.824125170707702637e-01
9.873638153076171875e-01
9.594962000846862793e-01
9.817530512809753418e-01
9.848424792289733887e-01
9.722464680671691895e-01
9.693844318389892578e-01
9.037358760833740234e-01
9.746381044387817383e-01
7.968978285789489746e-01
9.778418540954589844e-01
9.945677518844604492e-01
9.563174843788146973e-01
9.898459315299987793e-01
9.957868456840515137e-01
9.840927720069885254e-01
9.797774553298950195e-01
8.258102536201477051e-01
9.912801384925842285e-01
9.651491045951843262e-01
9.877254962921142578e-01
9.230138063430786133e-01
9.752294421195983887e-01
9.698958396911621094e-01
9.455827474594116211e-01
9.918100237846374512e-01
9.925667047500610352e-01
9.977821707725524902e-01
9.730138778686523438e-01
9.898343086242675781e-01
9.387657046318054199e-01
9.532283544540405273e-01
9.784792661666870117e-01
8.606491088867187500e-01
9.800357222557067871e-01
7.473216056823730469e-01
9.951444268226623535e-01
9.865580201148986816e-01
9.998835921287536621e-01
9.969221353530883789e-01
9.858502745628356934e-01
9.950743317604064941e-01
9.971216320991516113e-01
9.907223582267761230e-01
9.849939346313476562e-01
9.078549742698669434e-01
9.762314558029174805e-01
9.969326257705688477e-01
9.638508558273315430e-01
9.886702299118041992e-01
9.725036025047302246e-01
9.994194507598876953e-01
9.839960932731628418e-01
8.618843555450439453e-01
9.727277755737304688e-01
9.749597907066345215e-01
9.852175116539001465e-01
9.888153076171875000e-01
9.951925277709960938e-01
9.978836178779602051e-01
9.669491052627563477e-01
9.979400634765625000e-01
9.912922382354736328e-01
9.790238738059997559e-01
8.149098157882690430e-01
9.917406439781188965e-01
9.893098473548889160e-01
9.736575484275817871e-01
9.460216164588928223e-01
9.830523729324340820e-01
9.236168265342712402e-01
9.887908101081848145e-01
9.773220419883728027e-01
9.854648113250732422e-01
9.885374307632446289e-01
9.796001911163330078e-01
9.908729195594787598e-01
9.879104495048522949e-01
9.979658722877502441e-01
9.536662101745605469e-01
9.947265386581420898e-01
8.619648814201354980e-01
9.427605867385864258e-01
8.651612401008605957e-01
9.924157261848449707e-01
9.936680197715759277e-01
9.865521192550659180e-01
9.943343997001647949e-01
9.925498962402343750e-01
9.920659065246582031e-01
9.602010250091552734e-01
9.976188540458679199e-01
9.488965868949890137e-01
9.981124401092529297e-01
9.680249094963073730e-01
9.940870404243469238e-01
9.101079106330871582e-01
9.956029653549194336e-01
9.943392872810363770e-01
9.615158438682556152e-01
9.990830421447753906e-01
9.945695996284484863e-01
9.902239441871643066e-01
9.746256470680236816e-01
9.866759181022644043e-01
9.874842762947082520e-01
9.449151754379272461e-01
9.852897524833679199e-01
9.571114778518676758e-01
8.204186558723449707e-01
9.833703637123107910e-01
9.298572540283203125e-01
9.831702709197998047e-01
9.735732674598693848e-01
9.849216341972351074e-01
9.954878687858581543e-01
9.952924847602844238e-01
9.585711956024169922e-01
9.896026849746704102e-01
9.567858576774597168e-01
9.899709820747375488e-01
9.856085777282714844e-01
9.960211515426635742e-01
9.841054677963256836e-01
9.964609742164611816e-01
9.886243939399719238e-01
9.575157165527343750e-01
9.904912710189819336e-01
9.803766608238220215e-01
9.979176521301269531e-01
9.923666715621948242e-01
9.484972953796386719e-01
9.975818395614624023e-01
9.786790609359741211e-01
9.928827881813049316e-01
9.936469793319702148e-01
9.876616001129150391e-01
9.976517558097839355e-01
9.989327788352966309e-01
9.709380865097045898e-01
9.240829944610595703e-01
9.911519289016723633e-01
9.665346145629882812e-01
9.978899955749511719e-01
9.632521271705627441e-01
9.914482831954956055e-01
9.144141077995300293e-01
9.911809563636779785e-01
9.583325982093811035e-01
9.055754542350769043e-01
9.646433591842651367e-01
9.734190702438354492e-01
9.656683802604675293e-01
9.984033107757568359e-01
9.932291507720947266e-01
8.597155213356018066e-01
9.700768589973449707e-01
9.864035844802856445e-01
9.936746358871459961e-01
9.710654020309448242e-01
9.485973715782165527e-01
7.857794165611267090e-01
9.854835867881774902e-01
9.837955236434936523e-01
9.983393549919128418e-01
9.935700893402099609e-01
9.573007225990295410e-01
9.543975591659545898e-01
9.977250099182128906e-01
9.852228164672851562e-01
9.928451776504516602e-01
9.157610535621643066e-01
8.277375698089599609e-01
9.804056286811828613e-01
9.974481463432312012e-01
9.990903735160827637e-01
9.786039590835571289e-01
9.669416546821594238e-01
9.432339072227478027e-01
9.495195746421813965e-01
9.829052686691284180e-01
9.969817996025085449e-01
9.897554516792297363e-01
9.866689443588256836e-01
9.985135793685913086e-01
9.772940278053283691e-01
9.867665767669677734e-01
9.980174899101257324e-01
9.840054512023925781e-01
9.873336553573608398e-01
9.642729759216308594e-01
9.733626246452331543e-01
9.861733913421630859e-01
9.960974454879760742e-01
9.977858066558837891e-01
8.542760014533996582e-01
9.962930083274841309e-01
9.851662516593933105e-01
9.748892784118652344e-01
8.673922419548034668e-01
9.905537962913513184e-01
9.926887750625610352e-01
9.554364681243896484e-01
9.096275568008422852e-01
9.880812764167785645e-01
9.913362264633178711e-01
9.655380249023437500e-01
9.877344965934753418e-01
9.991438388824462891e-01
9.866773486137390137e-01
9.862870573997497559e-01
9.957382082939147949e-01
9.806404113769531250e-01
9.981586933135986328e-01
9.823229312896728516e-01
9.964166283607482910e-01
9.733009934425354004e-01
9.699382185935974121e-01
9.963507056236267090e-01
9.524181485176086426e-01
9.996932148933410645e-01
9.823183417320251465e-01
9.744934439659118652e-01
9.156029224395751953e-01
9.910569190979003906e-01
9.887368083000183105e-01
9.907437562942504883e-01
9.973890781402587891e-01
9.923987388610839844e-01
9.796463251113891602e-01
9.939441084861755371e-01
9.914829134941101074e-01
9.762433171272277832e-01
9.869221448898315430e-01
9.729600548744201660e-01
8.755551576614379883e-01
9.911545515060424805e-01
9.918310642242431641e-01
9.987111091613769531e-01
9.148739576339721680e-01
9.931622743606567383e-01
9.909389019012451172e-01
9.949571490287780762e-01
9.787549972534179688e-01
9.803763628005981445e-01
9.882317781448364258e-01
9.882050156593322754e-01
9.408254623413085938e-01
9.317629933357238770e-01
9.775917530059814453e-01
9.940835237503051758e-01
9.968575835227966309e-01
9.968591928482055664e-01
9.778788089752197266e-01
9.823397397994995117e-01
9.724981784820556641e-01
9.854148626327514648e-01
8.189365863800048828e-01
9.815033674240112305e-01
9.824484586715698242e-01
9.921357631683349609e-01
9.967809319496154785e-01
9.900786876678466797e-01
9.993416070938110352e-01
9.998053312301635742e-01
9.811797142028808594e-01
9.672815799713134766e-01
9.904024004936218262e-01
9.901369810104370117e-01
9.954785704612731934e-01
9.943928718566894531e-01
9.751085638999938965e-01
9.973399639129638672e-01
9.976273179054260254e-01
9.606879949569702148e-01
9.934998750686645508e-01
9.977412223815917969e-01
9.272778034210205078e-01
9.986156821250915527e-01
9.957758784294128418e-01
9.994055628776550293e-01
9.839370846748352051e-01
9.894566535949707031e-01
9.915402531623840332e-01
9.329354763031005859e-01
9.486333727836608887e-01
9.947949051856994629e-01
9.953724741935729980e-01
9.947389960289001465e-01
9.837043285369873047e-01
9.934609532356262207e-01
9.999791383743286133e-01
9.901856184005737305e-01
9.870770573616027832e-01
9.562034606933593750e-01
9.926974177360534668e-01
9.974880814552307129e-01
9.974027276039123535e-01
9.625734686851501465e-01
9.871138334274291992e-01
9.827319383621215820e-01
9.942733049392700195e-01
9.430656433105468750e-01
9.834913015365600586e-01
9.969040155410766602e-01
9.842830300331115723e-01
9.907714724540710449e-01
9.922075271606445312e-01
9.779567718505859375e-01
9.769601821899414062e-01
9.504718184471130371e-01
9.972066879272460938e-01
9.878755807876586914e-01
9.912083745002746582e-01
9.692533612251281738e-01
9.640910029411315918e-01
9.896824955940246582e-01
9.952334761619567871e-01
9.810922741889953613e-01
9.805153608322143555e-01
9.363787174224853516e-01
9.255933761596679688e-01
9.088146090507507324e-01
9.782300591468811035e-01
9.835679531097412109e-01
9.952012896537780762e-01
9.906378388404846191e-01
9.973384141921997070e-01
9.978762269020080566e-01
8.789786696434020996e-01
9.995341897010803223e-01
9.477795362472534180e-01
9.977466464042663574e-01
9.715214371681213379e-01
9.139930605888366699e-01
9.552675485610961914e-01
9.490145444869995117e-01
9.832497835159301758e-01
9.964386224746704102e-01
9.985504746437072754e-01
9.392179846763610840e-01
9.938542246818542480e-01
9.910790324211120605e-01
9.911692738533020020e-01
9.961327314376831055e-01
9.959178566932678223e-01
9.920516610145568848e-01
9.880028367042541504e-01
9.952728748321533203e-01
9.977352619171142578e-01
9.892386198043823242e-01
9.984426498413085938e-01
9.934656023979187012e-01
9.717909097671508789e-01
9.843208789825439453e-01
9.905152916908264160e-01
9.881675839424133301e-01
9.756821990013122559e-01
9.962597489356994629e-01
9.833055138587951660e-01
9.904684424400329590e-01
9.237229824066162109e-01
9.143612384796142578e-01
9.437144994735717773e-01
9.359604120254516602e-01
8.855174779891967773e-01
9.997184872627258301e-01
9.671111702919006348e-01
9.988428354263305664e-01
9.968977570533752441e-01
9.716873168945312500e-01
9.899616241455078125e-01
9.986692070960998535e-01
9.996216893196105957e-01
9.924198985099792480e-01
9.999235272407531738e-01
9.926382899284362793e-01
9.813537597656250000e-01
9.438757300376892090e-01
9.956070184707641602e-01
9.330326318740844727e-01
9.808368086814880371e-01
9.530740380287170410e-01
9.958422780036926270e-01
9.975504279136657715e-01
9.317919611930847168e-01
9.042800664901733398e-01
9.025880694389343262e-01
9.786828160285949707e-01
9.965939521789550781e-01
9.981610178947448730e-01
9.905763864517211914e-01
9.203232526779174805e-01
9.882605075836181641e-01
9.318416714668273926e-01
9.893449544906616211e-01
9.372388124465942383e-01
9.886342287063598633e-01
9.427183866500854492e-01
9.893004894256591797e-01
9.937645196914672852e-01
9.952980279922485352e-01
9.673635959625244141e-01
9.971894621849060059e-01
9.861515164375305176e-01
9.951333403587341309e-01
9.847651124000549316e-01
9.968807101249694824e-01
9.365710616111755371e-01
9.967396259307861328e-01
9.762148261070251465e-01
9.725372791290283203e-01
9.949858784675598145e-01
8.299075961112976074e-01
9.839327931404113770e-01
9.861060380935668945e-01
9.963933825492858887e-01
9.917219281196594238e-01
9.973930716514587402e-01
9.912713766098022461e-01
9.927754402160644531e-01
9.659748673439025879e-01
9.480326175689697266e-01
9.969722628593444824e-01
9.959601759910583496e-01
9.907090067863464355e-01
9.711990356445312500e-01
9.659858942031860352e-01
9.852471947669982910e-01
9.955211281776428223e-01
9.964414238929748535e-01
9.900075197219848633e-01
9.842560291290283203e-01
9.650600552558898926e-01
9.790162444114685059e-01
9.835521578788757324e-01
9.552628397941589355e-01
9.620581865310668945e-01
9.986582398414611816e-01
9.849100112915039062e-01
9.878814816474914551e-01
9.968550205230712891e-01
9.708046317100524902e-01
9.948098659515380859e-01
9.999339580535888672e-01
9.955059289932250977e-01
9.972162246704101562e-01
9.847525358200073242e-01
9.859679341316223145e-01
9.931552410125732422e-01
9.991500973701477051e-01
8.179593086242675781e-01
9.973585605621337891e-01
8.129792213439941406e-01
8.542340397834777832e-01
8.401305079460144043e-01
9.760911464691162109e-01
9.996836185455322266e-01
9.879168868064880371e-01
9.809907078742980957e-01
9.898812770843505859e-01
9.961656332015991211e-01
9.713965654373168945e-01
9.746944904327392578e-01
9.856998920440673828e-01
9.480083584785461426e-01
9.591289758682250977e-01
9.943073391914367676e-01
9.557099342346191406e-01
9.912936091423034668e-01
9.848371148109436035e-01
9.763953685760498047e-01
9.909330606460571289e-01
9.958243370056152344e-01
9.941422939300537109e-01
9.833557605743408203e-01
9.968196153640747070e-01
9.920966625213623047e-01
9.208288192749023438e-01
9.539961814880371094e-01
9.847847819328308105e-01
9.926369190216064453e-01
8.299610018730163574e-01
9.947021007537841797e-01
9.871305823326110840e-01
9.820182919502258301e-01
9.532241821289062500e-01
9.262880682945251465e-01
9.425671696662902832e-01
9.611764550209045410e-01
9.867408871650695801e-01
9.975056052207946777e-01
9.618526697158813477e-01
9.227190017700195312e-01
9.837507605552673340e-01
9.847382903099060059e-01
9.916675090789794922e-01
8.216905593872070312e-01
9.882765412330627441e-01
9.663558006286621094e-01
9.926262497901916504e-01
9.806864857673645020e-01
9.592808485031127930e-01
9.291201829910278320e-01
9.828850030899047852e-01
9.903780221939086914e-01
9.735110998153686523e-01
9.455816149711608887e-01
9.948399066925048828e-01
9.879640340805053711e-01
9.963457584381103516e-01
9.916609525680541992e-01
9.782444834709167480e-01
9.942362904548645020e-01
9.891440868377685547e-01
9.948232769966125488e-01
9.944549798965454102e-01
9.881314039230346680e-01
9.862520098686218262e-01
9.788087010383605957e-01
9.856202602386474609e-01
9.971819519996643066e-01
9.956322312355041504e-01
9.716535210609436035e-01
9.851914644241333008e-01
9.820036888122558594e-01
9.274500012397766113e-01
9.691634178161621094e-01
9.964598417282104492e-01
9.887208938598632812e-01
9.857981204986572266e-01
9.677304625511169434e-01
9.757403135299682617e-01
9.864111542701721191e-01
9.230865240097045898e-01
9.855235219001770020e-01
9.977657198905944824e-01
9.860728383064270020e-01
9.763482213020324707e-01
9.916572570800781250e-01
9.986581802368164062e-01
9.600405097007751465e-01
9.977298974990844727e-01
8.159409761428833008e-01
9.247100949287414551e-01
9.798282384872436523e-01
9.921629428863525391e-01
9.943801164627075195e-01
9.442961812019348145e-01
9.878070950508117676e-01
9.281243085861206055e-01
9.966292977333068848e-01
9.976871609687805176e-01
9.726381301879882812e-01
9.590283632278442383e-01
9.961872100830078125e-01
9.906346797943115234e-01
9.991309046745300293e-01
9.391027092933654785e-01
9.789641499519348145e-01
9.967828989028930664e-01
8.685147166252136230e-01
9.915570616722106934e-01
9.330509305000305176e-01
9.882063269615173340e-01
9.369378685951232910e-01
9.866786599159240723e-01
9.520562291145324707e-01
9.988489151000976562e-01
9.457715153694152832e-01
9.887489676475524902e-01
9.962379336357116699e-01
9.655700325965881348e-01
9.976425766944885254e-01
9.607172012329101562e-01
9.935826063156127930e-01
9.718044996261596680e-01
8.886892199516296387e-01
9.865958690643310547e-01
9.893381595611572266e-01
9.568930268287658691e-01
9.886972904205322266e-01
9.302436113357543945e-01
9.362635016441345215e-01
8.317458033561706543e-01
9.852541685104370117e-01
9.616259932518005371e-01
9.928126931190490723e-01
9.874189496040344238e-01
9.965067505836486816e-01
9.280699491500854492e-01
9.864116907119750977e-01
9.834104180335998535e-01
9.531622529029846191e-01
9.891351461410522461e-01
9.946412444114685059e-01
9.910270571708679199e-01
7.600091099739074707e-01
9.232637882232666016e-01
9.705012440681457520e-01
9.892124533653259277e-01
9.938109517097473145e-01
9.985976815223693848e-01
9.758349657058715820e-01
9.951077103614807129e-01
9.728639721870422363e-01
9.484243392944335938e-01
9.911761879920959473e-01
9.919872283935546875e-01
9.949178695678710938e-01
9.954606294631958008e-01
9.868577718734741211e-01
9.819983243942260742e-01
9.979132413864135742e-01
9.884383082389831543e-01
8.684816360473632812e-01
9.274716973304748535e-01
9.868708252906799316e-01
9.789265394210815430e-01
9.901706576347351074e-01
9.218525290489196777e-01
9.987289309501647949e-01
8.332051038742065430e-01
9.522529840469360352e-01
9.631318449974060059e-01
9.902083277702331543e-01
9.947689771652221680e-01
9.870575666427612305e-01
9.824632406234741211e-01
9.967723488807678223e-01
9.153214693069458008e-01
9.845164418220520020e-01
9.811449050903320312e-01
9.984214901924133301e-01
9.530083537101745605e-01
9.898815155029296875e-01
9.668052792549133301e-01
9.872058033943176270e-01
9.935773015022277832e-01
9.649804234504699707e-01
9.878787994384765625e-01
9.687306284904479980e-01
9.831797480583190918e-01
9.997667670249938965e-01
9.791081547737121582e-01
9.852064847946166992e-01
9.788939356803894043e-01
9.790980219841003418e-01
9.917069077491760254e-01
9.254150390625000000e-01
9.746221303939819336e-01
9.718296527862548828e-01
9.922956824302673340e-01
9.566283822059631348e-01
9.913915991783142090e-01
9.927988648414611816e-01
9.699956774711608887e-01
9.914019703865051270e-01
9.792446494102478027e-01
9.918403625488281250e-01
9.986539483070373535e-01
9.961451888084411621e-01
9.918221831321716309e-01
9.543751478195190430e-01
9.917248487472534180e-01
9.961775541305541992e-01
9.978767633438110352e-01
9.936941266059875488e-01
9.899525046348571777e-01
7.494993805885314941e-01
9.996541738510131836e-01
9.796374440193176270e-01
9.878463149070739746e-01
9.952327609062194824e-01
9.734914302825927734e-01
9.583306908607482910e-01
9.628161191940307617e-01
9.667264819145202637e-01
9.789381027221679688e-01
9.844376444816589355e-01
9.949600696563720703e-01
9.294103980064392090e-01
9.956582188606262207e-01
9.383456110954284668e-01
9.788740873336791992e-01
9.431939721107482910e-01
9.805874824523925781e-01
9.848715066909790039e-01
9.968228340148925781e-01
9.980024099349975586e-01
9.983140826225280762e-01
9.966365098953247070e-01
9.968867301940917969e-01
9.749554991722106934e-01
9.933140873908996582e-01
9.636595249176025391e-01
9.765201210975646973e-01
9.703636169433593750e-01
9.409856200218200684e-01
9.962554574012756348e-01
9.792953133583068848e-01
9.901935458183288574e-01
9.626042246818542480e-01
9.803992509841918945e-01
9.792544245719909668e-01
9.937494993209838867e-01
9.865306615829467773e-01
9.941620230674743652e-01
9.677203297615051270e-01
9.806253910064697266e-01
9.617711901664733887e-01
9.999965429306030273e-01
9.770831465721130371e-01
9.987833499908447266e-01
9.700029492378234863e-01
9.818055033683776855e-01
9.977722167968750000e-01
9.923966526985168457e-01
9.967415928840637207e-01
9.899442791938781738e-01
9.809548854827880859e-01
9.874018430709838867e-01
9.919400811195373535e-01
8.605626225471496582e-01
9.848406910896301270e-01
9.796844124794006348e-01
9.769945740699768066e-01
9.704246520996093750e-01
9.341739416122436523e-01
9.933211207389831543e-01
9.850271940231323242e-01
9.907056689262390137e-01
9.946755170822143555e-01
9.883931279182434082e-01
9.924505352973937988e-01
9.978094696998596191e-01
9.955161213874816895e-01
9.861207008361816406e-01
9.803131222724914551e-01
9.977468848228454590e-01
9.851420521736145020e-01
9.963002204895019531e-01
9.863449931144714355e-01
9.430902600288391113e-01
9.886462688446044922e-01
9.757105708122253418e-01
9.688127040863037109e-01
9.612893462181091309e-01
9.848162531852722168e-01
9.927275180816650391e-01
9.732673764228820801e-01
9.821550846099853516e-01
9.914881587028503418e-01
9.950870275497436523e-01
9.957548379898071289e-01
9.980813860893249512e-01
9.839888811111450195e-01
9.531028866767883301e-01
9.908927083015441895e-01
9.972113966941833496e-01
9.854326844215393066e-01
9.947336912155151367e-01
9.897524714469909668e-01
9.972938299179077148e-01
9.981507062911987305e-01
9.682153463363647461e-01
9.743267297744750977e-01
9.991777539253234863e-01
9.642220139503479004e-01
9.684703946113586426e-01
9.195427894592285156e-01
9.804162383079528809e-01
9.694928526878356934e-01
9.818903207778930664e-01
9.859786033630371094e-01
9.531725645065307617e-01
9.874883294105529785e-01
9.900951981544494629e-01
9.788183569908142090e-01
9.631116390228271484e-01
9.977872371673583984e-01
9.824607372283935547e-01
9.966690540313720703e-01
9.702120423316955566e-01
7.858083844184875488e-01
9.572165608406066895e-01
9.801024794578552246e-01
9.036531448364257812e-01
9.969047307968139648e-01
9.970269203186035156e-01
9.824035763740539551e-01
9.871834516525268555e-01
9.856206178665161133e-01
9.717826843261718750e-01
9.992479085922241211e-01
9.985215067863464355e-01
9.686662554740905762e-01
9.977512359619140625e-01
9.870417714118957520e-01
9.749639630317687988e-01
9.538410902023315430e-01
9.809988141059875488e-01
9.942324757575988770e-01
9.990774393081665039e-01
9.734690785408020020e-01
8.145211338996887207e-01
9.619013667106628418e-01
9.839522838592529297e-01
9.953892230987548828e-01
9.756836891174316406e-01
9.840691685676574707e-01
9.852807521820068359e-01
8.991215825080871582e-01
9.735223054885864258e-01
9.971520900726318359e-01
9.944656491279602051e-01
9.946479201316833496e-01
9.970145225524902344e-01
9.897787570953369141e-01
9.445785880088806152e-01
9.643470644950866699e-01
9.634729027748107910e-01
9.935460686683654785e-01
9.639586210250854492e-01
9.855980873107910156e-01
9.406905174255371094e-01
9.934291839599609375e-01
9.701628684997558594e-01
7.697594165802001953e-01
9.954143166542053223e-01
9.815873503684997559e-01
9.883483052253723145e-01
9.967461824417114258e-01
9.921687841415405273e-01
9.869230389595031738e-01
9.304227828979492188e-01
9.924553036689758301e-01
9.359683990478515625e-01
9.938832521438598633e-01
9.872158169746398926e-01
9.904612302780151367e-01
9.929065108299255371e-01
9.903998374938964844e-01
9.943130612373352051e-01
9.883072972297668457e-01
9.965500235557556152e-01
9.835187792778015137e-01
9.927706122398376465e-01
8.979052901268005371e-01
9.958127737045288086e-01
9.971687197685241699e-01
9.995818734169006348e-01
9.980689883232116699e-01
9.949699640274047852e-01
9.880988001823425293e-01
9.847053885459899902e-01
9.422909617424011230e-01
8.401868343353271484e-01
9.944434762001037598e-01
9.958665966987609863e-01
9.595881700515747070e-01
9.993140697479248047e-01
9.824565052986145020e-01
9.950446486473083496e-01
9.996649026870727539e-01
9.003660082817077637e-01
9.447696805000305176e-01
9.755502343177795410e-01
9.318006634712219238e-01
9.837436079978942871e-01
9.694163799285888672e-01
8.646084070205688477e-01
9.778731465339660645e-01
9.978091716766357422e-01
9.268146157264709473e-01
9.814645051956176758e-01
9.953131675720214844e-01
9.787020683288574219e-01
9.919216036796569824e-01
9.941170215606689453e-01
9.325926899909973145e-01
9.892996549606323242e-01
9.946549534797668457e-01
9.947788715362548828e-01
9.945043325424194336e-01
8.801169991493225098e-01
9.975328445434570312e-01
9.962458014488220215e-01
9.962890148162841797e-01
9.935490489006042480e-01
9.765098094940185547e-01
9.622609615325927734e-01
9.685930609703063965e-01
9.962822794914245605e-01
9.821985960006713867e-01
9.983879327774047852e-01
