9.943854808807373047e-01
9.937033653259277344e-01
9.964370727539062500e-01
9.955794811248779297e-01
9.975358843803405762e-01
9.633915424346923828e-01
9.891030192375183105e-01
9.803446531295776367e-01
9.913468360900878906e-01
9.976115822792053223e-01
9.811267852783203125e-01
9.992536902427673340e-01
9.845910072326660156e-01
9.988644719123840332e-01
9.901621937751770020e-01
9.992089867591857910e-01
9.963076710700988770e-01
9.970782995223999023e-01
9.990806579589843750e-01
9.863496422767639160e-01
9.998434185981750488e-01
9.866727590560913086e-01
9.979453682899475098e-01
9.933105111122131348e-01
9.996669888496398926e-01
9.959978461265563965e-01
9.904973506927490234e-01
9.957751035690307617e-01
9.998494386672973633e-01
9.987722635269165039e-01
9.888603091239929199e-01
9.978427290916442871e-01
9.971509575843811035e-01
9.984639883041381836e-01
9.953840970993041992e-01
9.980190992355346680e-01
9.971831440925598145e-01
9.901913404464721680e-01
9.911221861839294434e-01
9.970225095748901367e-01
9.938756227493286133e-01
9.974188804626464844e-01
9.884756803512573242e-01
9.959587454795837402e-01
9.981312751770019531e-01
9.990074038505554199e-01
9.970491528511047363e-01
9.326174259185791016e-01
9.986019134521484375e-01
9.400715231895446777e-01
9.844444990158081055e-01
9.910627007484436035e-01
9.784188866615295410e-01
9.961037635803222656e-01
9.970554113388061523e-01
9.942910075187683105e-01
9.957362413406372070e-01
9.971870779991149902e-01
9.957877993583679199e-01
9.997163414955139160e-01
9.843872189521789551e-01
9.882981777191162109e-01
9.965131282806396484e-01
9.981169104576110840e-01
9.965981841087341309e-01
9.979131221771240234e-01
9.919334650039672852e-01
9.988834857940673828e-01
9.998952150344848633e-01
9.502899646759033203e-01
9.891237020492553711e-01
9.962195754051208496e-01
9.949057102203369141e-01
9.835266470909118652e-01
9.863848090171813965e-01
9.757416844367980957e-01
9.955880045890808105e-01
9.984630346298217773e-01
9.966989755630493164e-01
9.997979998588562012e-01
9.881990551948547363e-01
9.885702133178710938e-01
9.931076765060424805e-01
9.990471005439758301e-01
9.976515173912048340e-01
9.918216466903686523e-01
9.996755719184875488e-01
9.758588671684265137e-01
9.948793649673461914e-01
9.923958182334899902e-01
9.974102377891540527e-01
9.903085827827453613e-01
9.984241724014282227e-01
9.990115165710449219e-01
9.310454130172729492e-01
9.842124581336975098e-01
9.967538118362426758e-01
9.929754137992858887e-01
9.984681010246276855e-01
9.975799918174743652e-01
8.469808697700500488e-01
9.952036142349243164e-01
9.861444234848022461e-01
9.969645142555236816e-01
9.999573826789855957e-01
9.983844757080078125e-01
9.977552890777587891e-01
9.808577299118041992e-01
9.980131387710571289e-01
9.712498784065246582e-01
9.992150068283081055e-01
9.910475611686706543e-01
9.766418337821960449e-01
9.899813532829284668e-01
9.949938058853149414e-01
9.893079996109008789e-01
9.882795214653015137e-01
9.980815052986145020e-01
9.956790804862976074e-01
9.999920725822448730e-01
9.974806308746337891e-01
9.939264059066772461e-01
9.981314539909362793e-01
9.981005191802978516e-01
9.711776375770568848e-01
9.919418692588806152e-01
9.337639808654785156e-01
9.952198266983032227e-01
9.963192939758300781e-01
9.986037015914916992e-01
9.989038109779357910e-01
9.970664978027343750e-01
9.964198470115661621e-01
9.957631826400756836e-01
9.984435439109802246e-01
9.969198703765869141e-01
9.942209124565124512e-01
9.946780800819396973e-01
9.990220665931701660e-01
9.967595338821411133e-01
9.972558021545410156e-01
9.999375939369201660e-01
9.972429871559143066e-01
9.997274279594421387e-01
9.932828545570373535e-01
9.873283505439758301e-01
9.987435340881347656e-01
9.996352195739746094e-01
9.953806996345520020e-01
9.865935444831848145e-01
9.648803472518920898e-01
9.974392652511596680e-01
9.989221692085266113e-01
9.922655820846557617e-01
9.870269298553466797e-01
9.959812164306640625e-01
9.966622591018676758e-01
9.945603013038635254e-01
9.999286532402038574e-01
9.969970583915710449e-01
9.831161499023437500e-01
9.258856177330017090e-01
9.819162487983703613e-01
9.955407977104187012e-01
9.753111004829406738e-01
9.972888231277465820e-01
9.231597185134887695e-01
9.951928853988647461e-01
9.978756904602050781e-01
9.979858398437500000e-01
9.999282956123352051e-01
9.992129206657409668e-01
9.971079230308532715e-01
9.898142218589782715e-01
9.924706816673278809e-01
9.986974596977233887e-01
9.951617717742919922e-01
9.902678728103637695e-01
9.978452920913696289e-01
9.966989159584045410e-01
9.903979301452636719e-01
9.971361160278320312e-01
9.993691444396972656e-01
9.959712028503417969e-01
9.989085793495178223e-01
9.813504219055175781e-01
9.900270104408264160e-01
9.993913769721984863e-01
9.982849955558776855e-01
9.851235151290893555e-01
9.959701895713806152e-01
9.711252450942993164e-01
9.817784428596496582e-01
9.891030192375183105e-01
9.977292418479919434e-01
9.986400604248046875e-01
9.982135295867919922e-01
9.962695240974426270e-01
9.964986443519592285e-01
9.980830550193786621e-01
9.984396100044250488e-01
9.986295700073242188e-01
9.948360323905944824e-01
9.999644756317138672e-01
9.979889988899230957e-01
9.966942071914672852e-01
9.996144175529479980e-01
9.979498982429504395e-01
9.969453215599060059e-01
9.995444416999816895e-01
9.825909137725830078e-01
9.940527677536010742e-01
9.964862465858459473e-01
9.960803389549255371e-01
9.830545783042907715e-01
9.976111054420471191e-01
9.980525970458984375e-01
9.977931380271911621e-01
9.968113899230957031e-01
9.947155117988586426e-01
9.824254512786865234e-01
9.915109276771545410e-01
9.953291416168212891e-01
9.927334785461425781e-01
9.888943433761596680e-01
9.946483373641967773e-01
9.969464540481567383e-01
9.975156784057617188e-01
9.987491369247436523e-01
9.925872087478637695e-01
9.831064939498901367e-01
9.816693067550659180e-01
9.999065399169921875e-01
9.852181077003479004e-01
8.969821929931640625e-01
9.709810018539428711e-01
9.981455206871032715e-01
9.865000247955322266e-01
9.894409179687500000e-01
9.979465007781982422e-01
9.967154860496520996e-01
9.999147653579711914e-01
8.533799648284912109e-01
9.809541106224060059e-01
9.983801245689392090e-01
9.875553846359252930e-01
9.863821268081665039e-01
9.942491054534912109e-01
9.977992773056030273e-01
9.855423569679260254e-01
9.924064278602600098e-01
9.938352704048156738e-01
9.988173842430114746e-01
9.882740974426269531e-01
9.982749819755554199e-01
9.996120929718017578e-01
9.967007040977478027e-01
9.982689023017883301e-01
9.856784343719482422e-01
9.970914721488952637e-01
9.551283717155456543e-01
9.993860721588134766e-01
9.785090684890747070e-01
8.971836566925048828e-01
9.981048107147216797e-01
9.862576127052307129e-01
9.927076697349548340e-01
9.959339499473571777e-01
9.982880353927612305e-01
9.872853159904479980e-01
9.976235628128051758e-01
9.923203587532043457e-01
9.985403418540954590e-01
9.933438301086425781e-01
9.991503357887268066e-01
9.980923533439636230e-01
9.968703985214233398e-01
9.962360262870788574e-01
9.908434152603149414e-01
9.974896311759948730e-01
9.933069944381713867e-01
9.932522177696228027e-01
9.986678361892700195e-01
9.971943497657775879e-01
9.864851832389831543e-01
9.969271421432495117e-01
9.881170988082885742e-01
9.980465769767761230e-01
9.818081855773925781e-01
9.967895746231079102e-01
9.998365044593811035e-01
9.980412125587463379e-01
9.978727102279663086e-01
9.991968274116516113e-01
9.967133998870849609e-01
9.840033054351806641e-01
9.857968091964721680e-01
9.998579621315002441e-01
9.981031417846679688e-01
9.924682378768920898e-01
9.874200224876403809e-01
9.954014420509338379e-01
9.788131117820739746e-01
9.992388486862182617e-01
9.491108655929565430e-01
9.957112669944763184e-01
9.864339828491210938e-01
9.920281171798706055e-01
9.828343391418457031e-01
9.945752024650573730e-01
9.642137289047241211e-01
9.920453429222106934e-01
9.867461919784545898e-01
9.953419566154479980e-01
9.987385272979736328e-01
9.926345348358154297e-01
9.933938980102539062e-01
9.980056881904602051e-01
9.990133047103881836e-01
9.887953996658325195e-01
9.996101260185241699e-01
9.999053478240966797e-01
9.285430908203125000e-01
9.613593220710754395e-01
9.931924939155578613e-01
9.950894117355346680e-01
9.955347776412963867e-01
9.984261989593505859e-01
9.824230670928955078e-01
9.992735385894775391e-01
9.529318809509277344e-01
9.932892918586730957e-01
9.936498999595642090e-01
9.999070763587951660e-01
9.959420561790466309e-01
9.940922856330871582e-01
9.936093688011169434e-01
9.996023774147033691e-01
9.932243227958679199e-01
9.974250197410583496e-01
9.970959424972534180e-01
9.767205715179443359e-01
9.879563450813293457e-01
9.626126289367675781e-01
9.935821294784545898e-01
9.880604743957519531e-01
9.746710658073425293e-01
9.976001381874084473e-01
9.966480135917663574e-01
9.795482754707336426e-01
9.929189085960388184e-01
9.985555410385131836e-01
9.979562163352966309e-01
9.965398907661437988e-01
9.955713748931884766e-01
8.934735655784606934e-01
9.990026354789733887e-01
9.991683363914489746e-01
9.874355792999267578e-01
9.920666217803955078e-01
9.977498650550842285e-01
9.702537059783935547e-01
9.871544837951660156e-01
9.969142079353332520e-01
9.986917376518249512e-01
9.875930547714233398e-01
9.988304376602172852e-01
9.847080111503601074e-01
9.964025616645812988e-01
9.999466538429260254e-01
9.913613796234130859e-01
9.991890788078308105e-01
9.966686964035034180e-01
9.991491436958312988e-01
9.974496960639953613e-01
9.952455163002014160e-01
9.998751878738403320e-01
9.980365633964538574e-01
9.999294281005859375e-01
9.960478544235229492e-01
9.999629855155944824e-01
9.985592961311340332e-01
9.856783151626586914e-01
9.982689023017883301e-01
9.948523044586181641e-01
9.979020357131958008e-01
9.898421764373779297e-01
9.986664652824401855e-01
9.663580656051635742e-01
9.931054115295410156e-01
9.875417947769165039e-01
9.827829003334045410e-01
9.988828897476196289e-01
9.937256574630737305e-01
9.981447458267211914e-01
9.971237182617187500e-01
9.976194500923156738e-01
9.990906715393066406e-01
9.412103295326232910e-01
9.853056073188781738e-01
9.544421434402465820e-01
9.964712262153625488e-01
9.963677525520324707e-01
9.869334101676940918e-01
9.904054403305053711e-01
9.945871829986572266e-01
9.941284060478210449e-01
9.898830056190490723e-01
9.927977919578552246e-01
9.900388717651367188e-01
9.951725602149963379e-01
9.945141077041625977e-01
9.978041648864746094e-01
9.867063164710998535e-01
9.939714670181274414e-01
9.891110062599182129e-01
9.988439679145812988e-01
9.897459149360656738e-01
9.930589795112609863e-01
9.696691036224365234e-01
9.954972267150878906e-01
9.964823126792907715e-01
9.979362487792968750e-01
9.987533688545227051e-01
9.954999685287475586e-01
9.931032061576843262e-01
9.987559914588928223e-01
9.974033236503601074e-01
9.947239756584167480e-01
9.672200679779052734e-01
9.986357688903808594e-01
9.974652528762817383e-01
9.931474924087524414e-01
9.963726401329040527e-01
9.948368668556213379e-01
9.923110008239746094e-01
9.972358345985412598e-01
9.972541928291320801e-01
9.839963316917419434e-01
9.988214373588562012e-01
9.944103956222534180e-01
9.957591295242309570e-01
9.987506270408630371e-01
9.976850152015686035e-01
9.951449632644653320e-01
9.997514486312866211e-01
9.281209707260131836e-01
9.864836931228637695e-01
9.775336384773254395e-01
9.963935017585754395e-01
9.943751692771911621e-01
9.931657314300537109e-01
9.999736547470092773e-01
9.981986880302429199e-01
9.955763220787048340e-01
9.972531199455261230e-01
9.886983633041381836e-01
9.957516789436340332e-01
9.978112578392028809e-01
9.998729825019836426e-01
9.986381530761718750e-01
9.898177385330200195e-01
9.993808865547180176e-01
9.996842145919799805e-01
9.992322325706481934e-01
9.773229360580444336e-01
9.972174167633056641e-01
9.963279962539672852e-01
9.803119897842407227e-01
9.992018938064575195e-01
9.854582548141479492e-01
9.974977374076843262e-01
9.996734857559204102e-01
9.993647933006286621e-01
9.943481087684631348e-01
9.981259703636169434e-01
9.745299220085144043e-01
9.998609423637390137e-01
9.867529273033142090e-01
9.773573279380798340e-01
9.977457523345947266e-01
9.970198869705200195e-01
9.617957472801208496e-01
9.887850284576416016e-01
9.970531463623046875e-01
9.811999201774597168e-01
9.966297745704650879e-01
9.951089024543762207e-01
9.952639937400817871e-01
9.995993375778198242e-01
9.971733093261718750e-01
9.965335726737976074e-01
9.979271292686462402e-01
9.943823218345642090e-01
9.851117134094238281e-01
9.889742136001586914e-01
9.980685114860534668e-01
9.978339672088623047e-01
9.959448575973510742e-01
9.901000261306762695e-01
9.974983930587768555e-01
9.949840307235717773e-01
9.890233874320983887e-01
9.941302537918090820e-01
9.830937385559082031e-01
9.997660517692565918e-01
9.657482504844665527e-01
9.998580813407897949e-01
9.981628060340881348e-01
9.951483607292175293e-01
9.992249011993408203e-01
9.998413324356079102e-01
9.833872318267822266e-01
9.914112687110900879e-01
9.957444667816162109e-01
9.441069960594177246e-01
9.968085289001464844e-01
9.926729202270507812e-01
9.263454675674438477e-01
9.825949072837829590e-01
9.974243640899658203e-01
9.944894909858703613e-01
9.934568405151367188e-01
9.940696358680725098e-01
9.944614768028259277e-01
9.969201683998107910e-01
9.987192749977111816e-01
9.854279756546020508e-01
9.688106179237365723e-01
9.876409769058227539e-01
9.749333858489990234e-01
9.879773259162902832e-01
9.973731040954589844e-01
9.971193075180053711e-01
9.932397007942199707e-01
9.991638660430908203e-01
9.917615652084350586e-01
9.886525869369506836e-01
9.970302581787109375e-01
9.980246424674987793e-01
9.990462660789489746e-01
9.980415701866149902e-01
9.992896914482116699e-01
9.975515007972717285e-01
9.919260144233703613e-01
9.949669241905212402e-01
9.994004368782043457e-01
9.959021806716918945e-01
9.878212809562683105e-01
9.957778453826904297e-01
9.929135441780090332e-01
9.945557117462158203e-01
9.931297302246093750e-01
9.646051526069641113e-01
9.973477721214294434e-01
9.982100129127502441e-01
9.997993111610412598e-01
9.940922856330871582e-01
9.985510706901550293e-01
9.933740496635437012e-01
9.951987266540527344e-01
9.894471168518066406e-01
9.981121420860290527e-01
9.836454987525939941e-01
9.980805516242980957e-01
9.978888034820556641e-01
9.905222058296203613e-01
9.973916411399841309e-01
9.943121671676635742e-01
9.983742833137512207e-01
9.961218833923339844e-01
9.885163903236389160e-01
9.980166554450988770e-01
9.981850385665893555e-01
9.899014830589294434e-01
9.979326725006103516e-01
9.984672665596008301e-01
9.996461868286132812e-01
9.904995560646057129e-01
9.956812858581542969e-01
9.407309889793395996e-01
9.933781027793884277e-01
9.965091943740844727e-01
9.979805946350097656e-01
9.996784329414367676e-01
9.990159273147583008e-01
9.607917666435241699e-01
9.980562925338745117e-01
9.998154044151306152e-01
9.955665469169616699e-01
9.987809658050537109e-01
9.995136857032775879e-01
9.867442250251770020e-01
9.967356920242309570e-01
9.987420439720153809e-01
9.993776679039001465e-01
9.974870681762695312e-01
9.909107089042663574e-01
9.979982972145080566e-01
9.947980642318725586e-01
9.927592277526855469e-01
9.814386963844299316e-01
9.936934113502502441e-01
9.958038330078125000e-01
9.984492063522338867e-01
9.931173324584960938e-01
9.858202338218688965e-01
9.979504942893981934e-01
9.988739490509033203e-01
9.992391467094421387e-01
9.913305640220642090e-01
9.954885840415954590e-01
9.765902757644653320e-01
9.960706830024719238e-01
9.986169338226318359e-01
9.997166395187377930e-01
9.980835318565368652e-01
9.852590560913085938e-01
9.992985129356384277e-01
9.958760738372802734e-01
9.951628446578979492e-01
9.902607202529907227e-01
9.922909140586853027e-01
9.960014820098876953e-01
9.924923777580261230e-01
9.910302162170410156e-01
9.995214939117431641e-01
9.917393922805786133e-01
9.999611973762512207e-01
9.986667633056640625e-01
9.879292845726013184e-01
9.559293985366821289e-01
9.693804979324340820e-01
9.995710253715515137e-01
9.984284639358520508e-01
9.927291274070739746e-01
9.930620193481445312e-01
9.985858798027038574e-01
9.984146356582641602e-01
9.980440735816955566e-01
9.963411688804626465e-01
9.966987967491149902e-01
9.985661506652832031e-01
9.865165352821350098e-01
9.998824596405029297e-01
9.945024251937866211e-01
7.842998504638671875e-01
9.964323639869689941e-01
9.673667550086975098e-01
9.961742162704467773e-01
9.925341606140136719e-01
9.980177283287048340e-01
9.916002750396728516e-01
9.972526431083679199e-01
9.875987768173217773e-01
9.933986067771911621e-01
9.924517869949340820e-01
9.959437251091003418e-01
9.917306900024414062e-01
9.988977313041687012e-01
9.956157803535461426e-01
9.985706806182861328e-01
9.985338449478149414e-01
9.921565651893615723e-01
9.919124841690063477e-01
9.902058839797973633e-01
9.997494220733642578e-01
9.978515505790710449e-01
9.944025874137878418e-01
9.935547113418579102e-01
9.987202882766723633e-01
9.987246394157409668e-01
9.959545135498046875e-01
9.886612892150878906e-01
9.984192252159118652e-01
9.895972013473510742e-01
9.845222234725952148e-01
9.954931139945983887e-01
9.956288337707519531e-01
9.961594343185424805e-01
9.800510406494140625e-01
9.930544495582580566e-01
9.924601316452026367e-01
9.880881309509277344e-01
9.993635416030883789e-01
9.696233272552490234e-01
9.939026832580566406e-01
9.993113279342651367e-01
9.878985285758972168e-01
9.944290518760681152e-01
9.991732835769653320e-01
9.949697852134704590e-01
9.953456521034240723e-01
9.892711043357849121e-01
9.798506498336791992e-01
9.938428997993469238e-01
9.956862926483154297e-01
9.966939091682434082e-01
9.934809803962707520e-01
9.993971586227416992e-01
9.951666593551635742e-01
9.933201074600219727e-01
9.905959963798522949e-01
9.981621503829956055e-01
9.928913116455078125e-01
9.960665702819824219e-01
9.955844283103942871e-01
9.939910173416137695e-01
9.981278777122497559e-01
9.941620826721191406e-01
9.961606860160827637e-01
9.986597895622253418e-01
9.824832081794738770e-01
9.907538294792175293e-01
9.961975216865539551e-01
9.899585843086242676e-01
9.974514245986938477e-01
9.963477849960327148e-01
9.838078618049621582e-01
9.982500672340393066e-01
9.986246824264526367e-01
9.967820644378662109e-01
9.957777261734008789e-01
9.992511868476867676e-01
9.363192915916442871e-01
9.955328106880187988e-01
9.991721510887145996e-01
9.941627383232116699e-01
9.991984367370605469e-01
9.990377426147460938e-01
9.888706803321838379e-01
9.977587461471557617e-01
9.966301321983337402e-01
9.950469136238098145e-01
9.960672855377197266e-01
9.761617183685302734e-01
9.951669573783874512e-01
9.910518527030944824e-01
9.984852075576782227e-01
9.990611076354980469e-01
9.957424998283386230e-01
9.971517920494079590e-01
9.992097020149230957e-01
9.843237400054931641e-01
9.986392259597778320e-01
9.976813197135925293e-01
9.974334836006164551e-01
9.925891160964965820e-01
9.668126702308654785e-01
9.968147873878479004e-01
9.974921941757202148e-01
9.864752888679504395e-01
9.973152875900268555e-01
9.920061826705932617e-01
9.934759140014648438e-01
9.977372288703918457e-01
9.955374002456665039e-01
9.933749437332153320e-01
9.996258020401000977e-01
9.837341904640197754e-01
9.765950441360473633e-01
9.980431199073791504e-01
9.991441369056701660e-01
9.972835779190063477e-01
9.997937083244323730e-01
9.880865216255187988e-01
9.977880120277404785e-01
9.584224224090576172e-01
9.975721240043640137e-01
9.994584918022155762e-01
9.978500008583068848e-01
9.951936006546020508e-01
9.898078441619873047e-01
9.992924332618713379e-01
9.450746774673461914e-01
9.932019710540771484e-01
9.935296773910522461e-01
9.876897931098937988e-01
9.928096532821655273e-01
9.947675466537475586e-01
9.983893632888793945e-01
9.940776228904724121e-01
9.962443113327026367e-01
9.992189407348632812e-01
9.775376319885253906e-01
9.987444877624511719e-01
9.855626821517944336e-01
9.980783462524414062e-01
9.945498108863830566e-01
9.945026636123657227e-01
9.997816085815429688e-01
9.992074966430664062e-01
9.935151338577270508e-01
9.927369952201843262e-01
9.911955595016479492e-01
9.958371520042419434e-01
9.999746084213256836e-01
9.932223558425903320e-01
9.992586374282836914e-01
9.972008466720581055e-01
9.961665868759155273e-01
9.993643164634704590e-01
9.925230145454406738e-01
9.869074821472167969e-01
9.977437853813171387e-01
9.921725988388061523e-01
9.947838187217712402e-01
9.898069500923156738e-01
9.947974681854248047e-01
9.851707220077514648e-01
9.715676903724670410e-01
9.978835582733154297e-01
9.982872009277343750e-01
9.989043474197387695e-01
9.800134301185607910e-01
9.963347315788269043e-01
9.132919311523437500e-01
9.775615930557250977e-01
9.978350996971130371e-01
9.903236031532287598e-01
9.982331991195678711e-01
9.988613724708557129e-01
9.974835515022277832e-01
9.989629983901977539e-01
9.883068203926086426e-01
9.870440363883972168e-01
9.370870590209960938e-01
9.979415535926818848e-01
9.918673038482666016e-01
9.974680542945861816e-01
9.957132339477539062e-01
9.976733922958374023e-01
9.985879063606262207e-01
9.978968501091003418e-01
9.967419505119323730e-01
9.960516691207885742e-01
9.978423714637756348e-01
9.956611990928649902e-01
9.871013760566711426e-01
9.921928644180297852e-01
9.991683363914489746e-01
9.985677599906921387e-01
9.981005787849426270e-01
9.969674348831176758e-01
9.999443292617797852e-01
9.952386617660522461e-01
9.940140843391418457e-01
9.964624643325805664e-01
9.970902204513549805e-01
9.907788634300231934e-01
9.966075420379638672e-01
9.983560442924499512e-01
9.904697537422180176e-01
9.965475797653198242e-01
9.985212683677673340e-01
9.977602362632751465e-01
9.941697120666503906e-01
9.996443390846252441e-01
9.984809756278991699e-01
9.763922691345214844e-01
9.975956678390502930e-01
9.938422441482543945e-01
9.930075407028198242e-01
9.951854348182678223e-01
9.974379539489746094e-01
9.980095624923706055e-01
9.975003004074096680e-01
9.805602431297302246e-01
9.832780361175537109e-01
9.898815155029296875e-01
9.913950562477111816e-01
9.956701993942260742e-01
9.818497896194458008e-01
9.937856197357177734e-01
9.939551353454589844e-01
9.981287717819213867e-01
9.993431568145751953e-01
9.997443556785583496e-01
9.946801662445068359e-01
9.792370796203613281e-01
9.982696771621704102e-01
9.989925026893615723e-01
9.973419308662414551e-01
9.976006746292114258e-01
9.977648854255676270e-01
9.982220530509948730e-01
9.801033735275268555e-01
9.973570108413696289e-01
9.893836975097656250e-01
9.982795715332031250e-01
9.978889822959899902e-01
9.966052174568176270e-01
9.857243895530700684e-01
9.833226203918457031e-01
9.977999329566955566e-01
9.999293684959411621e-01
9.993777871131896973e-01
9.990625977516174316e-01
9.965667724609375000e-01
9.960934519767761230e-01
9.964141249656677246e-01
9.899679422378540039e-01
9.945065975189208984e-01
9.778776764869689941e-01
9.993972778320312500e-01
9.454492330551147461e-01
9.959596991539001465e-01
9.928419589996337891e-01
9.967663288116455078e-01
9.974257946014404297e-01
9.935950040817260742e-01
9.952123165130615234e-01
9.952208995819091797e-01
9.963177442550659180e-01
9.997194409370422363e-01
9.891085028648376465e-01
9.977427124977111816e-01
9.931618571281433105e-01
9.940482378005981445e-01
9.987832903861999512e-01
9.993981122970581055e-01
9.963329434394836426e-01
9.912095069885253906e-01
9.962931275367736816e-01
9.965311288833618164e-01
9.990599155426025391e-01
9.907457828521728516e-01
9.898660778999328613e-01
9.968481063842773438e-01
9.983987212181091309e-01
9.983319044113159180e-01
9.799835085868835449e-01
9.976818561553955078e-01
9.828662276268005371e-01
9.977408647537231445e-01
9.334228634834289551e-01
9.977574944496154785e-01
9.726067781448364258e-01
9.970790147781372070e-01
9.984676837921142578e-01
9.747864007949829102e-01
9.938232898712158203e-01
9.610913395881652832e-01
9.982110261917114258e-01
9.995703101158142090e-01
9.938600659370422363e-01
9.906486868858337402e-01
9.825274944305419922e-01
9.819680452346801758e-01
9.382076859474182129e-01
9.996344447135925293e-01
9.974496364593505859e-01
9.892306327819824219e-01
9.953941106796264648e-01
9.824019074440002441e-01
9.962121844291687012e-01
9.978153109550476074e-01
9.532325863838195801e-01
9.999093413352966309e-01
9.987860321998596191e-01
9.985536932945251465e-01
9.977419376373291016e-01
9.935238957405090332e-01
9.941372871398925781e-01
9.934582710266113281e-01
9.864484667778015137e-01
9.994517564773559570e-01
9.840714335441589355e-01
9.988867044448852539e-01
9.378517270088195801e-01
9.983134865760803223e-01
9.970086812973022461e-01
9.999375939369201660e-01
9.938414692878723145e-01
9.928787946701049805e-01
9.969965219497680664e-01
9.983296990394592285e-01
9.991022348403930664e-01
9.994429349899291992e-01
9.966738224029541016e-01
9.984229207038879395e-01
9.991850256919860840e-01
9.975565671920776367e-01
9.991882443428039551e-01
9.971092939376831055e-01
9.963046908378601074e-01
9.959248304367065430e-01
9.962472319602966309e-01
9.889771938323974609e-01
9.845353364944458008e-01
9.930206537246704102e-01
9.879409670829772949e-01
9.997978210449218750e-01
9.992383718490600586e-01
9.962590932846069336e-01
9.979912042617797852e-01
9.982100725173950195e-01
9.966573119163513184e-01
9.980806112289428711e-01
9.991580247879028320e-01
9.731000065803527832e-01
9.992035627365112305e-01
9.971560835838317871e-01
8.730517625808715820e-01
9.910832047462463379e-01
9.973753094673156738e-01
9.926144480705261230e-01
9.632297158241271973e-01
9.982611536979675293e-01
9.961404800415039062e-01
9.983343482017517090e-01
9.985961318016052246e-01
9.995157718658447266e-01
9.855536222457885742e-01
9.959067702293395996e-01
9.971091747283935547e-01
9.986475110054016113e-01
9.819601774215698242e-01
9.998373389244079590e-01
9.983206987380981445e-01
9.835339188575744629e-01
9.961055517196655273e-01
9.931843876838684082e-01
9.979127049446105957e-01
9.976800084114074707e-01
9.976090192794799805e-01
9.951433539390563965e-01
9.980800747871398926e-01
9.952158331871032715e-01
9.987790584564208984e-01
9.950934052467346191e-01
9.970447421073913574e-01
9.971680045127868652e-01
9.982532858848571777e-01
9.966599941253662109e-01
9.956075549125671387e-01
9.901804327964782715e-01
9.922544360160827637e-01
9.910536408424377441e-01
9.995442032814025879e-01
9.984072446823120117e-01
9.941580891609191895e-01
9.997847080230712891e-01
9.972233772277832031e-01
9.982038140296936035e-01
9.897124171257019043e-01
9.972046017646789551e-01
9.977664351463317871e-01
9.920986890792846680e-01
9.984871149063110352e-01
9.955111742019653320e-01
9.962416887283325195e-01
9.988614320755004883e-01
9.984375834465026855e-01
9.989429712295532227e-01
9.946125149726867676e-01
9.993373751640319824e-01
9.957683086395263672e-01
9.982999563217163086e-01
9.963771700859069824e-01
9.979546070098876953e-01
9.962030053138732910e-01
9.976156949996948242e-01
9.978842735290527344e-01
9.937818646430969238e-01
9.970944523811340332e-01
9.972460865974426270e-01
9.980975985527038574e-01
9.989227652549743652e-01
9.825904369354248047e-01
9.979419112205505371e-01
9.890640974044799805e-01
9.980641007423400879e-01
9.957214593887329102e-01
9.990743994712829590e-01
9.950112104415893555e-01
9.965015053749084473e-01
9.916457533836364746e-01
9.943577051162719727e-01
9.946468472480773926e-01
9.983446598052978516e-01
9.987949132919311523e-01
9.953883886337280273e-01
9.992668032646179199e-01
9.995567798614501953e-01
9.975727796554565430e-01
9.968559145927429199e-01
9.971593022346496582e-01
9.947715997695922852e-01
9.998702406883239746e-01
9.842727184295654297e-01
9.995440244674682617e-01
9.971650242805480957e-01
9.991411566734313965e-01
9.976273179054260254e-01
9.966381788253784180e-01
9.795591235160827637e-01
9.974716305732727051e-01
9.999322295188903809e-01
9.974101185798645020e-01
9.987534880638122559e-01
9.994675517082214355e-01
9.822186827659606934e-01
9.992009997367858887e-01
9.966118931770324707e-01
9.939516782760620117e-01
9.666541218757629395e-01
9.974347949028015137e-01
9.994156956672668457e-01
9.919854402542114258e-01
9.985930919647216797e-01
9.970679879188537598e-01
9.865137934684753418e-01
9.982028603553771973e-01
9.955270290374755859e-01
9.945110082626342773e-01
9.998745918273925781e-01
9.982373118400573730e-01
9.931907057762145996e-01
9.874552488327026367e-01
9.989393949508666992e-01
9.967682957649230957e-01
9.974140524864196777e-01
9.967593550682067871e-01
9.985708594322204590e-01
9.897511005401611328e-01
9.996569752693176270e-01
9.940413236618041992e-01
9.987810850143432617e-01
9.889717698097229004e-01
9.950721263885498047e-01
9.999992251396179199e-01
9.933598637580871582e-01
9.470814466476440430e-01
9.898067712783813477e-01
9.939017891883850098e-01
9.928572177886962891e-01
9.941477179527282715e-01
9.839535355567932129e-01
9.892688393592834473e-01
9.898021817207336426e-01
9.964666962623596191e-01
9.945594668388366699e-01
9.979509711265563965e-01
9.947575926780700684e-01
9.954948425292968750e-01
8.276321291923522949e-01
9.981714487075805664e-01
9.900731444358825684e-01
9.943068027496337891e-01
9.984116554260253906e-01
9.992561936378479004e-01
9.898445606231689453e-01
8.436729311943054199e-01
9.983274936676025391e-01
9.892047643661499023e-01
9.957485795021057129e-01
9.938246011734008789e-01
9.936648011207580566e-01
9.931913018226623535e-01
9.981320500373840332e-01
9.992179274559020996e-01
9.822669625282287598e-01
9.876388311386108398e-01
9.997851252555847168e-01
9.967710375785827637e-01
9.905026555061340332e-01
9.953318834304809570e-01
9.909371733665466309e-01
9.851817488670349121e-01
9.980161786079406738e-01
9.979102015495300293e-01
9.895054697990417480e-01
9.941901564598083496e-01
9.980316162109375000e-01
9.939581751823425293e-01
9.578013420104980469e-01
9.965175986289978027e-01
9.270644783973693848e-01
9.987280964851379395e-01
9.949813485145568848e-01
9.913920760154724121e-01
9.974120855331420898e-01
9.876019358634948730e-01
9.954215288162231445e-01
9.908185601234436035e-01
9.942813515663146973e-01
9.905194044113159180e-01
9.956600069999694824e-01
9.861388206481933594e-01
9.877722263336181641e-01
9.800581336021423340e-01
9.981703162193298340e-01
9.992268085479736328e-01
9.968294501304626465e-01
9.816560149192810059e-01
9.948960542678833008e-01
9.975377321243286133e-01
9.895961284637451172e-01
9.985006451606750488e-01
9.968068599700927734e-01
9.995774030685424805e-01
9.988789558410644531e-01
9.946738481521606445e-01
9.982316493988037109e-01
9.953050613403320312e-01
9.854707717895507812e-01
9.996812343597412109e-01
9.997756481170654297e-01
9.931570887565612793e-01
9.923075437545776367e-01
9.806180596351623535e-01
9.936204552650451660e-01
9.905005693435668945e-01
9.995480775833129883e-01
9.961177706718444824e-01
9.966858029365539551e-01
9.968230128288269043e-01
9.763660430908203125e-01
9.546549916267395020e-01
9.908031225204467773e-01
9.968492388725280762e-01
9.913703203201293945e-01
9.987049698829650879e-01
9.998143315315246582e-01
9.967203140258789062e-01
9.784801006317138672e-01
9.942523837089538574e-01
9.959214329719543457e-01
9.981797337532043457e-01
9.771971702575683594e-01
9.919871687889099121e-01
9.982690811157226562e-01
9.987249374389648438e-01
9.511382579803466797e-01
9.983242750167846680e-01
9.954442977905273438e-01
9.981838464736938477e-01
9.684834480285644531e-01
9.926990866661071777e-01
9.996442198753356934e-01
9.994487762451171875e-01
9.935622215270996094e-01
9.993380308151245117e-01
9.984684586524963379e-01
9.952597618103027344e-01
9.983084797859191895e-01
9.895015954971313477e-01
9.962073564529418945e-01
9.926769733428955078e-01
9.985805749893188477e-01
9.999757409095764160e-01
9.992513060569763184e-01
9.945315718650817871e-01
9.931660294532775879e-01
9.800809025764465332e-01
9.978757500648498535e-01
9.986489415168762207e-01
9.977837800979614258e-01
9.942170977592468262e-01
9.988172650337219238e-01
9.697768092155456543e-01
9.943252801895141602e-01
9.866738319396972656e-01
9.835975766181945801e-01
9.998453259468078613e-01
9.984030723571777344e-01
9.950566291809082031e-01
9.952240586280822754e-01
9.830414056777954102e-01
9.960156679153442383e-01
9.940909743309020996e-01
9.999020695686340332e-01
9.997243881225585938e-01
9.886210560798645020e-01
9.961711168289184570e-01
9.982092976570129395e-01
9.842525124549865723e-01
9.974279999732971191e-01
9.928370714187622070e-01
9.897481203079223633e-01
9.723477959632873535e-01
9.981053471565246582e-01
9.980732202529907227e-01
9.989022612571716309e-01
9.895210862159729004e-01
9.811822772026062012e-01
9.909510612487792969e-01
9.918708801269531250e-01
9.918056726455688477e-01
9.898772835731506348e-01
9.979140162467956543e-01
9.951079487800598145e-01
9.904808402061462402e-01
9.999850392341613770e-01
9.977197647094726562e-01
9.917159080505371094e-01
9.724889397621154785e-01
9.980925321578979492e-01
9.867576956748962402e-01
9.244356751441955566e-01
9.981573820114135742e-01
9.929375052452087402e-01
9.892764091491699219e-01
9.985885620117187500e-01
9.964641332626342773e-01
9.924303293228149414e-01
9.550311565399169922e-01
9.993489384651184082e-01
9.974176287651062012e-01
9.919079542160034180e-01
9.364033937454223633e-01
9.975438714027404785e-01
9.930236935615539551e-01
9.940757155418395996e-01
9.836671352386474609e-01
9.559078216552734375e-01
9.987055659294128418e-01
9.915831089019775391e-01
9.970588684082031250e-01
9.862155318260192871e-01
9.921783804893493652e-01
9.993129372596740723e-01
9.820843935012817383e-01
9.984948635101318359e-01
9.939967989921569824e-01
9.969291687011718750e-01
9.957895874977111816e-01
9.942587614059448242e-01
9.926561117172241211e-01
9.972321391105651855e-01
9.866644144058227539e-01
9.963076114654541016e-01
