9.982137680053710938e-01
9.973680377006530762e-01
9.985110759735107422e-01
9.979429244995117188e-01
9.877175688743591309e-01
9.607383012771606445e-01
9.962142109870910645e-01
9.989035129547119141e-01
9.982374906539916992e-01
9.984732866287231445e-01
9.907692670822143555e-01
9.896268844604492188e-01
9.946425557136535645e-01
9.711171984672546387e-01
9.981684088706970215e-01
9.987388253211975098e-01
9.983621239662170410e-01
9.925925135612487793e-01
9.899911284446716309e-01
9.945974946022033691e-01
9.907032847404479980e-01
9.971513152122497559e-01
9.837107658386230469e-01
9.758643507957458496e-01
9.929444789886474609e-01
9.970570206642150879e-01
9.990506172180175781e-01
9.979488849639892578e-01
9.994602799415588379e-01
9.721904993057250977e-01
9.803399443626403809e-01
9.605576992034912109e-01
9.896605610847473145e-01
9.904429912567138672e-01
9.670428633689880371e-01
9.984439611434936523e-01
9.962974190711975098e-01
9.989095330238342285e-01
9.855012297630310059e-01
9.822698235511779785e-01
9.918248653411865234e-01
9.923093914985656738e-01
9.982887506484985352e-01
9.996110796928405762e-01
9.975760579109191895e-01
9.992166757583618164e-01
9.919652938842773438e-01
9.461290836334228516e-01
9.985319972038269043e-01
9.966553449630737305e-01
9.909884929656982422e-01
9.941934347152709961e-01
9.802873134613037109e-01
9.861392378807067871e-01
9.967024922370910645e-01
9.953913092613220215e-01
9.962823987007141113e-01
9.915218353271484375e-01
9.985377192497253418e-01
9.993402957916259766e-01
9.909763932228088379e-01
9.927219748497009277e-01
9.872699379920959473e-01
9.923604726791381836e-01
9.937746524810791016e-01
9.975712299346923828e-01
9.899903535842895508e-01
9.960800409317016602e-01
9.967885613441467285e-01
9.959568977355957031e-01
9.874331355094909668e-01
9.990813136100769043e-01
9.980601668357849121e-01
9.879033565521240234e-01
9.579753279685974121e-01
9.950504302978515625e-01
9.950684905052185059e-01
9.784556627273559570e-01
9.908089041709899902e-01
9.775435328483581543e-01
9.943042397499084473e-01
9.858967065811157227e-01
9.974268674850463867e-01
9.976105690002441406e-01
9.996922612190246582e-01
9.998258352279663086e-01
9.971463680267333984e-01
9.958216547966003418e-01
9.964585304260253906e-01
9.994179010391235352e-01
9.842572808265686035e-01
9.922914505004882812e-01
9.975269436836242676e-01
9.683772921562194824e-01
9.572656750679016113e-01
9.995367527008056641e-01
9.892582893371582031e-01
9.659976959228515625e-01
9.975943565368652344e-01
9.954690337181091309e-01
9.879492521286010742e-01
9.959982633590698242e-01
9.964817166328430176e-01
9.956306815147399902e-01
9.872082471847534180e-01
9.989773035049438477e-01
9.821405410766601562e-01
9.946681857109069824e-01
9.982734322547912598e-01
9.951527714729309082e-01
9.884175062179565430e-01
9.807820320129394531e-01
9.958278536796569824e-01
9.915817975997924805e-01
9.978450536727905273e-01
9.972612857818603516e-01
9.960016608238220215e-01
9.988477826118469238e-01
9.971397519111633301e-01
9.950266480445861816e-01
9.972866177558898926e-01
9.804434776306152344e-01
9.897924661636352539e-01
9.989142417907714844e-01
9.987894296646118164e-01
9.963583350181579590e-01
9.694164991378784180e-01
9.946110248565673828e-01
9.986668229103088379e-01
9.989054203033447266e-01
9.432882666587829590e-01
9.999390840530395508e-01
9.965555667877197266e-01
9.975479245185852051e-01
9.899277091026306152e-01
9.985240101814270020e-01
9.867591857910156250e-01
9.888797998428344727e-01
9.902099370956420898e-01
9.942258000373840332e-01
9.922108054161071777e-01
9.998011589050292969e-01
9.959101080894470215e-01
9.930626153945922852e-01
9.926455616950988770e-01
9.977827668190002441e-01
9.953860640525817871e-01
9.987103939056396484e-01
9.735981822013854980e-01
9.795230627059936523e-01
9.860767722129821777e-01
9.909969568252563477e-01
9.912595152854919434e-01
9.728179574012756348e-01
9.971315860748291016e-01
9.966939091682434082e-01
9.981595277786254883e-01
9.927166700363159180e-01
9.856102466583251953e-01
9.996028542518615723e-01
9.962372183799743652e-01
9.948361515998840332e-01
9.944480061531066895e-01
9.935333132743835449e-01
9.916535615921020508e-01
9.999342560768127441e-01
9.365244507789611816e-01
9.923272728919982910e-01
9.756887555122375488e-01
9.988816380500793457e-01
9.822625517845153809e-01
9.963810443878173828e-01
9.991665482521057129e-01
9.908498525619506836e-01
9.849267005920410156e-01
9.857545495033264160e-01
9.728181362152099609e-01
9.980432987213134766e-01
9.857857823371887207e-01
9.990547895431518555e-01
9.944273233413696289e-01
9.989002346992492676e-01
9.980608820915222168e-01
9.998342394828796387e-01
9.974927902221679688e-01
9.933942556381225586e-01
9.731113910675048828e-01
9.887594580650329590e-01
9.998669624328613281e-01
9.976568818092346191e-01
9.963212609291076660e-01
9.904071688652038574e-01
9.968923330307006836e-01
9.986504912376403809e-01
9.960519075393676758e-01
9.714913368225097656e-01
7.879883646965026855e-01
9.939657449722290039e-01
9.983671307563781738e-01
9.959260225296020508e-01
9.721593260765075684e-01
9.987445473670959473e-01
9.741021394729614258e-01
9.979423284530639648e-01
9.962418079376220703e-01
9.936067461967468262e-01
9.949753284454345703e-01
9.993050694465637207e-01
9.838441610336303711e-01
9.989207386970520020e-01
9.818218946456909180e-01
9.719013571739196777e-01
9.587749242782592773e-01
9.957349896430969238e-01
9.955065846443176270e-01
9.965380430221557617e-01
9.954799413681030273e-01
9.734618067741394043e-01
9.984589219093322754e-01
9.921469092369079590e-01
9.944391250610351562e-01
9.953879714012145996e-01
9.911971688270568848e-01
9.906226992607116699e-01
9.987481832504272461e-01
9.989110827445983887e-01
7.903671860694885254e-01
9.969855546951293945e-01
9.851097464561462402e-01
9.962960481643676758e-01
9.924252033233642578e-01
9.972751736640930176e-01
9.984462261199951172e-01
9.940981268882751465e-01
9.705654978752136230e-01
9.943138360977172852e-01
9.986219406127929688e-01
9.959762096405029297e-01
9.972808957099914551e-01
9.969398379325866699e-01
9.790118932723999023e-01
9.911765456199645996e-01
9.976876378059387207e-01
9.996138215065002441e-01
9.921680092811584473e-01
9.943567514419555664e-01
9.969968199729919434e-01
9.983971714973449707e-01
9.905080199241638184e-01
9.773967862129211426e-01
9.989047050476074219e-01
9.979979395866394043e-01
9.979785680770874023e-01
9.941836595535278320e-01
9.665572047233581543e-01
9.995048642158508301e-01
9.974175095558166504e-01
9.953330159187316895e-01
9.967301487922668457e-01
9.984375834465026855e-01
9.895866513252258301e-01
9.979618787765502930e-01
9.987145066261291504e-01
9.970385432243347168e-01
9.897778034210205078e-01
9.824023842811584473e-01
9.993607401847839355e-01
9.534016251564025879e-01
9.804314970970153809e-01
9.957816004753112793e-01
9.993383288383483887e-01
9.931619763374328613e-01
9.933854341506958008e-01
9.885782599449157715e-01
9.935436844825744629e-01
9.988889098167419434e-01
9.989293217658996582e-01
9.988863468170166016e-01
9.933478236198425293e-01
9.989692568778991699e-01
9.965640902519226074e-01
9.934473037719726562e-01
9.987094998359680176e-01
9.990019798278808594e-01
9.986965060234069824e-01
9.968275427818298340e-01
9.737936258316040039e-01
9.949083328247070312e-01
9.956053495407104492e-01
9.744591116905212402e-01
9.175942540168762207e-01
9.984934329986572266e-01
9.982978701591491699e-01
9.916738867759704590e-01
9.845393896102905273e-01
9.898886084556579590e-01
9.910538792610168457e-01
9.937282204627990723e-01
9.975313544273376465e-01
9.986788630485534668e-01
9.989034533500671387e-01
9.913574457168579102e-01
9.977695941925048828e-01
9.968520998954772949e-01
9.973562359809875488e-01
9.948943257331848145e-01
9.627280235290527344e-01
9.904854297637939453e-01
9.961544871330261230e-01
9.941393733024597168e-01
9.907254576683044434e-01
9.323165416717529297e-01
9.988203644752502441e-01
9.988962411880493164e-01
9.982219338417053223e-01
9.936131238937377930e-01
9.741088747978210449e-01
9.979889988899230957e-01
9.904134869575500488e-01
9.965810179710388184e-01
9.757835268974304199e-01
9.993571043014526367e-01
9.859390258789062500e-01
9.983158707618713379e-01
9.836312532424926758e-01
9.794617891311645508e-01
9.987031817436218262e-01
9.968988895416259766e-01
9.847785830497741699e-01
9.992238283157348633e-01
9.999517798423767090e-01
9.968832731246948242e-01
9.962163567543029785e-01
9.956048130989074707e-01
9.916775226593017578e-01
9.963429570198059082e-01
9.904782772064208984e-01
9.894971847534179688e-01
9.949101209640502930e-01
9.972705245018005371e-01
9.946892857551574707e-01
9.982571601867675781e-01
9.993119239807128906e-01
9.928312301635742188e-01
9.893049001693725586e-01
9.885535240173339844e-01
9.889942407608032227e-01
9.740011096000671387e-01
9.965505003929138184e-01
9.937832355499267578e-01
9.993383884429931641e-01
9.973390698432922363e-01
9.931104779243469238e-01
9.939796924591064453e-01
9.931715726852416992e-01
9.635366201400756836e-01
9.943497776985168457e-01
9.989666938781738281e-01
9.944261312484741211e-01
9.956390261650085449e-01
9.973565936088562012e-01
9.961812496185302734e-01
9.978568553924560547e-01
9.981359839439392090e-01
9.955563545227050781e-01
9.997895956039428711e-01
9.911626577377319336e-01
9.964758753776550293e-01
9.947259426116943359e-01
9.983161091804504395e-01
9.954414367675781250e-01
9.968910217285156250e-01
9.938027262687683105e-01
9.760204553604125977e-01
9.985517263412475586e-01
9.893468022346496582e-01
9.845474958419799805e-01
9.971922636032104492e-01
9.980590343475341797e-01
9.965121150016784668e-01
9.989908933639526367e-01
9.898462295532226562e-01
9.976493716239929199e-01
9.982861280441284180e-01
9.963808655738830566e-01
9.951443076133728027e-01
9.936223626136779785e-01
9.924560785293579102e-01
9.972586035728454590e-01
9.980758428573608398e-01
9.979577660560607910e-01
9.918416142463684082e-01
9.966522455215454102e-01
9.956640601158142090e-01
9.919467568397521973e-01
9.977020025253295898e-01
9.974751472473144531e-01
9.961600303649902344e-01
9.943682551383972168e-01
9.991772770881652832e-01
9.923963546752929688e-01
9.982432723045349121e-01
9.810681343078613281e-01
9.977425932884216309e-01
9.968317747116088867e-01
9.974908828735351562e-01
9.889727234840393066e-01
9.993971586227416992e-01
9.990198612213134766e-01
9.966962337493896484e-01
9.924568533897399902e-01
9.965329170227050781e-01
9.971756339073181152e-01
9.869472384452819824e-01
9.913489818572998047e-01
8.283621668815612793e-01
9.960255622863769531e-01
9.937318563461303711e-01
9.941755533218383789e-01
9.787144064903259277e-01
9.981384277343750000e-01
9.554242491722106934e-01
9.945603609085083008e-01
9.969872832298278809e-01
9.900820851325988770e-01
9.928064942359924316e-01
9.984771609306335449e-01
9.945950508117675781e-01
9.921179413795471191e-01
9.785807728767395020e-01
9.978621006011962891e-01
9.948601126670837402e-01
9.951639175415039062e-01
9.847874641418457031e-01
9.940766692161560059e-01
9.890729188919067383e-01
9.811163544654846191e-01
9.981324076652526855e-01
9.953654408454895020e-01
9.991668462753295898e-01
9.834138154983520508e-01
9.972175955772399902e-01
9.837611317634582520e-01
9.903267025947570801e-01
9.946306943893432617e-01
9.913291335105895996e-01
9.906911253929138184e-01
9.959596395492553711e-01
9.974642992019653320e-01
9.968592524528503418e-01
9.997376203536987305e-01
9.994707107543945312e-01
9.947824478149414062e-01
9.625682234764099121e-01
9.988383054733276367e-01
9.969648122787475586e-01
9.894628524780273438e-01
9.615259170532226562e-01
9.931477308273315430e-01
9.979078769683837891e-01
9.793343544006347656e-01
9.880645275115966797e-01
9.939522147178649902e-01
9.979067444801330566e-01
9.891061782836914062e-01
9.875959157943725586e-01
9.913346767425537109e-01
9.832831621170043945e-01
9.956377148628234863e-01
9.986038804054260254e-01
9.971245527267456055e-01
9.988124370574951172e-01
9.923244714736938477e-01
9.993060231208801270e-01
9.980203509330749512e-01
9.991725087165832520e-01
9.415601491928100586e-01
9.985491633415222168e-01
9.941737651824951172e-01
9.972250461578369141e-01
9.756156802177429199e-01
9.817132353782653809e-01
9.840095639228820801e-01
9.926611185073852539e-01
9.793059825897216797e-01
9.895694851875305176e-01
9.967023134231567383e-01
9.877848029136657715e-01
9.978309273719787598e-01
9.960811138153076172e-01
9.980472922325134277e-01
9.939470887184143066e-01
9.973185658454895020e-01
9.969845414161682129e-01
9.922919273376464844e-01
9.908144474029541016e-01
9.987406134605407715e-01
9.969114065170288086e-01
9.979195594787597656e-01
9.973663091659545898e-01
9.973458647727966309e-01
9.946737885475158691e-01
9.938879013061523438e-01
9.989042282104492188e-01
9.813020825386047363e-01
9.997929930686950684e-01
9.900792241096496582e-01
9.952364563941955566e-01
9.822482466697692871e-01
9.935181140899658203e-01
9.955117106437683105e-01
9.944318532943725586e-01
9.982851743698120117e-01
9.974039196968078613e-01
9.971272945404052734e-01
9.949811100959777832e-01
9.956789612770080566e-01
9.982211589813232422e-01
9.873763918876647949e-01
9.978178739547729492e-01
9.770597815513610840e-01
9.567884206771850586e-01
9.947070479393005371e-01
9.918122887611389160e-01
9.938658475875854492e-01
9.932366609573364258e-01
9.979037046432495117e-01
9.990604519844055176e-01
9.990602731704711914e-01
9.866381287574768066e-01
9.994027018547058105e-01
9.921329021453857422e-01
9.982302784919738770e-01
9.980773329734802246e-01
9.987704753875732422e-01
9.763488769531250000e-01
9.987503886222839355e-01
9.964890480041503906e-01
9.951878786087036133e-01
9.976127147674560547e-01
9.914325475692749023e-01
9.945826530456542969e-01
9.965436458587646484e-01
9.931400418281555176e-01
9.989269971847534180e-01
9.924770593643188477e-01
9.931577444076538086e-01
9.907563328742980957e-01
9.956589341163635254e-01
9.993309378623962402e-01
9.998716711997985840e-01
9.939413666725158691e-01
9.890005588531494141e-01
9.914559125900268555e-01
9.944539070129394531e-01
9.957876205444335938e-01
9.940624237060546875e-01
9.975781440734863281e-01
9.907070994377136230e-01
9.993264079093933105e-01
9.829078912734985352e-01
9.877276420593261719e-01
9.925847053527832031e-01
9.951879382133483887e-01
9.825329780578613281e-01
9.974138140678405762e-01
9.956420063972473145e-01
9.688380360603332520e-01
9.813576340675354004e-01
9.873854517936706543e-01
9.972575902938842773e-01
9.971420764923095703e-01
9.899113774299621582e-01
9.720818400382995605e-01
9.915043115615844727e-01
9.981331229209899902e-01
9.986566901206970215e-01
9.962157607078552246e-01
9.918296337127685547e-01
9.629721045494079590e-01
9.989620447158813477e-01
9.975154995918273926e-01
9.973385930061340332e-01
9.796950221061706543e-01
9.541567564010620117e-01
9.826502799987792969e-01
9.982128739356994629e-01
9.996779561042785645e-01
9.882670044898986816e-01
9.960166215896606445e-01
9.863063693046569824e-01
9.881324172019958496e-01
9.990723729133605957e-01
9.985249638557434082e-01
9.925271272659301758e-01
9.982900619506835938e-01
9.961496591567993164e-01
9.981202483177185059e-01
9.978166222572326660e-01
9.903664588928222656e-01
9.960435628890991211e-01
9.819017648696899414e-01
9.876685738563537598e-01
9.959394335746765137e-01
9.973265528678894043e-01
9.975354075431823730e-01
9.841194748878479004e-01
9.989765286445617676e-01
9.923772215843200684e-01
9.856612682342529297e-01
9.711493253707885742e-01
9.861813187599182129e-01
9.985955953598022461e-01
9.947729706764221191e-01
8.519893884658813477e-01
9.953009486198425293e-01
9.976879954338073730e-01
9.963219165802001953e-01
9.734727740287780762e-01
9.984292387962341309e-01
9.971254467964172363e-01
9.979664683341979980e-01
9.970612525939941406e-01
9.957996010780334473e-01
9.983597993850708008e-01
9.962711930274963379e-01
9.978451132774353027e-01
9.931064844131469727e-01
9.883720278739929199e-01
9.923298358917236328e-01
9.954123497009277344e-01
9.987301230430603027e-01
9.941343069076538086e-01
9.966325163841247559e-01
9.810707569122314453e-01
9.981184005737304688e-01
9.941011071205139160e-01
9.982780218124389648e-01
9.988820552825927734e-01
9.952907562255859375e-01
9.797400832176208496e-01
9.981868267059326172e-01
9.968512058258056641e-01
9.948679208755493164e-01
9.932718276977539062e-01
9.918419122695922852e-01
9.060085415840148926e-01
9.963116049766540527e-01
9.984073638916015625e-01
9.983174800872802734e-01
9.929625988006591797e-01
9.825382232666015625e-01
9.954348802566528320e-01
9.984634518623352051e-01
9.982058405876159668e-01
9.773786664009094238e-01
9.954227209091186523e-01
9.950380921363830566e-01
9.746476411819458008e-01
9.890732169151306152e-01
9.948198199272155762e-01
9.959126710891723633e-01
9.990261197090148926e-01
9.995911717414855957e-01
9.787048101425170898e-01
9.944905638694763184e-01
9.793660640716552734e-01
9.964134097099304199e-01
9.485921263694763184e-01
9.958048462867736816e-01
9.887305498123168945e-01
9.985073208808898926e-01
9.984686374664306641e-01
9.959385395050048828e-01
9.993512034416198730e-01
9.987175464630126953e-01
9.920741319656372070e-01
9.924851059913635254e-01
9.991095066070556641e-01
9.968469738960266113e-01
9.978429079055786133e-01
9.977754950523376465e-01
9.940912127494812012e-01
9.994106888771057129e-01
9.991878271102905273e-01
9.952676296234130859e-01
9.865320324897766113e-01
9.993126988410949707e-01
9.733974337577819824e-01
9.990931749343872070e-01
9.989698529243469238e-01
9.996614456176757812e-01
9.955030083656311035e-01
9.943420886993408203e-01
9.985849857330322266e-01
9.868305921554565430e-01
9.856866002082824707e-01
9.993579983711242676e-01
9.486560225486755371e-01
9.982573986053466797e-01
9.967147707939147949e-01
9.999887943267822266e-01
9.965577125549316406e-01
9.992988705635070801e-01
9.975884556770324707e-01
9.972783923149108887e-01
9.881010651588439941e-01
9.958931803703308105e-01
9.985987544059753418e-01
9.991645216941833496e-01
9.844839572906494141e-01
9.980248808860778809e-01
9.968253374099731445e-01
9.990048408508300781e-01
9.869180917739868164e-01
9.967028498649597168e-01
9.962652325630187988e-01
9.964900016784667969e-01
9.981987476348876953e-01
9.981745481491088867e-01
9.959017038345336914e-01
9.963501691818237305e-01
9.915130734443664551e-01
9.990968704223632812e-01
9.982996582984924316e-01
9.971770048141479492e-01
9.999334812164306641e-01
9.947812557220458984e-01
9.936602711677551270e-01
9.978821873664855957e-01
9.891929626464843750e-01
9.929509758949279785e-01
9.910123944282531738e-01
9.790940880775451660e-01
9.866158962249755859e-01
9.961093664169311523e-01
9.970725178718566895e-01
9.952568411827087402e-01
9.869688153266906738e-01
9.979242682456970215e-01
9.989360570907592773e-01
9.407494664192199707e-01
9.985563158988952637e-01
9.835502505302429199e-01
9.988485574722290039e-01
9.756857752799987793e-01
9.784669280052185059e-01
9.827063679695129395e-01
9.744699597358703613e-01
9.976746439933776855e-01
9.988760948181152344e-01
9.967363476753234863e-01
9.867606163024902344e-01
9.987080097198486328e-01
9.896669387817382812e-01
9.982786178588867188e-01
9.950719475746154785e-01
9.981722831726074219e-01
9.982515573501586914e-01
9.984427094459533691e-01
9.976022839546203613e-01
9.995697140693664551e-01
9.936107397079467773e-01
9.980090260505676270e-01
9.959518313407897949e-01
9.955443739891052246e-01
9.955980777740478516e-01
9.986181855201721191e-01
9.955617189407348633e-01
9.896225333213806152e-01
9.983250498771667480e-01
9.976654052734375000e-01
9.921606183052062988e-01
9.767083525657653809e-01
9.734935164451599121e-01
9.917281866073608398e-01
9.836864471435546875e-01
9.698510169982910156e-01
9.988456964492797852e-01
9.870563149452209473e-01
9.997733235359191895e-01
9.992411732673645020e-01
9.713997840881347656e-01
9.947445392608642578e-01
9.998414516448974609e-01
9.991230368614196777e-01
9.980388283729553223e-01
9.986329674720764160e-01
9.665533900260925293e-01
9.305277466773986816e-01
9.970994591712951660e-01
9.631001353263854980e-01
9.988201856613159180e-01
9.909740090370178223e-01
9.983955025672912598e-01
9.988255500793457031e-01
9.880185127258300781e-01
9.361242055892944336e-01
9.975901246070861816e-01
9.911201596260070801e-01
9.984759092330932617e-01
9.997329115867614746e-01
9.982333183288574219e-01
9.881112575531005859e-01
9.887525439262390137e-01
9.923642873764038086e-01
9.977847933769226074e-01
9.915148019790649414e-01
9.971253871917724609e-01
9.928693175315856934e-01
9.947356581687927246e-01
9.963605999946594238e-01
9.986643195152282715e-01
9.946594834327697754e-01
9.994823932647705078e-01
9.913372993469238281e-01
9.975824356079101562e-01
9.954224228858947754e-01
9.914235472679138184e-01
9.938422441482543945e-01
9.985725283622741699e-01
9.967041015625000000e-01
9.931383132934570312e-01
9.972776770591735840e-01
9.664064049720764160e-01
9.974374771118164062e-01
9.953982234001159668e-01
9.977809786796569824e-01
9.928475618362426758e-01
9.993302822113037109e-01
9.975239038467407227e-01
9.952450990676879883e-01
9.948505163192749023e-01
9.834014177322387695e-01
9.991064071655273438e-01
9.976326823234558105e-01
9.985579252243041992e-01
9.960535764694213867e-01
9.901683926582336426e-01
9.946074485778808594e-01
9.964351654052734375e-01
9.990926980972290039e-01
9.851951599121093750e-01
9.927018880844116211e-01
9.830821752548217773e-01
9.963187575340270996e-01
9.938566684722900391e-01
9.747981429100036621e-01
9.672846198081970215e-01
9.999381899833679199e-01
9.962067008018493652e-01
9.981188178062438965e-01
9.984808564186096191e-01
9.806168675422668457e-01
9.977664947509765625e-01
9.997985959053039551e-01
9.983760714530944824e-01
9.990783929824829102e-01
9.899764060974121094e-01
9.923620223999023438e-01
9.992468357086181641e-01
9.999155402183532715e-01
9.968716502189636230e-01
9.995715618133544922e-01
9.405093193054199219e-01
9.673977494239807129e-01
9.756073355674743652e-01
9.819428920745849609e-01
9.972247481346130371e-01
9.995096921920776367e-01
9.959510564804077148e-01
9.948176145553588867e-01
9.985397458076477051e-01
9.938746690750122070e-01
9.954710602760314941e-01
9.987977743148803711e-01
9.681059122085571289e-01
9.873970150947570801e-01
9.976515769958496094e-01
9.929804205894470215e-01
9.987637996673583984e-01
9.873838424682617188e-01
9.938648343086242676e-01
9.985970854759216309e-01
9.993351101875305176e-01
9.958473443984985352e-01
8.450505137443542480e-01
9.966452121734619141e-01
9.982625246047973633e-01
9.902687668800354004e-01
9.745695590972900391e-01
9.863037467002868652e-01
9.973832964897155762e-01
9.663858413696289062e-01
9.981493353843688965e-01
9.920890331268310547e-01
9.974769949913024902e-01
9.860022664070129395e-01
9.987319111824035645e-01
9.829434156417846680e-01
9.958417415618896484e-01
9.835087656974792480e-01
9.984595179557800293e-01
9.945809841156005859e-01
9.818224310874938965e-01
9.935722351074218750e-01
9.958437085151672363e-01
9.969065785408020020e-01
9.967333674430847168e-01
9.940513372421264648e-01
9.942537546157836914e-01
9.979945421218872070e-01
9.997825026512145996e-01
9.908991456031799316e-01
9.937528371810913086e-01
9.902468323707580566e-01
9.902245402336120605e-01
9.938208460807800293e-01
9.973915815353393555e-01
9.602291584014892578e-01
9.981237649917602539e-01
9.966258406639099121e-01
9.995260238647460938e-01
9.969540834426879883e-01
9.878485202789306641e-01
9.983875751495361328e-01
9.985603094100952148e-01
9.988058209419250488e-01
9.977313876152038574e-01
9.926201701164245605e-01
9.966567158699035645e-01
9.914739727973937988e-01
9.885374307632446289e-01
9.999786615371704102e-01
9.981268644332885742e-01
9.919370412826538086e-01
9.971294403076171875e-01
9.956167340278625488e-01
9.739129543304443359e-01
9.863224625587463379e-01
9.984051585197448730e-01
9.971926212310791016e-01
9.942871332168579102e-01
9.928379654884338379e-01
9.960610866546630859e-01
9.841309785842895508e-01
9.774657487869262695e-01
9.962066411972045898e-01
9.988649487495422363e-01
9.958536028861999512e-01
9.933788180351257324e-01
9.969011545181274414e-01
9.993801116943359375e-01
9.925053715705871582e-01
9.989114999771118164e-01
9.770200848579406738e-01
9.933609366416931152e-01
9.973997473716735840e-01
9.955256581306457520e-01
9.757516384124755859e-01
9.870701432228088379e-01
9.353700280189514160e-01
9.970690608024597168e-01
9.999648928642272949e-01
9.873387217521667480e-01
9.931946992874145508e-01
9.988339543342590332e-01
9.975309371948242188e-01
9.995039105415344238e-01
9.860645532608032227e-01
9.929649829864501953e-01
9.994401931762695312e-01
9.782192111015319824e-01
9.975515007972717285e-01
9.957501888275146484e-01
9.818173050880432129e-01
9.470743536949157715e-01
9.964817166328430176e-01
9.984567165374755859e-01
9.994352459907531738e-01
9.822565913200378418e-01
9.922428727149963379e-01
9.995937943458557129e-01
9.876216053962707520e-01
9.992579817771911621e-01
9.917173385620117188e-01
9.982159733772277832e-01
9.898283481597900391e-01
9.544956088066101074e-01
9.420834183692932129e-01
9.973106980323791504e-01
9.601167440414428711e-01
9.966024160385131836e-01
9.850017428398132324e-01
9.889155030250549316e-01
9.408287405967712402e-01
9.978649616241455078e-01
9.946356415748596191e-01
9.934517145156860352e-01
9.955894351005554199e-01
9.979916810989379883e-01
9.915987849235534668e-01
9.202203750610351562e-01
9.944232106208801270e-01
9.953833222389221191e-01
9.974569678306579590e-01
9.990912675857543945e-01
9.962100386619567871e-01
9.590711593627929688e-01
9.838860034942626953e-01
9.849262833595275879e-01
9.933876395225524902e-01
9.959414601325988770e-01
9.983547925949096680e-01
9.959203600883483887e-01
9.882730841636657715e-01
9.898247718811035156e-01
9.818066358566284180e-01
9.972490668296813965e-01
9.935616850852966309e-01
9.689517021179199219e-01
9.958851933479309082e-01
9.925683140754699707e-01
9.981053471565246582e-01
9.993207454681396484e-01
9.955597519874572754e-01
9.851241707801818848e-01
9.787200093269348145e-01
9.933719038963317871e-01
9.922773241996765137e-01
9.979985952377319336e-01
9.866474270820617676e-01
9.944798350334167480e-01
9.612957239151000977e-01
9.991729855537414551e-01
9.807154536247253418e-01
9.955633878707885742e-01
9.973093867301940918e-01
9.846395254135131836e-01
9.878934621810913086e-01
9.989721179008483887e-01
9.787657260894775391e-01
9.972361326217651367e-01
9.972939491271972656e-01
9.992539286613464355e-01
9.937717318534851074e-01
9.645869135856628418e-01
9.903374910354614258e-01
9.958221316337585449e-01
9.964326620101928711e-01
9.940927624702453613e-01
9.982991218566894531e-01
9.942106008529663086e-01
9.935297369956970215e-01
9.985870718955993652e-01
9.769883751869201660e-01
9.970527887344360352e-01
9.935378432273864746e-01
9.972327351570129395e-01
9.962484836578369141e-01
9.663814902305603027e-01
9.955642819404602051e-01
9.954723715782165527e-01
9.961419701576232910e-01
9.943873286247253418e-01
9.979010224342346191e-01
9.984639883041381836e-01
9.913395643234252930e-01
9.991029500961303711e-01
9.933902025222778320e-01
9.977919459342956543e-01
9.981870651245117188e-01
9.989374876022338867e-01
9.952857494354248047e-01
9.889801144599914551e-01
9.978027939796447754e-01
9.988578557968139648e-01
9.992444515228271484e-01
9.984868764877319336e-01
9.976359009742736816e-01
9.986811280250549316e-01
9.998213648796081543e-01
9.950644373893737793e-01
9.982581138610839844e-01
9.948921799659729004e-01
9.897238016128540039e-01
9.888908863067626953e-01
9.906581044197082520e-01
9.936837553977966309e-01
9.911133050918579102e-01
9.982703328132629395e-01
9.970845580101013184e-01
9.924390316009521484e-01
9.984832406044006348e-01
9.662547707557678223e-01
9.942822456359863281e-01
9.919328093528747559e-01
9.907678961753845215e-01
9.886282682418823242e-01
9.960773587226867676e-01
9.989563822746276855e-01
9.959219098091125488e-01
9.989045858383178711e-01
9.990642666816711426e-01
9.965358376502990723e-01
9.992301464080810547e-01
9.931379556655883789e-01
9.944291710853576660e-01
9.832056164741516113e-01
9.794939756393432617e-01
9.969659447669982910e-01
9.940198063850402832e-01
9.976076483726501465e-01
9.821503758430480957e-01
9.901582002639770508e-01
9.884610176086425781e-01
9.971360564231872559e-01
9.971107840538024902e-01
9.941267371177673340e-01
9.813553094863891602e-01
9.761416912078857422e-01
9.933872222900390625e-01
9.999249577522277832e-01
9.972640872001647949e-01
9.983782768249511719e-01
9.971349835395812988e-01
9.881266355514526367e-01
9.989451169967651367e-01
9.689512252807617188e-01
9.991452097892761230e-01
9.972584247589111328e-01
9.925529956817626953e-01
9.986521601676940918e-01
9.965686202049255371e-01
9.746508598327636719e-01
9.975999593734741211e-01
9.815139174461364746e-01
9.981961250305175781e-01
9.916667938232421875e-01
9.819935560226440430e-01
9.996120333671569824e-01
9.943715929985046387e-01
9.972787499427795410e-01
9.977968931198120117e-01
9.953998327255249023e-01
9.784222245216369629e-01
9.989703297615051270e-01
9.935487508773803711e-01
9.978466033935546875e-01
9.903547763824462891e-01
9.989532232284545898e-01
9.982471466064453125e-01
9.992834925651550293e-01
9.929395914077758789e-01
9.919326901435852051e-01
9.929049015045166016e-01
9.957672953605651855e-01
9.867222905158996582e-01
9.889940023422241211e-01
9.923812150955200195e-01
9.986405372619628906e-01
9.885608553886413574e-01
9.957196116447448730e-01
9.985467195510864258e-01
9.983046650886535645e-01
9.958757162094116211e-01
9.983136653900146484e-01
9.962564706802368164e-01
9.790716171264648438e-01
9.978246688842773438e-01
9.973212480545043945e-01
9.934751391410827637e-01
9.986984729766845703e-01
9.973181486129760742e-01
9.989303350448608398e-01
8.951219916343688965e-01
9.713451266288757324e-01
9.925484657287597656e-01
9.986380338668823242e-01
9.959504008293151855e-01
9.530102610588073730e-01
9.743271470069885254e-01
9.842078089714050293e-01
9.854497313499450684e-01
9.932352900505065918e-01
9.868235588073730469e-01
9.755451083183288574e-01
9.956629276275634766e-01
9.995227456092834473e-01
9.894072413444519043e-01
9.933179616928100586e-01
9.966454505920410156e-01
9.961178302764892578e-01
9.991818070411682129e-01
9.950963854789733887e-01
9.803975224494934082e-01
9.884794354438781738e-01
9.940360188484191895e-01
9.871656298637390137e-01
9.976024627685546875e-01
9.958063960075378418e-01
9.964649081230163574e-01
9.972629547119140625e-01
9.945704340934753418e-01
9.918129444122314453e-01
9.991840124130249023e-01
9.999407529830932617e-01
9.944766163825988770e-01
9.966949820518493652e-01
9.923112988471984863e-01
9.897829890251159668e-01
9.901718497276306152e-01
9.964244961738586426e-01
9.977224469184875488e-01
9.997148513793945312e-01
9.846286177635192871e-01
9.548515081405639648e-01
9.785715341567993164e-01
9.893100261688232422e-01
9.897818565368652344e-01
9.899387955665588379e-01
9.925308227539062500e-01
9.953889250755310059e-01
9.408598542213439941e-01
9.887567162513732910e-01
9.961630702018737793e-01
9.924088120460510254e-01
9.941778779029846191e-01
9.982101917266845703e-01
9.977431297302246094e-01
9.799880981445312500e-01
9.871674180030822754e-01
9.930614233016967773e-01
9.922727942466735840e-01
9.894512891769409180e-01
9.885748028755187988e-01
9.896124005317687988e-01
9.976362586021423340e-01
9.769181013107299805e-01
9.310557842254638672e-01
9.987449049949645996e-01
9.966536164283752441e-01
9.973306059837341309e-01
9.978500604629516602e-01
9.964254498481750488e-01
9.961796402931213379e-01
9.937471747398376465e-01
9.991924166679382324e-01
9.948528409004211426e-01
9.978039264678955078e-01
9.973578453063964844e-01
9.944634437561035156e-01
9.941625595092773438e-01
9.962455630302429199e-01
9.998908638954162598e-01
9.934896230697631836e-01
9.949893355369567871e-01
9.946126937866210938e-01
9.982293248176574707e-01
9.893060922622680664e-01
9.989045262336730957e-01
9.964426755905151367e-01
9.996511936187744141e-01
9.975634813308715820e-01
9.955648779869079590e-01
9.984178543090820312e-01
9.969891309738159180e-01
9.608891606330871582e-01
9.132056832313537598e-01
9.892591834068298340e-01
9.981042146682739258e-01
9.980210065841674805e-01
9.991034269332885742e-01
9.943912625312805176e-01
9.993025660514831543e-01
9.998071789741516113e-01
9.671622514724731445e-01
9.897912740707397461e-01
9.959307312965393066e-01
9.605726003646850586e-01
9.984388351440429688e-01
9.892848730087280273e-01
9.779580235481262207e-01
9.870450496673583984e-01
9.984828829765319824e-01
9.915256500244140625e-01
9.945520758628845215e-01
9.989173412322998047e-01
9.888521432876586914e-01
9.965203404426574707e-01
9.973391294479370117e-01
9.849150776863098145e-01
9.764426350593566895e-01
9.978453516960144043e-01
9.991337060928344727e-01
9.924269914627075195e-01
9.567157626152038574e-01
9.995708465576171875e-01
9.920178651809692383e-01
9.982571005821228027e-01
9.947682023048400879e-01
9.967458248138427734e-01
9.515220522880554199e-01
9.894135594367980957e-01
9.990320205688476562e-01
9.916784167289733887e-01
9.994913935661315918e-01
