9.931447505950927734e-01
9.984844326972961426e-01
5.318989753723144531e-01
9.806686639785766602e-01
9.127588272094726562e-01
8.422515392303466797e-01
8.738617300987243652e-01
4.857100546360015869e-01
9.946939945220947266e-01
8.669608831405639648e-01
8.892427086830139160e-01
5.039882063865661621e-01
6.775973439216613770e-01
7.928364276885986328e-01
9.997458457946777344e-01
9.985370039939880371e-01
9.998931288719177246e-01
7.037991881370544434e-01
6.644672751426696777e-01
9.106013178825378418e-01
9.980894327163696289e-01
9.998648762702941895e-01
9.972755908966064453e-01
9.984759688377380371e-01
5.987475514411926270e-01
9.996451735496520996e-01
5.902220010757446289e-01
8.077087402343750000e-01
5.136967301368713379e-01
5.710487961769104004e-01
8.443426489830017090e-01
4.717790782451629639e-01
9.994169473648071289e-01
5.408930778503417969e-01
4.973385035991668701e-01
6.777242422103881836e-01
7.203392386436462402e-01
9.910288453102111816e-01
6.169794201850891113e-01
9.843406081199645996e-01
9.046106338500976562e-01
9.102542996406555176e-01
9.965786337852478027e-01
9.979078173637390137e-01
9.973868727684020996e-01
9.982599616050720215e-01
7.823587656021118164e-01
9.986560940742492676e-01
9.867414832115173340e-01
9.588302969932556152e-01
5.552988648414611816e-01
6.687898635864257812e-01
9.998095035552978516e-01
9.979370832443237305e-01
6.741164326667785645e-01
9.998197555541992188e-01
9.272217154502868652e-01
2.534842491149902344e-02
9.988499879837036133e-01
8.154785037040710449e-01
9.976817965507507324e-01
9.666904807090759277e-01
7.862561345100402832e-01
7.600294947624206543e-01
7.571274638175964355e-01
9.904800653457641602e-01
9.990636706352233887e-01
8.996931910514831543e-01
9.985257387161254883e-01
9.994266033172607422e-01
9.540783762931823730e-01
4.955948293209075928e-01
9.985313415527343750e-01
8.857443928718566895e-01
8.731176853179931641e-01
9.913102388381958008e-01
9.958903193473815918e-01
9.996719956398010254e-01
1.940920948982238770e-02
9.189335107803344727e-01
5.660921931266784668e-01
9.973939657211303711e-01
9.993328452110290527e-01
9.981579780578613281e-01
7.858001589775085449e-01
9.905488491058349609e-01
9.573159813880920410e-01
6.128343939781188965e-01
4.983173012733459473e-01
9.998790621757507324e-01
9.987086057662963867e-01
6.398994922637939453e-01
6.514089703559875488e-01
9.760931730270385742e-01
5.318216681480407715e-01
4.193379878997802734e-01
9.994001984596252441e-01
8.538803458213806152e-01
9.994589090347290039e-01
4.782267510890960693e-01
9.749972224235534668e-01
9.988597035408020020e-01
9.229633808135986328e-01
8.335278034210205078e-01
6.999454498291015625e-01
9.565261006355285645e-01
5.108298063278198242e-01
8.610104322433471680e-01
7.529444694519042969e-01
7.726638317108154297e-01
7.876563072204589844e-01
9.803888797760009766e-01
3.445926010608673096e-01
9.996148347854614258e-01
8.978403806686401367e-01
9.965357780456542969e-01
9.954035282135009766e-01
9.990208745002746582e-01
9.225809574127197266e-01
3.077172636985778809e-01
9.878090620040893555e-01
9.629037976264953613e-01
9.996578097343444824e-01
9.970021247863769531e-01
6.760579943656921387e-01
9.993965625762939453e-01
9.556043744087219238e-01
9.096077680587768555e-01
9.195652008056640625e-01
7.422808408737182617e-01
9.995108842849731445e-01
4.967263340950012207e-01
7.279680371284484863e-01
9.988254308700561523e-01
9.905459880828857422e-01
9.964793920516967773e-01
9.986770153045654297e-01
9.949859380722045898e-01
9.987564682960510254e-01
6.394783258438110352e-01
5.220232605934143066e-01
9.972822070121765137e-01
6.081538796424865723e-01
9.984927773475646973e-01
5.487889051437377930e-01
9.978594183921813965e-01
7.476634383201599121e-01
5.213276743888854980e-01
9.047527313232421875e-01
9.964039921760559082e-01
9.993347525596618652e-01
9.436662793159484863e-01
9.920310378074645996e-01
6.609984040260314941e-01
9.779786467552185059e-01
9.916185736656188965e-01
6.295601725578308105e-01
5.031082630157470703e-01
9.306944012641906738e-01
5.838845372200012207e-01
9.971100091934204102e-01
7.118896245956420898e-01
7.091763615608215332e-01
9.958109259605407715e-01
8.853222727775573730e-01
7.463715672492980957e-01
9.971907138824462891e-01
9.999584555625915527e-01
9.915311336517333984e-01
9.998604655265808105e-01
6.477714180946350098e-01
7.001923322677612305e-01
7.469407916069030762e-01
9.716152548789978027e-01
9.977933168411254883e-01
9.998636841773986816e-01
4.605959951877593994e-01
8.010011911392211914e-01
7.048999667167663574e-01
9.998932480812072754e-01
6.579708456993103027e-01
9.314806461334228516e-01
7.393909692764282227e-01
9.914484024047851562e-01
9.996784925460815430e-01
6.417495012283325195e-01
9.968193769454956055e-01
9.998841285705566406e-01
7.029837369918823242e-01
5.046567916870117188e-01
9.316635131835937500e-01
5.038565993309020996e-01
9.990591406822204590e-01
9.017994403839111328e-01
8.305330276489257812e-01
9.934030771255493164e-01
9.998182654380798340e-01
9.984565377235412598e-01
9.998136758804321289e-01
4.831609725952148438e-01
9.862235188484191895e-01
9.337079524993896484e-01
5.633111596107482910e-01
5.701660513877868652e-01
9.011823534965515137e-01
6.806912422180175781e-01
7.542308568954467773e-01
9.990053176879882812e-01
9.984671473503112793e-01
9.960620403289794922e-01
9.997066855430603027e-01
9.122439026832580566e-01
9.828584790229797363e-01
9.938191175460815430e-01
9.912210702896118164e-01
5.080823898315429688e-01
9.990795850753784180e-01
6.067784428596496582e-01
7.952528595924377441e-01
9.781116247177124023e-01
7.918069362640380859e-01
9.893207550048828125e-01
9.428610801696777344e-01
9.095246791839599609e-01
9.943492412567138672e-01
9.977334141731262207e-01
9.520539045333862305e-01
4.885662198066711426e-01
2.494436651468276978e-01
7.899879813194274902e-01
9.787328839302062988e-01
9.996690750122070312e-01
9.996213912963867188e-01
9.989643096923828125e-01
9.998462200164794922e-01
9.992402195930480957e-01
6.040359735488891602e-01
9.990085959434509277e-01
4.736493527889251709e-01
9.989383816719055176e-01
5.045868158340454102e-01
6.972458362579345703e-01
9.994966983795166016e-01
9.983301758766174316e-01
5.753481388092041016e-01
6.037107110023498535e-01
4.789026975631713867e-01
8.449410200119018555e-01
9.965952634811401367e-01
9.969533681869506836e-01
9.969022870063781738e-01
9.935171604156494141e-01
9.980098605155944824e-01
5.709293484687805176e-01
6.384127736091613770e-01
7.411114573478698730e-01
7.400906085968017578e-01
5.583817958831787109e-01
9.705002307891845703e-01
9.998493790626525879e-01
9.990319609642028809e-01
9.979362487792968750e-01
9.127252101898193359e-01
5.644829869270324707e-01
9.932846426963806152e-01
8.354419469833374023e-01
9.991108775138854980e-01
9.996418952941894531e-01
7.932764887809753418e-01
6.839482784271240234e-01
9.993769526481628418e-01
9.550133347511291504e-01
9.998549818992614746e-01
9.993767738342285156e-01
9.892373681068420410e-01
9.988549947738647461e-01
6.183906793594360352e-01
9.329743385314941406e-01
9.994978904724121094e-01
9.864048957824707031e-01
8.938249945640563965e-01
9.705766439437866211e-01
7.847211360931396484e-01
6.222472786903381348e-01
9.664177894592285156e-01
9.746924638748168945e-01
6.325355768203735352e-01
7.404605746269226074e-01
9.977276921272277832e-01
8.914465308189392090e-01
8.592106103897094727e-01
8.504880070686340332e-01
9.987462759017944336e-01
7.046107053756713867e-01
9.866617321968078613e-01
9.922183156013488770e-01
9.941227436065673828e-01
7.971324324607849121e-01
9.692050218582153320e-01
9.994438886642456055e-01
9.995750784873962402e-01
9.907636642456054688e-01
5.613305568695068359e-01
4.955785274505615234e-01
9.165586829185485840e-01
7.988166213035583496e-01
9.799053072929382324e-01
9.918702244758605957e-01
9.606691002845764160e-01
9.972202777862548828e-01
9.858800172805786133e-01
9.989588856697082520e-01
9.990060925483703613e-01
8.011600375175476074e-01
9.986050128936767578e-01
8.679035902023315430e-01
9.991886019706726074e-01
9.983597397804260254e-01
9.797893762588500977e-01
9.996141195297241211e-01
6.807863116264343262e-01
9.715194106101989746e-01
9.997598528861999512e-01
9.496549367904663086e-01
8.832783102989196777e-01
8.131183981895446777e-01
9.988040924072265625e-01
8.135983347892761230e-01
9.960879683494567871e-01
9.758893251419067383e-01
6.511244177818298340e-01
8.267747163772583008e-01
9.997601509094238281e-01
9.997171163558959961e-01
9.622536301612854004e-01
9.992746114730834961e-01
9.782049655914306641e-01
9.966163635253906250e-01
9.979109764099121094e-01
9.290997385978698730e-01
9.899370670318603516e-01
9.933943748474121094e-01
9.757791161537170410e-01
9.958466887474060059e-01
9.340647459030151367e-01
9.994190335273742676e-01
7.707252502441406250e-01
9.184935688972473145e-01
5.971614122390747070e-01
9.702716469764709473e-01
9.924079775810241699e-01
9.984544515609741211e-01
9.589489102363586426e-01
8.621848225593566895e-01
8.729725480079650879e-01
9.960148930549621582e-01
6.697082519531250000e-01
9.997235536575317383e-01
9.163627028465270996e-01
5.067563056945800781e-01
8.759133815765380859e-01
9.992359876632690430e-01
8.652544021606445312e-01
7.700713872909545898e-01
8.265288472175598145e-01
5.862520337104797363e-01
9.995761513710021973e-01
9.996576309204101562e-01
9.586063027381896973e-01
9.983885884284973145e-01
9.868227243423461914e-01
9.554408192634582520e-01
9.173202514648437500e-01
9.998439550399780273e-01
9.958493113517761230e-01
7.541934847831726074e-01
9.959677457809448242e-01
7.462357282638549805e-01
7.700803875923156738e-01
9.991915225982666016e-01
5.558546185493469238e-01
2.489772997796535492e-02
7.994999289512634277e-01
7.889444828033447266e-01
9.997282624244689941e-01
8.135587573051452637e-01
9.507346153259277344e-01
9.553592801094055176e-01
5.049778819084167480e-01
9.993157982826232910e-01
9.082060456275939941e-01
9.994370937347412109e-01
9.996927976608276367e-01
7.346964478492736816e-01
8.397230505943298340e-01
9.992475509643554688e-01
9.995370507240295410e-01
5.107711553573608398e-01
9.997681379318237305e-01
9.115074276924133301e-01
8.030859827995300293e-01
5.355529785156250000e-01
9.734213948249816895e-01
5.937606692314147949e-01
6.287850737571716309e-01
9.392257332801818848e-01
9.979432821273803711e-01
9.847205877304077148e-01
9.089052677154541016e-01
9.044324755668640137e-01
9.973587989807128906e-01
9.984661936759948730e-01
6.597764492034912109e-01
9.994509220123291016e-01
9.978872537612915039e-01
9.819698333740234375e-01
6.696045994758605957e-01
9.854775667190551758e-01
9.989455938339233398e-01
9.882664084434509277e-01
9.994811415672302246e-01
9.791011810302734375e-01
6.963806748390197754e-01
9.960781931877136230e-01
9.740091562271118164e-01
9.987324476242065430e-01
9.863671064376831055e-01
9.861621260643005371e-01
9.752845764160156250e-01
9.769154191017150879e-01
4.475551843643188477e-01
8.191637992858886719e-01
9.998080134391784668e-01
9.906806945800781250e-01
9.551100134849548340e-01
4.196273684501647949e-01
9.989305138587951660e-01
9.236879348754882812e-01
5.830578804016113281e-01
9.985082745552062988e-01
9.901325702667236328e-01
6.978691220283508301e-01
9.983993768692016602e-01
7.927400469779968262e-01
9.951621890068054199e-01
7.398253679275512695e-01
7.781642675399780273e-01
5.083988308906555176e-01
9.364403486251831055e-01
7.578551769256591797e-01
9.372023940086364746e-01
9.892008900642395020e-01
9.547195434570312500e-01
9.997929930686950684e-01
9.998924732208251953e-01
9.765767455101013184e-01
9.954692125320434570e-01
8.827803730964660645e-01
8.492534756660461426e-01
9.990680813789367676e-01
9.330235123634338379e-01
9.995815157890319824e-01
9.984991550445556641e-01
9.987337589263916016e-01
9.560782313346862793e-01
6.173890829086303711e-01
9.759760499000549316e-01
6.913568973541259766e-01
7.955595850944519043e-01
7.321022748947143555e-01
9.991298317909240723e-01
3.848804831504821777e-01
9.991858601570129395e-01
9.982554316520690918e-01
9.982461929321289062e-01
7.957121133804321289e-01
9.996672868728637695e-01
7.468526363372802734e-01
5.734499096870422363e-01
7.536614537239074707e-01
9.408351182937622070e-01
9.667437672615051270e-01
7.927227616310119629e-01
7.649435997009277344e-01
4.207120239734649658e-01
7.747308015823364258e-01
9.295968413352966309e-01
9.763655662536621094e-01
9.489765763282775879e-01
4.906505048274993896e-01
9.980751276016235352e-01
8.479526638984680176e-01
9.234530925750732422e-01
9.006656408309936523e-01
6.692277789115905762e-01
9.988704323768615723e-01
9.988622069358825684e-01
8.854090571403503418e-01
7.996756434440612793e-01
9.763152003288269043e-01
8.092274665832519531e-01
9.933088421821594238e-01
6.832104921340942383e-01
9.234532117843627930e-01
7.681425809860229492e-01
9.966716766357421875e-01
9.998954534530639648e-01
8.783217668533325195e-01
9.937467575073242188e-01
9.981068372726440430e-01
9.975641965866088867e-01
8.623731136322021484e-01
9.989457726478576660e-01
6.712110042572021484e-01
5.963392257690429688e-01
9.784223437309265137e-01
9.975309371948242188e-01
7.449402213096618652e-01
9.998000264167785645e-01
9.987924695014953613e-01
9.909859299659729004e-01
9.724203944206237793e-01
5.900985002517700195e-01
9.986719489097595215e-01
9.979753494262695312e-01
7.298660874366760254e-01
9.993656277656555176e-01
9.921528697013854980e-01
7.027154564857482910e-01
7.235963940620422363e-01
9.776524305343627930e-01
8.311051130294799805e-01
9.992965459823608398e-01
5.037659406661987305e-01
9.980818033218383789e-01
7.364997267723083496e-01
9.297980666160583496e-01
9.968839883804321289e-01
8.589599132537841797e-01
9.599982500076293945e-01
4.024969339370727539e-01
9.989002346992492676e-01
9.954506754875183105e-01
4.511763155460357666e-01
9.998903870582580566e-01
9.374147057533264160e-01
9.444172978401184082e-01
9.808425903320312500e-01
9.946043491363525391e-01
9.843548536300659180e-01
9.998142123222351074e-01
9.794715046882629395e-01
9.983976483345031738e-01
7.230061292648315430e-01
9.995939731597900391e-01
9.557235240936279297e-01
9.753610491752624512e-01
9.896171092987060547e-01
6.734120249748229980e-01
6.954357028007507324e-01
9.752568602561950684e-01
5.150873064994812012e-01
8.659970164299011230e-01
7.488290071487426758e-01
9.524798393249511719e-01
9.986169934272766113e-01
9.996180534362792969e-01
9.933545589447021484e-01
9.970789551734924316e-01
9.927798509597778320e-01
6.344010829925537109e-01
5.640468597412109375e-01
8.590529561042785645e-01
9.017891883850097656e-01
9.948807954788208008e-01
5.135766267776489258e-01
9.290112257003784180e-01
9.998818039894104004e-01
7.922990918159484863e-01
9.989381432533264160e-01
9.886438846588134766e-01
9.998149275779724121e-01
9.991539716720581055e-01
9.993503689765930176e-01
7.373257279396057129e-01
9.997009038925170898e-01
9.992579817771911621e-01
9.681226015090942383e-01
9.998247027397155762e-01
9.998850822448730469e-01
9.985678195953369141e-01
6.139553785324096680e-01
4.980478882789611816e-01
8.049872517585754395e-01
8.442653417587280273e-01
9.946901202201843262e-01
4.726480841636657715e-01
7.085771560668945312e-01
9.749453663825988770e-01
9.894406795501708984e-01
9.993673563003540039e-01
9.713202714920043945e-01
9.983199834823608398e-01
9.631376266479492188e-01
9.993888139724731445e-01
9.985952377319335938e-01
9.982863664627075195e-01
7.521924972534179688e-01
9.969751238822937012e-01
9.929704666137695312e-01
5.996820330619812012e-02
9.634844660758972168e-01
7.456153631210327148e-01
9.874877333641052246e-01
1.297131180763244629e-02
8.826377391815185547e-01
9.721468091011047363e-01
9.980832934379577637e-01
9.589510560035705566e-01
5.086831450462341309e-01
9.320623874664306641e-01
6.121324896812438965e-01
9.602457880973815918e-01
8.480028510093688965e-01
7.593539953231811523e-01
9.977155923843383789e-01
5.552815198898315430e-01
9.905808568000793457e-01
7.179300785064697266e-01
7.973961830139160156e-01
9.971140623092651367e-01
9.524511694908142090e-01
4.426046013832092285e-01
4.860750138759613037e-01
5.740568637847900391e-01
6.826835274696350098e-01
9.981751441955566406e-01
9.992780685424804688e-01
6.403108239173889160e-01
9.995833635330200195e-01
9.680300354957580566e-01
5.675379037857055664e-01
4.905074536800384521e-01
9.994664788246154785e-01
9.991933703422546387e-01
9.954885840415954590e-01
9.940239191055297852e-01
9.830133914947509766e-01
9.165562987327575684e-01
5.988153219223022461e-01
4.752470254898071289e-01
7.964528799057006836e-01
9.971314668655395508e-01
9.469800591468811035e-01
9.957920312881469727e-01
9.849501848220825195e-01
9.898592829704284668e-01
9.998207688331604004e-01
6.948371529579162598e-01
8.909574151039123535e-01
5.428155660629272461e-01
9.415780305862426758e-01
8.557263612747192383e-01
9.087294936180114746e-01
8.144375681877136230e-01
7.017598152160644531e-01
9.950807094573974609e-01
7.465656995773315430e-01
7.660065293312072754e-01
9.839189648628234863e-01
9.589688181877136230e-01
8.483448624610900879e-01
8.247380852699279785e-01
9.968397617340087891e-01
9.987827539443969727e-01
5.964714288711547852e-01
6.573424935340881348e-01
9.880412220954895020e-01
9.985004663467407227e-01
9.989249110221862793e-01
5.215865373611450195e-01
6.897069811820983887e-01
6.000843644142150879e-01
8.899271488189697266e-01
2.084805369377136230e-01
9.877083897590637207e-01
9.564417600631713867e-01
8.491405248641967773e-01
8.931742310523986816e-01
9.988633990287780762e-01
3.703385889530181885e-01
4.563799798488616943e-01
7.697672843933105469e-01
9.738844633102416992e-01
7.526074647903442383e-01
9.995252490043640137e-01
8.800123333930969238e-01
9.995865225791931152e-01
9.979918599128723145e-01
8.780084848403930664e-01
8.275932073593139648e-01
8.262533545494079590e-01
7.586766481399536133e-01
7.698274850845336914e-01
7.844976782798767090e-01
9.970996975898742676e-01
9.938039183616638184e-01
6.713537573814392090e-01
9.995709657669067383e-01
9.985582232475280762e-01
9.778400063514709473e-01
5.350856781005859375e-01
9.960394501686096191e-01
6.405019760131835938e-01
9.051833152770996094e-01
9.920060634613037109e-01
8.795222640037536621e-01
6.721007823944091797e-01
7.508549690246582031e-01
8.113630414009094238e-01
9.869684576988220215e-01
5.068091154098510742e-01
8.915007710456848145e-01
8.807448744773864746e-01
9.780526161193847656e-01
7.753799557685852051e-01
9.786887168884277344e-01
8.724954724311828613e-01
8.658519387245178223e-01
8.172204494476318359e-01
9.987909197807312012e-01
9.991267919540405273e-01
9.940024018287658691e-01
6.550117731094360352e-01
9.754974842071533203e-01
7.996909022331237793e-01
9.999011754989624023e-01
9.995833635330200195e-01
9.891051650047302246e-01
7.232122421264648438e-01
9.960507750511169434e-01
9.767869114875793457e-01
8.327695131301879883e-01
7.542079687118530273e-01
9.188357591629028320e-01
7.576988935470581055e-01
9.838705062866210938e-01
3.611719608306884766e-02
9.848378896713256836e-01
4.660852849483489990e-01
5.997107028961181641e-01
9.996243715286254883e-01
9.992175698280334473e-01
7.443091869354248047e-01
9.998939633369445801e-01
9.848423600196838379e-01
9.618878960609436035e-01
8.234577775001525879e-01
9.979301691055297852e-01
9.790891408920288086e-01
9.851480126380920410e-01
9.842169880867004395e-01
8.547642827033996582e-01
5.736712217330932617e-01
5.692042112350463867e-01
9.912617802619934082e-01
9.644078612327575684e-01
9.993833303451538086e-01
6.473735570907592773e-01
9.970046877861022949e-01
6.193556189537048340e-01
9.992979168891906738e-01
3.420511186122894287e-01
9.629955887794494629e-01
6.345697045326232910e-01
5.329751372337341309e-01
9.974483847618103027e-01
9.997742176055908203e-01
5.066660046577453613e-01
9.733751416206359863e-01
5.653797984123229980e-01
9.966284632682800293e-01
5.666157603263854980e-01
8.433839678764343262e-01
8.330288529396057129e-01
4.949798583984375000e-01
8.593887686729431152e-01
9.116875529289245605e-01
9.987589716911315918e-01
9.944358468055725098e-01
9.595380425453186035e-01
9.854167103767395020e-01
9.995612502098083496e-01
1.511390209197998047e-01
9.118447303771972656e-01
9.949489831924438477e-01
9.837610721588134766e-01
8.668691515922546387e-01
8.274369835853576660e-01
6.776304841041564941e-01
7.807657718658447266e-01
9.980829358100891113e-01
7.324523925781250000e-01
9.993323683738708496e-01
7.160327434539794922e-01
9.809468984603881836e-01
9.968143701553344727e-01
5.700809359550476074e-01
9.979574084281921387e-01
9.998890757560729980e-01
6.867279410362243652e-01
9.994947314262390137e-01
8.819334506988525391e-01
9.994403719902038574e-01
9.996496438980102539e-01
6.827098727226257324e-01
5.822682976722717285e-01
9.163473844528198242e-01
6.079152822494506836e-01
9.989362955093383789e-01
9.998891949653625488e-01
9.997082948684692383e-01
1.803910732269287109e-02
9.955142736434936523e-01
9.651566147804260254e-01
9.927474260330200195e-01
9.995568394660949707e-01
9.970017075538635254e-01
5.145955681800842285e-01
9.990319013595581055e-01
6.268905401229858398e-01
9.842941761016845703e-01
9.970282912254333496e-01
5.572435259819030762e-01
5.503421425819396973e-01
8.326220512390136719e-01
9.759840369224548340e-01
9.979539513587951660e-01
9.179432392120361328e-01
6.546418070793151855e-01
9.716495275497436523e-01
9.988188743591308594e-01
8.883275985717773438e-01
9.955009818077087402e-01
9.967514872550964355e-01
7.416880130767822266e-01
6.470481157302856445e-01
9.887920022010803223e-01
5.145457386970520020e-01
9.398238658905029297e-01
9.924500584602355957e-01
8.317979574203491211e-01
9.924283623695373535e-01
9.998893737792968750e-01
9.993045330047607422e-01
9.991038441658020020e-01
9.997369647026062012e-01
7.597660422325134277e-01
9.613981842994689941e-01
8.114624619483947754e-01
9.988496303558349609e-01
8.293434977531433105e-01
9.939789175987243652e-01
4.405657052993774414e-01
9.999035596847534180e-01
4.362593293190002441e-01
8.651924133300781250e-01
9.943254590034484863e-01
9.962073564529418945e-01
9.987345933914184570e-01
8.528617024421691895e-01
9.448266625404357910e-01
9.992176294326782227e-01
9.596201181411743164e-01
9.944779872894287109e-01
9.989369511604309082e-01
7.882876396179199219e-01
8.627317547798156738e-01
9.996632933616638184e-01
5.695486664772033691e-01
5.078592896461486816e-01
6.309279203414916992e-01
7.833459973335266113e-01
9.974781870841979980e-01
8.485524654388427734e-01
9.924292564392089844e-01
9.971659779548645020e-01
9.974898695945739746e-01
9.972011446952819824e-01
4.770312905311584473e-01
9.998390078544616699e-01
9.998914599418640137e-01
5.104113817214965820e-01
9.919453263282775879e-01
9.987923502922058105e-01
9.715628027915954590e-01
9.815858602523803711e-01
9.994683861732482910e-01
7.748519182205200195e-01
6.173754930496215820e-01
9.996123909950256348e-01
9.531951546669006348e-01
9.295715689659118652e-01
7.493917942047119141e-01
9.606043100357055664e-01
9.973477721214294434e-01
9.993997812271118164e-01
7.484653592109680176e-01
9.990245699882507324e-01
6.589879393577575684e-01
5.111146569252014160e-01
4.746812582015991211e-01
6.622543334960937500e-01
9.986892342567443848e-01
9.206035137176513672e-01
9.742380976676940918e-01
9.999670386314392090e-01
8.434921503067016602e-01
9.082254767417907715e-01
9.992306232452392578e-01
9.992038607597351074e-01
9.992231726646423340e-01
9.870402812957763672e-01
7.946594953536987305e-01
9.836831092834472656e-01
9.913673996925354004e-01
7.141357660293579102e-01
3.409246504306793213e-01
9.955963492393493652e-01
5.002201199531555176e-01
8.537494540214538574e-01
9.980795979499816895e-01
8.576139807701110840e-01
9.994518160820007324e-01
8.233446478843688965e-01
9.983986616134643555e-01
8.949865698814392090e-01
9.964462518692016602e-01
9.971088171005249023e-01
9.462409019470214844e-01
9.981312751770019531e-01
5.078178048133850098e-01
2.932041883468627930e-02
9.832813739776611328e-01
9.997779130935668945e-01
5.945026278495788574e-01
9.999068975448608398e-01
8.160466551780700684e-01
8.455103635787963867e-01
6.712824702262878418e-01
9.941440224647521973e-01
9.986219406127929688e-01
7.419453859329223633e-01
4.389615952968597412e-01
8.868577480316162109e-01
7.682741284370422363e-01
9.067904949188232422e-01
9.719380140304565430e-01
8.915649652481079102e-01
9.829544425010681152e-01
9.998453259468078613e-01
7.724164724349975586e-01
5.021388530731201172e-01
9.237327575683593750e-01
5.697870850563049316e-01
5.588372945785522461e-01
6.497990489006042480e-01
8.886516094207763672e-01
7.861433625221252441e-01
9.964363574981689453e-01
7.994711399078369141e-01
9.988606572151184082e-01
9.605833888053894043e-01
9.725855588912963867e-01
6.073012948036193848e-01
9.955000281333923340e-01
6.216794848442077637e-01
9.991904497146606445e-01
5.947573781013488770e-01
9.994929432868957520e-01
9.939197897911071777e-01
5.405693650245666504e-01
9.992730617523193359e-01
9.630227684974670410e-01
9.997985363006591797e-01
9.354559183120727539e-01
9.995564222335815430e-01
9.953645467758178711e-01
9.977374672889709473e-01
9.998914003372192383e-01
9.977228641510009766e-01
8.355216383934020996e-01
9.684753417968750000e-01
9.988424181938171387e-01
9.993711709976196289e-01
9.461972117424011230e-01
9.865225553512573242e-01
7.946682572364807129e-01
9.988991022109985352e-01
9.976768493652343750e-01
9.634352922439575195e-01
3.432258665561676025e-01
9.763293862342834473e-01
9.543391466140747070e-01
4.992825984954833984e-01
7.895431518554687500e-01
8.256550431251525879e-01
9.546795487403869629e-01
9.985945820808410645e-01
9.995920658111572266e-01
9.998928308486938477e-01
6.454837918281555176e-01
5.873157382011413574e-01
9.220262765884399414e-01
9.727068543434143066e-01
4.781388640403747559e-01
8.911666870117187500e-01
9.952417612075805664e-01
9.868311882019042969e-01
9.992796778678894043e-01
5.731070637702941895e-01
9.997850656509399414e-01
9.940087199211120605e-01
9.420469999313354492e-01
9.048475027084350586e-01
4.982818365097045898e-01
9.995607137680053711e-01
5.205005407333374023e-01
9.957839846611022949e-01
9.756662249565124512e-01
6.233428716659545898e-01
8.464697599411010742e-01
9.850015640258789062e-01
9.910629391670227051e-01
9.703913927078247070e-01
9.984644055366516113e-01
9.825745820999145508e-01
9.908923506736755371e-01
9.989998340606689453e-01
9.989886283874511719e-01
8.391382694244384766e-01
9.997597336769104004e-01
6.502708792686462402e-01
9.995310902595520020e-01
9.969357848167419434e-01
7.340548038482666016e-01
8.658013343811035156e-01
9.986885190010070801e-01
9.804098606109619141e-01
6.110041737556457520e-01
9.977333545684814453e-01
9.805846810340881348e-01
6.139460206031799316e-01
9.783080816268920898e-01
9.995466470718383789e-01
9.914723634719848633e-01
8.733528256416320801e-01
9.972838759422302246e-01
9.840457439422607422e-01
9.986740350723266602e-01
9.964557886123657227e-01
9.349113702774047852e-01
9.931353926658630371e-01
9.515208005905151367e-01
9.240255355834960938e-01
9.996499419212341309e-01
7.855207920074462891e-01
7.122951149940490723e-01
5.407748222351074219e-01
9.778556227684020996e-01
6.756759285926818848e-01
9.763265848159790039e-01
9.852505922317504883e-01
9.993602633476257324e-01
5.173922181129455566e-01
9.841325879096984863e-01
9.986248612403869629e-01
9.770363569259643555e-01
9.998803734779357910e-01
9.561875462532043457e-01
9.693049192428588867e-01
9.805442690849304199e-01
9.988314509391784668e-01
9.781199097633361816e-01
5.860527157783508301e-01
9.993684291839599609e-01
9.415394067764282227e-01
9.995447993278503418e-01
7.398582100868225098e-01
9.708090424537658691e-01
9.954021573066711426e-01
9.996222257614135742e-01
9.334211945533752441e-01
5.506479740142822266e-01
9.840734601020812988e-01
9.587002992630004883e-01
8.676111102104187012e-01
9.994668960571289062e-01
9.996267557144165039e-01
9.657356739044189453e-01
9.997988343238830566e-01
9.947701692581176758e-01
9.979398846626281738e-01
9.999278187751770020e-01
9.998044967651367188e-01
9.135034084320068359e-01
8.638945221900939941e-01
4.469332098960876465e-01
9.241781234741210938e-01
6.935980319976806641e-01
7.845679521560668945e-01
6.142886877059936523e-01
7.349011301994323730e-01
5.199798345565795898e-01
5.496268272399902344e-01
9.987565875053405762e-01
9.945464134216308594e-01
7.516577243804931641e-01
7.175948619842529297e-01
9.409467577934265137e-01
9.575865268707275391e-01
4.258227348327636719e-01
9.817861318588256836e-01
4.568233489990234375e-01
7.759971022605895996e-01
6.865113377571105957e-01
9.982470273971557617e-01
5.011988878250122070e-01
7.401654720306396484e-01
9.996733069419860840e-01
8.359685540199279785e-01
7.865258455276489258e-01
9.998473525047302246e-01
8.436171412467956543e-01
9.651813507080078125e-01
7.374385595321655273e-01
9.988914728164672852e-01
9.452928900718688965e-01
9.985240101814270020e-01
9.899398088455200195e-01
9.988001585006713867e-01
9.982666373252868652e-01
6.329105496406555176e-01
9.995113015174865723e-01
4.409761726856231689e-01
5.965784192085266113e-01
6.676400899887084961e-01
4.650147259235382080e-01
6.795640587806701660e-01
9.876495599746704102e-01
8.367962837219238281e-01
9.873112440109252930e-01
9.652825593948364258e-01
9.996460676193237305e-01
9.585694670677185059e-01
9.997371435165405273e-01
9.119892120361328125e-01
9.997856020927429199e-01
8.912757635116577148e-01
7.645530700683593750e-01
9.169058203697204590e-01
9.987857341766357422e-01
9.998171925544738770e-01
9.996720552444458008e-01
9.897277951240539551e-01
9.996999502182006836e-01
5.281613469123840332e-01
3.315824270248413086e-02
8.795661330223083496e-01
7.995449304580688477e-01
6.118411421775817871e-01
9.803302288055419922e-01
8.018949627876281738e-01
9.994966983795166016e-01
9.673314094543457031e-01
8.140506744384765625e-01
9.945987462997436523e-01
8.004720807075500488e-01
9.995366930961608887e-01
8.683650493621826172e-01
9.627277255058288574e-01
9.973024725914001465e-01
9.988907575607299805e-01
9.941701889038085938e-01
9.829784631729125977e-01
9.898813366889953613e-01
9.852197766304016113e-01
9.977357983589172363e-01
9.955715537071228027e-01
9.998382329940795898e-01
9.973926544189453125e-01
9.596325755119323730e-01
9.944417476654052734e-01
9.826846718788146973e-01
9.997221231460571289e-01
9.025128483772277832e-01
9.998065829277038574e-01
7.138160467147827148e-01
7.474833130836486816e-01
9.902878999710083008e-01
9.626393914222717285e-01
8.509244918823242188e-01
8.485436439514160156e-01
9.992294907569885254e-01
9.358602166175842285e-01
9.961035251617431641e-01
4.300022125244140625e-01
8.908409476280212402e-01
8.756015300750732422e-01
8.807634711265563965e-01
5.568351745605468750e-01
9.991067647933959961e-01
9.968197941780090332e-01
7.298457622528076172e-01
9.960905909538269043e-01
9.737711548805236816e-01
4.044608473777770996e-01
9.230239987373352051e-01
9.259097576141357422e-01
9.987155199050903320e-01
9.991673827171325684e-01
9.997890591621398926e-01
9.957295060157775879e-01
7.025364041328430176e-01
9.979344010353088379e-01
9.998494386672973633e-01
8.053628206253051758e-01
9.995437860488891602e-01
9.771833419799804688e-01
9.988526701927185059e-01
9.445589780807495117e-01
9.858163595199584961e-01
8.074629902839660645e-01
1.704631894826889038e-01
9.441763162612915039e-01
9.644129276275634766e-01
8.537199497222900391e-01
9.997911453247070312e-01
5.456134080886840820e-01
9.996419548988342285e-01
9.858822822570800781e-01
7.214624285697937012e-01
9.998862743377685547e-01
9.995949268341064453e-01
9.920179843902587891e-01
1.526075601577758789e-02
3.926241993904113770e-01
8.871998786926269531e-01
9.126329421997070312e-01
7.233264446258544922e-01
8.239912986755371094e-01
9.694582819938659668e-01
9.996957778930664062e-01
9.985459446907043457e-01
7.664519548416137695e-01
9.998099803924560547e-01
9.590638875961303711e-01
5.575391650199890137e-01
8.460494279861450195e-01
7.210847735404968262e-01
6.433929800987243652e-01
6.307821869850158691e-01
6.943549513816833496e-01
9.826496839523315430e-01
9.750220179557800293e-01
9.653980135917663574e-01
9.760361313819885254e-01
4.813187122344970703e-01
8.215058445930480957e-01
8.403995633125305176e-01
9.982581138610839844e-01
9.982685446739196777e-01
9.995059967041015625e-01
7.430881261825561523e-01
5.837762951850891113e-01
9.864100813865661621e-01
9.983103275299072266e-01
8.424334526062011719e-01
9.834256172180175781e-01
9.757687449455261230e-01
9.996709227561950684e-01
9.851505160331726074e-01
9.972626566886901855e-01
6.190814971923828125e-01
9.913094639778137207e-01
9.989373087882995605e-01
9.996095895767211914e-01
8.982775211334228516e-01
9.941997528076171875e-01
3.070133924484252930e-02
7.419566512107849121e-01
9.980358481407165527e-01
9.809111356735229492e-01
9.435479640960693359e-01
9.739625453948974609e-01
9.998595118522644043e-01
9.971242547035217285e-01
9.992678165435791016e-01
5.074564218521118164e-01
9.995051622390747070e-01
7.155711650848388672e-01
9.965712428092956543e-01
9.986599683761596680e-01
