1.233045593835413456e-03
4.032257944345474243e-03
4.859086475335061550e-04
4.999999888241291046e-03
2.732240362092852592e-03
4.761904850602149963e-02
4.000000189989805222e-03
5.211047246120870113e-04
1.492537278681993484e-02
2.000000029802322388e-01
4.368720110505819321e-04
3.676470601931214333e-03
5.241089966148138046e-04
6.666667014360427856e-02
1.666666753590106964e-02
4.854368977248668671e-03
1.385041512548923492e-03
1.851851865649223328e-02
5.000000000000000000e-01
2.610966097563505173e-03
3.333333507180213928e-02
1.428571436554193497e-02
2.272727340459823608e-02
1.215066877193748951e-03
1.000000000000000000e+00
7.142857462167739868e-02
3.571428731083869934e-02
1.000000000000000000e+00
6.666667014360427856e-02
3.584229387342929840e-03
5.524862091988325119e-03
3.333333432674407959e-01
3.125000000000000000e-02
4.201680712867528200e-04
1.000000014901161194e-01
5.000000000000000000e-01
2.000000029802322388e-01
6.250000000000000000e-02
4.444444552063941956e-03
1.898974587675184011e-04
2.702702768146991730e-02
2.500000000000000000e-01
7.117437780834734440e-04
3.333333432674407959e-01
2.500000000000000000e-01
2.564102597534656525e-02
7.042253389954566956e-03
3.750937758013606071e-04
9.009009227156639099e-03
3.333333432674407959e-01
7.142857462167739868e-02
1.000000000000000000e+00
2.123142359778285027e-03
1.470588240772485733e-02
1.000000000000000000e+00
6.958942394703626633e-04
5.000000000000000000e-01
7.936508394777774811e-03
7.704160525463521481e-04
4.161464748904109001e-04
6.711409427225589752e-03
5.149330827407538891e-04
2.327746769879013300e-04
1.000000000000000000e+00
1.623376621864736080e-03
6.666666828095912933e-03
1.000000000000000000e+00
1.666666716337203979e-01
4.170141764916479588e-04
7.407407276332378387e-03
4.000000189989805222e-03
5.102040595375001431e-04
5.000000000000000000e-01
8.237232104875147343e-04
6.250000000000000000e-02
2.127659507095813751e-02
5.882352963089942932e-02
1.587301678955554962e-02
4.347826167941093445e-02
2.439024392515420914e-03
2.739726100116968155e-03
8.333333581686019897e-02
3.333333432674407959e-01
4.761904850602149963e-02
4.166666790843009949e-02
7.936508394777774811e-03
3.333333432674407959e-01
2.941176481544971466e-02
5.000000000000000000e-01
8.333333581686019897e-02
5.000000000000000000e-01
1.000000000000000000e+00
1.000000000000000000e+00
1.000000000000000000e+00
8.333333581686019897e-02
3.333333507180213928e-02
2.403846243396401405e-03
4.854368977248668671e-03
5.555555596947669983e-02
6.531678372994065285e-04
1.000000000000000000e+00
1.492537278681993484e-02
5.000000074505805969e-02
3.333333432674407959e-01
3.448275849223136902e-02
2.564102597534656525e-02
4.761904850602149963e-02
1.000000000000000000e+00
2.583979396149516106e-03
3.333333432674407959e-01
3.344481578096747398e-03
1.428571492433547974e-01
1.250000018626451492e-02
1.000000000000000000e+00
4.739336669445037842e-03
3.333333432674407959e-01
5.449591553770005703e-04
4.545454680919647217e-02
2.500000000000000000e-01
1.000000000000000000e+00
1.111111119389533997e-01
5.000000000000000000e-01
5.000000000000000000e-01
5.733944708481431007e-04
3.125000000000000000e-02
1.236093929037451744e-03
5.000000000000000000e-01
1.176470611244440079e-02
1.000000000000000000e+00
1.000000000000000000e+00
3.333333507180213928e-02
1.428571492433547974e-01
8.264462463557720184e-03
1.000000000000000000e+00
1.000000000000000000e+00
2.808988792821764946e-03
7.142857462167739868e-02
1.000000000000000000e+00
3.333333432674407959e-01
8.333333581686019897e-02
1.250000000000000000e-01
2.222222276031970978e-02
3.999999910593032837e-02
3.333333432674407959e-01
1.712328754365444183e-03
1.485884073190391064e-03
7.524454267695546150e-04
1.250000000000000000e-01
8.130080997943878174e-03
2.380952425301074982e-02
1.000000000000000000e+00
3.333333432674407959e-01
1.183431944809854031e-03
2.083333395421504974e-02
2.173913083970546722e-02
1.250000000000000000e-01
3.703703731298446655e-02
2.272727340459823608e-02
8.403361774981021881e-03
5.000000000000000000e-01
1.855287584476172924e-03
3.703703731298446655e-02
3.584229387342929840e-03
4.115226212888956070e-03
2.923976629972457886e-03
1.000000000000000000e+00
1.029124250635504723e-04
1.020408142358064651e-02
1.000000000000000000e+00
5.524861626327037811e-04
3.125000000000000000e-02
5.000000000000000000e-01
1.010101009160280228e-02
1.000000000000000000e+00
1.250000000000000000e-01
1.176470611244440079e-02
3.999999910593032837e-02
4.273504484444856644e-03
1.666666716337203979e-01
1.000000000000000000e+00
5.291005130857229233e-03
5.555555596947669983e-02
7.142857462167739868e-02
1.000000014901161194e-01
9.090909361839294434e-02
4.149377811700105667e-03
9.823183063417673111e-04
4.347826167941093445e-02
2.857142873108386993e-02
5.000000074505805969e-02
3.144653979688882828e-03
6.666667014360427856e-02
5.000000000000000000e-01
9.803921915590763092e-03
2.207505516707897186e-03
1.000000000000000000e+00
5.000000000000000000e-01
9.090909361839294434e-02
4.166666790843009949e-02
1.000000000000000000e+00
1.000000000000000000e+00
1.111111119389533997e-01
2.777777798473834991e-02
2.710027154535055161e-03
1.030927803367376328e-02
9.090909361839294434e-02
1.428571492433547974e-01
5.000000000000000000e-01
7.142857462167739868e-02
1.666666716337203979e-01
5.586592014878988266e-03
2.380952425301074982e-02
1.000000000000000000e+00
4.166666790843009949e-02
1.290322630666196346e-03
5.000000000000000000e-01
1.000000000000000000e+00
1.000000000000000000e+00
6.756756920367479324e-03
1.408450677990913391e-02
5.000000000000000000e-01
3.333333432674407959e-01
5.000000000000000000e-01
1.136363670229911804e-02
6.887052441015839577e-04
1.000000000000000000e+00
3.333333432674407959e-01
3.333333432674407959e-01
1.457726000808179379e-03
1.000000000000000000e+00
2.127659507095813751e-02
3.225806402042508125e-03
9.009009227156639099e-03
2.695417730137705803e-03
3.236246062442660332e-03
2.000000029802322388e-01
1.000000000000000000e+00
1.149425283074378967e-02
1.612903177738189697e-02
1.000000000000000000e+00
7.692307978868484497e-02
2.222222276031970978e-02
5.091649945825338364e-04
2.127659507095813751e-02
2.000000029802322388e-01
7.246376946568489075e-03
1.000000000000000000e+00
3.333333432674407959e-01
6.756756920367479324e-03
5.263157933950424194e-02
7.462686626240611076e-04
2.000000029802322388e-01
1.000000000000000000e+00
2.307869872311130166e-04
3.571428731083869934e-02
1.196172204799950123e-03
3.333333507180213928e-02
1.428571492433547974e-01
7.692307978868484497e-02
9.708737954497337341e-03
1.851851865649223328e-02
1.000000000000000000e+00
1.470588240772485733e-02
8.673027041368186474e-04
1.612903177738189697e-02
8.333333767950534821e-03
9.090909361839294434e-02
4.115226212888956070e-03
5.000000000000000000e-01
2.724795602262020111e-03
2.500000000000000000e-01
9.259259328246116638e-03
9.090909361839294434e-02
2.222222276031970978e-03
7.042253389954566956e-03
8.620689623057842255e-03
7.288630004040896893e-04
1.250000000000000000e-01
9.999999776482582092e-03
1.612903201021254063e-03
7.194244768470525742e-03
1.428571492433547974e-01
3.984063863754272461e-03
5.000000000000000000e-01
1.379310386255383492e-03
2.040816284716129303e-02
4.184100311249494553e-03
6.250000000000000000e-02
2.173913083970546722e-02
2.222222276031970978e-02
3.333333432674407959e-01
5.000000000000000000e-01
1.000000000000000000e+00
1.724137924611568451e-02
3.164557041600346565e-03
4.166666790843009949e-02
3.803727740887552500e-04
4.255319014191627502e-03
5.000000000000000000e-01
1.000000000000000000e+00
2.000000029802322388e-01
9.242144296877086163e-04
7.692307978868484497e-02
1.000000000000000000e+00
1.666666716337203979e-01
1.000000000000000000e+00
1.264222548343241215e-03
5.000000000000000000e-01
2.702702768146991730e-02
4.237288143485784531e-03
4.166666790843009949e-02
2.500000000000000000e-01
6.250000000000000000e-02
1.000000000000000000e+00
1.000000000000000000e+00
4.784688819199800491e-03
3.367003286257386208e-03
1.000000000000000000e+00
1.000000000000000000e+00
1.428571492433547974e-01
1.176470611244440079e-02
6.329114083200693130e-03
1.250000000000000000e-01
7.686394965276122093e-04
1.000000000000000000e+00
1.666666753590106964e-02
2.380952425301074982e-02
2.380952425301074982e-02
1.098901126533746719e-02
1.000000000000000000e+00
8.695651777088642120e-03
4.545454680919647217e-02
5.847953259944915771e-03
1.577287097461521626e-03
2.222222276031970978e-02
1.968503929674625397e-03
1.000000000000000000e+00
1.464128843508660793e-03
2.129925414919853210e-04
5.688281962648034096e-04
4.166666790843009949e-02
1.070663798600435257e-03
6.097560748457908630e-03
1.587301678955554962e-02
1.000000000000000000e+00
2.000000029802322388e-01
6.666667014360427856e-02
2.500000000000000000e-01
1.406469731591641903e-03
6.207324913702905178e-04
1.000000000000000000e+00
1.000000000000000000e+00
7.692307978868484497e-02
6.666667014360427856e-02
2.500000000000000000e-01
5.780346691608428955e-03
5.000000000000000000e-01
2.500000000000000000e-01
2.500000000000000000e-01
1.250000000000000000e-01
5.000000000000000000e-01
1.201923121698200703e-03
1.000000000000000000e+00
6.666667014360427856e-02
1.000000000000000000e+00
1.000000000000000000e+00
1.724137924611568451e-02
4.086636763531714678e-04
1.190476212650537491e-02
1.111111119389533997e-01
6.711409427225589752e-03
1.000000000000000000e+00
2.500000000000000000e-01
1.760563347488641739e-03
2.500000000000000000e-01
2.500000000000000000e-01
1.713796082185581326e-04
1.000000000000000000e+00
4.166666790843009949e-02
7.692307978868484497e-02
4.545454680919647217e-02
1.000000000000000000e+00
2.222222276031970978e-02
3.199999919161200523e-04
5.000000000000000000e-01
2.885170106310397387e-04
4.504504613578319550e-03
1.000000000000000000e+00
1.000000000000000000e+00
1.739130471833050251e-03
4.520795773714780807e-04
8.849557489156723022e-03
1.000000000000000000e+00
1.369863003492355347e-02
1.000000000000000000e+00
1.250000000000000000e-01
1.250000000000000000e-01
6.622516550123691559e-03
7.189072784967720509e-04
3.448275849223136902e-02
2.898550825193524361e-03
9.615384973585605621e-03
2.000000029802322388e-01
1.848428859375417233e-03
1.960784383118152618e-02
9.090909361839294434e-02
5.000000000000000000e-01
1.000000000000000000e+00
3.030303120613098145e-02
1.000000014901161194e-01
1.359989109914749861e-04
1.000000000000000000e+00
1.000000000000000000e+00
2.500000000000000000e-01
4.504504613578319550e-03
2.188183832913637161e-03
1.000000000000000000e+00
6.775067886337637901e-04
4.901960957795381546e-03
3.412969177588820457e-03
2.000000029802322388e-01
8.403361774981021881e-03
1.000000000000000000e+00
5.000000000000000000e-01
4.366812296211719513e-03
9.090909361839294434e-02
3.333333432674407959e-01
1.000000000000000000e+00
1.818181760609149933e-02
1.219512149691581726e-02
1.666666716337203979e-01
1.000000000000000000e+00
1.145475427620112896e-03
3.333333432674407959e-01
1.000000000000000000e+00
1.000000000000000000e+00
2.222222276031970978e-02
2.500000000000000000e-01
9.009009227156639099e-03
9.090909361839294434e-02
1.111111119389533997e-01
5.000000000000000000e-01
3.176619939040392637e-04
1.000000000000000000e+00
2.127659507095813751e-02
1.000000014901161194e-01
1.877934264484792948e-04
1.000000000000000000e+00
3.333333432674407959e-01
1.000000000000000000e+00
1.418439671397209167e-03
2.500000000000000000e-01
1.333333365619182587e-02
5.000000000000000000e-01
1.000000000000000000e+00
2.941176481544971466e-02
2.000000029802322388e-01
1.000000014901161194e-01
2.500000000000000000e-01
3.333333432674407959e-01
1.666666716337203979e-01
1.818181760609149933e-02
1.000000000000000000e+00
2.000000029802322388e-01
1.250000000000000000e-01
5.000000000000000000e-01
2.500000000000000000e-01
3.333333432674407959e-01
4.249893827363848686e-04
1.000000000000000000e+00
2.000000029802322388e-01
1.000000000000000000e+00
1.063829753547906876e-02
6.666667014360427856e-02
1.754385977983474731e-02
1.000000000000000000e+00
1.325205375906080008e-04
2.325581386685371399e-02
5.000000000000000000e-01
1.763668376952409744e-03
5.917159840464591980e-03
5.263157933950424194e-02
5.263157933950424194e-02
1.111111119389533997e-01
8.382229716517031193e-04
2.941176481544971466e-02
7.575757801532745361e-03
1.893939450383186340e-03
5.000000000000000000e-01
4.545454401522874832e-03
1.250000000000000000e-01
1.428571492433547974e-01
5.000000000000000000e-01
2.380952425301074982e-02
2.500000000000000000e-01
8.333333581686019897e-02
1.000000000000000000e+00
8.333333581686019897e-02
9.090909361839294434e-02
4.330879310145974159e-04
1.000000000000000000e+00
1.000000000000000000e+00
2.000000029802322388e-01
1.851851865649223328e-02
1.000000014901161194e-01
1.788908732123672962e-03
5.847953259944915771e-03
5.000000000000000000e-01
2.500000000000000000e-01
4.166666790843009949e-02
1.000000000000000000e+00
7.462686393409967422e-03
1.000000000000000000e+00
1.639344170689582825e-02
5.000000000000000000e-01
5.027652368880808353e-04
4.385964944958686829e-03
5.000000000000000000e-01
1.364256488159298897e-03
3.448275849223136902e-02
2.000000029802322388e-01
5.882352963089942932e-02
2.500000000000000000e-01
2.500000000000000000e-01
1.000000000000000000e+00
2.500000000000000000e-01
5.000000000000000000e-01
1.000000000000000000e+00
5.000000000000000000e-01
2.087682718411087990e-03
1.000000014901161194e-01
1.067235833033919334e-03
2.500000000000000000e-01
9.999999776482582092e-03
2.853881160262972116e-04
1.703577465377748013e-03
3.831417532637715340e-03
3.333333432674407959e-01
9.090909361839294434e-02
2.173913083970546722e-02
1.523229293525218964e-04
1.000000000000000000e+00
4.694835748523473740e-03
3.333333432674407959e-01
2.000000029802322388e-01
3.999999910593032837e-02
1.000000000000000000e+00
3.333333432674407959e-01
1.000000000000000000e+00
1.000000000000000000e+00
7.692307978868484497e-02
1.000000014901161194e-01
1.894298184197396040e-04
8.046994480537250638e-05
5.000000000000000000e-01
1.000000000000000000e+00
5.882352963089942932e-02
4.807692486792802811e-03
2.110595232807099819e-04
1.000000000000000000e+00
5.000000000000000000e-01
2.012072363868355751e-03
1.319261267781257629e-03
4.975124262273311615e-03
1.000000000000000000e+00
5.000000000000000000e-01
2.500000000000000000e-01
4.761904850602149963e-02
2.000000029802322388e-01
3.333333432674407959e-01
7.142857462167739868e-02
1.612903201021254063e-03
1.000000000000000000e+00
1.000000000000000000e+00
1.515151560306549072e-02
5.000000000000000000e-01
1.000000000000000000e+00
1.298701297491788864e-02
3.703703731298446655e-02
5.000000000000000000e-01
5.425935960374772549e-04
1.666666753590106964e-02
4.504504613578319550e-03
5.000000074505805969e-02
1.000000000000000000e+00
7.462686393409967422e-03
5.555555596947669983e-02
5.000000000000000000e-01
5.878894589841365814e-04
1.063829753547906876e-02
5.000000000000000000e-01
1.666666716337203979e-01
8.474576286971569061e-03
1.000000000000000000e+00
1.006745224003680050e-04
2.267573727294802666e-03
1.000000000000000000e+00
2.000000029802322388e-01
8.000000379979610443e-03
5.882352963089942932e-02
2.000000029802322388e-01
1.219512149691581726e-02
2.237136475741863251e-03
1.000000000000000000e+00
5.000000000000000000e-01
1.000000000000000000e+00
2.000000029802322388e-01
5.000000000000000000e-01
1.680672285147011280e-03
3.333333432674407959e-01
3.629763959906995296e-04
3.194888122379779816e-03
1.000000000000000000e+00
4.977600765414535999e-04
3.333333432674407959e-01
2.000000029802322388e-01
3.702332614921033382e-04
4.038772312924265862e-04
2.475247485563158989e-03
5.000000000000000000e-01
1.000000000000000000e+00
1.298701297491788864e-02
1.000000000000000000e+00
3.333333432674407959e-01
1.377410488203167915e-03
2.500000000000000000e-01
3.333333432674407959e-01
1.111111119389533997e-01
1.694915257394313812e-02
1.000000000000000000e+00
9.803922148421406746e-04
4.128819273319095373e-05
2.915452001616358757e-03
5.263157933950424194e-02
1.000000000000000000e+00
1.239157398231327534e-03
5.000000000000000000e-01
1.999999955296516418e-02
1.666666716337203979e-01
1.000000000000000000e+00
3.999999910593032837e-02
6.250000000000000000e-02
1.000000000000000000e+00
1.805054140277206898e-03
5.000000000000000000e-01
1.219512149691581726e-02
5.524862091988325119e-03
3.846153989434242249e-02
3.333333432674407959e-01
1.000000000000000000e+00
5.000000000000000000e-01
2.347417874261736870e-03
1.666666716337203979e-01
2.325581386685371399e-02
3.472222248092293739e-03
6.666667014360427856e-02
2.777777798473834991e-02
1.000000000000000000e+00
1.250000000000000000e-01
1.428571492433547974e-01
1.000000000000000000e+00
1.000000000000000000e+00
1.000000000000000000e+00
4.545454680919647217e-02
3.424657625146210194e-04
1.851851865649223328e-02
1.428571492433547974e-01
1.000000000000000000e+00
1.000000000000000000e+00
5.000000000000000000e-01
1.000000000000000000e+00
5.000000000000000000e-01
1.000000000000000000e+00
6.317119114100933075e-04
1.000000000000000000e+00
7.575757801532745361e-03
4.694835748523473740e-03
1.386962598189711571e-03
4.135820199735462666e-05
1.666666716337203979e-01
1.000000000000000000e+00
2.500000000000000000e-01
1.666666716337203979e-01
5.422993563115596771e-04
3.773584961891174316e-03
1.538461539894342422e-02
2.000000029802322388e-01
2.857142873108386993e-02
4.757373826578259468e-04
5.000000000000000000e-01
2.814522886183112860e-04
9.090909361839294434e-02
4.761904850602149963e-02
3.333333432674407959e-01
6.993006914854049683e-03
4.545454680919647217e-02
5.000000000000000000e-01
1.000000000000000000e+00
5.847953259944915771e-03
3.389830468222498894e-03
2.702702768146991730e-02
1.666666716337203979e-01
1.666666707023978233e-03
5.000000000000000000e-01
3.225806355476379395e-02
8.333333581686019897e-02
7.142857462167739868e-02
1.923076994717121124e-02
1.000000000000000000e+00
3.333333432674407959e-01
2.325581386685371399e-02
2.272727340459823608e-02
1.000000000000000000e+00
1.492537278681993484e-02
1.000000000000000000e+00
2.832861151546239853e-03
1.428571492433547974e-01
6.557377055287361145e-04
3.333333432674407959e-01
2.000000029802322388e-01
2.500000000000000000e-01
1.000000000000000000e+00
3.333333507180213928e-02
1.388888899236917496e-02
2.500000000000000000e-01
5.000000000000000000e-01
1.666666716337203979e-01
2.114164875820279121e-03
2.500000000000000000e-01
1.000000000000000000e+00
6.024096161127090454e-03
1.666666716337203979e-01
1.250000000000000000e-01
2.173913083970546722e-02
3.999999910593032837e-02
3.546099178493022919e-03
7.142857462167739868e-02
1.000000000000000000e+00
1.000000000000000000e+00
1.000000000000000000e+00
9.090909361839294434e-02
1.333333365619182587e-02
1.204819232225418091e-02
4.761904850602149963e-02
5.000000000000000000e-01
5.000000000000000000e-01
7.692307978868484497e-02
2.000000029802322388e-01
3.861003788188099861e-03
5.000000000000000000e-01
1.785714365541934967e-02
1.000000014901161194e-01
1.000000000000000000e+00
1.000000000000000000e+00
4.761904850602149963e-02
1.666666716337203979e-01
1.063829753547906876e-02
1.000000000000000000e+00
1.000000000000000000e+00
4.347826167941093445e-02
3.333333432674407959e-01
2.500000000000000000e-01
2.500000000000000000e-01
1.111111119389533997e-01
1.544401602586731315e-04
3.448275849223136902e-02
1.250000018626451492e-02
8.333333581686019897e-02
1.000000000000000000e+00
1.201923121698200703e-03
2.500000000000000000e-01
9.090909361839294434e-02
5.000000074505805969e-02
3.334444772917777300e-04
6.666667014360427856e-02
1.000000000000000000e+00
5.000000000000000000e-01
2.439024299383163452e-02
2.500000000000000000e-01
1.000000000000000000e+00
5.555555596947669983e-02
2.631578966975212097e-02
1.666666716337203979e-01
2.631578966975212097e-02
9.463424066780135036e-05
2.000000029802322388e-01
7.142857066355645657e-04
2.000000029802322388e-01
1.000000000000000000e+00
4.347826167941093445e-02
1.111111119389533997e-01
1.428571492433547974e-01
1.190476212650537491e-02
5.882352963089942932e-02
1.190476212650537491e-02
8.333333581686019897e-02
2.500000000000000000e-01
8.333333581686019897e-02
5.000000000000000000e-01
2.500000000000000000e-01
3.333333432674407959e-01
5.882352963089942932e-02
1.666666716337203979e-01
3.322259057313203812e-03
6.493506487458944321e-03
7.262164144776761532e-04
3.333333432674407959e-01
1.694915257394313812e-02
3.703703731298446655e-02
2.272727340459823608e-02
2.222222276031970978e-02
1.369863003492355347e-02
1.000000000000000000e+00
1.428571492433547974e-01
9.523809887468814850e-03
6.666667014360427856e-02
1.000000000000000000e+00
3.484320593997836113e-03
5.000000074505805969e-02
2.500000000000000000e-01
3.333333432674407959e-01
1.000000000000000000e+00
7.751937955617904663e-03
2.500000000000000000e-01
2.070393413305282593e-03
2.941176481544971466e-02
7.812500000000000000e-03
2.000000029802322388e-01
3.333333432674407959e-01
5.000000000000000000e-01
2.500000000000000000e-01
5.000000000000000000e-01
1.515151560306549072e-02
2.118644071742892265e-03
3.333333432674407959e-01
7.137758657336235046e-04
1.000000000000000000e+00
7.142857462167739868e-02
1.000000014901161194e-01
1.000000000000000000e+00
5.714285653084516525e-03
1.000000000000000000e+00
1.666666716337203979e-01
1.000000000000000000e+00
1.199328398797661066e-04
1.706484588794410229e-03
5.555555596947669983e-02
6.250000000000000000e-02
3.846153989434242249e-02
3.030303120613098145e-02
3.333333507180213928e-02
3.448275849223136902e-02
7.874015718698501587e-03
6.250000000000000000e-02
1.000000000000000000e+00
1.666666716337203979e-01
5.000000000000000000e-01
9.090909361839294434e-02
2.000000029802322388e-01
3.322259057313203812e-03
3.333333432674407959e-01
5.263157933950424194e-02
5.192108219489455223e-04
1.587301678955554962e-02
3.225806402042508125e-03
3.333333432674407959e-01
5.000000000000000000e-01
1.390820601955056190e-03
3.333333432674407959e-01
1.639344170689582825e-02
1.000000000000000000e+00
3.333333432674407959e-01
4.604051646310836077e-04
6.250000000000000000e-02
1.455604098737239838e-03
1.098901126533746719e-02
2.197802299633622169e-03
8.474576286971569061e-03
2.500000000000000000e-01
1.000000000000000000e+00
1.000000000000000000e+00
1.000000000000000000e+00
5.000000000000000000e-01
3.355704713612794876e-03
1.000000000000000000e+00
6.060605868697166443e-03
4.545454680919647217e-02
1.000000000000000000e+00
1.329787191934883595e-03
7.692307699471712112e-03
1.000000000000000000e+00
3.333333432674407959e-01
9.803921915590763092e-03
2.380952425301074982e-02
1.666666716337203979e-01
1.000000014901161194e-01
4.545454680919647217e-02
1.428571492433547974e-01
1.000000000000000000e+00
1.886792480945587158e-02
1.369863003492355347e-02
5.882352963089942932e-02
1.000000000000000000e+00
1.000000000000000000e+00
3.846153989434242249e-02
1.000000000000000000e+00
1.000000000000000000e+00
4.166666883975267410e-03
2.500000000000000000e-01
1.000000000000000000e+00
5.000000000000000000e-01
1.000000000000000000e+00
1.000000000000000000e+00
3.333333432674407959e-01
1.666666716337203979e-01
4.098360426723957062e-03
1.000000000000000000e+00
1.666666716337203979e-01
5.000000000000000000e-01
5.000000000000000000e-01
5.000000000000000000e-01
5.552470684051513672e-04
2.000000029802322388e-01
3.333333432674407959e-01
1.111111119389533997e-01
1.000000000000000000e+00
1.515151560306549072e-02
5.000000000000000000e-01
6.305170245468616486e-04
3.355704713612794876e-03
1.000000000000000000e+00
9.090909361839294434e-02
5.000000000000000000e-01
5.000000000000000000e-01
5.000000000000000000e-01
1.111111119389533997e-01
5.000000000000000000e-01
1.538461539894342422e-02
2.857142873108386993e-02
1.000000000000000000e+00
1.298701297491788864e-02
2.500000000000000000e-01
9.090909361839294434e-02
1.000000000000000000e+00
4.166666790843009949e-02
7.142857462167739868e-02
1.282051298767328262e-02
5.000000000000000000e-01
9.345794096589088440e-03
7.142857182770967484e-03
1.428571492433547974e-01
1.000000000000000000e+00
1.250000000000000000e-01
1.000000000000000000e+00
2.272727340459823608e-02
2.421307610347867012e-03
5.000000000000000000e-01
1.000000014901161194e-01
2.325581386685371399e-02
1.000000000000000000e+00
1.000000000000000000e+00
8.333333581686019897e-02
1.000000014901161194e-01
2.380952425301074982e-02
3.731343196704983711e-03
1.666666716337203979e-01
1.000000000000000000e+00
1.931247534230351448e-04
1.000000000000000000e+00
1.573316549183800817e-04
1.000000000000000000e+00
5.000000000000000000e-01
3.333333432674407959e-01
5.000000000000000000e-01
1.000000000000000000e+00
1.000000000000000000e+00
5.000000000000000000e-01
5.000000000000000000e-01
5.434782709926366806e-03
1.989653828786686063e-04
1.000000000000000000e+00
4.166666790843009949e-02
3.333333432674407959e-01
1.901140669360756874e-03
7.092198356986045837e-03
2.272727340459823608e-02
1.000000000000000000e+00
1.000000000000000000e+00
1.000000014901161194e-01
5.000000000000000000e-01
6.250000000000000000e-02
1.589825144037604332e-03
5.000000000000000000e-01
2.500000000000000000e-01
1.000000000000000000e+00
1.000000000000000000e+00
1.000000000000000000e+00
4.545454680919647217e-02
5.000000000000000000e-01
1.000000000000000000e+00
5.000000000000000000e-01
1.124859438277781010e-03
2.941176481544971466e-02
1.278772397199645638e-04
6.666667014360427856e-02
2.222222276031970978e-02
1.428571492433547974e-01
5.882352963089942932e-02
1.666666716337203979e-01
4.784688819199800491e-03
5.000000000000000000e-01
9.433962404727935791e-03
3.571428731083869934e-02
1.086956541985273361e-02
5.000000000000000000e-01
1.000000000000000000e+00
1.000000000000000000e+00
2.967359032481908798e-03
3.333333507180213928e-02
1.000000000000000000e+00
3.225806355476379395e-02
1.851851865649223328e-02
1.250000000000000000e-01
1.472754054702818394e-03
1.428571492433547974e-01
5.555555596947669983e-02
1.000000000000000000e+00
1.000000000000000000e+00
1.000000000000000000e+00
5.050505045801401138e-03
1.000000000000000000e+00
1.666666716337203979e-01
4.761904850602149963e-02
3.333333432674407959e-01
1.333333365619182587e-02
3.030303120613098145e-02
1.000000014901161194e-01
1.000000000000000000e+00
5.530973430722951889e-04
1.000000000000000000e+00
1.000000000000000000e+00
1.282051298767328262e-02
1.000000000000000000e+00
1.000000000000000000e+00
2.000000029802322388e-01
1.408450677990913391e-02
5.000000000000000000e-01
2.512562787160277367e-03
3.333333432674407959e-01
5.000000000000000000e-01
1.000000000000000000e+00
1.000000000000000000e+00
9.999999776482582092e-03
2.500000000000000000e-01
6.544502684846520424e-04
5.743825458921492100e-04
5.000000000000000000e-01
1.000000000000000000e+00
1.754385977983474731e-02
1.000000014901161194e-01
2.500000000000000000e-01
8.333333581686019897e-02
5.128205288201570511e-03
1.666666716337203979e-01
2.631578966975212097e-02
1.000000000000000000e+00
1.000000000000000000e+00
1.000000000000000000e+00
1.176470541395246983e-03
1.000000000000000000e+00
1.587301609106361866e-03
8.130080997943878174e-03
1.000000000000000000e+00
2.500000000000000000e-01
5.000000000000000000e-01
2.659574383869767189e-03
1.162790693342685699e-02
1.666666716337203979e-01
1.428571492433547974e-01
1.000000014901161194e-01
1.000000000000000000e+00
8.333333581686019897e-02
9.090909361839294434e-02
3.215434029698371887e-03
1.000000000000000000e+00
1.000000000000000000e+00
1.999999955296516418e-02
2.173913083970546722e-02
1.250000000000000000e-01
4.504504613578319550e-03
4.115226212888956070e-03
3.333333432674407959e-01
2.358490601181983948e-03
1.000000000000000000e+00
1.000000000000000000e+00
2.000000029802322388e-01
1.250000000000000000e-01
3.816793905571103096e-03
5.263157933950424194e-02
1.000000000000000000e+00
2.000000029802322388e-01
6.250000093132257462e-03
3.610108280554413795e-03
3.333333432674407959e-01
2.000000029802322388e-01
5.000000000000000000e-01
1.000000000000000000e+00
1.385041512548923492e-03
8.183306199498474598e-04
3.333333432674407959e-01
1.428571492433547974e-01
5.000000000000000000e-01
1.000000000000000000e+00
3.333333432674407959e-01
2.127659507095813751e-02
1.000000000000000000e+00
1.000000000000000000e+00
5.000000000000000000e-01
1.639344263821840286e-03
1.000000000000000000e+00
5.649717524647712708e-03
3.333333432674407959e-01
5.000000000000000000e-01
7.315289112739264965e-04
1.111111119389533997e-01
7.692307978868484497e-02
2.500000000000000000e-01
2.000000029802322388e-01
5.000000000000000000e-01
1.000000000000000000e+00
4.545454680919647217e-02
5.000000000000000000e-01
1.483679516240954399e-03
1.953125000000000000e-03
3.333333432674407959e-01
7.874015718698501587e-03
5.000000000000000000e-01
5.000000000000000000e-01
1.000000000000000000e+00
3.703703731298446655e-02
5.000000000000000000e-01
7.407407276332378387e-03
1.000000000000000000e+00
1.000000000000000000e+00
6.666667014360427856e-02
5.000000000000000000e-01
1.000000000000000000e+00
2.500000037252902985e-02
3.333333432674407959e-01
3.448275849223136902e-02
5.000000000000000000e-01
3.756574005819857121e-04
1.000000000000000000e+00
7.042253389954566956e-03
1.824817503802478313e-03
1.000000000000000000e+00
2.500000000000000000e-01
1.428571492433547974e-01
8.333333581686019897e-02
1.000000000000000000e+00
3.571428731083869934e-02
1.250000000000000000e-01
3.125000000000000000e-02
2.865329617634415627e-03
5.000000000000000000e-01
1.000000000000000000e+00
1.000000014901161194e-01
1.250000000000000000e-01
2.000000029802322388e-01
1.000000000000000000e+00
1.000000000000000000e+00
3.333333432674407959e-01
2.083333395421504974e-02
3.333333432674407959e-01
5.000000000000000000e-01
1.190476212650537491e-02
7.692307978868484497e-02
3.448275849223136902e-02
2.057613106444478035e-03
1.000000000000000000e+00
1.587301678955554962e-02
2.000000029802322388e-01
1.383125898428261280e-03
2.212389372289180756e-03
4.807692486792802811e-03
1.666666716337203979e-01
1.960784383118152618e-02
2.631578966975212097e-02
2.127659507095813751e-02
4.166666790843009949e-02
3.717472078278660774e-03
5.000000000000000000e-01
2.092050155624747276e-03
2.000000029802322388e-01
2.000000029802322388e-01
1.282051298767328262e-02
2.000000029802322388e-01
1.000000000000000000e+00
2.500000000000000000e-01
1.136363670229911804e-02
2.380952425301074982e-02
1.000000000000000000e+00
1.000000000000000000e+00
1.694915257394313812e-02
1.000000000000000000e+00
1.000000000000000000e+00
7.692307978868484497e-02
4.545454680919647217e-02
7.142857462167739868e-02
5.000000000000000000e-01
3.367003286257386208e-03
4.166666790843009949e-02
2.483238058630377054e-04
6.250000000000000000e-02
5.000000000000000000e-01
1.785714365541934967e-02
2.380952425301074982e-02
5.000000000000000000e-01
4.347826167941093445e-02
4.132231231778860092e-03
1.666666716337203979e-01
1.000000000000000000e+00
5.263157933950424194e-02
9.587727836333215237e-04
2.000000029802322388e-01
7.692307978868484497e-02
1.000000014901161194e-01
7.142857462167739868e-02
1.000000000000000000e+00
1.000000000000000000e+00
3.125000046566128731e-03
2.000000029802322388e-01
1.666666716337203979e-01
4.761904850602149963e-02
3.703703731298446655e-02
5.000000000000000000e-01
3.333333432674407959e-01
1.449275389313697815e-02
1.000000000000000000e+00
1.000000000000000000e+00
7.299270015209913254e-03
1.098901149816811085e-03
4.672897048294544220e-03
1.282051298767328262e-02
3.846153849735856056e-03
5.000000000000000000e-01
1.000000000000000000e+00
1.587301678955554962e-02
5.000000000000000000e-01
5.000000000000000000e-01
1.477323094150051475e-04
3.773584961891174316e-03
2.099517150782048702e-04
1.666666716337203979e-01
2.040816284716129303e-02
1.492537278681993484e-02
5.000000000000000000e-01
3.048780374228954315e-03
2.000000029802322388e-01
1.000000000000000000e+00
5.000000000000000000e-01
1.265822816640138626e-02
1.428571492433547974e-01
8.333333581686019897e-02
1.282051298767328262e-02
3.333333432674407959e-01
7.633587811142206192e-03
2.247191034257411957e-03
1.000000000000000000e+00
8.333333581686019897e-02
2.040816284716129303e-02
1.000000000000000000e+00
3.921568859368562698e-03
1.298701297491788864e-02
4.545454680919647217e-02
1.000000000000000000e+00
1.000000000000000000e+00
1.000000000000000000e+00
9.433962404727935791e-04
9.090909361839294434e-02
2.500000000000000000e-01
1.250000000000000000e-01
1.754385977983474731e-02
5.000000000000000000e-01
8.474576286971569061e-03
2.500000000000000000e-01
5.000000000000000000e-01
6.116207805462181568e-04
1.587301678955554962e-02
4.761904850602149963e-02
2.000000029802322388e-01
5.000000000000000000e-01
5.235602147877216339e-03
7.692307978868484497e-02
1.274810983886709437e-05
1.000000000000000000e+00
1.960784383118152618e-02
9.999999776482582092e-03
1.219512149691581726e-02
2.325581386685371399e-02
1.515151467174291611e-03
1.000000000000000000e+00
1.666666716337203979e-01
6.501950556412339211e-04
2.403846243396401405e-03
7.692307978868484497e-02
3.571428731083869934e-02
1.515151525381952524e-04
1.845018472522497177e-03
1.000000000000000000e+00
1.795332180336117744e-03
1.428571492433547974e-01
2.500000000000000000e-01
4.184100311249494553e-03
2.000000029802322388e-01
1.000000014901161194e-01
1.190476212650537491e-02
9.009009227156639099e-03
5.555555596947669983e-02
1.000000000000000000e+00
2.500000000000000000e-01
1.000000000000000000e+00
4.716981202363967896e-03
5.555555690079927444e-04
2.118644071742892265e-03
5.552470684051513672e-04
2.570694079622626305e-03
5.882352963089942932e-02
4.017677856609225273e-04
1.204819232225418091e-02
1.000000000000000000e+00
1.703577465377748013e-03
3.378378460183739662e-03
