9.962916970252990723e-01
9.984706044197082520e-01
9.988155364990234375e-01
9.981117844581604004e-01
9.976614117622375488e-01
9.737936258316040039e-01
9.988823533058166504e-01
9.973903894424438477e-01
9.988517165184020996e-01
9.994504451751708984e-01
9.923930764198303223e-01
9.932200312614440918e-01
9.989771246910095215e-01
9.946421384811401367e-01
9.997415542602539062e-01
9.991649389266967773e-01
9.991099834442138672e-01
9.958115220069885254e-01
9.918144345283508301e-01
9.961884021759033203e-01
9.944060444831848145e-01
9.989416003227233887e-01
9.878460764884948730e-01
9.923779964447021484e-01
9.955092668533325195e-01
9.987764954566955566e-01
9.989689588546752930e-01
9.976006150245666504e-01
9.996511340141296387e-01
9.961927533149719238e-01
9.927101731300354004e-01
9.923120141029357910e-01
9.897754192352294922e-01
9.965556859970092773e-01
9.900177717208862305e-01
9.985855221748352051e-01
9.969137310981750488e-01
9.990597367286682129e-01
9.903439879417419434e-01
9.924444556236267090e-01
9.971030354499816895e-01
9.986832141876220703e-01
9.989952445030212402e-01
9.995221495628356934e-01
9.975926876068115234e-01
9.997417926788330078e-01
9.936432242393493652e-01
9.816238880157470703e-01
9.990677833557128906e-01
9.986174106597900391e-01
9.956098794937133789e-01
9.971923828125000000e-01
9.965332150459289551e-01
9.952120780944824219e-01
9.975209236145019531e-01
9.973334074020385742e-01
9.965358972549438477e-01
9.951104521751403809e-01
9.999693036079406738e-01
9.996509552001953125e-01
9.942066669464111328e-01
9.949960708618164062e-01
9.893335700035095215e-01
9.984399676322937012e-01
9.982097744941711426e-01
9.975858926773071289e-01
9.931125044822692871e-01
9.987916946411132812e-01
9.974400401115417480e-01
9.978772997856140137e-01
9.949973821640014648e-01
9.994340538978576660e-01
9.920076727867126465e-01
9.951493144035339355e-01
9.821077585220336914e-01
9.984989762306213379e-01
9.963863492012023926e-01
9.952659606933593750e-01
9.925099611282348633e-01
9.876313805580139160e-01
9.964148402214050293e-01
9.904381036758422852e-01
9.988353848457336426e-01
9.988196492195129395e-01
9.994212388992309570e-01
9.999092221260070801e-01
9.987811446189880371e-01
9.973484873771667480e-01
9.968151450157165527e-01
9.996879100799560547e-01
9.969376325607299805e-01
9.959837198257446289e-01
9.978601932525634766e-01
9.249251484870910645e-01
9.757627248764038086e-01
9.996892809867858887e-01
9.993718266487121582e-01
9.763063192367553711e-01
9.993383288383483887e-01
9.927290678024291992e-01
9.965547919273376465e-01
9.964528679847717285e-01
9.978407621383666992e-01
9.971938133239746094e-01
9.936758875846862793e-01
9.994676709175109863e-01
9.961631894111633301e-01
9.991063475608825684e-01
9.977806806564331055e-01
9.979662299156188965e-01
9.954475164413452148e-01
9.927315115928649902e-01
9.977146983146667480e-01
9.955010414123535156e-01
9.996600151062011719e-01
9.973703026771545410e-01
9.968068599700927734e-01
9.996485114097595215e-01
9.987297654151916504e-01
9.976640939712524414e-01
9.991149306297302246e-01
9.902399182319641113e-01
9.910282492637634277e-01
9.996914267539978027e-01
9.988746047019958496e-01
9.986879825592041016e-01
9.879638552665710449e-01
9.973317384719848633e-01
9.993003010749816895e-01
9.999506473541259766e-01
9.760603904724121094e-01
9.996075630187988281e-01
9.976128339767456055e-01
9.984064102172851562e-01
9.913943409919738770e-01
9.982685446739196777e-01
9.902476668357849121e-01
9.949572682380676270e-01
9.948792457580566406e-01
9.978321790695190430e-01
9.974540472030639648e-01
9.938629865646362305e-01
9.958316087722778320e-01
9.967727661132812500e-01
9.934864044189453125e-01
9.990919828414916992e-01
9.965842366218566895e-01
9.985222816467285156e-01
9.893472194671630859e-01
9.947007298469543457e-01
9.928198456764221191e-01
9.950317740440368652e-01
9.975442886352539062e-01
9.868907928466796875e-01
9.996003508567810059e-01
9.971385002136230469e-01
9.986742138862609863e-01
9.967254996299743652e-01
9.939022064208984375e-01
9.972624778747558594e-01
9.943866729736328125e-01
9.980195164680480957e-01
9.977378845214843750e-01
9.945831298828125000e-01
9.973005652427673340e-01
9.999914169311523438e-01
9.702720642089843750e-01
9.951272606849670410e-01
9.952269792556762695e-01
9.991030097007751465e-01
9.966086745262145996e-01
9.953716993331909180e-01
9.991511702537536621e-01
9.978316426277160645e-01
9.979164004325866699e-01
9.980258941650390625e-01
9.924839735031127930e-01
9.916993379592895508e-01
9.993699789047241211e-01
9.953498840332031250e-01
9.991444349288940430e-01
9.949753284454345703e-01
9.991540908813476562e-01
9.997601509094238281e-01
9.993170499801635742e-01
9.994081258773803711e-01
9.976972341537475586e-01
9.986529350280761719e-01
9.971168041229248047e-01
9.987786412239074707e-01
9.988940954208374023e-01
9.982350468635559082e-01
9.948819875717163086e-01
9.977539777755737305e-01
9.992179870605468750e-01
9.992234110832214355e-01
9.921733736991882324e-01
9.818003177642822266e-01
9.967220425605773926e-01
9.994902014732360840e-01
9.951778054237365723e-01
9.950485229492187500e-01
9.996667504310607910e-01
9.961735010147094727e-01
9.974924325942993164e-01
9.982279539108276367e-01
9.953935146331787109e-01
9.976113438606262207e-01
9.996488094329833984e-01
9.940837621688842773e-01
9.986292123794555664e-01
9.940668344497680664e-01
9.957484602928161621e-01
9.870747327804565430e-01
9.975128173828125000e-01
9.969229698181152344e-01
9.979440569877624512e-01
9.962721467018127441e-01
9.941667914390563965e-01
9.995228648185729980e-01
9.974679350852966309e-01
9.993121027946472168e-01
9.991379380226135254e-01
9.943382740020751953e-01
9.894163608551025391e-01
9.995214343070983887e-01
9.992441534996032715e-01
9.898345470428466797e-01
9.997172951698303223e-01
9.959785938262939453e-01
9.967074990272521973e-01
9.955620169639587402e-01
9.972310662269592285e-01
9.997152090072631836e-01
9.940822124481201172e-01
9.814668297767639160e-01
9.992072582244873047e-01
9.986240863800048828e-01
9.926232695579528809e-01
9.983748793601989746e-01
9.977076053619384766e-01
9.948015213012695312e-01
9.943088889122009277e-01
9.979596734046936035e-01
9.998238682746887207e-01
9.968580603599548340e-01
9.965025782585144043e-01
9.976196885108947754e-01
9.985962510108947754e-01
9.942632317543029785e-01
9.893385171890258789e-01
9.990520477294921875e-01
9.907400012016296387e-01
9.987350702285766602e-01
9.943506121635437012e-01
9.898317456245422363e-01
9.995112419128417969e-01
9.987828135490417480e-01
9.962176084518432617e-01
9.977385401725769043e-01
9.996035099029541016e-01
9.970585703849792480e-01
9.978533387184143066e-01
9.992694854736328125e-01
9.968678951263427734e-01
9.947718977928161621e-01
9.920678734779357910e-01
9.996453523635864258e-01
9.912040829658508301e-01
9.906125664710998535e-01
9.986789822578430176e-01
9.996895194053649902e-01
9.934326410293579102e-01
9.952002167701721191e-01
9.931054711341857910e-01
9.934612512588500977e-01
9.990803599357604980e-01
9.991788268089294434e-01
9.989553093910217285e-01
9.927161335945129395e-01
9.914274215698242188e-01
9.993148446083068848e-01
9.959374070167541504e-01
9.983080029487609863e-01
9.990653395652770996e-01
9.986331462860107422e-01
9.986849427223205566e-01
9.905471801757812500e-01
9.984111785888671875e-01
9.991034269332885742e-01
9.960435032844543457e-01
9.893808960914611816e-01
9.997498989105224609e-01
9.998641014099121094e-01
9.974609017372131348e-01
9.960457682609558105e-01
9.942180514335632324e-01
9.956035614013671875e-01
9.975456595420837402e-01
9.974552989006042480e-01
9.993299841880798340e-01
9.993671774864196777e-01
9.932001829147338867e-01
9.983566999435424805e-01
9.879142642021179199e-01
9.959027171134948730e-01
9.955311417579650879e-01
9.849268794059753418e-01
9.953781366348266602e-01
9.983139038085937500e-01
9.981092214584350586e-01
9.951449036598205566e-01
9.918754696846008301e-01
9.775400161743164062e-01
9.985930323600769043e-01
9.991419911384582520e-01
9.990888833999633789e-01
9.972373247146606445e-01
9.939393997192382812e-01
9.986764192581176758e-01
9.975439310073852539e-01
9.985028505325317383e-01
9.907008409500122070e-01
9.996246695518493652e-01
9.970568418502807617e-01
9.994595050811767578e-01
9.938691258430480957e-01
9.914624691009521484e-01
9.996588826179504395e-01
9.969002604484558105e-01
9.979391098022460938e-01
9.994260072708129883e-01
9.998010396957397461e-01
9.975817799568176270e-01
9.990536570549011230e-01
9.995102286338806152e-01
9.911434054374694824e-01
9.980328083038330078e-01
9.943906068801879883e-01
9.932542443275451660e-01
9.959233403205871582e-01
9.979950189590454102e-01
9.965690970420837402e-01
9.984231591224670410e-01
9.993565082550048828e-01
9.962146878242492676e-01
9.967214465141296387e-01
9.974530935287475586e-01
9.950091838836669922e-01
9.802333712577819824e-01
9.958614706993103027e-01
9.970647692680358887e-01
9.996009469032287598e-01
9.992225170135498047e-01
9.968996047973632812e-01
9.997940659523010254e-01
9.937103986740112305e-01
9.800185561180114746e-01
9.990180730819702148e-01
9.990147948265075684e-01
9.970707297325134277e-01
9.979658722877502441e-01
9.974622726440429688e-01
9.981787204742431641e-01
9.981669187545776367e-01
9.980646967887878418e-01
9.960080981254577637e-01
9.893487095832824707e-01
9.912014603614807129e-01
9.988360404968261719e-01
9.973583817481994629e-01
9.987228512763977051e-01
9.971107840538024902e-01
9.974038004875183105e-01
9.960294961929321289e-01
9.953249096870422363e-01
9.990429282188415527e-01
9.943527579307556152e-01
9.968698620796203613e-01
9.993708729743957520e-01
9.987616539001464844e-01
9.973344802856445312e-01
9.987908005714416504e-01
9.964990019798278809e-01
9.982517957687377930e-01
9.988345503807067871e-01
9.967098832130432129e-01
9.989367723464965820e-01
9.971858263015747070e-01
9.984569549560546875e-01
9.989881515502929688e-01
9.988971948623657227e-01
9.986323118209838867e-01
9.965924024581909180e-01
9.974876642227172852e-01
9.966387748718261719e-01
9.959241747856140137e-01
9.985218644142150879e-01
9.988819360733032227e-01
9.979945421218872070e-01
9.969210624694824219e-01
9.993721842765808105e-01
9.972776770591735840e-01
9.989451169967651367e-01
9.905913472175598145e-01
9.965701699256896973e-01
9.992852210998535156e-01
9.984745979309082031e-01
9.967688918113708496e-01
9.999805688858032227e-01
9.994592666625976562e-01
9.984561800956726074e-01
9.956655502319335938e-01
9.974985122680664062e-01
9.968024492263793945e-01
9.970895648002624512e-01
9.921124577522277832e-01
9.968874454498291016e-01
9.981803297996520996e-01
9.947038888931274414e-01
9.971786141395568848e-01
9.878090023994445801e-01
9.985963106155395508e-01
9.719850420951843262e-01
9.938254952430725098e-01
9.990440011024475098e-01
9.921292066574096680e-01
9.984069466590881348e-01
9.992162585258483887e-01
9.972067475318908691e-01
9.960008859634399414e-01
9.888747334480285645e-01
9.986649155616760254e-01
9.972672462463378906e-01
9.953788518905639648e-01
9.865907430648803711e-01
9.950295090675354004e-01
9.897487759590148926e-01
9.938150048255920410e-01
9.823448061943054199e-01
9.968363046646118164e-01
9.979644417762756348e-01
9.964364767074584961e-01
9.991745352745056152e-01
9.909912347793579102e-01
9.940018057823181152e-01
9.954099655151367188e-01
9.945179224014282227e-01
9.938713908195495605e-01
9.977002143859863281e-01
9.974375367164611816e-01
9.980828166007995605e-01
9.999416470527648926e-01
9.994957447052001953e-01
9.976262450218200684e-01
9.901438951492309570e-01
9.996466040611267090e-01
9.982375502586364746e-01
9.968479871749877930e-01
9.894486069679260254e-01
9.951059222221374512e-01
9.990333914756774902e-01
9.937078952789306641e-01
9.891233444213867188e-01
9.949852824211120605e-01
9.988835453987121582e-01
9.967194199562072754e-01
9.912382960319519043e-01
9.973160624504089355e-01
9.970290064811706543e-01
9.977591037750244141e-01
9.985017776489257812e-01
9.992015361785888672e-01
9.993554949760437012e-01
9.954529404640197754e-01
9.993407130241394043e-01
9.984765648841857910e-01
9.991278648376464844e-01
9.747234582901000977e-01
9.984435439109802246e-01
9.971321821212768555e-01
9.996277689933776855e-01
9.918605089187622070e-01
9.972237348556518555e-01
9.897052049636840820e-01
9.978519678115844727e-01
9.924597740173339844e-01
9.971041083335876465e-01
9.971150755882263184e-01
9.980600476264953613e-01
9.979063868522644043e-01
9.970844984054565430e-01
9.989595413208007812e-01
9.948524236679077148e-01
9.988211393356323242e-01
9.930024147033691406e-01
9.919391274452209473e-01
9.848577380180358887e-01
9.987653493881225586e-01
9.988650083541870117e-01
9.980241656303405762e-01
9.988974928855895996e-01
9.984734058380126953e-01
9.991054534912109375e-01
9.940750002861022949e-01
9.991198182106018066e-01
9.939413070678710938e-01
9.998676180839538574e-01
9.948828220367431641e-01
9.975824952125549316e-01
9.947239756584167480e-01
9.986877441406250000e-01
9.969573616981506348e-01
9.951140284538269043e-01
9.996575713157653809e-01
9.997507333755493164e-01
9.988943934440612793e-01
9.913158416748046875e-01
9.997667670249938965e-01
9.979428648948669434e-01
9.953644871711730957e-01
9.979757666587829590e-01
9.941167831420898438e-01
9.760426282882690430e-01
9.961052536964416504e-01
9.953605532646179199e-01
9.975374341011047363e-01
9.959626793861389160e-01
9.975333213806152344e-01
9.996221065521240234e-01
9.990429282188415527e-01
9.936544895172119141e-01
9.992876052856445312e-01
9.952492713928222656e-01
9.989594817161560059e-01
9.982700347900390625e-01
9.992896318435668945e-01
9.924795031547546387e-01
9.988851547241210938e-01
9.903728365898132324e-01
9.948840141296386719e-01
9.983893632888793945e-01
9.975108504295349121e-01
9.988597035408020020e-01
9.988371133804321289e-01
9.995011687278747559e-01
9.991438984870910645e-01
9.962369799613952637e-01
9.972061514854431152e-01
9.973626732826232910e-01
9.962159991264343262e-01
9.994683265686035156e-01
9.996292591094970703e-01
9.946916699409484863e-01
9.888169765472412109e-01
9.975608587265014648e-01
9.955141544342041016e-01
9.967276453971862793e-01
9.971374869346618652e-01
9.987469315528869629e-01
9.963536262512207031e-01
9.996921420097351074e-01
9.944718480110168457e-01
9.893917441368103027e-01
9.971016645431518555e-01
9.956641793251037598e-01
9.940544962882995605e-01
9.991295933723449707e-01
9.986229538917541504e-01
9.862007498741149902e-01
9.948105812072753906e-01
9.968998432159423828e-01
9.988826513290405273e-01
9.983323812484741211e-01
9.921118617057800293e-01
9.864047169685363770e-01
9.960129857063293457e-01
9.993585944175720215e-01
9.998523592948913574e-01
9.986776113510131836e-01
9.943103194236755371e-01
9.874221086502075195e-01
9.990252256393432617e-01
9.987029433250427246e-01
9.990016818046569824e-01
9.905943274497985840e-01
9.793975353240966797e-01
9.951578378677368164e-01
9.991763234138488770e-01
9.996637701988220215e-01
9.967622160911560059e-01
9.959558248519897461e-01
9.892039299011230469e-01
9.931150674819946289e-01
9.996468424797058105e-01
9.994832873344421387e-01
9.975872635841369629e-01
9.967851638793945312e-01
9.982655644416809082e-01
9.981006383895874023e-01
9.980785846710205078e-01
9.984768629074096680e-01
9.978238940238952637e-01
9.985265135765075684e-01
9.909272789955139160e-01
9.952696561813354492e-01
9.995517134666442871e-01
9.986042380332946777e-01
9.989466071128845215e-01
9.871829748153686523e-01
9.993090629577636719e-01
9.940612912178039551e-01
9.964405894279479980e-01
9.835891723632812500e-01
9.950944185256958008e-01
9.989591836929321289e-01
9.933828711509704590e-01
9.782737493515014648e-01
9.981144666671752930e-01
9.997679591178894043e-01
9.898492693901062012e-01
9.942925572395324707e-01
9.996936917304992676e-01
9.979007244110107422e-01
9.978370666503906250e-01
9.984040260314941406e-01
9.971609711647033691e-01
9.991443753242492676e-01
9.973646998405456543e-01
9.994407296180725098e-01
9.941710829734802246e-01
9.972608089447021484e-01
9.985486268997192383e-01
9.958453178405761719e-01
9.997227191925048828e-01
9.974270462989807129e-01
9.925658702850341797e-01
9.902696609497070312e-01
9.984447956085205078e-01
9.978957176208496094e-01
9.966274499893188477e-01
9.991030097007751465e-01
9.944326877593994141e-01
9.986205101013183594e-01
9.989105463027954102e-01
9.959630370140075684e-01
9.961482882499694824e-01
9.970716834068298340e-01
9.958310127258300781e-01
9.613025784492492676e-01
9.979464411735534668e-01
9.986459612846374512e-01
9.994939565658569336e-01
9.901956915855407715e-01
9.985854029655456543e-01
9.984013438224792480e-01
9.989074468612670898e-01
9.980849623680114746e-01
9.949023127555847168e-01
9.973229765892028809e-01
9.967884421348571777e-01
9.949545860290527344e-01
9.905802011489868164e-01
9.959028959274291992e-01
9.984434247016906738e-01
9.991667866706848145e-01
9.996016025543212891e-01
9.927902221679687500e-01
9.970245957374572754e-01
9.944087862968444824e-01
9.970586895942687988e-01
9.788231849670410156e-01
9.968225955963134766e-01
9.959322214126586914e-01
9.985796809196472168e-01
9.992391467094421387e-01
9.977238178253173828e-01
9.997671246528625488e-01
9.993197917938232422e-01
9.886736273765563965e-01
9.954343438148498535e-01
9.993149638175964355e-01
9.988945126533508301e-01
9.988588094711303711e-01
9.987843036651611328e-01
9.967849254608154297e-01
9.995895028114318848e-01
9.994465112686157227e-01
9.938901066780090332e-01
9.987920522689819336e-01
9.994232654571533203e-01
9.898278117179870605e-01
9.993583559989929199e-01
9.995730519294738770e-01
9.993291497230529785e-01
9.959900379180908203e-01
9.969462752342224121e-01
9.985811114311218262e-01
9.924228787422180176e-01
9.914636611938476562e-01
9.986165165901184082e-01
9.932548999786376953e-01
9.981210827827453613e-01
9.974888563156127930e-01
9.999820590019226074e-01
9.987978935241699219e-01
9.897437095642089844e-01
9.983198046684265137e-01
9.977676272392272949e-01
9.887267351150512695e-01
9.978501796722412109e-01
9.993931651115417480e-01
9.993975758552551270e-01
9.959225654602050781e-01
9.979813098907470703e-01
9.982513189315795898e-01
9.987989664077758789e-01
9.976600408554077148e-01
9.965332746505737305e-01
9.993067979812622070e-01
9.969966411590576172e-01
9.985553622245788574e-01
9.979732632637023926e-01
9.974209666252136230e-01
9.966036081314086914e-01
9.993540048599243164e-01
9.983869791030883789e-01
9.982782602310180664e-01
9.925470948219299316e-01
9.960106611251831055e-01
9.970332384109497070e-01
9.987640976905822754e-01
9.962011575698852539e-01
9.940029382705688477e-01
9.934464693069458008e-01
9.919002652168273926e-01
9.899989366531372070e-01
9.977161288261413574e-01
9.980866312980651855e-01
9.987661242485046387e-01
9.948320984840393066e-01
9.995062351226806641e-01
9.991537928581237793e-01
9.820163249969482422e-01
9.959781765937805176e-01
9.930313229560852051e-01
9.991195201873779297e-01
9.957727789878845215e-01
9.896585941314697266e-01
9.922203421592712402e-01
9.924510717391967773e-01
9.976466894149780273e-01
9.981636404991149902e-01
9.997661709785461426e-01
9.920513033866882324e-01
9.999469518661499023e-01
9.984137415885925293e-01
9.972245693206787109e-01
9.992460012435913086e-01
9.980307817459106445e-01
9.982179403305053711e-01
9.983688592910766602e-01
9.991593956947326660e-01
9.999835491180419922e-01
9.979084134101867676e-01
9.990516901016235352e-01
9.990878105163574219e-01
9.964820742607116699e-01
9.971759915351867676e-01
9.985663890838623047e-01
9.982908964157104492e-01
9.952036738395690918e-01
9.979702830314636230e-01
9.979150295257568359e-01
9.983473420143127441e-01
9.919045567512512207e-01
9.953823089599609375e-01
9.947656989097595215e-01
9.905957579612731934e-01
9.916161894798278809e-01
9.992252588272094727e-01
9.936360716819763184e-01
9.998461604118347168e-01
9.994471669197082520e-01
9.908636212348937988e-01
9.965924024581909180e-01
9.997116327285766602e-01
9.999648332595825195e-01
9.985494017601013184e-01
9.998366832733154297e-01
9.988299608230590820e-01
9.915154576301574707e-01
9.949168562889099121e-01
9.993056058883666992e-01
9.875742197036743164e-01
9.919137358665466309e-01
9.937951564788818359e-01
9.974370598793029785e-01
9.990221261978149414e-01
9.902877807617187500e-01
9.907410740852355957e-01
9.961819648742675781e-01
9.976556301116943359e-01
9.996482133865356445e-01
9.997158646583557129e-01
9.987721443176269531e-01
9.911515116691589355e-01
9.978036880493164062e-01
9.947582483291625977e-01
9.976564049720764160e-01
9.839261174201965332e-01
9.983018040657043457e-01
9.933038353919982910e-01
9.943993091583251953e-01
9.970775842666625977e-01
9.987878799438476562e-01
9.959718585014343262e-01
9.875009059906005859e-01
9.963886737823486328e-01
9.989288449287414551e-01
9.972311854362487793e-01
9.982247948646545410e-01
9.969527125358581543e-01
9.995198845863342285e-01
9.969495534896850586e-01
9.961005449295043945e-01
9.977472424507141113e-01
9.792164564132690430e-01
9.971252083778381348e-01
9.978880286216735840e-01
9.979881644248962402e-01
9.982995390892028809e-01
9.994685649871826172e-01
9.984396696090698242e-01
9.991577267646789551e-01
9.952304959297180176e-01
9.932528138160705566e-01
9.989277720451354980e-01
9.994871616363525391e-01
9.986275434494018555e-01
9.971084594726562500e-01
9.962928891181945801e-01
9.966656565666198730e-01
9.994218945503234863e-01
9.993494153022766113e-01
9.938598275184631348e-01
9.944156408309936523e-01
9.970996975898742676e-01
9.931130409240722656e-01
9.969913959503173828e-01
9.921479821205139160e-01
9.918649196624755859e-01
9.999980330467224121e-01
9.992924332618713379e-01
9.982066154479980469e-01
9.993605613708496094e-01
9.938535094261169434e-01
9.984925985336303711e-01
9.999563097953796387e-01
9.981684088706970215e-01
9.994002580642700195e-01
9.950031638145446777e-01
9.984050989151000977e-01
9.996237158775329590e-01
9.999349713325500488e-01
9.961860775947570801e-01
9.994699954986572266e-01
9.744946956634521484e-01
9.768609404563903809e-01
9.800347089767456055e-01
9.918212294578552246e-01
9.990907311439514160e-01
9.947949051856994629e-01
9.955070018768310547e-01
9.992927908897399902e-01
9.958464503288269043e-01
9.968698620796203613e-01
9.978029131889343262e-01
9.871216416358947754e-01
9.930696487426757812e-01
9.983601570129394531e-01
9.929531812667846680e-01
9.984922409057617188e-01
9.964138865470886230e-01
9.968413710594177246e-01
9.985945820808410645e-01
9.991576671600341797e-01
9.986600279808044434e-01
9.979529976844787598e-01
9.992617964744567871e-01
9.802635908126831055e-01
9.974275827407836914e-01
9.661744832992553711e-01
9.987102150917053223e-01
9.984350800514221191e-01
9.763830900192260742e-01
9.982738494873046875e-01
9.983507990837097168e-01
9.990282058715820312e-01
9.950345158576965332e-01
9.984198808670043945e-01
9.898318648338317871e-01
9.964237809181213379e-01
9.970011711120605469e-01
9.995534420013427734e-01
9.955728650093078613e-01
9.928455948829650879e-01
9.941591024398803711e-01
9.973344802856445312e-01
9.935168027877807617e-01
9.995560050010681152e-01
9.975489377975463867e-01
9.953999519348144531e-01
9.993400573730468750e-01
9.983518719673156738e-01
9.947677254676818848e-01
9.895680546760559082e-01
9.922803044319152832e-01
9.913324117660522461e-01
9.960206151008605957e-01
9.983458518981933594e-01
9.926819205284118652e-01
9.987081289291381836e-01
9.970212578773498535e-01
9.992792010307312012e-01
9.982591271400451660e-01
9.857631325721740723e-01
9.992346763610839844e-01
9.980711340904235840e-01
9.991557002067565918e-01
9.988515973091125488e-01
9.977769851684570312e-01
9.968989491462707520e-01
9.958885312080383301e-01
9.953122735023498535e-01
9.998669028282165527e-01
9.990565776824951172e-01
9.962800741195678711e-01
9.982729554176330566e-01
9.946411252021789551e-01
9.887201189994812012e-01
9.934913516044616699e-01
9.995152950286865234e-01
9.951350092887878418e-01
9.958710670471191406e-01
9.952307939529418945e-01
9.958609938621520996e-01
9.941583275794982910e-01
9.970440864562988281e-01
9.985867738723754883e-01
9.990929961204528809e-01
9.969266057014465332e-01
9.967409372329711914e-01
9.985101819038391113e-01
9.996274113655090332e-01
9.932493567466735840e-01
9.990404248237609863e-01
9.983675479888916016e-01
9.913583993911743164e-01
9.926686882972717285e-01
9.986454844474792480e-01
9.985811114311218262e-01
9.834079742431640625e-01
9.773555397987365723e-01
9.861856698989868164e-01
9.995002150535583496e-01
9.998837709426879883e-01
9.941937327384948730e-01
9.951478838920593262e-01
9.980913996696472168e-01
9.961041212081909180e-01
9.997683167457580566e-01
9.894750118255615234e-01
9.958310723304748535e-01
9.997158050537109375e-01
9.938700199127197266e-01
9.985294938087463379e-01
9.943140149116516113e-01
9.818023443222045898e-01
9.865646362304687500e-01
9.964587092399597168e-01
9.990456700325012207e-01
9.991791248321533203e-01
9.950907230377197266e-01
9.943305850028991699e-01
9.997470378875732422e-01
9.968237876892089844e-01
9.993934035301208496e-01
9.949782490730285645e-01
9.959222674369812012e-01
9.923715591430664062e-01
9.965276718139648438e-01
9.952697157859802246e-01
9.991187453269958496e-01
9.889971613883972168e-01
9.979339241981506348e-01
9.925724864006042480e-01
9.945389032363891602e-01
9.863617420196533203e-01
9.980357885360717773e-01
9.959139227867126465e-01
9.986106753349304199e-01
9.985074400901794434e-01
9.994814991950988770e-01
9.919445514678955078e-01
9.718065857887268066e-01
9.973378777503967285e-01
9.991127848625183105e-01
9.971694350242614746e-01
9.997584223747253418e-01
9.980003237724304199e-01
9.790523648262023926e-01
9.904323816299438477e-01
9.926205873489379883e-01
9.977607131004333496e-01
9.966686964035034180e-01
9.989258050918579102e-01
9.966304302215576172e-01
9.955114126205444336e-01
9.966163039207458496e-01
9.877327680587768555e-01
9.987249970436096191e-01
9.985485672950744629e-01
9.979085922241210938e-01
9.948202967643737793e-01
9.988042712211608887e-01
9.985851049423217773e-01
9.994620680809020996e-01
9.879658818244934082e-01
9.863122105598449707e-01
9.914523959159851074e-01
9.975807070732116699e-01
9.967386722564697266e-01
9.980635643005371094e-01
9.828805327415466309e-01
9.991403818130493164e-01
9.809127449989318848e-01
9.997609853744506836e-01
9.939795732498168945e-01
9.980753660202026367e-01
9.943175911903381348e-01
9.966032505035400391e-01
9.972417354583740234e-01
9.982715249061584473e-01
9.878517389297485352e-01
9.990800023078918457e-01
9.974551796913146973e-01
9.996287226676940918e-01
9.944730997085571289e-01
9.916894435882568359e-01
9.972488284111022949e-01
9.978831410408020020e-01
9.988288879394531250e-01
9.941071867942810059e-01
9.984064102172851562e-01
9.961755275726318359e-01
9.968615174293518066e-01
9.998700022697448730e-01
9.957397580146789551e-01
9.961952567100524902e-01
9.971693754196166992e-01
9.970313310623168945e-01
9.987555146217346191e-01
9.870145916938781738e-01
9.961087107658386230e-01
9.972699880599975586e-01
9.979987144470214844e-01
9.952738285064697266e-01
9.987547397613525391e-01
9.986124634742736816e-01
9.965032339096069336e-01
9.987424015998840332e-01
9.958571195602416992e-01
9.988093376159667969e-01
9.999230504035949707e-01
9.993218183517456055e-01
9.981553554534912109e-01
9.965764284133911133e-01
9.986550807952880859e-01
9.962414503097534180e-01
9.994295835494995117e-01
9.990335702896118164e-01
9.978221654891967773e-01
9.992915987968444824e-01
9.998391270637512207e-01
9.974657893180847168e-01
9.977793693542480469e-01
9.939876794815063477e-01
9.954424500465393066e-01
9.922902584075927734e-01
9.979870915412902832e-01
9.980859756469726562e-01
9.962066411972045898e-01
9.974689483642578125e-01
9.993430376052856445e-01
9.951709508895874023e-01
9.993515014648437500e-01
9.935886859893798828e-01
9.956063032150268555e-01
9.954950809478759766e-01
9.934215545654296875e-01
9.974318742752075195e-01
9.999820590019226074e-01
9.989983439445495605e-01
9.998895525932312012e-01
9.993652701377868652e-01
9.994071722030639648e-01
9.960819482803344727e-01
9.944792985916137695e-01
9.958043098449707031e-01
9.963893890380859375e-01
9.958423376083374023e-01
9.928171038627624512e-01
9.993619918823242188e-01
9.975206255912780762e-01
9.992248415946960449e-01
9.955469965934753418e-01
9.967792034149169922e-01
9.934633374214172363e-01
9.989625811576843262e-01
9.974150657653808594e-01
9.983238577842712402e-01
9.944443106651306152e-01
9.946945905685424805e-01
9.950025081634521484e-01
9.999009966850280762e-01
9.991077780723571777e-01
9.997710585594177246e-01
9.958580136299133301e-01
9.957192540168762207e-01
9.991241693496704102e-01
9.987930059432983398e-01
9.991567730903625488e-01
9.977849125862121582e-01
9.979385733604431152e-01
9.994323253631591797e-01
9.984002709388732910e-01
9.847291111946105957e-01
9.978227615356445312e-01
9.941674470901489258e-01
9.996460676193237305e-01
9.995091557502746582e-01
9.914349317550659180e-01
9.998162984848022461e-01
9.970655441284179688e-01
9.975655674934387207e-01
9.990106821060180664e-01
9.979211688041687012e-01
9.931399226188659668e-01
9.991445541381835938e-01
9.990932345390319824e-01
9.966147541999816895e-01
9.961767792701721191e-01
9.991824030876159668e-01
9.987400174140930176e-01
9.991533756256103516e-01
9.983391761779785156e-01
9.929930567741394043e-01
9.957606792449951172e-01
9.960028529167175293e-01
9.942622184753417969e-01
9.966087937355041504e-01
9.967548251152038574e-01
9.985670447349548340e-01
9.961563348770141602e-01
9.972636699676513672e-01
9.987851381301879883e-01
9.979772567749023438e-01
9.932698607444763184e-01
9.995636343955993652e-01
9.974043965339660645e-01
9.953852295875549316e-01
9.978823065757751465e-01
9.996003508567810059e-01
9.969072341918945312e-01
9.988350272178649902e-01
9.988233447074890137e-01
9.991365075111389160e-01
9.962578415870666504e-01
9.917185306549072266e-01
9.953752160072326660e-01
9.995546936988830566e-01
9.969977736473083496e-01
9.939424395561218262e-01
9.902355074882507324e-01
9.938991665840148926e-01
9.921427965164184570e-01
9.959906935691833496e-01
9.932222962379455566e-01
9.887659549713134766e-01
9.988412857055664062e-01
9.965205788612365723e-01
9.962326288223266602e-01
9.960066080093383789e-01
9.995946288108825684e-01
9.971823692321777344e-01
9.991696476936340332e-01
9.959862828254699707e-01
9.728893041610717773e-01
9.937263131141662598e-01
9.959788322448730469e-01
9.883093237876892090e-01
9.978122711181640625e-01
9.993477463722229004e-01
9.980568885803222656e-01
9.984506964683532715e-01
9.964382648468017578e-01
9.943660497665405273e-01
9.994258880615234375e-01
9.999850392341613770e-01
9.986829757690429688e-01
9.995594024658203125e-01
9.975149631500244141e-01
9.953261613845825195e-01
9.942048788070678711e-01
9.989455938339233398e-01
9.998160600662231445e-01
9.996551871299743652e-01
9.967657327651977539e-01
9.728108048439025879e-01
9.921959042549133301e-01
9.959284663200378418e-01
9.981376528739929199e-01
9.962993264198303223e-01
9.896250963211059570e-01
9.972898960113525391e-01
9.696024656295776367e-01
9.933171272277832031e-01
9.993706941604614258e-01
9.958123564720153809e-01
9.985428452491760254e-01
9.994522333145141602e-01
9.981744289398193359e-01
9.916846752166748047e-01
9.930053353309631348e-01
9.962483048439025879e-01
9.974095821380615234e-01
9.926406741142272949e-01
9.964212775230407715e-01
9.952258467674255371e-01
9.990757703781127930e-01
9.933219552040100098e-01
9.846875071525573730e-01
9.997892975807189941e-01
9.972553253173828125e-01
9.974548816680908203e-01
9.986218810081481934e-01
9.971057176589965820e-01
9.974960684776306152e-01
9.977168440818786621e-01
9.990801215171813965e-01
9.985069632530212402e-01
9.994195699691772461e-01
9.981191158294677734e-01
9.980670809745788574e-01
9.966056942939758301e-01
9.984825849533081055e-01
9.994648098945617676e-01
9.971095323562622070e-01
9.972246885299682617e-01
9.974238872528076172e-01
9.989425539970397949e-01
9.992510676383972168e-01
9.992607831954956055e-01
9.995909929275512695e-01
9.978362917900085449e-01
9.996122121810913086e-01
9.989646673202514648e-01
9.994364380836486816e-01
9.983465075492858887e-01
9.868142008781433105e-01
9.627069234848022461e-01
9.969238042831420898e-01
9.991700649261474609e-01
9.972997307777404785e-01
9.994472861289978027e-01
9.957845211029052734e-01
9.997265934944152832e-01
9.999066591262817383e-01
9.877528548240661621e-01
9.948005676269531250e-01
9.957762360572814941e-01
9.912272691726684570e-01
9.983454942703247070e-01
9.952892065048217773e-01
9.845398664474487305e-01
9.946710467338562012e-01
9.990295171737670898e-01
9.954250454902648926e-01
9.961572289466857910e-01
9.988612532615661621e-01
9.944259524345397949e-01
9.973118305206298828e-01
9.988439083099365234e-01
9.892793297767639160e-01
9.960124492645263672e-01
9.973937273025512695e-01
9.996827244758605957e-01
9.975869059562683105e-01
9.830856919288635254e-01
9.870162606239318848e-01
9.998654723167419434e-01
9.990514516830444336e-01
9.939925074577331543e-01
9.967338442802429199e-01
9.839448332786560059e-01
9.930054545402526855e-01
9.990579485893249512e-01
9.965384602546691895e-01
9.996504783630371094e-01
