9.908792376518249512e-01
9.982989430427551270e-01
9.920797944068908691e-01
9.926570653915405273e-01
9.711865782737731934e-01
9.905483722686767578e-01
9.991729855537414551e-01
9.975776076316833496e-01
9.994451999664306641e-01
9.961537122726440430e-01
9.990572333335876465e-01
9.985397458076477051e-01
9.982254505157470703e-01
9.836642742156982422e-01
9.851278066635131836e-01
9.982157349586486816e-01
9.885737895965576172e-01
9.967308640480041504e-01
9.959320425987243652e-01
9.974616169929504395e-01
9.913228154182434082e-01
9.955418109893798828e-01
9.995023608207702637e-01
9.950399994850158691e-01
9.965208172798156738e-01
9.968832135200500488e-01
9.972756505012512207e-01
9.937905073165893555e-01
9.816309213638305664e-01
9.846969246864318848e-01
9.964781403541564941e-01
9.858101606369018555e-01
9.889665246009826660e-01
9.877864718437194824e-01
9.935745000839233398e-01
9.918804764747619629e-01
9.997748136520385742e-01
9.977802634239196777e-01
9.967089295387268066e-01
9.950510859489440918e-01
9.966508746147155762e-01
9.850660562515258789e-01
9.984306693077087402e-01
9.831624627113342285e-01
9.946026206016540527e-01
9.889017343521118164e-01
9.987004399299621582e-01
9.979501366615295410e-01
9.969969391822814941e-01
9.752781391143798828e-01
9.942669272422790527e-01
9.983917474746704102e-01
9.764757752418518066e-01
9.952847361564636230e-01
9.926607608795166016e-01
9.983822703361511230e-01
9.968617558479309082e-01
9.957955479621887207e-01
9.955093264579772949e-01
9.994305372238159180e-01
9.921723604202270508e-01
9.320409893989562988e-01
9.995619654655456543e-01
9.962662458419799805e-01
9.933886528015136719e-01
9.953523874282836914e-01
9.979158639907836914e-01
8.933442831039428711e-01
9.971363544464111328e-01
9.960504174232482910e-01
9.988300204277038574e-01
9.977642297744750977e-01
9.982891678810119629e-01
9.927688837051391602e-01
9.969640374183654785e-01
9.955518841743469238e-01
9.983132481575012207e-01
9.952222108840942383e-01
9.947689175605773926e-01
9.836917519569396973e-01
9.978439807891845703e-01
9.953504204750061035e-01
9.970889091491699219e-01
9.984019398689270020e-01
9.822976589202880859e-01
9.747710227966308594e-01
9.894285202026367188e-01
9.986540675163269043e-01
9.865664839744567871e-01
9.998006224632263184e-01
9.923021197319030762e-01
9.974611401557922363e-01
9.947479963302612305e-01
9.961398839950561523e-01
9.977656602859497070e-01
9.982050061225891113e-01
9.942913055419921875e-01
9.959863424301147461e-01
9.928862452507019043e-01
9.929764866828918457e-01
9.899404048919677734e-01
9.924802184104919434e-01
9.942864179611206055e-01
9.959016442298889160e-01
9.983421564102172852e-01
9.972308278083801270e-01
9.950537681579589844e-01
9.912762641906738281e-01
9.981023669242858887e-01
9.943373203277587891e-01
9.988251328468322754e-01
9.921063184738159180e-01
9.737989306449890137e-01
9.982200264930725098e-01
9.977828860282897949e-01
9.974694252014160156e-01
9.947966337203979492e-01
9.831151366233825684e-01
9.883217215538024902e-01
9.905610680580139160e-01
9.730681180953979492e-01
9.974967241287231445e-01
9.785659313201904297e-01
9.915443062782287598e-01
9.929327368736267090e-01
9.922215938568115234e-01
9.988168478012084961e-01
9.986834526062011719e-01
9.990451931953430176e-01
9.911845326423645020e-01
9.988185763359069824e-01
9.985740184783935547e-01
9.311933517456054688e-01
9.659877419471740723e-01
9.908197522163391113e-01
9.866091609001159668e-01
9.923640489578247070e-01
9.931496381759643555e-01
9.947082400321960449e-01
9.910537600517272949e-01
9.985262751579284668e-01
9.975516200065612793e-01
9.688711762428283691e-01
9.971746206283569336e-01
9.938520193099975586e-01
9.978615045547485352e-01
9.975347518920898438e-01
9.959725737571716309e-01
9.964844584465026855e-01
9.929060935974121094e-01
9.981833100318908691e-01
9.945249557495117188e-01
9.976300001144409180e-01
9.909374117851257324e-01
9.979957342147827148e-01
9.921634793281555176e-01
9.921539425849914551e-01
9.949559569358825684e-01
9.921060204505920410e-01
9.980565905570983887e-01
9.779596924781799316e-01
9.845516681671142578e-01
9.967735409736633301e-01
9.994857311248779297e-01
9.953352212905883789e-01
9.968152046203613281e-01
9.982371926307678223e-01
9.903235435485839844e-01
9.973328113555908203e-01
9.949114322662353516e-01
9.985639452934265137e-01
9.668577313423156738e-01
9.989066720008850098e-01
9.874322414398193359e-01
9.925481081008911133e-01
9.898259639739990234e-01
9.989201426506042480e-01
9.920392036437988281e-01
9.965382814407348633e-01
9.972690939903259277e-01
9.959390163421630859e-01
9.945346713066101074e-01
9.944263100624084473e-01
9.985423088073730469e-01
9.975394606590270996e-01
9.976927638053894043e-01
9.969719052314758301e-01
9.979010224342346191e-01
9.968184828758239746e-01
9.986101984977722168e-01
9.847536683082580566e-01
9.968780875205993652e-01
9.947155117988586426e-01
9.911735653877258301e-01
9.769704937934875488e-01
9.964596033096313477e-01
9.988731145858764648e-01
9.941639900207519531e-01
9.982015490531921387e-01
9.672901034355163574e-01
9.881768822669982910e-01
9.953415393829345703e-01
9.899353384971618652e-01
9.957363009452819824e-01
9.846201539039611816e-01
9.982851147651672363e-01
9.973235726356506348e-01
9.859963655471801758e-01
9.939015507698059082e-01
9.976984262466430664e-01
9.865195155143737793e-01
9.920277595520019531e-01
9.075812101364135742e-01
9.982907772064208984e-01
9.992038607597351074e-01
9.871997237205505371e-01
9.953839778900146484e-01
9.936147332191467285e-01
9.658164978027343750e-01
9.953114986419677734e-01
9.973689913749694824e-01
9.998903274536132812e-01
9.984511137008666992e-01
9.980182647705078125e-01
9.987061619758605957e-01
9.918199181556701660e-01
9.912923574447631836e-01
9.704727530479431152e-01
9.976937770843505859e-01
9.895921945571899414e-01
9.979727864265441895e-01
9.968730807304382324e-01
9.963681101799011230e-01
9.895210266113281250e-01
9.970617890357971191e-01
9.916111826896667480e-01
9.948568940162658691e-01
9.991354346275329590e-01
9.914969205856323242e-01
9.858965873718261719e-01
9.999136924743652344e-01
9.817170500755310059e-01
9.985928535461425781e-01
9.819301962852478027e-01
9.958469271659851074e-01
9.978124499320983887e-01
9.935775995254516602e-01
4.790468215942382812e-01
9.970133900642395020e-01
9.998437762260437012e-01
9.807690978050231934e-01
9.863443970680236816e-01
9.930021762847900391e-01
9.878851771354675293e-01
9.960357546806335449e-01
9.974549412727355957e-01
9.945673942565917969e-01
9.961595535278320312e-01
9.976911544799804688e-01
9.979519844055175781e-01
9.988604784011840820e-01
9.973549842834472656e-01
9.988442659378051758e-01
9.966806769371032715e-01
9.845196008682250977e-01
9.951533079147338867e-01
9.931350350379943848e-01
9.738036394119262695e-01
9.990442395210266113e-01
9.981344938278198242e-01
9.565677046775817871e-01
9.148960113525390625e-01
9.924973845481872559e-01
9.930860996246337891e-01
9.895364642143249512e-01
9.971829652786254883e-01
9.922260642051696777e-01
9.981411099433898926e-01
9.966549873352050781e-01
9.979452490806579590e-01
9.918949007987976074e-01
9.981390237808227539e-01
9.885374307632446289e-01
9.953113198280334473e-01
9.975822567939758301e-01
9.990954399108886719e-01
9.949384927749633789e-01
9.985336065292358398e-01
9.976193308830261230e-01
9.897544980049133301e-01
9.928463697433471680e-01
9.971616864204406738e-01
9.744338989257812500e-01
9.943308234214782715e-01
9.951945543289184570e-01
9.952444434165954590e-01
9.932731389999389648e-01
9.997465014457702637e-01
9.988220334053039551e-01
9.964593648910522461e-01
9.992563724517822266e-01
9.945743083953857422e-01
9.978629946708679199e-01
9.992746114730834961e-01
9.902083277702331543e-01
9.955364465713500977e-01
9.688583612442016602e-01
9.988701343536376953e-01
9.983610510826110840e-01
9.969365000724792480e-01
9.876929521560668945e-01
9.951468110084533691e-01
9.902138113975524902e-01
9.925507903099060059e-01
9.983001351356506348e-01
9.935333132743835449e-01
9.944425821304321289e-01
9.965280294418334961e-01
9.986068606376647949e-01
9.985448122024536133e-01
9.764149785041809082e-01
9.811152219772338867e-01
9.952525496482849121e-01
9.960073828697204590e-01
9.907799363136291504e-01
9.949873089790344238e-01
9.981344342231750488e-01
9.836223721504211426e-01
9.920818209648132324e-01
9.920338392257690430e-01
9.941429495811462402e-01
9.901759624481201172e-01
9.860486388206481934e-01
9.954621195793151855e-01
9.998556375503540039e-01
9.952473044395446777e-01
9.899638295173645020e-01
9.949796199798583984e-01
9.860122799873352051e-01
9.790046215057373047e-01
9.947770833969116211e-01
9.970249533653259277e-01
9.998797774314880371e-01
9.969823360443115234e-01
9.998288154602050781e-01
9.940145015716552734e-01
9.983196854591369629e-01
9.965862035751342773e-01
9.992028474807739258e-01
9.989018440246582031e-01
9.976520538330078125e-01
9.863803982734680176e-01
9.946438074111938477e-01
9.924945235252380371e-01
9.991322159767150879e-01
9.831032752990722656e-01
9.916040897369384766e-01
9.968526959419250488e-01
8.780475854873657227e-01
9.912962317466735840e-01
9.986385107040405273e-01
9.960972666740417480e-01
9.953978657722473145e-01
9.904321432113647461e-01
9.995921254158020020e-01
9.959191083908081055e-01
9.997612833976745605e-01
9.926655292510986328e-01
9.991548061370849609e-01
9.942260980606079102e-01
9.954043030738830566e-01
9.951378107070922852e-01
9.705908894538879395e-01
9.904594421386718750e-01
9.955670237541198730e-01
9.793989062309265137e-01
9.991862773895263672e-01
9.872247576713562012e-01
9.931031465530395508e-01
9.934549927711486816e-01
9.923322200775146484e-01
9.976249337196350098e-01
9.676665067672729492e-01
9.916594028472900391e-01
9.936445951461791992e-01
9.976664185523986816e-01
9.965654015541076660e-01
9.969277977943420410e-01
9.924806952476501465e-01
9.935343265533447266e-01
9.984957575798034668e-01
9.968852400779724121e-01
9.985215067863464355e-01
9.815647006034851074e-01
9.941192269325256348e-01
9.948790669441223145e-01
9.946296811103820801e-01
9.867849349975585938e-01
9.980736970901489258e-01
9.940708279609680176e-01
9.984908699989318848e-01
8.303393125534057617e-01
9.985121488571166992e-01
9.988836050033569336e-01
9.977142810821533203e-01
9.959485530853271484e-01
9.957388043403625488e-01
9.975910186767578125e-01
9.951663017272949219e-01
9.940987229347229004e-01
9.906017780303955078e-01
9.933074712753295898e-01
9.969051480293273926e-01
9.986253976821899414e-01
9.850947856903076172e-01
9.966492056846618652e-01
9.920051693916320801e-01
9.962165355682373047e-01
9.957417249679565430e-01
9.981279969215393066e-01
9.764872193336486816e-01
9.979087710380554199e-01
9.981586933135986328e-01
9.958115220069885254e-01
9.940628409385681152e-01
9.981426596641540527e-01
9.931858181953430176e-01
9.978211522102355957e-01
9.904100894927978516e-01
9.927765727043151855e-01
9.956486225128173828e-01
9.866795539855957031e-01
9.882491230964660645e-01
9.967340230941772461e-01
9.980642199516296387e-01
9.702761769294738770e-01
9.990074634552001953e-01
9.923766851425170898e-01
9.803806543350219727e-01
9.891794919967651367e-01
9.867391586303710938e-01
9.937984943389892578e-01
9.938386678695678711e-01
9.976559281349182129e-01
9.981800317764282227e-01
9.944013357162475586e-01
9.890846610069274902e-01
9.966340065002441406e-01
9.976150393486022949e-01
9.956825971603393555e-01
9.985814094543457031e-01
9.994950294494628906e-01
9.953088760375976562e-01
9.951363205909729004e-01
9.953819513320922852e-01
9.927641153335571289e-01
9.910922050476074219e-01
9.991806149482727051e-01
9.983169436454772949e-01
9.901677966117858887e-01
9.709514975547790527e-01
9.932149052619934082e-01
9.973866343498229980e-01
9.947735667228698730e-01
9.987614750862121582e-01
9.925782084465026855e-01
9.962903857231140137e-01
9.902356266975402832e-01
9.952747821807861328e-01
9.951009154319763184e-01
9.954650402069091797e-01
9.981055259704589844e-01
9.995541572570800781e-01
9.960899949073791504e-01
9.764794707298278809e-01
9.910962581634521484e-01
9.936919808387756348e-01
9.851428270339965820e-01
9.986682534217834473e-01
9.970607757568359375e-01
9.940247535705566406e-01
9.985619187355041504e-01
9.939740896224975586e-01
9.932070970535278320e-01
9.810172915458679199e-01
9.878914356231689453e-01
9.824247360229492188e-01
9.945662617683410645e-01
9.990348219871520996e-01
9.934229850769042969e-01
9.927908182144165039e-01
9.975200891494750977e-01
9.984937310218811035e-01
9.973107576370239258e-01
9.593506455421447754e-01
9.963747859001159668e-01
9.886897206306457520e-01
9.968089461326599121e-01
9.929848313331604004e-01
9.970299601554870605e-01
9.819287657737731934e-01
9.667065143585205078e-01
9.882273077964782715e-01
9.929563999176025391e-01
9.999134540557861328e-01
9.982160925865173340e-01
9.760106801986694336e-01
9.980885982513427734e-01
9.671979546546936035e-01
9.948545694351196289e-01
9.341443181037902832e-01
9.956744909286499023e-01
9.940062165260314941e-01
9.955749511718750000e-01
9.978400468826293945e-01
9.838175177574157715e-01
9.963472485542297363e-01
9.911528229713439941e-01
9.931949377059936523e-01
9.842179417610168457e-01
9.912212491035461426e-01
9.997481703758239746e-01
9.939057230949401855e-01
9.777777194976806641e-01
9.972386360168457031e-01
9.958066344261169434e-01
9.963722825050354004e-01
9.993847012519836426e-01
9.970282316207885742e-01
9.954569339752197266e-01
9.880234599113464355e-01
9.983788728713989258e-01
9.896647334098815918e-01
9.909173846244812012e-01
9.981633424758911133e-01
9.972656965255737305e-01
9.971638321876525879e-01
9.951899647712707520e-01
9.835800528526306152e-01
9.949249625205993652e-01
9.959821105003356934e-01
9.989693760871887207e-01
9.924126863479614258e-01
9.910440444946289062e-01
9.944004416465759277e-01
9.917665719985961914e-01
9.972687363624572754e-01
9.952654838562011719e-01
9.914712309837341309e-01
9.985332489013671875e-01
9.989920258522033691e-01
9.859226346015930176e-01
9.935808777809143066e-01
9.988286495208740234e-01
9.799647927284240723e-01
9.837229847908020020e-01
9.950284361839294434e-01
9.984291195869445801e-01
9.967242479324340820e-01
9.916545152664184570e-01
9.950769543647766113e-01
9.884994626045227051e-01
9.967798590660095215e-01
9.972441792488098145e-01
9.938803315162658691e-01
9.977892637252807617e-01
9.955598115921020508e-01
9.952934384346008301e-01
9.934038519859313965e-01
9.877547025680541992e-01
9.970953464508056641e-01
9.971649050712585449e-01
9.918234944343566895e-01
9.986317157745361328e-01
9.955666065216064453e-01
9.928802251815795898e-01
9.969068765640258789e-01
9.981616735458374023e-01
9.961130619049072266e-01
9.963998794555664062e-01
9.840156435966491699e-01
9.963978528976440430e-01
9.943852424621582031e-01
9.941948652267456055e-01
9.992280602455139160e-01
9.899334907531738281e-01
9.981656074523925781e-01
9.982813000679016113e-01
9.625453948974609375e-01
9.787836074829101562e-01
9.955485463142395020e-01
9.997720122337341309e-01
9.986425638198852539e-01
9.984377622604370117e-01
9.783086776733398438e-01
9.823444485664367676e-01
9.943769574165344238e-01
9.923288226127624512e-01
9.936647415161132812e-01
9.979926347732543945e-01
9.954059720039367676e-01
9.923501610755920410e-01
9.723866581916809082e-01
9.950379133224487305e-01
9.930013418197631836e-01
9.859397411346435547e-01
9.926188588142395020e-01
9.927186369895935059e-01
9.988704919815063477e-01
9.942039847373962402e-01
9.927816987037658691e-01
9.898070096969604492e-01
9.987534880638122559e-01
9.955409169197082520e-01
9.984555244445800781e-01
9.759575724601745605e-01
9.869542717933654785e-01
9.971829652786254883e-01
9.697605371475219727e-01
9.549033641815185547e-01
9.924997091293334961e-01
9.820008873939514160e-01
9.964543581008911133e-01
9.948886632919311523e-01
9.926667213439941406e-01
9.968767762184143066e-01
9.934442639350891113e-01
9.984200596809387207e-01
9.935458898544311523e-01
9.978861212730407715e-01
9.986478686332702637e-01
9.989920854568481445e-01
9.746297597885131836e-01
9.892646670341491699e-01
9.952650070190429688e-01
9.790239930152893066e-01
9.734286069869995117e-01
9.986895322799682617e-01
9.987692832946777344e-01
9.971048235893249512e-01
9.964156150817871094e-01
9.958453774452209473e-01
9.914033412933349609e-01
9.936702251434326172e-01
9.982311725616455078e-01
9.857400655746459961e-01
9.877994656562805176e-01
9.836030006408691406e-01
9.924273490905761719e-01
9.881235957145690918e-01
9.860311746597290039e-01
9.886718988418579102e-01
9.792434573173522949e-01
9.958448410034179688e-01
9.300856590270996094e-01
9.676416516304016113e-01
9.995765686035156250e-01
9.965187311172485352e-01
9.982439875602722168e-01
9.982623457908630371e-01
9.945547580718994141e-01
9.924077987670898438e-01
9.856033325195312500e-01
9.930695891380310059e-01
9.959480166435241699e-01
9.955098032951354980e-01
9.923189878463745117e-01
9.930260777473449707e-01
9.947986602783203125e-01
9.751871228218078613e-01
9.985395073890686035e-01
9.986109733581542969e-01
9.990779757499694824e-01
9.962762594223022461e-01
9.735415577888488770e-01
9.946357011795043945e-01
9.880404472351074219e-01
9.975013732910156250e-01
9.947860836982727051e-01
9.952266812324523926e-01
9.969671368598937988e-01
9.858350157737731934e-01
9.852637648582458496e-01
9.991553425788879395e-01
9.997518658638000488e-01
9.819365143775939941e-01
9.988014698028564453e-01
9.914688467979431152e-01
9.878671765327453613e-01
9.998736977577209473e-01
9.921017885208129883e-01
9.967196583747863770e-01
9.747087359428405762e-01
9.882155656814575195e-01
9.975237846374511719e-01
9.872965812683105469e-01
9.978137612342834473e-01
9.985710382461547852e-01
9.878290891647338867e-01
9.944352507591247559e-01
9.848784804344177246e-01
9.854041337966918945e-01
9.992206692695617676e-01
9.971570968627929688e-01
9.672611951828002930e-01
9.980437159538269043e-01
9.956895112991333008e-01
9.893398284912109375e-01
9.948657155036926270e-01
9.944669604301452637e-01
9.992859959602355957e-01
9.826076030731201172e-01
9.895727038383483887e-01
9.999462366104125977e-01
9.960641264915466309e-01
9.968140721321105957e-01
9.957745075225830078e-01
9.997684955596923828e-01
9.647706747055053711e-01
9.982925057411193848e-01
9.929409027099609375e-01
9.818911552429199219e-01
9.815651178359985352e-01
9.979333281517028809e-01
9.944373965263366699e-01
9.954115748405456543e-01
9.952309131622314453e-01
9.806737303733825684e-01
9.949216246604919434e-01
9.805115461349487305e-01
9.953183531761169434e-01
9.679525494575500488e-01
9.939002990722656250e-01
9.934058189392089844e-01
9.986596703529357910e-01
9.980744123458862305e-01
9.854677915573120117e-01
9.943102002143859863e-01
9.775885343551635742e-01
9.982635974884033203e-01
9.922451972961425781e-01
9.869821071624755859e-01
9.976190924644470215e-01
9.910733699798583984e-01
9.963837862014770508e-01
9.902689456939697266e-01
9.948297739028930664e-01
9.826662540435791016e-01
9.985136389732360840e-01
9.955593347549438477e-01
9.795655012130737305e-01
9.989621043205261230e-01
9.576493501663208008e-01
9.875252246856689453e-01
9.961940646171569824e-01
9.972969293594360352e-01
9.765633940696716309e-01
9.916859269142150879e-01
9.924302697181701660e-01
9.920075535774230957e-01
9.986214637756347656e-01
9.700548648834228516e-01
9.652631878852844238e-01
9.882115721702575684e-01
9.980965852737426758e-01
9.946313500404357910e-01
9.966962933540344238e-01
9.955072402954101562e-01
9.947006106376647949e-01
9.946053624153137207e-01
9.925380945205688477e-01
9.960935115814208984e-01
9.994236826896667480e-01
9.862759113311767578e-01
9.828069806098937988e-01
9.996946454048156738e-01
9.978595376014709473e-01
9.923154711723327637e-01
9.978885054588317871e-01
9.936219453811645508e-01
9.910916686058044434e-01
9.973883032798767090e-01
9.975543618202209473e-01
9.960287809371948242e-01
9.960378408432006836e-01
9.791468381881713867e-01
9.940401315689086914e-01
9.941363930702209473e-01
9.957819581031799316e-01
9.957997202873229980e-01
9.941517710685729980e-01
9.959328174591064453e-01
9.979055523872375488e-01
9.738849997520446777e-01
9.956220388412475586e-01
9.936152100563049316e-01
9.957098960876464844e-01
9.998554587364196777e-01
9.952570796012878418e-01
9.964023232460021973e-01
9.959014058113098145e-01
9.964447021484375000e-01
9.912903308868408203e-01
9.972487092018127441e-01
9.940772056579589844e-01
9.958437085151672363e-01
9.947631955146789551e-01
9.870245456695556641e-01
9.895906448364257812e-01
9.957165718078613281e-01
9.887014031410217285e-01
9.985966086387634277e-01
9.997054934501647949e-01
9.686762690544128418e-01
9.936300516128540039e-01
9.999476671218872070e-01
9.907251000404357910e-01
9.883712530136108398e-01
9.932362437248229980e-01
9.931285381317138672e-01
9.847273826599121094e-01
9.948557019233703613e-01
9.941351413726806641e-01
9.959041476249694824e-01
9.983639717102050781e-01
9.943637251853942871e-01
9.892766475677490234e-01
9.866595268249511719e-01
9.876893758773803711e-01
9.982745647430419922e-01
9.746266603469848633e-01
9.960753321647644043e-01
9.960053563117980957e-01
9.845299720764160156e-01
9.979911446571350098e-01
9.975453615188598633e-01
9.776129722595214844e-01
9.850639700889587402e-01
9.667546153068542480e-01
9.983200430870056152e-01
9.996514320373535156e-01
9.821802973747253418e-01
9.966935515403747559e-01
9.813774824142456055e-01
9.926007986068725586e-01
9.975827932357788086e-01
9.883744120597839355e-01
9.945709109306335449e-01
9.866922497749328613e-01
9.963738918304443359e-01
9.915364980697631836e-01
9.959050416946411133e-01
9.894810318946838379e-01
9.967418313026428223e-01
9.961907863616943359e-01
9.918577075004577637e-01
9.950088858604431152e-01
9.928479790687561035e-01
9.932494163513183594e-01
9.958389997482299805e-01
9.976251721382141113e-01
9.789117574691772461e-01
9.938430190086364746e-01
9.894123077392578125e-01
9.969831109046936035e-01
9.949050545692443848e-01
9.972234964370727539e-01
9.937433004379272461e-01
9.958626627922058105e-01
9.983732104301452637e-01
9.808965921401977539e-01
9.949159026145935059e-01
9.543797373771667480e-01
9.945793747901916504e-01
9.587322473526000977e-01
9.951115846633911133e-01
9.923481941223144531e-01
9.863818883895874023e-01
9.954205155372619629e-01
9.987775683403015137e-01
9.765773415565490723e-01
9.920094609260559082e-01
9.899934530258178711e-01
9.969802498817443848e-01
9.690002202987670898e-01
9.861596822738647461e-01
9.906281232833862305e-01
9.938561320304870605e-01
9.821560978889465332e-01
9.999315142631530762e-01
9.795886278152465820e-01
9.890348315238952637e-01
9.947724342346191406e-01
9.966842532157897949e-01
9.956521391868591309e-01
9.938319325447082520e-01
9.952053427696228027e-01
9.968422651290893555e-01
9.953264594078063965e-01
9.973868727684020996e-01
9.993422031402587891e-01
9.998505711555480957e-01
9.930677413940429688e-01
9.872701168060302734e-01
9.860379695892333984e-01
9.916744232177734375e-01
9.972113370895385742e-01
9.938197135925292969e-01
9.977257251739501953e-01
9.952402114868164062e-01
9.898157119750976562e-01
9.933185577392578125e-01
9.707989096641540527e-01
9.911277890205383301e-01
9.994129538536071777e-01
9.873408675193786621e-01
9.929667711257934570e-01
9.926503896713256836e-01
9.949383735656738281e-01
9.969575405120849609e-01
9.951844811439514160e-01
9.793202877044677734e-01
9.947674274444580078e-01
9.815769791603088379e-01
9.970433712005615234e-01
9.498772025108337402e-01
9.998294711112976074e-01
9.947820305824279785e-01
9.905887246131896973e-01
9.978387951850891113e-01
9.939584136009216309e-01
9.982191324234008789e-01
9.905582666397094727e-01
9.952397942543029785e-01
9.923700690269470215e-01
9.975666403770446777e-01
9.977788329124450684e-01
9.948613643646240234e-01
9.905492067337036133e-01
9.917033910751342773e-01
9.940360188484191895e-01
9.997598528861999512e-01
9.931861758232116699e-01
9.970232844352722168e-01
9.922573566436767578e-01
9.891093969345092773e-01
9.989004731178283691e-01
9.892910718917846680e-01
9.966565966606140137e-01
9.949288368225097656e-01
9.990822672843933105e-01
9.411832690238952637e-01
9.981492757797241211e-01
9.919332265853881836e-01
9.987497329711914062e-01
9.958909749984741211e-01
9.849328994750976562e-01
9.913516044616699219e-01
9.929201006889343262e-01
9.952155351638793945e-01
9.924885630607604980e-01
9.923527836799621582e-01
9.973433613777160645e-01
9.964686036109924316e-01
9.936533570289611816e-01
9.869614243507385254e-01
9.979550242424011230e-01
9.942296147346496582e-01
9.723227024078369141e-01
9.980738759040832520e-01
9.861283898353576660e-01
9.988762140274047852e-01
9.871029257774353027e-01
9.952824115753173828e-01
9.973896145820617676e-01
9.911304116249084473e-01
9.968552589416503906e-01
9.986403584480285645e-01
9.986652135848999023e-01
9.762098789215087891e-01
9.975097179412841797e-01
9.960317611694335938e-01
9.978880882263183594e-01
9.877808690071105957e-01
9.883276224136352539e-01
9.975736737251281738e-01
9.937685728073120117e-01
9.891154170036315918e-01
9.880142211914062500e-01
9.954533576965332031e-01
9.958136081695556641e-01
9.906142354011535645e-01
9.987795352935791016e-01
9.881684780120849609e-01
9.916825890541076660e-01
9.941453337669372559e-01
9.967209100723266602e-01
9.601150751113891602e-01
9.976655244827270508e-01
9.928839206695556641e-01
9.997493028640747070e-01
9.975415468215942383e-01
9.946695566177368164e-01
9.977128505706787109e-01
9.893318414688110352e-01
9.963378310203552246e-01
9.996640682220458984e-01
9.983224272727966309e-01
9.985855817794799805e-01
9.973827600479125977e-01
9.862740039825439453e-01
9.959205389022827148e-01
9.955497384071350098e-01
9.979740381240844727e-01
9.946005344390869141e-01
9.905629158020019531e-01
9.852750897407531738e-01
9.907348155975341797e-01
9.863132238388061523e-01
9.953325390815734863e-01
9.987735748291015625e-01
9.686440825462341309e-01
9.981814026832580566e-01
9.971057772636413574e-01
9.979163408279418945e-01
9.985882639884948730e-01
9.996367096900939941e-01
9.958236813545227051e-01
9.956377744674682617e-01
9.950848221778869629e-01
9.971771240234375000e-01
9.984612464904785156e-01
9.897965192794799805e-01
9.986727833747863770e-01
9.970802664756774902e-01
9.968097209930419922e-01
9.903227686882019043e-01
9.828161597251892090e-01
9.986329078674316406e-01
9.455000162124633789e-01
9.988492131233215332e-01
9.938585162162780762e-01
9.973915815353393555e-01
9.913306236267089844e-01
9.969132542610168457e-01
9.948118925094604492e-01
9.980741739273071289e-01
9.948362708091735840e-01
9.983417391777038574e-01
9.956074357032775879e-01
9.972540140151977539e-01
9.906116724014282227e-01
9.942080378532409668e-01
9.994754791259765625e-01
9.954556226730346680e-01
9.923586845397949219e-01
9.980022311210632324e-01
9.939438104629516602e-01
9.980870485305786133e-01
9.978619813919067383e-01
9.992626309394836426e-01
9.945902824401855469e-01
9.802350997924804688e-01
9.917758703231811523e-01
9.975584149360656738e-01
9.984366297721862793e-01
9.920313358306884766e-01
9.978241324424743652e-01
9.826968908309936523e-01
9.797704219818115234e-01
9.941292405128479004e-01
9.947682023048400879e-01
9.966529607772827148e-01
9.919555187225341797e-01
9.978330731391906738e-01
9.949904084205627441e-01
9.962930083274841309e-01
9.948838353157043457e-01
9.929456114768981934e-01
9.921968579292297363e-01
9.973545670509338379e-01
9.903739094734191895e-01
9.967403411865234375e-01
9.917593002319335938e-01
9.961900711059570312e-01
9.951946139335632324e-01
9.976449012756347656e-01
9.960498809814453125e-01
9.598287343978881836e-01
9.948871731758117676e-01
9.935693740844726562e-01
9.998542070388793945e-01
9.833200573921203613e-01
9.857897162437438965e-01
9.985439181327819824e-01
9.949170947074890137e-01
9.939264059066772461e-01
9.963241219520568848e-01
9.523209333419799805e-01
9.999364614486694336e-01
9.914242029190063477e-01
9.974209070205688477e-01
9.975099563598632812e-01
9.963256716728210449e-01
9.768244028091430664e-01
9.838818311691284180e-01
9.911165237426757812e-01
9.879015684127807617e-01
9.981282949447631836e-01
9.983204007148742676e-01
9.830979704856872559e-01
9.995118379592895508e-01
9.973700642585754395e-01
9.940930008888244629e-01
9.642847180366516113e-01
9.901952147483825684e-01
9.691480398178100586e-01
9.955490231513977051e-01
9.903441071510314941e-01
9.987099170684814453e-01
9.973367452621459961e-01
9.990679025650024414e-01
9.854730367660522461e-01
9.940720796585083008e-01
9.855772852897644043e-01
9.916325807571411133e-01
9.795161485671997070e-01
9.935139417648315430e-01
9.937468171119689941e-01
9.904863834381103516e-01
9.989786148071289062e-01
9.939422607421875000e-01
9.860758185386657715e-01
9.973299503326416016e-01
9.980461597442626953e-01
9.962936043739318848e-01
9.926395416259765625e-01
9.935978651046752930e-01
9.937703013420104980e-01
9.928403496742248535e-01
9.925056695938110352e-01
9.994115233421325684e-01
9.980269074440002441e-01
9.931866526603698730e-01
9.997145533561706543e-01
9.973201751708984375e-01
9.975812435150146484e-01
9.965944290161132812e-01
9.939293265342712402e-01
9.960576891899108887e-01
9.961502552032470703e-01
9.809957146644592285e-01
9.932194352149963379e-01
9.963036775588989258e-01
9.968438744544982910e-01
9.982715249061584473e-01
9.926727414131164551e-01
9.955900907516479492e-01
9.901739358901977539e-01
9.972350001335144043e-01
9.987005591392517090e-01
9.949008822441101074e-01
9.956813454627990723e-01
9.990533590316772461e-01
9.939396381378173828e-01
9.961057901382446289e-01
9.988042116165161133e-01
9.973533153533935547e-01
9.963692426681518555e-01
9.852069020271301270e-01
9.981900453567504883e-01
9.847750663757324219e-01
9.975422620773315430e-01
9.802623987197875977e-01
9.985809326171875000e-01
9.983327388763427734e-01
9.985296726226806641e-01
9.939177632331848145e-01
9.654893279075622559e-01
9.871341586112976074e-01
9.899352788925170898e-01
9.932196140289306641e-01
9.984790682792663574e-01
9.973717331886291504e-01
9.799954295158386230e-01
9.722144603729248047e-01
9.758120179176330566e-01
9.922273159027099609e-01
9.955824613571166992e-01
9.969895482063293457e-01
9.989022612571716309e-01
9.970193505287170410e-01
9.991992712020874023e-01
9.961858987808227539e-01
9.996027350425720215e-01
9.979393482208251953e-01
9.983263611793518066e-01
9.974945187568664551e-01
9.979614019393920898e-01
9.948285818099975586e-01
9.946391582489013672e-01
9.805055260658264160e-01
9.962572455406188965e-01
9.958878159523010254e-01
9.967362880706787109e-01
9.985119700431823730e-01
9.985482692718505859e-01
9.941087365150451660e-01
9.902272224426269531e-01
9.983152151107788086e-01
9.954913854598999023e-01
9.998724460601806641e-01
9.954528212547302246e-01
9.780740737915039062e-01
9.969556927680969238e-01
9.605598449707031250e-01
9.903757572174072266e-01
9.997797608375549316e-01
9.847717285156250000e-01
9.981597661972045898e-01
9.942606091499328613e-01
9.960847496986389160e-01
9.931141138076782227e-01
9.919725656509399414e-01
9.944707155227661133e-01
9.987813234329223633e-01
9.963953495025634766e-01
9.980799555778503418e-01
9.261919856071472168e-01
9.739249944686889648e-01
9.908987879753112793e-01
9.980419874191284180e-01
9.945616126060485840e-01
9.930961728096008301e-01
9.981977343559265137e-01
9.907628297805786133e-01
9.808091521263122559e-01
9.805046319961547852e-01
9.957081079483032227e-01
9.966274499893188477e-01
9.998773932456970215e-01
9.972610473632812500e-01
9.911713004112243652e-01
9.587051272392272949e-01
9.886004924774169922e-01
9.920011162757873535e-01
9.926383495330810547e-01
9.963607192039489746e-01
9.971898198127746582e-01
9.989284276962280273e-01
9.924812912940979004e-01
9.866917133331298828e-01
9.982243776321411133e-01
9.889747500419616699e-01
9.954759478569030762e-01
9.924901127815246582e-01
9.980894923210144043e-01
9.986972212791442871e-01
7.782098650932312012e-01
9.931626319885253906e-01
9.968124628067016602e-01
9.994527697563171387e-01
9.937400221824645996e-01
9.998468160629272461e-01
9.973660707473754883e-01
9.932261109352111816e-01
9.787270426750183105e-01
9.969704151153564453e-01
9.925732612609863281e-01
9.932503104209899902e-01
9.967769980430603027e-01
9.979405999183654785e-01
9.910122752189636230e-01
9.986155629158020020e-01
9.953854680061340332e-01
9.988165497779846191e-01
9.994893670082092285e-01
9.991293549537658691e-01
9.949300885200500488e-01
9.921935200691223145e-01
9.957516789436340332e-01
9.955235123634338379e-01
9.916789531707763672e-01
9.983385801315307617e-01
9.980192184448242188e-01
9.923833012580871582e-01
9.856417775154113770e-01
9.982718825340270996e-01
9.963800907135009766e-01
9.984585642814636230e-01
9.879633188247680664e-01
9.893414378166198730e-01
9.948880076408386230e-01
9.965602755546569824e-01
9.858018159866333008e-01
9.982113242149353027e-01
9.892459511756896973e-01
9.984026551246643066e-01
9.991090297698974609e-01
4.812733530998229980e-01
9.970712661743164062e-01
9.986696243286132812e-01
9.712787270545959473e-01
9.932037591934204102e-01
9.821929335594177246e-01
9.969316720962524414e-01
9.940462112426757812e-01
9.888551235198974609e-01
9.965097308158874512e-01
9.982016682624816895e-01
