9.946339130401611328e-01
9.987395405769348145e-01
9.943159818649291992e-01
9.968766570091247559e-01
9.800294041633605957e-01
9.927985072135925293e-01
9.997265934944152832e-01
9.989438652992248535e-01
9.986019730567932129e-01
9.980314373970031738e-01
9.999892711639404297e-01
9.953978657722473145e-01
9.993821978569030762e-01
9.836158752441406250e-01
9.890461564064025879e-01
9.990813136100769043e-01
9.955774545669555664e-01
9.982554912567138672e-01
9.978904724121093750e-01
9.954394698143005371e-01
9.958160519599914551e-01
9.963025450706481934e-01
9.991570115089416504e-01
9.973996877670288086e-01
9.988288283348083496e-01
9.981350302696228027e-01
9.997705221176147461e-01
9.961269497871398926e-01
9.969375133514404297e-01
9.909062385559082031e-01
9.989717006683349609e-01
9.823195934295654297e-01
9.915814995765686035e-01
9.960724711418151855e-01
9.978142380714416504e-01
9.945651888847351074e-01
9.990296959877014160e-01
9.985843896865844727e-01
9.983939528465270996e-01
9.979107975959777832e-01
9.992802739143371582e-01
9.962144494056701660e-01
9.996253848075866699e-01
9.902101755142211914e-01
9.971751570701599121e-01
9.976981878280639648e-01
9.985518455505371094e-01
9.988149404525756836e-01
9.985535144805908203e-01
9.966199398040771484e-01
9.992990493774414062e-01
9.993322491645812988e-01
9.893516302108764648e-01
9.977518320083618164e-01
9.954183101654052734e-01
9.991675615310668945e-01
9.985925555229187012e-01
9.978054761886596680e-01
9.932910799980163574e-01
9.999420046806335449e-01
9.756499528884887695e-01
9.372987747192382812e-01
9.985147714614868164e-01
9.992837905883789062e-01
9.926140308380126953e-01
9.967761635780334473e-01
9.990087747573852539e-01
9.844284057617187500e-01
9.986044168472290039e-01
9.985415935516357422e-01
9.912367463111877441e-01
9.989929199218750000e-01
9.980991482734680176e-01
9.939834475517272949e-01
9.847229123115539551e-01
9.975445270538330078e-01
9.984675645828247070e-01
9.955395460128784180e-01
9.974548816680908203e-01
9.957792162895202637e-01
9.983026385307312012e-01
9.965111613273620605e-01
9.988291859626770020e-01
9.991273880004882812e-01
9.826455116271972656e-01
9.957239031791687012e-01
9.944791197776794434e-01
9.990026950836181641e-01
9.914689660072326660e-01
9.998369812965393066e-01
9.948378205299377441e-01
9.940152764320373535e-01
9.995930194854736328e-01
9.958876371383666992e-01
9.952324628829956055e-01
9.993538260459899902e-01
9.947456717491149902e-01
9.952965974807739258e-01
9.982692599296569824e-01
9.950832128524780273e-01
9.973360896110534668e-01
9.968222379684448242e-01
9.987913966178894043e-01
9.966019988059997559e-01
9.989987015724182129e-01
9.970906972885131836e-01
9.992772340774536133e-01
9.933605194091796875e-01
9.990515112876892090e-01
9.978818297386169434e-01
9.983850717544555664e-01
9.941417574882507324e-01
9.917493462562561035e-01
9.987077116966247559e-01
9.988664984703063965e-01
9.984538555145263672e-01
9.947301149368286133e-01
9.966596961021423340e-01
9.961797595024108887e-01
9.970371723175048828e-01
9.993155598640441895e-01
9.969729185104370117e-01
9.978323578834533691e-01
9.948547482490539551e-01
9.947078227996826172e-01
9.952666759490966797e-01
9.989618659019470215e-01
9.991959333419799805e-01
9.995307922363281250e-01
9.926060438156127930e-01
9.988585114479064941e-01
9.991141557693481445e-01
9.705309867858886719e-01
9.963548779487609863e-01
9.937152862548828125e-01
9.936758279800415039e-01
9.987584948539733887e-01
9.963333606719970703e-01
9.992401003837585449e-01
9.966722726821899414e-01
9.990774393081665039e-01
9.955837726593017578e-01
9.757965803146362305e-01
9.978322982788085938e-01
9.970957040786743164e-01
9.992545843124389648e-01
9.985650777816772461e-01
9.965854883193969727e-01
9.981972575187683105e-01
9.925715327262878418e-01
9.989450573921203613e-01
9.963842630386352539e-01
9.985133409500122070e-01
9.948821663856506348e-01
9.989737868309020996e-01
9.825454354286193848e-01
9.977952837944030762e-01
9.985888004302978516e-01
9.591859579086303711e-01
9.992199540138244629e-01
9.816856980323791504e-01
9.957357048988342285e-01
9.986689686775207520e-01
9.991157054901123047e-01
9.982055425643920898e-01
9.993692040443420410e-01
9.934559464454650879e-01
9.991287589073181152e-01
9.988227486610412598e-01
9.970395565032958984e-01
9.977959990501403809e-01
9.831817150115966797e-01
9.992719888687133789e-01
9.913932681083679199e-01
9.965100288391113281e-01
9.931366443634033203e-01
9.970532655715942383e-01
9.951525926589965820e-01
9.990530610084533691e-01
9.987022280693054199e-01
9.972643256187438965e-01
9.967660903930664062e-01
9.989609718322753906e-01
9.994169473648071289e-01
9.988752603530883789e-01
9.966530799865722656e-01
9.982728958129882812e-01
9.991015791893005371e-01
9.990740418434143066e-01
9.993655681610107422e-01
9.916107654571533203e-01
9.983115196228027344e-01
9.983414411544799805e-01
9.976462125778198242e-01
9.861022830009460449e-01
9.972948431968688965e-01
9.991610050201416016e-01
9.973813295364379883e-01
9.988864660263061523e-01
9.844210147857666016e-01
9.971750974655151367e-01
9.980278015136718750e-01
9.917048215866088867e-01
9.947277307510375977e-01
9.952542781829833984e-01
9.991810321807861328e-01
9.986425042152404785e-01
9.947479367256164551e-01
9.943585395812988281e-01
9.990124106407165527e-01
9.907966852188110352e-01
9.932414889335632324e-01
9.868427515029907227e-01
9.992318749427795410e-01
9.981310963630676270e-01
9.955521225929260254e-01
9.981084465980529785e-01
9.985371828079223633e-01
9.823676347732543945e-01
9.965265393257141113e-01
9.984030127525329590e-01
9.998524785041809082e-01
9.993909597396850586e-01
9.993087649345397949e-01
9.992592930793762207e-01
9.922386407852172852e-01
9.968944787979125977e-01
9.916945695877075195e-01
9.989214539527893066e-01
9.940480589866638184e-01
9.989881515502929688e-01
9.983258247375488281e-01
9.961978197097778320e-01
9.950742721557617188e-01
9.985300898551940918e-01
9.950034022331237793e-01
9.991885423660278320e-01
9.995995759963989258e-01
9.934635162353515625e-01
9.980093836784362793e-01
9.997230768203735352e-01
9.891507029533386230e-01
9.988096952438354492e-01
9.847233295440673828e-01
9.958004355430603027e-01
9.991334676742553711e-01
9.973564147949218750e-01
9.900861978530883789e-01
9.992433786392211914e-01
9.985753893852233887e-01
9.953827857971191406e-01
9.943761825561523438e-01
9.998736977577209473e-01
9.915499687194824219e-01
9.988574981689453125e-01
9.986363053321838379e-01
9.959794282913208008e-01
9.981239438056945801e-01
9.990472197532653809e-01
9.999394416809082031e-01
9.993259906768798828e-01
9.941384792327880859e-01
9.993312954902648926e-01
9.974256753921508789e-01
9.932098388671875000e-01
9.971177577972412109e-01
9.982060194015502930e-01
9.778676033020019531e-01
9.990720748901367188e-01
9.987234473228454590e-01
9.924204349517822266e-01
9.913160204887390137e-01
9.990764260292053223e-01
9.921362996101379395e-01
9.948661327362060547e-01
9.985244274139404297e-01
9.964284300804138184e-01
9.982200264930725098e-01
9.984475374221801758e-01
9.986624121665954590e-01
9.950799345970153809e-01
9.991832971572875977e-01
9.932842850685119629e-01
9.969155192375183105e-01
9.986119866371154785e-01
9.994384646415710449e-01
9.976021051406860352e-01
9.991937279701232910e-01
9.978787302970886230e-01
9.923161864280700684e-01
9.958801865577697754e-01
9.983915686607360840e-01
9.893352389335632324e-01
9.977222084999084473e-01
9.968504905700683594e-01
9.957270622253417969e-01
9.939442276954650879e-01
9.991943240165710449e-01
9.999359250068664551e-01
9.971002936363220215e-01
9.994370937347412109e-01
9.994596838951110840e-01
9.983208179473876953e-01
9.987789392471313477e-01
9.977866411209106445e-01
9.984277486801147461e-01
9.527053833007812500e-01
9.978699088096618652e-01
9.989754557609558105e-01
9.978635907173156738e-01
9.885503649711608887e-01
9.963141679763793945e-01
9.968677163124084473e-01
9.963571429252624512e-01
9.936671257019042969e-01
9.969914555549621582e-01
9.986678361892700195e-01
9.982721209526062012e-01
9.989638924598693848e-01
9.990006089210510254e-01
9.744066596031188965e-01
9.877246618270874023e-01
9.981172680854797363e-01
9.984390735626220703e-01
9.942668676376342773e-01
9.937068819999694824e-01
9.991978406906127930e-01
9.941284656524658203e-01
9.930216670036315918e-01
9.988890290260314941e-01
9.976906180381774902e-01
9.943320155143737793e-01
9.976761341094970703e-01
9.990177750587463379e-01
9.995627403259277344e-01
9.981111884117126465e-01
9.976556897163391113e-01
9.987045526504516602e-01
9.917544722557067871e-01
9.847016930580139160e-01
9.974883198738098145e-01
9.979684352874755859e-01
9.997870326042175293e-01
9.979729652404785156e-01
9.992697238922119141e-01
9.968986511230468750e-01
9.995906352996826172e-01
9.982498288154602051e-01
9.994623661041259766e-01
9.993110299110412598e-01
9.977067112922668457e-01
9.948308467864990234e-01
9.958431720733642578e-01
9.954272508621215820e-01
9.988448619842529297e-01
9.906610250473022461e-01
9.957739114761352539e-01
9.990823268890380859e-01
9.967474937438964844e-01
9.988852739334106445e-01
9.933329820632934570e-01
9.978110790252685547e-01
9.933288693428039551e-01
9.946708679199218750e-01
9.990161657333374023e-01
9.976525306701660156e-01
9.999750256538391113e-01
9.971382021903991699e-01
9.995252490043640137e-01
9.926082491874694824e-01
9.975968599319458008e-01
9.996434450149536133e-01
9.970089793205261230e-01
9.944125413894653320e-01
9.985228776931762695e-01
9.850620627403259277e-01
9.998396635055541992e-01
9.919945597648620605e-01
9.973012804985046387e-01
9.957780838012695312e-01
9.956981539726257324e-01
9.984909296035766602e-01
9.794112443923950195e-01
9.981053471565246582e-01
9.956614375114440918e-01
9.985488057136535645e-01
9.974275231361389160e-01
9.964649081230163574e-01
9.941542744636535645e-01
9.957676529884338379e-01
9.996377229690551758e-01
9.991790056228637695e-01
9.948956370353698730e-01
9.889363646507263184e-01
9.992256760597229004e-01
9.975206851959228516e-01
9.964493513107299805e-01
9.960324764251708984e-01
9.990008473396301270e-01
9.962691664695739746e-01
9.999178051948547363e-01
9.846674799919128418e-01
9.991569519042968750e-01
9.992004632949829102e-01
9.982094168663024902e-01
9.968603253364562988e-01
9.981568455696105957e-01
9.984779953956604004e-01
9.958003163337707520e-01
9.971216320991516113e-01
9.935360550880432129e-01
9.956713914871215820e-01
9.985527992248535156e-01
9.981287717819213867e-01
9.961794614791870117e-01
9.986843466758728027e-01
9.952055811882019043e-01
9.973344206809997559e-01
9.999843239784240723e-01
9.990858435630798340e-01
9.989700913429260254e-01
9.994478225708007812e-01
9.992751479148864746e-01
9.990195035934448242e-01
9.966319799423217773e-01
9.992460012435913086e-01
9.907322525978088379e-01
9.992538094520568848e-01
9.997544288635253906e-01
9.970458745956420898e-01
9.978625774383544922e-01
9.916873574256896973e-01
9.986929297447204590e-01
9.971929192543029785e-01
9.975820183753967285e-01
9.710718393325805664e-01
9.993764162063598633e-01
9.959511160850524902e-01
9.871793985366821289e-01
9.952292442321777344e-01
9.943824410438537598e-01
9.961822628974914551e-01
9.985592961311340332e-01
9.983822107315063477e-01
9.991501569747924805e-01
9.942753911018371582e-01
9.949188232421875000e-01
9.991118907928466797e-01
9.987999200820922852e-01
9.986046552658081055e-01
9.990863800048828125e-01
9.993319511413574219e-01
9.975339174270629883e-01
9.966005086898803711e-01
9.973347187042236328e-01
9.971488714218139648e-01
9.961009621620178223e-01
9.992685317993164062e-01
9.985668063163757324e-01
9.868877530097961426e-01
9.944134950637817383e-01
9.961857199668884277e-01
9.995423555374145508e-01
9.982292652130126953e-01
9.995253086090087891e-01
9.943165183067321777e-01
9.992215633392333984e-01
9.930713772773742676e-01
9.999269843101501465e-01
9.995332360267639160e-01
9.985390901565551758e-01
9.987532496452331543e-01
9.993246197700500488e-01
9.978896379470825195e-01
9.961027503013610840e-01
9.963124990463256836e-01
9.986900687217712402e-01
9.939332008361816406e-01
9.990447163581848145e-01
9.986391663551330566e-01
9.994300603866577148e-01
9.992283582687377930e-01
9.969862699508666992e-01
9.950484037399291992e-01
9.952934384346008301e-01
9.964356422424316406e-01
9.964190721511840820e-01
9.968245625495910645e-01
9.992681145668029785e-01
9.961565136909484863e-01
9.953259825706481934e-01
9.988045096397399902e-01
9.984005689620971680e-01
9.990637302398681641e-01
9.783695936203002930e-01
9.983475804328918457e-01
9.959999322891235352e-01
9.971407651901245117e-01
9.958668351173400879e-01
9.990857243537902832e-01
9.955793619155883789e-01
9.903414249420166016e-01
9.987530112266540527e-01
9.958744645118713379e-01
9.983186721801757812e-01
9.978523850440979004e-01
9.935068488121032715e-01
9.989749193191528320e-01
9.715836048126220703e-01
9.969275593757629395e-01
9.908478856086730957e-01
9.981564283370971680e-01
9.964893460273742676e-01
9.992881417274475098e-01
9.921587705612182617e-01
9.556623101234436035e-01
9.976041913032531738e-01
9.897815585136413574e-01
9.958620667457580566e-01
9.894925355911254883e-01
9.969921112060546875e-01
9.993470907211303711e-01
9.964289069175720215e-01
9.824721813201904297e-01
9.974614977836608887e-01
9.964691996574401855e-01
9.976651668548583984e-01
9.974662661552429199e-01
9.974333643913269043e-01
9.992122054100036621e-01
9.925645589828491211e-01
9.984979629516601562e-01
9.927412867546081543e-01
9.982650876045227051e-01
9.990361332893371582e-01
9.983655810356140137e-01
9.980772137641906738e-01
9.978513121604919434e-01
9.948074221611022949e-01
9.995075464248657227e-01
9.972290992736816406e-01
9.994408488273620605e-01
9.952667951583862305e-01
9.967751502990722656e-01
9.958112239837646484e-01
9.942821264266967773e-01
9.989768862724304199e-01
9.970586299896240234e-01
9.968939423561096191e-01
9.993028044700622559e-01
9.990731477737426758e-01
9.891760945320129395e-01
9.973385334014892578e-01
9.992026090621948242e-01
9.891638755798339844e-01
9.955698251724243164e-01
9.991291761398315430e-01
9.991774559020996094e-01
9.978801608085632324e-01
9.941616654396057129e-01
9.972907900810241699e-01
9.976722002029418945e-01
9.979249835014343262e-01
9.991626739501953125e-01
9.967911839485168457e-01
9.990329742431640625e-01
9.995746016502380371e-01
9.982220530509948730e-01
9.960439801216125488e-01
9.900618195533752441e-01
9.920138120651245117e-01
9.992756843566894531e-01
9.973391294479370117e-01
9.998307824134826660e-01
9.978889822959899902e-01
9.979156851768493652e-01
9.965232014656066895e-01
9.990773797035217285e-01
9.976685643196105957e-01
9.990771412849426270e-01
9.951521754264831543e-01
9.973814487457275391e-01
9.985973834991455078e-01
9.971577525138854980e-01
9.999568462371826172e-01
9.918788075447082520e-01
9.991607069969177246e-01
9.819199442863464355e-01
9.819095134735107422e-01
9.895330071449279785e-01
9.993956089019775391e-01
9.999009370803833008e-01
9.988700151443481445e-01
9.991989135742187500e-01
9.923987388610839844e-01
9.845799207687377930e-01
9.976962208747863770e-01
9.968096613883972168e-01
9.958093166351318359e-01
9.989512562751770020e-01
9.988066554069519043e-01
9.984990954399108887e-01
9.954778552055358887e-01
9.955760836601257324e-01
9.962577223777770996e-01
9.852433800697326660e-01
9.951114654541015625e-01
9.904504418373107910e-01
9.990817308425903320e-01
9.917823672294616699e-01
9.949598908424377441e-01
9.939972758293151855e-01
9.951086044311523438e-01
9.986557960510253906e-01
9.995221495628356934e-01
9.819369912147521973e-01
9.850639104843139648e-01
9.990330338478088379e-01
9.887471795082092285e-01
9.915484786033630371e-01
9.980332255363464355e-01
9.922171831130981445e-01
9.973266720771789551e-01
9.973417520523071289e-01
9.982172846794128418e-01
9.978747963905334473e-01
9.937076568603515625e-01
9.988301992416381836e-01
9.959293007850646973e-01
9.984388947486877441e-01
9.975821971893310547e-01
9.996580481529235840e-01
9.820830821990966797e-01
9.916307330131530762e-01
9.972754716873168945e-01
9.943935871124267578e-01
9.957743287086486816e-01
9.991479516029357910e-01
9.991268515586853027e-01
9.985828995704650879e-01
9.976838231086730957e-01
9.983859658241271973e-01
9.909210205078125000e-01
9.973270893096923828e-01
9.996506571769714355e-01
9.954987764358520508e-01
9.905714988708496094e-01
9.921793341636657715e-01
9.969145655632019043e-01
9.931743144989013672e-01
9.910981059074401855e-01
9.951837062835693359e-01
9.883946180343627930e-01
9.983270764350891113e-01
9.978170394897460938e-01
9.937534332275390625e-01
9.832342863082885742e-01
9.983898401260375977e-01
9.987790584564208984e-01
9.991949796676635742e-01
9.904474616050720215e-01
9.965330958366394043e-01
9.934326410293579102e-01
9.967250823974609375e-01
9.985436201095581055e-01
9.979617595672607422e-01
9.982131123542785645e-01
9.950647950172424316e-01
9.983685612678527832e-01
9.940063357353210449e-01
9.997031092643737793e-01
9.990335106849670410e-01
9.989030361175537109e-01
9.984940290451049805e-01
9.913242459297180176e-01
9.961618781089782715e-01
9.893724322319030762e-01
9.985454678535461426e-01
9.963325262069702148e-01
9.988815784454345703e-01
9.984820485115051270e-01
9.909633994102478027e-01
9.960052371025085449e-01
9.993566870689392090e-01
9.999035596847534180e-01
9.933211207389831543e-01
9.998497366905212402e-01
9.918460249900817871e-01
9.919179081916809082e-01
9.997201561927795410e-01
9.934107065200805664e-01
9.986879825592041016e-01
9.935790896415710449e-01
9.923751354217529297e-01
9.981107711791992188e-01
9.896827936172485352e-01
9.987794160842895508e-01
9.997473359107971191e-01
9.914971590042114258e-01
9.955185055732727051e-01
9.943313598632812500e-01
9.929587244987487793e-01
9.999101758003234863e-01
9.993023872375488281e-01
9.889430403709411621e-01
9.988636970520019531e-01
9.988425374031066895e-01
9.935020804405212402e-01
9.962498545646667480e-01
9.961912035942077637e-01
9.991667270660400391e-01
9.876446127891540527e-01
9.793304800987243652e-01
9.995745420455932617e-01
9.841954708099365234e-01
9.988984465599060059e-01
9.990373253822326660e-01
9.998815655708312988e-01
9.989151954650878906e-01
9.979486465454101562e-01
9.909333586692810059e-01
9.909533858299255371e-01
9.948031306266784668e-01
9.994648098945617676e-01
9.957813620567321777e-01
9.970582723617553711e-01
9.987674355506896973e-01
9.897651076316833496e-01
9.976654052734375000e-01
9.959010481834411621e-01
9.965900778770446777e-01
9.939402937889099121e-01
9.947628974914550781e-01
9.984902739524841309e-01
9.988522529602050781e-01
9.991723299026489258e-01
9.930716753005981445e-01
9.975361824035644531e-01
9.968628883361816406e-01
9.986072182655334473e-01
9.960880279541015625e-01
9.931663274765014648e-01
9.978587031364440918e-01
9.925476312637329102e-01
9.982815980911254883e-01
9.978380799293518066e-01
9.991427659988403320e-01
9.896230697631835938e-01
9.973387718200683594e-01
9.978656768798828125e-01
9.973687529563903809e-01
9.993370771408081055e-01
9.920393824577331543e-01
9.972476959228515625e-01
9.977223277091979980e-01
9.986246824264526367e-01
9.903308153152465820e-01
9.953302145004272461e-01
9.963604807853698730e-01
9.976713657379150391e-01
9.990389943122863770e-01
9.890397191047668457e-01
9.729807972908020020e-01
9.910594820976257324e-01
9.987810850143432617e-01
9.966650605201721191e-01
9.986795186996459961e-01
9.980170726776123047e-01
9.971683025360107422e-01
9.966390132904052734e-01
9.986755251884460449e-01
9.989833235740661621e-01
9.983999729156494141e-01
9.927377104759216309e-01
9.953912496566772461e-01
9.990380406379699707e-01
9.986929893493652344e-01
9.944196343421936035e-01
9.985274076461791992e-01
9.999319911003112793e-01
9.991372823715209961e-01
9.979870319366455078e-01
9.992684125900268555e-01
9.956458806991577148e-01
9.971277117729187012e-01
9.935305714607238770e-01
9.959082603454589844e-01
9.958300590515136719e-01
9.973706007003784180e-01
9.951607584953308105e-01
9.952269196510314941e-01
9.958541989326477051e-01
9.996261000633239746e-01
9.937248826026916504e-01
9.976822137832641602e-01
9.981892108917236328e-01
9.974888563156127930e-01
9.986667633056640625e-01
9.969732761383056641e-01
9.973679184913635254e-01
9.717848896980285645e-01
9.989224076271057129e-01
9.975177049636840820e-01
9.989143610000610352e-01
9.977433681488037109e-01
9.983321428298950195e-01
9.986939430236816406e-01
9.987279772758483887e-01
9.948998093605041504e-01
9.975730180740356445e-01
9.932641386985778809e-01
9.966011643409729004e-01
9.991526007652282715e-01
9.823895096778869629e-01
9.975619316101074219e-01
9.999858140945434570e-01
9.933847784996032715e-01
9.951983094215393066e-01
9.958633780479431152e-01
9.962525963783264160e-01
9.912473559379577637e-01
9.923265576362609863e-01
9.954553246498107910e-01
9.948104023933410645e-01
9.993646144866943359e-01
9.973815083503723145e-01
9.923237562179565430e-01
9.951157569885253906e-01
9.959631562232971191e-01
9.991889595985412598e-01
9.968235492706298828e-01
9.988898634910583496e-01
9.985545277595520020e-01
9.921544194221496582e-01
9.967731833457946777e-01
9.956552386283874512e-01
9.838145971298217773e-01
9.944478869438171387e-01
9.893286228179931641e-01
9.994487166404724121e-01
9.999065995216369629e-01
9.958325624465942383e-01
9.965400695800781250e-01
9.977661967277526855e-01
9.978421926498413086e-01
9.968656897544860840e-01
9.918032288551330566e-01
9.984056949615478516e-01
9.988999366760253906e-01
9.983624219894409180e-01
9.978770613670349121e-01
9.972806572914123535e-01
9.897849559783935547e-01
9.975202083587646484e-01
9.972033500671386719e-01
9.904918670654296875e-01
9.987114071846008301e-01
9.982035160064697266e-01
9.965077042579650879e-01
9.977424144744873047e-01
9.984542131423950195e-01
9.969781637191772461e-01
9.947087168693542480e-01
9.924620985984802246e-01
9.984087944030761719e-01
9.936177134513854980e-01
9.985626339912414551e-01
9.961555600166320801e-01
9.980250000953674316e-01
9.966705441474914551e-01
9.910644292831420898e-01
9.997810721397399902e-01
9.792852997779846191e-01
9.901161193847656250e-01
9.655557274818420410e-01
9.966332316398620605e-01
9.945946931838989258e-01
9.911962151527404785e-01
9.981065392494201660e-01
9.985142946243286133e-01
9.836406707763671875e-01
9.928539991378784180e-01
9.952207803726196289e-01
9.981173872947692871e-01
9.839408397674560547e-01
9.944323301315307617e-01
9.887912273406982422e-01
9.954087138175964355e-01
9.894515872001647949e-01
9.999887943267822266e-01
9.932252168655395508e-01
9.957693219184875488e-01
9.975813627243041992e-01
9.987813234329223633e-01
9.981981515884399414e-01
9.970598220825195312e-01
9.969441294670104980e-01
9.983320832252502441e-01
9.970794320106506348e-01
9.843190908432006836e-01
9.988520741462707520e-01
9.998239874839782715e-01
9.947003722190856934e-01
9.884375333786010742e-01
9.918137788772583008e-01
9.944897294044494629e-01
9.988656640052795410e-01
9.954807758331298828e-01
9.992179870605468750e-01
9.988217353820800781e-01
9.992446899414062500e-01
9.961600899696350098e-01
9.939987063407897949e-01
9.929515719413757324e-01
9.999470114707946777e-01
9.941473603248596191e-01
9.990637898445129395e-01
9.952753782272338867e-01
9.962875247001647949e-01
9.981901049613952637e-01
9.973401427268981934e-01
9.845213294029235840e-01
9.973814487457275391e-01
9.909601211547851562e-01
9.979200959205627441e-01
9.849208593368530273e-01
9.997732043266296387e-01
9.964129924774169922e-01
9.943597316741943359e-01
9.987267851829528809e-01
9.987157583236694336e-01
9.996271133422851562e-01
9.944741725921630859e-01
9.977514147758483887e-01
9.976629614830017090e-01
9.986707568168640137e-01
9.994623064994812012e-01
9.987868666648864746e-01
9.952544569969177246e-01
9.975061416625976562e-01
9.966108798980712891e-01
9.994179606437683105e-01
9.988085627555847168e-01
9.982403516769409180e-01
9.951906800270080566e-01
9.996635317802429199e-01
9.988025426864624023e-01
9.861438274383544922e-01
9.974304437637329102e-01
9.975581169128417969e-01
9.990934729576110840e-01
9.933654069900512695e-01
9.903570413589477539e-01
9.945647716522216797e-01
9.995162487030029297e-01
9.986439347267150879e-01
9.957055449485778809e-01
9.946256875991821289e-01
9.957469105720520020e-01
9.973075985908508301e-01
9.947244524955749512e-01
9.967678785324096680e-01
9.986444711685180664e-01
9.976577162742614746e-01
9.971434473991394043e-01
9.942407011985778809e-01
9.987511038780212402e-01
9.961909651756286621e-01
9.750450253486633301e-01
9.989446401596069336e-01
9.926961064338684082e-01
9.984959959983825684e-01
9.922576546669006348e-01
9.972383379936218262e-01
9.983191490173339844e-01
9.943075776100158691e-01
9.968190789222717285e-01
9.994326829910278320e-01
9.997153878211975098e-01
9.963564872741699219e-01
9.982441067695617676e-01
9.986044764518737793e-01
9.988024234771728516e-01
9.944823980331420898e-01
9.943553209304809570e-01
9.989749789237976074e-01
9.964665770530700684e-01
9.977538585662841797e-01
9.971853494644165039e-01
9.989507198333740234e-01
9.964121580123901367e-01
9.919362664222717285e-01
9.985479712486267090e-01
9.915201067924499512e-01
9.961814880371093750e-01
9.961717128753662109e-01
9.985799789428710938e-01
9.885494112968444824e-01
9.976655840873718262e-01
9.825511574745178223e-01
9.997009038925170898e-01
9.972853660583496094e-01
9.984008669853210449e-01
9.976119995117187500e-01
9.955362081527709961e-01
9.981002807617187500e-01
9.975202679634094238e-01
9.992333054542541504e-01
9.990841746330261230e-01
9.967294931411743164e-01
9.948113560676574707e-01
9.936491847038269043e-01
9.980364441871643066e-01
9.902477264404296875e-01
9.963705539703369141e-01
9.967613220214843750e-01
9.871112704277038574e-01
9.939123988151550293e-01
9.917949438095092773e-01
9.925919771194458008e-01
9.986988902091979980e-01
9.779912829399108887e-01
9.967353343963623047e-01
9.966381192207336426e-01
9.998502731323242188e-01
9.987691640853881836e-01
9.997565746307373047e-01
9.964420199394226074e-01
9.971342682838439941e-01
9.978246688842773438e-01
9.982025027275085449e-01
9.991958141326904297e-01
9.938917160034179688e-01
9.991177916526794434e-01
9.978956580162048340e-01
9.986842274665832520e-01
9.942465424537658691e-01
9.891547560691833496e-01
9.997705221176147461e-01
9.810107946395874023e-01
9.993467926979064941e-01
9.979440569877624512e-01
9.996831417083740234e-01
9.958628416061401367e-01
9.847560524940490723e-01
9.979778528213500977e-01
9.967435598373413086e-01
9.969397783279418945e-01
9.991596341133117676e-01
9.979307055473327637e-01
9.956280589103698730e-01
9.937070608139038086e-01
9.989550113677978516e-01
9.963836669921875000e-01
9.981297850608825684e-01
9.911613464355468750e-01
9.995908141136169434e-01
9.993371367454528809e-01
9.989730119705200195e-01
9.992886781692504883e-01
9.990233778953552246e-01
9.922233819961547852e-01
9.940949678421020508e-01
9.901249408721923828e-01
9.991567730903625488e-01
9.992203712463378906e-01
9.988259077072143555e-01
9.984030723571777344e-01
9.817103147506713867e-01
9.965620040893554688e-01
9.914368987083435059e-01
9.987061023712158203e-01
9.986934065818786621e-01
9.978119134902954102e-01
9.988374710083007812e-01
9.978103637695312500e-01
9.943965673446655273e-01
9.975473284721374512e-01
9.963268041610717773e-01
9.948513507843017578e-01
9.983174204826354980e-01
9.928913116455078125e-01
9.984707832336425781e-01
9.995051622390747070e-01
9.995708465576171875e-01
9.997462034225463867e-01
9.987050294876098633e-01
9.901469945907592773e-01
9.911474585533142090e-01
9.975323677062988281e-01
9.972741007804870605e-01
9.996784329414367676e-01
9.890258312225341797e-01
9.881772994995117188e-01
9.985837340354919434e-01
9.972230195999145508e-01
9.977149963378906250e-01
9.964958429336547852e-01
9.769217371940612793e-01
9.999476671218872070e-01
9.940006732940673828e-01
9.990588426589965820e-01
9.985750317573547363e-01
9.983230829238891602e-01
9.979389905929565430e-01
9.908961057662963867e-01
9.950972795486450195e-01
9.986095428466796875e-01
9.986001253128051758e-01
9.992244243621826172e-01
9.864441752433776855e-01
9.999186992645263672e-01
9.991260766983032227e-01
9.990432858467102051e-01
9.867136478424072266e-01
9.966929554939270020e-01
9.967539906501770020e-01
9.990320801734924316e-01
9.931852221488952637e-01
9.995458126068115234e-01
9.992160797119140625e-01
9.983589649200439453e-01
9.895697832107543945e-01
9.970728158950805664e-01
9.865276813507080078e-01
9.947187304496765137e-01
9.922928214073181152e-01
9.937289953231811523e-01
9.956140518188476562e-01
9.954230189323425293e-01
9.999267458915710449e-01
9.978873133659362793e-01
9.980291128158569336e-01
9.987163543701171875e-01
9.998953342437744141e-01
9.985605478286743164e-01
9.964507222175598145e-01
9.945999383926391602e-01
9.982055425643920898e-01
9.961748123168945312e-01
9.964016079902648926e-01
9.996364712715148926e-01
9.997402429580688477e-01
9.986577033996582031e-01
9.987278580665588379e-01
9.968700408935546875e-01
9.991199374198913574e-01
9.963123202323913574e-01
9.983049035072326660e-01
9.930433630943298340e-01
9.987019300460815430e-01
9.823435544967651367e-01
9.968610405921936035e-01
9.985235333442687988e-01
9.994331002235412598e-01
9.992064237594604492e-01
9.927348494529724121e-01
9.995145797729492188e-01
9.998310804367065430e-01
9.976241588592529297e-01
9.990130662918090820e-01
9.972823858261108398e-01
9.969378709793090820e-01
9.909146428108215332e-01
9.915840029716491699e-01
9.970966577529907227e-01
9.991895556449890137e-01
9.991886615753173828e-01
9.977475404739379883e-01
9.909167289733886719e-01
9.989688396453857422e-01
9.912490248680114746e-01
9.984884262084960938e-01
9.955389499664306641e-01
9.997092485427856445e-01
9.990765452384948730e-01
9.985296130180358887e-01
9.937155842781066895e-01
9.963779449462890625e-01
9.971919655799865723e-01
9.981222748756408691e-01
9.971585869789123535e-01
9.996327757835388184e-01
9.962386488914489746e-01
9.907544851303100586e-01
9.961863756179809570e-01
9.872546195983886719e-01
9.935937523841857910e-01
9.988879561424255371e-01
9.945749044418334961e-01
9.997418522834777832e-01
9.990481138229370117e-01
9.994106292724609375e-01
9.977878332138061523e-01
9.994812011718750000e-01
9.991431832313537598e-01
9.995777010917663574e-01
9.961438775062561035e-01
9.989181756973266602e-01
9.945327043533325195e-01
9.979552030563354492e-01
9.986543655395507812e-01
9.989531040191650391e-01
9.982625246047973633e-01
9.980446696281433105e-01
9.993903636932373047e-01
9.983500838279724121e-01
9.995548725128173828e-01
9.934678077697753906e-01
9.982453584671020508e-01
9.979594945907592773e-01
9.999148249626159668e-01
9.979677796363830566e-01
9.975050091743469238e-01
9.994222521781921387e-01
9.981063604354858398e-01
9.952406883239746094e-01
9.982815980911254883e-01
9.990432858467102051e-01
9.987902641296386719e-01
9.990068078041076660e-01
9.976143836975097656e-01
9.908383488655090332e-01
9.959912896156311035e-01
9.976089000701904297e-01
9.971539378166198730e-01
9.986633658409118652e-01
9.989334940910339355e-01
9.953451156616210938e-01
9.870516061782836914e-01
9.957687854766845703e-01
9.996035099029541016e-01
9.967916607856750488e-01
9.960847496986389160e-01
9.965926408767700195e-01
9.923174381256103516e-01
9.914276599884033203e-01
9.961815476417541504e-01
9.996636509895324707e-01
9.973554015159606934e-01
9.999192953109741211e-01
9.996510148048400879e-01
9.997004866600036621e-01
9.592097997665405273e-01
9.935096502304077148e-01
9.971358776092529297e-01
9.967911243438720703e-01
9.946554899215698242e-01
9.979420900344848633e-01
9.993684887886047363e-01
9.959162473678588867e-01
9.824715256690979004e-01
9.993274211883544922e-01
9.947227835655212402e-01
9.971430301666259766e-01
9.946451187133789062e-01
9.995926022529602051e-01
9.990680813789367676e-01
9.949656724929809570e-01
9.956307411193847656e-01
9.987683296203613281e-01
9.994397163391113281e-01
9.972083568572998047e-01
9.997087717056274414e-01
9.991085529327392578e-01
9.991825222969055176e-01
9.930321574211120605e-01
9.986911416053771973e-01
9.946096539497375488e-01
9.960043430328369141e-01
9.968110918998718262e-01
9.995942115783691406e-01
9.893442392349243164e-01
9.992390275001525879e-01
9.990412592887878418e-01
9.986762404441833496e-01
9.982061386108398438e-01
9.996150732040405273e-01
9.971250295639038086e-01
9.955305457115173340e-01
9.978620409965515137e-01
9.969160556793212891e-01
9.940143823623657227e-01
9.987943768501281738e-01
9.999865293502807617e-01
9.957610964775085449e-01
9.974876642227172852e-01
9.974175095558166504e-01
9.978198409080505371e-01
9.992740750312805176e-01
9.942040443420410156e-01
9.926865100860595703e-01
9.980201125144958496e-01
9.985461831092834473e-01
9.921956062316894531e-01
9.937987327575683594e-01
9.987273216247558594e-01
9.993786215782165527e-01
9.564245939254760742e-01
9.979227185249328613e-01
9.987348914146423340e-01
9.991220235824584961e-01
9.754194617271423340e-01
9.944562315940856934e-01
9.915407896041870117e-01
9.988092184066772461e-01
9.970791935920715332e-01
9.894530773162841797e-01
9.972792863845825195e-01
9.994096755981445312e-01
