9.851054549217224121e-01
9.979386925697326660e-01
9.865498542785644531e-01
9.881655573844909668e-01
9.775978922843933105e-01
9.917080998420715332e-01
9.985596537590026855e-01
9.923349022865295410e-01
9.992399811744689941e-01
9.965318441390991211e-01
9.992563128471374512e-01
9.973400831222534180e-01
9.972867369651794434e-01
9.872900247573852539e-01
9.807679653167724609e-01
9.973322153091430664e-01
9.927211403846740723e-01
9.959815740585327148e-01
9.948014020919799805e-01
9.789886474609375000e-01
9.863580465316772461e-01
9.914000630378723145e-01
9.987896680831909180e-01
9.941100478172302246e-01
9.971761107444763184e-01
9.968042373657226562e-01
9.995963573455810547e-01
9.836729168891906738e-01
9.930210113525390625e-01
9.810029268264770508e-01
9.944404959678649902e-01
9.855364561080932617e-01
9.797431826591491699e-01
9.780071973800659180e-01
9.948288798332214355e-01
9.902660250663757324e-01
9.959985017776489258e-01
9.951612353324890137e-01
9.954177141189575195e-01
9.857372641563415527e-01
9.981900453567504883e-01
9.748235940933227539e-01
9.989026784896850586e-01
9.828274250030517578e-01
9.919117689132690430e-01
9.894030690193176270e-01
9.986506104469299316e-01
9.966085553169250488e-01
9.912340641021728516e-01
9.841165542602539062e-01
9.992377161979675293e-01
9.987903237342834473e-01
9.796496033668518066e-01
9.956396222114562988e-01
9.929322600364685059e-01
9.980218410491943359e-01
9.995283484458923340e-01
9.985554218292236328e-01
9.941728115081787109e-01
9.990185499191284180e-01
9.870366454124450684e-01
9.302033782005310059e-01
9.957409501075744629e-01
9.990378618240356445e-01
8.647067546844482422e-01
9.954646229743957520e-01
9.968416690826416016e-01
9.829123616218566895e-01
9.952035546302795410e-01
9.968690276145935059e-01
9.936379790306091309e-01
9.990803003311157227e-01
9.961727261543273926e-01
9.896568655967712402e-01
9.797005653381347656e-01
9.948357343673706055e-01
9.975585937500000000e-01
9.944923520088195801e-01
9.922562241554260254e-01
9.884376525878906250e-01
9.963725805282592773e-01
9.755864739418029785e-01
9.990038871765136719e-01
9.984092712402343750e-01
9.914655685424804688e-01
9.494184255599975586e-01
9.850558042526245117e-01
9.970111846923828125e-01
9.849255084991455078e-01
9.995279908180236816e-01
9.920033812522888184e-01
9.931308627128601074e-01
9.943164587020874023e-01
9.968429207801818848e-01
9.966997504234313965e-01
9.995369911193847656e-01
9.901109337806701660e-01
9.916146397590637207e-01
9.908732771873474121e-01
9.983234405517578125e-01
9.971398711204528809e-01
9.935607314109802246e-01
9.973922967910766602e-01
9.912483692169189453e-01
9.974872469902038574e-01
9.948602318763732910e-01
9.981681108474731445e-01
9.818307161331176758e-01
9.963050484657287598e-01
9.933099150657653809e-01
9.984254837036132812e-01
9.902505278587341309e-01
9.722811579704284668e-01
9.980888962745666504e-01
9.953832030296325684e-01
9.991005659103393555e-01
9.940319657325744629e-01
9.963925480842590332e-01
9.984008669853210449e-01
9.971529245376586914e-01
9.974488019943237305e-01
9.969059228897094727e-01
9.805169701576232910e-01
9.903450012207031250e-01
9.796025156974792480e-01
9.853911995887756348e-01
9.971001148223876953e-01
9.981884956359863281e-01
9.991540908813476562e-01
9.881553649902343750e-01
9.925827980041503906e-01
9.973031878471374512e-01
9.499208331108093262e-01
9.928828477859497070e-01
9.893482923507690430e-01
9.782807230949401855e-01
9.956023097038269043e-01
9.923189282417297363e-01
9.973459243774414062e-01
9.918033480644226074e-01
9.975541830062866211e-01
9.984088540077209473e-01
9.709352850914001465e-01
9.958068728446960449e-01
9.942737221717834473e-01
9.977928996086120605e-01
9.991023540496826172e-01
9.952572584152221680e-01
9.957249760627746582e-01
9.888635873794555664e-01
9.977458715438842773e-01
9.928811192512512207e-01
9.970526695251464844e-01
9.895667433738708496e-01
9.943078160285949707e-01
8.207185268402099609e-01
9.705860614776611328e-01
9.973188042640686035e-01
6.870844960212707520e-01
9.811636209487915039e-01
9.809768199920654297e-01
9.873538613319396973e-01
9.938516020774841309e-01
9.987446665763854980e-01
9.935397505760192871e-01
9.984074831008911133e-01
9.981982707977294922e-01
9.946850538253784180e-01
9.915291070938110352e-01
9.928469657897949219e-01
9.859300255775451660e-01
9.787660837173461914e-01
9.987301826477050781e-01
9.958230853080749512e-01
9.848310947418212891e-01
9.889778494834899902e-01
9.907139539718627930e-01
9.921071529388427734e-01
9.930076003074645996e-01
9.975435137748718262e-01
9.903975725173950195e-01
9.954267144203186035e-01
9.951803684234619141e-01
9.974238872528076172e-01
9.966326951980590820e-01
9.981812834739685059e-01
9.967423081398010254e-01
9.962059855461120605e-01
9.963845610618591309e-01
9.983516335487365723e-01
9.842839837074279785e-01
9.954608082771301270e-01
9.979393482208251953e-01
9.959173798561096191e-01
9.925470948219299316e-01
9.956405162811279297e-01
9.981579184532165527e-01
9.793196916580200195e-01
9.946696162223815918e-01
9.724231958389282227e-01
9.876441955566406250e-01
9.889436364173889160e-01
9.891701936721801758e-01
9.952690601348876953e-01
9.909075498580932617e-01
9.979779124259948730e-01
9.952418208122253418e-01
9.865118861198425293e-01
9.966996312141418457e-01
9.963166713714599609e-01
9.851806163787841797e-01
9.901803731918334961e-01
9.931817650794982910e-01
9.980729222297668457e-01
9.990310668945312500e-01
9.880735874176025391e-01
9.969362616539001465e-01
9.991650581359863281e-01
9.704456329345703125e-01
9.943332672119140625e-01
9.959819912910461426e-01
9.994103312492370605e-01
9.985560178756713867e-01
9.973674416542053223e-01
9.975469112396240234e-01
9.831752777099609375e-01
9.917473196983337402e-01
9.909799695014953613e-01
9.982982873916625977e-01
9.863407015800476074e-01
9.970592856407165527e-01
9.902754426002502441e-01
9.842909574508666992e-01
9.909416437149047852e-01
9.964596033096313477e-01
9.978876709938049316e-01
9.974358081817626953e-01
9.959084987640380859e-01
9.773584604263305664e-01
9.931079745292663574e-01
9.993474483489990234e-01
9.931531548500061035e-01
9.972558021545410156e-01
9.911108016967773438e-01
9.946622252464294434e-01
9.977054595947265625e-01
9.931040406227111816e-01
9.505984187126159668e-01
9.873522520065307617e-01
9.965608716011047363e-01
9.771997332572937012e-01
9.918054938316345215e-01
9.982008934020996094e-01
9.973254203796386719e-01
9.988679885864257812e-01
9.967795610427856445e-01
9.979322552680969238e-01
9.937011003494262695e-01
9.959127902984619141e-01
9.976093173027038574e-01
9.987027645111083984e-01
9.976937174797058105e-01
9.981257319450378418e-01
9.988082051277160645e-01
9.938947558403015137e-01
9.840620756149291992e-01
9.906922578811645508e-01
9.945107102394104004e-01
9.614950418472290039e-01
9.936202168464660645e-01
9.970688819885253906e-01
9.952274560928344727e-01
8.834279179573059082e-01
9.982361793518066406e-01
9.951055049896240234e-01
9.922246932983398438e-01
9.973904490470886230e-01
9.934225082397460938e-01
9.984161853790283203e-01
9.972035884857177734e-01
9.885846376419067383e-01
9.944803118705749512e-01
9.978920817375183105e-01
9.847153425216674805e-01
9.942361712455749512e-01
9.944087266921997070e-01
9.975190162658691406e-01
9.889227747917175293e-01
9.970935583114624023e-01
9.979093670845031738e-01
9.988120794296264648e-01
9.831647276878356934e-01
9.963523149490356445e-01
9.841067790985107422e-01
9.943858981132507324e-01
9.957966804504394531e-01
9.898328185081481934e-01
9.929208755493164062e-01
9.941331148147583008e-01
9.995650053024291992e-01
9.959284663200378418e-01
9.907567501068115234e-01
9.995347857475280762e-01
9.912480115890502930e-01
9.970760345458984375e-01
9.967255592346191406e-01
9.931091070175170898e-01
9.260469079017639160e-01
9.798873066902160645e-01
9.971284270286560059e-01
9.962441325187683105e-01
9.903124570846557617e-01
9.952446222305297852e-01
9.903281927108764648e-01
9.941118359565734863e-01
9.952387213706970215e-01
9.934716820716857910e-01
9.902167916297912598e-01
9.969739317893981934e-01
9.983205199241638184e-01
9.976096749305725098e-01
9.754583239555358887e-01
9.706749916076660156e-01
9.953830242156982422e-01
9.880748987197875977e-01
9.832644462585449219e-01
6.896689534187316895e-01
9.980884194374084473e-01
9.499070048332214355e-01
9.887814521789550781e-01
9.957437515258789062e-01
9.958451390266418457e-01
9.880037307739257812e-01
7.887997627258300781e-01
9.966087937355041504e-01
9.992933273315429688e-01
9.949108362197875977e-01
9.858461618423461914e-01
9.588516950607299805e-01
9.878954887390136719e-01
9.696357846260070801e-01
9.949161410331726074e-01
9.961230754852294922e-01
9.986629486083984375e-01
9.948930144309997559e-01
9.995737671852111816e-01
9.894024729728698730e-01
9.987320303916931152e-01
9.925659298896789551e-01
9.981036782264709473e-01
9.974991083145141602e-01
9.928332567214965820e-01
9.946000576019287109e-01
9.911802411079406738e-01
9.913438558578491211e-01
9.995952844619750977e-01
9.805329442024230957e-01
9.931426644325256348e-01
9.987712502479553223e-01
9.824950098991394043e-01
9.967151284217834473e-01
9.929763674736022949e-01
9.921689629554748535e-01
9.937825798988342285e-01
9.874610304832458496e-01
9.977347254753112793e-01
9.868756532669067383e-01
9.988006949424743652e-01
9.876569509506225586e-01
9.977855682373046875e-01
9.937966465950012207e-01
9.902675151824951172e-01
9.975672364234924316e-01
9.309900403022766113e-01
9.872710704803466797e-01
9.956181049346923828e-01
9.855899214744567871e-01
9.990799427032470703e-01
9.794172644615173340e-01
9.971025586128234863e-01
9.877991676330566406e-01
9.826741218566894531e-01
9.962040781974792480e-01
9.798880219459533691e-01
9.935685992240905762e-01
9.892374873161315918e-01
9.959223866462707520e-01
9.933155775070190430e-01
9.953511357307434082e-01
9.839377403259277344e-01
9.929908514022827148e-01
9.988206624984741211e-01
9.992036223411560059e-01
9.970875382423400879e-01
9.904648661613464355e-01
9.974967837333679199e-01
9.902749657630920410e-01
9.930534958839416504e-01
9.943970441818237305e-01
9.975401759147644043e-01
9.852721691131591797e-01
9.993658661842346191e-01
9.896748065948486328e-01
9.975964426994323730e-01
9.970306158065795898e-01
9.914464354515075684e-01
9.928297996520996094e-01
9.919884204864501953e-01
9.985923171043395996e-01
9.948677420616149902e-01
9.948424100875854492e-01
9.892707467079162598e-01
9.831280708312988281e-01
9.962335824966430664e-01
9.938062429428100586e-01
9.960564374923706055e-01
9.878420233726501465e-01
9.924633502960205078e-01
9.950972795486450195e-01
9.995709657669067383e-01
9.986388683319091797e-01
9.931314587593078613e-01
9.944371581077575684e-01
9.970356225967407227e-01
9.944074749946594238e-01
9.984209537506103516e-01
9.966880679130554199e-01
9.866196513175964355e-01
9.977663159370422363e-01
9.991108179092407227e-01
9.893159866333007812e-01
9.954518079757690430e-01
9.727804064750671387e-01
9.956114292144775391e-01
9.978246092796325684e-01
9.777302742004394531e-01
9.982373118400573730e-01
9.885579347610473633e-01
9.872325658798217773e-01
9.937656521797180176e-01
9.467913508415222168e-01
9.926468729972839355e-01
9.959617853164672852e-01
9.954461455345153809e-01
9.980325102806091309e-01
9.883215427398681641e-01
9.947865605354309082e-01
9.980841279029846191e-01
9.962836503982543945e-01
9.971961975097656250e-01
9.972758889198303223e-01
9.996008276939392090e-01
9.945647120475769043e-01
9.957987070083618164e-01
9.955425858497619629e-01
9.931344389915466309e-01
9.854187965393066406e-01
9.971348643302917480e-01
9.843403100967407227e-01
9.894781708717346191e-01
9.808990359306335449e-01
9.930245280265808105e-01
9.986090660095214844e-01
9.922250509262084961e-01
9.970823526382446289e-01
9.926221966743469238e-01
9.946292638778686523e-01
9.859976768493652344e-01
9.986771345138549805e-01
9.897465705871582031e-01
9.960396289825439453e-01
9.979513287544250488e-01
9.992117285728454590e-01
9.947050809860229492e-01
9.887501597404479980e-01
9.961227178573608398e-01
9.784346818923950195e-01
9.777759313583374023e-01
9.957009553909301758e-01
9.943976402282714844e-01
9.987591505050659180e-01
9.971663355827331543e-01
9.972113370895385742e-01
9.902428984642028809e-01
9.874376058578491211e-01
9.958687424659729004e-01
9.929396510124206543e-01
9.935132861137390137e-01
9.840028882026672363e-01
9.862546324729919434e-01
9.894906282424926758e-01
9.973448514938354492e-01
9.911742210388183594e-01
9.979348778724670410e-01
9.813986420631408691e-01
9.960889220237731934e-01
9.903663992881774902e-01
9.955350160598754883e-01
9.895263910293579102e-01
9.883764386177062988e-01
9.927406907081604004e-01
9.811636805534362793e-01
9.930587410926818848e-01
9.924744963645935059e-01
9.975579380989074707e-01
9.917075037956237793e-01
9.928210377693176270e-01
9.964493513107299805e-01
9.502645730972290039e-01
7.049675583839416504e-01
9.614428281784057617e-01
9.943760633468627930e-01
9.902641773223876953e-01
9.977948665618896484e-01
9.745503067970275879e-01
9.509401917457580566e-01
9.961641430854797363e-01
9.852048754692077637e-01
9.931823015213012695e-01
9.662950634956359863e-01
7.492643594741821289e-01
9.973871111869812012e-01
9.969432950019836426e-01
9.108660817146301270e-01
9.957380890846252441e-01
9.953348636627197266e-01
9.939267039299011230e-01
9.977438449859619141e-01
9.940767884254455566e-01
9.892455339431762695e-01
9.013561606407165527e-01
9.845980405807495117e-01
9.867816567420959473e-01
9.872473478317260742e-01
9.977195262908935547e-01
9.971086382865905762e-01
9.963008761405944824e-01
9.948288798332214355e-01
9.864984154701232910e-01
9.963271617889404297e-01
9.966512918472290039e-01
9.985620379447937012e-01
9.933251738548278809e-01
9.928995966911315918e-01
9.732354283332824707e-01
9.961480498313903809e-01
9.914613366127014160e-01
9.985036849975585938e-01
9.980708360671997070e-01
9.979549646377563477e-01
9.948676228523254395e-01
9.745157361030578613e-01
9.936981201171875000e-01
9.983351826667785645e-01
9.849315881729125977e-01
9.987462162971496582e-01
9.986544847488403320e-01
9.953106641769409180e-01
9.932394027709960938e-01
9.964471459388732910e-01
9.943146109580993652e-01
9.774032235145568848e-01
9.961887001991271973e-01
9.976263046264648438e-01
9.937198162078857422e-01
9.859008789062500000e-01
9.890756607055664062e-01
9.949371218681335449e-01
9.932270050048828125e-01
9.815947413444519043e-01
9.853267669677734375e-01
9.942423105239868164e-01
9.938287138938903809e-01
9.990847706794738770e-01
9.945634603500366211e-01
9.943984150886535645e-01
9.844509959220886230e-01
9.984461069107055664e-01
9.950736761093139648e-01
9.970703721046447754e-01
9.760431647300720215e-01
9.962797760963439941e-01
9.946022033691406250e-01
9.901602268218994141e-01
9.993779063224792480e-01
9.695313572883605957e-01
9.930104017257690430e-01
9.744316339492797852e-01
9.670133590698242188e-01
9.992496967315673828e-01
9.937738180160522461e-01
9.996987581253051758e-01
9.982222318649291992e-01
9.978499412536621094e-01
9.827285408973693848e-01
9.780520796775817871e-01
9.958985447883605957e-01
9.848301410675048828e-01
9.883812069892883301e-01
9.979067444801330566e-01
9.934784173965454102e-01
9.956117272377014160e-01
9.944040179252624512e-01
9.926818609237670898e-01
9.933138489723205566e-01
9.842630028724670410e-01
9.749917984008789062e-01
9.898238182067871094e-01
9.979305267333984375e-01
9.934241771697998047e-01
9.691877961158752441e-01
9.805577993392944336e-01
9.978727102279663086e-01
9.985473155975341797e-01
9.982774257659912109e-01
9.790373444557189941e-01
9.886117577552795410e-01
9.981861710548400879e-01
9.897423386573791504e-01
9.827984571456909180e-01
9.943617582321166992e-01
9.797803759574890137e-01
9.962068796157836914e-01
9.968399405479431152e-01
9.923779368400573730e-01
9.948931336402893066e-01
9.982584118843078613e-01
9.979773163795471191e-01
9.943771362304687500e-01
9.966541528701782227e-01
9.988110065460205078e-01
9.927481412887573242e-01
9.793967008590698242e-01
9.896371960639953613e-01
9.917621612548828125e-01
9.801405072212219238e-01
9.930804967880249023e-01
9.982998967170715332e-01
9.967681765556335449e-01
9.967777132987976074e-01
9.934135675430297852e-01
9.310324490070343018e-02
9.883646965026855469e-01
9.901030063629150391e-01
9.986419677734375000e-01
9.820344448089599609e-01
9.815671443939208984e-01
9.865460395812988281e-01
9.956548810005187988e-01
9.910534024238586426e-01
9.812487959861755371e-01
9.622751474380493164e-01
9.804303050041198730e-01
9.956396818161010742e-01
9.969308972358703613e-01
9.624277949333190918e-01
9.836309552192687988e-01
9.964723587036132812e-01
9.928594827651977539e-01
9.970880746841430664e-01
9.910457730293273926e-01
9.992779493331909180e-01
9.807727932929992676e-01
9.898946285247802734e-01
9.875169992446899414e-01
9.964507222175598145e-01
9.969332814216613770e-01
9.943826198577880859e-01
9.947561621665954590e-01
8.916152715682983398e-01
9.886358976364135742e-01
9.989581108093261719e-01
9.977740049362182617e-01
9.997373223304748535e-01
9.554749727249145508e-01
9.899135231971740723e-01
9.819101691246032715e-01
9.971348047256469727e-01
9.944346547126770020e-01
9.960674047470092773e-01
9.975405335426330566e-01
9.852905869483947754e-01
9.895054697990417480e-01
9.993407726287841797e-01
9.996546506881713867e-01
9.813033938407897949e-01
9.985103011131286621e-01
9.894518852233886719e-01
9.764314293861389160e-01
9.998762607574462891e-01
9.886530637741088867e-01
9.962385892868041992e-01
9.894832372665405273e-01
9.882045984268188477e-01
9.970589280128479004e-01
9.807234406471252441e-01
9.996322989463806152e-01
9.999687671661376953e-01
9.818686246871948242e-01
9.904454946517944336e-01
9.816018939018249512e-01
9.848120808601379395e-01
9.997009038925170898e-01
9.971911907196044922e-01
9.625052809715270996e-01
9.999351501464843750e-01
9.970178604125976562e-01
9.903913736343383789e-01
9.945429563522338867e-01
9.931015968322753906e-01
9.988591074943542480e-01
9.809170961380004883e-01
9.984591007232666016e-01
9.996336102485656738e-01
9.938027858734130859e-01
9.956603646278381348e-01
9.982278943061828613e-01
9.977738261222839355e-01
9.417738914489746094e-01
9.979501366615295410e-01
9.970130920410156250e-01
9.778543710708618164e-01
9.726639986038208008e-01
9.975100755691528320e-01
9.777035713195800781e-01
9.949972629547119141e-01
9.897817969322204590e-01
9.925839900970458984e-01
9.981283545494079590e-01
9.925448894500732422e-01
9.926010370254516602e-01
9.928910136222839355e-01
9.878654479980468750e-01
9.917068481445312500e-01
9.984312057495117188e-01
9.973188042640686035e-01
9.780722856521606445e-01
9.968113899230957031e-01
9.921891689300537109e-01
9.992353320121765137e-01
9.857749342918395996e-01
9.867442846298217773e-01
9.975202679634094238e-01
9.955855607986450195e-01
9.910321235656738281e-01
9.954467415809631348e-01
9.973558783531188965e-01
9.779263138771057129e-01
9.937922954559326172e-01
9.971535801887512207e-01
9.864852428436279297e-01
9.960591197013854980e-01
9.844871759414672852e-01
9.852883219718933105e-01
9.958470463752746582e-01
9.979831576347351074e-01
9.801202416419982910e-01
9.857932925224304199e-01
9.819617867469787598e-01
9.949422478675842285e-01
9.990906119346618652e-01
9.860296249389648438e-01
9.806549549102783203e-01
9.664034843444824219e-01
9.937790632247924805e-01
9.876543879508972168e-01
9.948318600654602051e-01
9.972734451293945312e-01
9.925999045372009277e-01
9.941602349281311035e-01
9.969342350959777832e-01
9.930852055549621582e-01
9.988783597946166992e-01
9.959868788719177246e-01
9.889564514160156250e-01
9.979895949363708496e-01
9.975299239158630371e-01
9.873679876327514648e-01
9.974304437637329102e-01
9.988578557968139648e-01
9.967544078826904297e-01
9.897300601005554199e-01
9.979444742202758789e-01
9.908518195152282715e-01
9.966025352478027344e-01
9.821608066558837891e-01
9.925034046173095703e-01
9.917042255401611328e-01
9.942396283149719238e-01
9.813110828399658203e-01
9.937097430229187012e-01
9.880063533782958984e-01
9.985347390174865723e-01
9.910035729408264160e-01
9.974145293235778809e-01
9.957851767539978027e-01
9.959211349487304688e-01
9.997014403343200684e-01
9.886515140533447266e-01
9.963144063949584961e-01
9.822356700897216797e-01
9.888944625854492188e-01
9.847180247306823730e-01
9.962867498397827148e-01
9.980042576789855957e-01
9.953393936157226562e-01
9.967515468597412109e-01
9.918474555015563965e-01
9.873149991035461426e-01
9.881224036216735840e-01
9.860377311706542969e-01
9.982005357742309570e-01
9.978749752044677734e-01
9.715939164161682129e-01
9.875003099441528320e-01
9.998288154602050781e-01
9.818717837333679199e-01
9.860140085220336914e-01
9.902122616767883301e-01
9.948639273643493652e-01
9.891097545623779297e-01
8.112516403198242188e-01
9.747085571289062500e-01
9.924651980400085449e-01
9.977625608444213867e-01
9.906086325645446777e-01
9.850958585739135742e-01
9.911301136016845703e-01
9.906333684921264648e-01
9.985760450363159180e-01
9.930117726325988770e-01
9.783229827880859375e-01
9.958095550537109375e-01
9.827020168304443359e-01
9.847384691238403320e-01
9.912880659103393555e-01
9.821201562881469727e-01
9.936354756355285645e-01
9.743458032608032227e-01
9.972110390663146973e-01
9.998632073402404785e-01
9.799626469612121582e-01
9.960983395576477051e-01
9.966893196105957031e-01
9.951081275939941406e-01
9.973481893539428711e-01
9.881728291511535645e-01
9.927506446838378906e-01
9.751861691474914551e-01
9.968512058258056641e-01
9.921658039093017578e-01
9.958968758583068848e-01
9.787070155143737793e-01
9.960926771163940430e-01
9.954495429992675781e-01
9.648842215538024902e-01
9.939804673194885254e-01
9.941616058349609375e-01
9.922531843185424805e-01
9.938443303108215332e-01
9.968721270561218262e-01
9.820637702941894531e-01
9.941201806068420410e-01
9.783732295036315918e-01
9.936529397964477539e-01
9.968574047088623047e-01
9.966095089912414551e-01
9.939327836036682129e-01
9.966455101966857910e-01
9.969856739044189453e-01
9.859818220138549805e-01
9.998121857643127441e-01
9.898795485496520996e-01
9.386027455329895020e-01
9.548034667968750000e-01
9.949896931648254395e-01
9.944765567779541016e-01
9.933820366859436035e-01
9.968810081481933594e-01
9.969813823699951172e-01
9.793404340744018555e-01
9.901829361915588379e-01
9.896813035011291504e-01
9.990952014923095703e-01
9.706286787986755371e-01
9.895432591438293457e-01
9.943166375160217285e-01
9.902467131614685059e-01
9.757943749427795410e-01
9.996098279953002930e-01
9.972105026245117188e-01
9.874814748764038086e-01
9.925266504287719727e-01
9.970325231552124023e-01
9.765014648437500000e-01
9.945073127746582031e-01
9.939802885055541992e-01
9.967089295387268066e-01
9.964833855628967285e-01
9.873918890953063965e-01
9.932869076728820801e-01
9.994225502014160156e-01
9.914566278457641602e-01
9.839261770248413086e-01
9.882334470748901367e-01
9.924529194831848145e-01
9.955136775970458984e-01
9.930523037910461426e-01
9.958607554435729980e-01
9.990189671516418457e-01
9.977686405181884766e-01
9.943974018096923828e-01
9.837018251419067383e-01
9.850356578826904297e-01
9.996418356895446777e-01
9.909172654151916504e-01
9.966439604759216309e-01
9.914905428886413574e-01
9.991980791091918945e-01
9.506607651710510254e-01
9.927886724472045898e-01
9.959906339645385742e-01
9.936213493347167969e-01
9.911100268363952637e-01
9.933602213859558105e-01
9.463792443275451660e-01
9.998656511306762695e-01
9.894218444824218750e-01
9.873434305191040039e-01
9.917129874229431152e-01
9.976557493209838867e-01
9.993349313735961914e-01
9.861738681793212891e-01
9.933147430419921875e-01
9.899736046791076660e-01
9.973608255386352539e-01
9.960147142410278320e-01
9.970474839210510254e-01
9.820379614830017090e-01
9.922995567321777344e-01
9.921076893806457520e-01
9.998970627784729004e-01
9.933363795280456543e-01
9.940500259399414062e-01
9.884272813796997070e-01
9.973267316818237305e-01
9.993758797645568848e-01
9.756709933280944824e-01
9.954370260238647461e-01
9.956694245338439941e-01
9.988862872123718262e-01
9.767382144927978516e-01
9.949790835380554199e-01
9.894669651985168457e-01
9.988294839859008789e-01
9.921807646751403809e-01
9.886555075645446777e-01
9.903045892715454102e-01
9.883588552474975586e-01
9.902234673500061035e-01
9.900493025779724121e-01
9.958969354629516602e-01
9.970178604125976562e-01
9.888867735862731934e-01
9.913573265075683594e-01
9.795582890510559082e-01
9.973215460777282715e-01
9.938084483146667480e-01
9.688261151313781738e-01
9.981741309165954590e-01
9.866554737091064453e-01
9.993934631347656250e-01
9.875440597534179688e-01
9.926377534866333008e-01
9.986645579338073730e-01
9.899511933326721191e-01
9.933754801750183105e-01
9.971581697463989258e-01
9.992355108261108398e-01
9.919850230216979980e-01
9.965463280677795410e-01
9.976352453231811523e-01
9.969540238380432129e-01
9.817076921463012695e-01
9.882109165191650391e-01
9.993368387222290039e-01
9.930636882781982422e-01
9.961389303207397461e-01
9.923853874206542969e-01
9.853014945983886719e-01
9.930055737495422363e-01
7.881255149841308594e-01
9.927341341972351074e-01
9.962273836135864258e-01
9.940884113311767578e-01
9.908731579780578613e-01
9.953067302703857422e-01
9.666180014610290527e-01
9.851607680320739746e-01
9.890487790107727051e-01
9.989338517189025879e-01
9.948318004608154297e-01
9.946913123130798340e-01
9.949664473533630371e-01
9.844160676002502441e-01
9.956901669502258301e-01
9.982768893241882324e-01
9.958499670028686523e-01
9.983127713203430176e-01
9.959088563919067383e-01
9.915258288383483887e-01
9.949833750724792480e-01
9.955277442932128906e-01
9.956363439559936523e-01
9.954605102539062500e-01
9.884558916091918945e-01
9.884364008903503418e-01
9.894599318504333496e-01
9.854493141174316406e-01
9.963291287422180176e-01
9.952465295791625977e-01
9.587869644165039062e-01
9.951686263084411621e-01
9.823639988899230957e-01
9.989651441574096680e-01
9.985847473144531250e-01
9.994588494300842285e-01
9.930098652839660645e-01
9.938277602195739746e-01
9.958484172821044922e-01
9.986895918846130371e-01
9.973345994949340820e-01
9.868434071540832520e-01
9.987593889236450195e-01
9.965665340423583984e-01
9.992501139640808105e-01
9.827956557273864746e-01
9.795082807540893555e-01
9.632141590118408203e-01
9.644938111305236816e-01
9.974741935729980469e-01
9.958102107048034668e-01
9.980828762054443359e-01
9.874567389488220215e-01
9.740549325942993164e-01
9.942513108253479004e-01
9.951356053352355957e-01
9.950454235076904297e-01
9.993978738784790039e-01
9.926386475563049316e-01
9.983928799629211426e-01
9.894080162048339844e-01
9.640035033226013184e-01
9.940847754478454590e-01
9.952554106712341309e-01
9.906776547431945801e-01
9.988718628883361816e-01
9.967336654663085938e-01
9.969176054000854492e-01
9.960316419601440430e-01
9.959715604782104492e-01
9.840757250785827637e-01
9.894258379936218262e-01
9.569745063781738281e-01
9.963855743408203125e-01
9.975742101669311523e-01
9.935174584388732910e-01
9.995687007904052734e-01
9.783634543418884277e-01
9.741739034652709961e-01
9.939672946929931641e-01
9.955242276191711426e-01
9.949421286582946777e-01
9.953022003173828125e-01
9.987631440162658691e-01
9.952127933502197266e-01
9.820752739906311035e-01
9.904488921165466309e-01
9.695612788200378418e-01
9.934515357017517090e-01
9.968265891075134277e-01
9.883438348770141602e-01
9.965939521789550781e-01
9.930942058563232422e-01
9.984257817268371582e-01
9.989628791809082031e-01
9.972109794616699219e-01
9.969459176063537598e-01
9.973164796829223633e-01
9.901788830757141113e-01
9.950805306434631348e-01
9.986810684204101562e-01
9.730752706527709961e-01
9.692221283912658691e-01
9.966685771942138672e-01
9.956306219100952148e-01
9.828134775161743164e-01
9.969686269760131836e-01
9.738602042198181152e-01
9.996439218521118164e-01
9.898516535758972168e-01
9.987193942070007324e-01
9.967240691184997559e-01
9.993121027946472168e-01
9.972279667854309082e-01
9.846446514129638672e-01
9.885377287864685059e-01
9.939802289009094238e-01
9.967997670173645020e-01
9.961038827896118164e-01
9.586564898490905762e-01
9.996098279953002930e-01
9.966681599617004395e-01
9.972186088562011719e-01
9.663939476013183594e-01
9.889986515045166016e-01
9.659464955329895020e-01
9.966220259666442871e-01
9.857408404350280762e-01
9.959121346473693848e-01
9.980425238609313965e-01
9.938629865646362305e-01
9.652193188667297363e-01
9.905661344528198242e-01
9.813021421432495117e-01
9.884566664695739746e-01
9.590412378311157227e-01
9.877791404724121094e-01
9.941791296005249023e-01
9.940917491912841797e-01
9.994435906410217285e-01
9.819327592849731445e-01
9.969069957733154297e-01
9.860998988151550293e-01
9.994977116584777832e-01
9.929364323616027832e-01
9.916127920150756836e-01
9.930419921875000000e-01
9.891473650932312012e-01
9.933276772499084473e-01
9.915229082107543945e-01
9.996142983436584473e-01
9.886416196823120117e-01
9.923956394195556641e-01
9.966346621513366699e-01
9.921066761016845703e-01
9.973430633544921875e-01
9.976131319999694824e-01
9.965696930885314941e-01
9.697166681289672852e-01
9.969764351844787598e-01
9.630767107009887695e-01
9.932702779769897461e-01
9.906703829765319824e-01
9.975432753562927246e-01
9.974965453147888184e-01
9.854035377502441406e-01
9.992383718490600586e-01
9.917331337928771973e-01
9.972550868988037109e-01
9.971902370452880859e-01
9.888269305229187012e-01
9.955366849899291992e-01
9.961147308349609375e-01
9.904190897941589355e-01
9.932685494422912598e-01
9.995337724685668945e-01
9.963793754577636719e-01
9.995855093002319336e-01
9.846819043159484863e-01
9.979197978973388672e-01
9.805534482002258301e-01
9.959977269172668457e-01
9.924811720848083496e-01
9.996900558471679688e-01
9.949435591697692871e-01
9.951360225677490234e-01
9.873169064521789551e-01
9.946354627609252930e-01
9.874259233474731445e-01
9.955072999000549316e-01
9.885155558586120605e-01
9.937928318977355957e-01
9.971811175346374512e-01
9.808418154716491699e-01
9.874858856201171875e-01
9.240585565567016602e-01
9.897890686988830566e-01
9.974219799041748047e-01
9.827885031700134277e-01
9.999766349792480469e-01
9.984419941902160645e-01
9.919161200523376465e-01
9.930665493011474609e-01
9.988266229629516602e-01
9.974205493927001953e-01
9.944233298301696777e-01
9.971652626991271973e-01
9.971742033958435059e-01
9.793089628219604492e-01
9.955852627754211426e-01
9.792929291725158691e-01
9.978334903717041016e-01
9.927802681922912598e-01
9.852650761604309082e-01
9.977374076843261719e-01
9.988615512847900391e-01
9.989901781082153320e-01
9.907471537590026855e-01
9.983721971511840820e-01
9.862022399902343750e-01
9.985756278038024902e-01
9.939981102943420410e-01
9.901611804962158203e-01
9.969609379768371582e-01
9.970161318778991699e-01
9.749395847320556641e-01
9.947882294654846191e-01
9.942249655723571777e-01
9.921709299087524414e-01
9.895707964897155762e-01
9.949728250503540039e-01
9.725505113601684570e-01
9.902127981185913086e-01
9.968235492706298828e-01
9.981796145439147949e-01
9.976232647895812988e-01
9.753388166427612305e-01
9.827302098274230957e-01
9.631481766700744629e-01
9.879162311553955078e-01
9.977182149887084961e-01
9.931836128234863281e-01
9.980989098548889160e-01
9.940797090530395508e-01
9.928941726684570312e-01
9.791185855865478516e-01
9.727268815040588379e-01
9.973816871643066406e-01
9.952921271324157715e-01
9.986534714698791504e-01
9.979293346405029297e-01
9.995949864387512207e-01
9.678963422775268555e-01
9.869661331176757812e-01
9.863480329513549805e-01
9.937748908996582031e-01
9.933013319969177246e-01
9.962794184684753418e-01
9.974123835563659668e-01
9.989460706710815430e-01
9.483764171600341797e-01
9.952455759048461914e-01
9.874984622001647949e-01
9.959884285926818848e-01
3.192787766456604004e-01
9.092655181884765625e-01
9.973990321159362793e-01
9.825942516326904297e-01
9.889048337936401367e-01
9.957886338233947754e-01
9.987031221389770508e-01
9.936645627021789551e-01
9.997234344482421875e-01
9.978269934654235840e-01
9.984254240989685059e-01
9.825662374496459961e-01
9.945223331451416016e-01
9.934041500091552734e-01
9.850023984909057617e-01
9.667844176292419434e-01
9.957742691040039062e-01
9.897396564483642578e-01
9.980047345161437988e-01
9.982855319976806641e-01
9.950516223907470703e-01
9.997186660766601562e-01
9.982692599296569824e-01
9.973731637001037598e-01
9.909572601318359375e-01
9.961188435554504395e-01
9.945875406265258789e-01
9.912501573562622070e-01
9.976500272750854492e-01
9.995525479316711426e-01
9.871799349784851074e-01
9.988854527473449707e-01
9.928779006004333496e-01
9.960284829139709473e-01
9.978205561637878418e-01
9.900829792022705078e-01
9.868343472480773926e-01
9.949837327003479004e-01
9.956374168395996094e-01
9.861519932746887207e-01
9.908812046051025391e-01
9.330690503120422363e-01
9.977636337280273438e-01
9.947937726974487305e-01
9.941204786300659180e-01
9.336228370666503906e-01
9.980246424674987793e-01
9.608697891235351562e-01
9.911164045333862305e-01
9.873283505439758301e-01
9.963372945785522461e-01
9.929170012474060059e-01
9.911921620368957520e-01
9.949510693550109863e-01
9.988092780113220215e-01
