9.934366941452026367e-01
9.987241029739379883e-01
9.945062994956970215e-01
9.962986707687377930e-01
9.834896326065063477e-01
9.933640360832214355e-01
9.997760653495788574e-01
9.974783658981323242e-01
9.992280602455139160e-01
9.977808594703674316e-01
9.999880194664001465e-01
9.956910014152526855e-01
9.994495511054992676e-01
9.812112450599670410e-01
9.918760061264038086e-01
9.991890192031860352e-01
9.961833953857421875e-01
9.978463053703308105e-01
9.991442561149597168e-01
9.989417195320129395e-01
9.920867681503295898e-01
9.962006211280822754e-01
9.996246695518493652e-01
9.973215460777282715e-01
9.988462924957275391e-01
9.981527924537658691e-01
9.998106360435485840e-01
9.934492707252502441e-01
9.971567988395690918e-01
9.905843138694763184e-01
9.986712932586669922e-01
9.879472255706787109e-01
9.913212656974792480e-01
9.916825294494628906e-01
9.961308836936950684e-01
9.969674944877624512e-01
9.994736909866333008e-01
9.988749623298645020e-01
9.955887198448181152e-01
9.920365810394287109e-01
9.983879923820495605e-01
9.949563741683959961e-01
9.993261694908142090e-01
9.907697439193725586e-01
9.975309967994689941e-01
9.991866350173950195e-01
9.988484978675842285e-01
9.984182119369506836e-01
9.980162978172302246e-01
9.935870766639709473e-01
9.993443489074707031e-01
9.994331002235412598e-01
9.883098602294921875e-01
9.983335137367248535e-01
9.936877489089965820e-01
9.997525811195373535e-01
9.965889453887939453e-01
9.979429841041564941e-01
9.862790703773498535e-01
9.999624490737915039e-01
9.895731806755065918e-01
9.790014028549194336e-01
9.982494711875915527e-01
9.994300603866577148e-01
9.948636889457702637e-01
9.971808791160583496e-01
9.986852407455444336e-01
9.856178760528564453e-01
9.981889128684997559e-01
9.989528059959411621e-01
9.952099919319152832e-01
9.985415935516357422e-01
9.974430799484252930e-01
9.949480295181274414e-01
9.801939129829406738e-01
9.973378777503967285e-01
9.984704256057739258e-01
9.967517852783203125e-01
9.973883628845214844e-01
9.936018586158752441e-01
9.984875917434692383e-01
9.961983561515808105e-01
9.999479651451110840e-01
9.974181056022644043e-01
9.935845136642456055e-01
9.791609644889831543e-01
9.935222864151000977e-01
9.992624521255493164e-01
9.924965500831604004e-01
9.988156557083129883e-01
9.950680136680603027e-01
9.925745129585266113e-01
9.995633363723754883e-01
9.913036227226257324e-01
9.964064359664916992e-01
9.989386200904846191e-01
9.944314956665039062e-01
9.971840977668762207e-01
9.970079064369201660e-01
9.997735023498535156e-01
9.943987131118774414e-01
9.970664978027343750e-01
9.991481304168701172e-01
9.956974387168884277e-01
9.990399479866027832e-01
9.979658126831054688e-01
9.991573095321655273e-01
9.948149323463439941e-01
9.991157650947570801e-01
9.971224069595336914e-01
9.959239363670349121e-01
9.936856031417846680e-01
9.969488382339477539e-01
9.986521005630493164e-01
9.987875819206237793e-01
9.995425939559936523e-01
9.955193400382995605e-01
9.970777630805969238e-01
9.948676228523254395e-01
9.940463900566101074e-01
9.979655146598815918e-01
9.980630278587341309e-01
9.914256930351257324e-01
9.949472546577453613e-01
9.921481013298034668e-01
9.953598976135253906e-01
9.990519285202026367e-01
9.991337656974792480e-01
9.996278285980224609e-01
9.910608530044555664e-01
9.979010224342346191e-01
9.992141127586364746e-01
9.685428738594055176e-01
9.985336661338806152e-01
9.943561553955078125e-01
9.938687086105346680e-01
9.978721737861633301e-01
9.962485432624816895e-01
9.991331100463867188e-01
9.957120418548583984e-01
9.991700053215026855e-01
9.974336028099060059e-01
9.750536680221557617e-01
9.978910684585571289e-01
9.979113340377807617e-01
9.991731047630310059e-01
9.990139603614807129e-01
9.965852499008178711e-01
9.980280995368957520e-01
9.888538718223571777e-01
9.990286827087402344e-01
9.969519972801208496e-01
9.984952807426452637e-01
9.946703910827636719e-01
9.994213581085205078e-01
9.889244437217712402e-01
9.921887516975402832e-01
9.977692961692810059e-01
9.925243258476257324e-01
9.989160299301147461e-01
9.806056618690490723e-01
9.984055161476135254e-01
9.980465173721313477e-01
9.998056888580322266e-01
9.984154105186462402e-01
9.992890357971191406e-01
9.990507364273071289e-01
9.990726113319396973e-01
9.990528225898742676e-01
9.971783161163330078e-01
9.980608820915222168e-01
9.775541424751281738e-01
9.992469549179077148e-01
9.924777150154113770e-01
9.964492917060852051e-01
9.925408959388732910e-01
9.927834868431091309e-01
9.959309697151184082e-01
9.982531070709228516e-01
9.986588358879089355e-01
9.971488118171691895e-01
9.981225728988647461e-01
9.987190365791320801e-01
9.993309974670410156e-01
9.989364743232727051e-01
9.941539168357849121e-01
9.983927011489868164e-01
9.988906979560852051e-01
9.987946152687072754e-01
9.993728995323181152e-01
9.911446571350097656e-01
9.979937076568603516e-01
9.969035983085632324e-01
9.978701472282409668e-01
9.902206063270568848e-01
9.965369701385498047e-01
9.989073872566223145e-01
9.966158270835876465e-01
9.988433718681335449e-01
9.801318049430847168e-01
9.972014427185058594e-01
9.985567927360534668e-01
9.959838986396789551e-01
9.753899574279785156e-01
9.958207011222839355e-01
9.992337822914123535e-01
9.984806776046752930e-01
9.919387102127075195e-01
9.972677826881408691e-01
9.987325668334960938e-01
9.901096820831298828e-01
9.934313297271728516e-01
9.755533933639526367e-01
9.991231560707092285e-01
9.993088841438293457e-01
9.935746788978576660e-01
9.987182617187500000e-01
9.990319013595581055e-01
9.935076236724853516e-01
9.969910383224487305e-01
9.989371895790100098e-01
9.988340735435485840e-01
9.995267987251281738e-01
9.993834495544433594e-01
9.994539022445678711e-01
9.964782595634460449e-01
9.968304634094238281e-01
9.950661659240722656e-01
9.985224604606628418e-01
9.952834248542785645e-01
9.990244507789611816e-01
9.989622831344604492e-01
9.980810880661010742e-01
9.949870109558105469e-01
9.985532760620117188e-01
9.816886186599731445e-01
9.994110465049743652e-01
9.996038079261779785e-01
9.899501800537109375e-01
9.973604679107666016e-01
9.990661740303039551e-01
9.911098480224609375e-01
9.974500536918640137e-01
9.898123145103454590e-01
9.970504045486450195e-01
9.992082118988037109e-01
9.974088668823242188e-01
9.955490231513977051e-01
9.966288208961486816e-01
9.969079494476318359e-01
9.946554303169250488e-01
9.919906258583068848e-01
9.996272325515747070e-01
9.975916743278503418e-01
9.994540810585021973e-01
9.957574605941772461e-01
9.982384443283081055e-01
9.969313740730285645e-01
9.979485273361206055e-01
9.991874098777770996e-01
9.975699782371520996e-01
9.986734390258789062e-01
9.970450997352600098e-01
9.964516758918762207e-01
9.959350228309631348e-01
9.942070841789245605e-01
9.978140592575073242e-01
9.972195625305175781e-01
9.812474250793457031e-01
9.993248581886291504e-01
9.986448884010314941e-01
9.859232902526855469e-01
9.807656407356262207e-01
9.985677003860473633e-01
9.926945567131042480e-01
9.891597628593444824e-01
9.982271194458007812e-01
9.943383932113647461e-01
9.971806406974792480e-01
9.984010457992553711e-01
9.978306293487548828e-01
9.960767030715942383e-01
9.992374777793884277e-01
9.928447604179382324e-01
9.977175593376159668e-01
9.985032081604003906e-01
9.994684457778930664e-01
9.982393383979797363e-01
9.992642998695373535e-01
9.988766908645629883e-01
9.955102801322937012e-01
9.965584874153137207e-01
9.987582564353942871e-01
9.929432272911071777e-01
9.984902143478393555e-01
9.980742931365966797e-01
9.969534873962402344e-01
9.962435364723205566e-01
9.998883605003356934e-01
9.928672909736633301e-01
9.972152113914489746e-01
9.992696046829223633e-01
9.997658133506774902e-01
9.987643957138061523e-01
9.993423223495483398e-01
9.985781311988830566e-01
9.986909031867980957e-01
9.686819911003112793e-01
9.991405606269836426e-01
9.987708330154418945e-01
9.979045391082763672e-01
9.906828999519348145e-01
9.968851208686828613e-01
9.941993355751037598e-01
9.952301383018493652e-01
9.964616894721984863e-01
9.977440237998962402e-01
9.986360669136047363e-01
9.981444478034973145e-01
9.986318349838256836e-01
9.992169737815856934e-01
9.718468785285949707e-01
9.903057813644409180e-01
9.982326030731201172e-01
9.986082315444946289e-01
9.946264624595642090e-01
9.965387582778930664e-01
9.992796182632446289e-01
9.948290586471557617e-01
9.927471876144409180e-01
9.993156194686889648e-01
9.980256557464599609e-01
9.942648410797119141e-01
9.807352423667907715e-01
9.990630745887756348e-01
9.997661113739013672e-01
9.982504248619079590e-01
9.963955283164978027e-01
9.983868598937988281e-01
9.938729405403137207e-01
9.815323948860168457e-01
9.982983469963073730e-01
9.979885816574096680e-01
9.998465180397033691e-01
9.982995390892028809e-01
9.991984963417053223e-01
9.971337318420410156e-01
9.992293119430541992e-01
9.981795549392700195e-01
9.996278285980224609e-01
9.984018206596374512e-01
9.969919919967651367e-01
9.964182972908020020e-01
9.942563176155090332e-01
9.948589205741882324e-01
9.989983439445495605e-01
9.893882870674133301e-01
9.953361749649047852e-01
9.995464086532592773e-01
9.961565732955932617e-01
9.987304210662841797e-01
9.945160150527954102e-01
9.972887635231018066e-01
9.949778914451599121e-01
9.943278431892395020e-01
9.993147253990173340e-01
9.981880187988281250e-01
9.996836781501770020e-01
9.972795844078063965e-01
9.986984729766845703e-01
9.967998266220092773e-01
9.977918863296508789e-01
9.990174770355224609e-01
9.644287228584289551e-01
9.958696961402893066e-01
9.986475706100463867e-01
9.900922179222106934e-01
9.977208375930786133e-01
9.963598251342773438e-01
9.985865950584411621e-01
9.949313402175903320e-01
9.952158927917480469e-01
9.987545609474182129e-01
9.899207949638366699e-01
9.969930052757263184e-01
9.967850446701049805e-01
9.987726211547851562e-01
9.979950785636901855e-01
9.980072379112243652e-01
9.973598122596740723e-01
9.958108663558959961e-01
9.998083710670471191e-01
9.989589452743530273e-01
9.986560344696044922e-01
9.890757799148559570e-01
9.991952180862426758e-01
9.981118440628051758e-01
9.968931078910827637e-01
9.940088987350463867e-01
9.991263747215270996e-01
9.954334497451782227e-01
9.998326301574707031e-01
9.606552124023437500e-01
9.990886449813842773e-01
9.991492629051208496e-01
9.990721940994262695e-01
9.967573881149291992e-01
9.983522891998291016e-01
9.982234835624694824e-01
9.963363409042358398e-01
9.971649646759033203e-01
9.930188059806823730e-01
9.967335462570190430e-01
9.986616969108581543e-01
9.990065097808837891e-01
9.953770637512207031e-01
9.971357583999633789e-01
9.961633682250976562e-01
9.973317384719848633e-01
9.994550943374633789e-01
9.993452429771423340e-01
9.996038079261779785e-01
9.926630854606628418e-01
9.993141293525695801e-01
9.993060827255249023e-01
9.960182309150695801e-01
9.994246363639831543e-01
9.887256622314453125e-01
9.961857199668884277e-01
9.997637867927551270e-01
9.944127202033996582e-01
9.976671934127807617e-01
9.925351738929748535e-01
9.976328015327453613e-01
9.978824853897094727e-01
9.873755574226379395e-01
9.887238144874572754e-01
9.992321133613586426e-01
9.941086173057556152e-01
9.868646860122680664e-01
9.960342645645141602e-01
9.951953291893005371e-01
9.956907629966735840e-01
9.972764253616333008e-01
9.984661936759948730e-01
9.991388916969299316e-01
9.946039319038391113e-01
9.980814456939697266e-01
9.983868598937988281e-01
9.985021352767944336e-01
9.968084692955017090e-01
9.992260336875915527e-01
9.994758963584899902e-01
9.975504279136657715e-01
9.968660473823547363e-01
9.972085356712341309e-01
9.968737959861755371e-01
9.969004988670349121e-01
9.997639060020446777e-01
9.974041581153869629e-01
9.963569641113281250e-01
9.920309782028198242e-01
9.959135055541992188e-01
9.994962811470031738e-01
9.983311295509338379e-01
9.996524453163146973e-01
9.979556202888488770e-01
9.991285204887390137e-01
9.947578907012939453e-01
9.994453787803649902e-01
9.998064041137695312e-01
9.981700778007507324e-01
9.986515045166015625e-01
9.995982050895690918e-01
9.988751411437988281e-01
9.985792040824890137e-01
9.972739815711975098e-01
9.927559494972229004e-01
9.962019920349121094e-01
9.778000116348266602e-01
9.984431266784667969e-01
9.992016553878784180e-01
9.991927146911621094e-01
9.991392493247985840e-01
9.935312867164611816e-01
9.953905940055847168e-01
9.878368377685546875e-01
9.970806837081909180e-01
9.965171217918395996e-01
9.994423985481262207e-01
9.984911084175109863e-01
9.951530694961547852e-01
9.984819889068603516e-01
9.985895752906799316e-01
9.991514086723327637e-01
9.765896201133728027e-01
9.981608986854553223e-01
9.950401782989501953e-01
9.969128370285034180e-01
9.946714639663696289e-01
9.985353946685791016e-01
9.957976937294006348e-01
9.945970773696899414e-01
9.935028553009033203e-01
9.965506792068481445e-01
9.995542168617248535e-01
9.981205463409423828e-01
9.990460276603698730e-01
9.765720367431640625e-01
9.977541565895080566e-01
9.940468668937683105e-01
9.981923103332519531e-01
9.973928928375244141e-01
9.990720152854919434e-01
9.978239536285400391e-01
9.390560984611511230e-01
9.977829456329345703e-01
9.933058023452758789e-01
9.951050281524658203e-01
9.860645532608032227e-01
9.988701939582824707e-01
9.977448582649230957e-01
9.967150092124938965e-01
9.915072917938232422e-01
9.982562661170959473e-01
9.973115921020507812e-01
9.973795413970947266e-01
9.996297955513000488e-01
9.974634051322937012e-01
9.992061853408813477e-01
9.916622638702392578e-01
9.976215362548828125e-01
9.911549687385559082e-01
9.939473867416381836e-01
9.990552067756652832e-01
9.984697103500366211e-01
9.990458488464355469e-01
9.980930685997009277e-01
9.938679933547973633e-01
9.995279908180236816e-01
9.972656369209289551e-01
9.993962645530700684e-01
9.977815747261047363e-01
9.961621761322021484e-01
9.911755919456481934e-01
9.974583387374877930e-01
9.990586042404174805e-01
9.978929162025451660e-01
9.981342554092407227e-01
9.993555545806884766e-01
9.996232986450195312e-01
9.991471767425537109e-01
9.914808869361877441e-01
9.963722825050354004e-01
9.991970658302307129e-01
9.899978041648864746e-01
9.923065304756164551e-01
9.962034225463867188e-01
9.985590577125549316e-01
9.983173608779907227e-01
9.943854808807373047e-01
9.979763031005859375e-01
9.961397051811218262e-01
9.979278445243835449e-01
9.991161227226257324e-01
9.968252182006835938e-01
9.985687136650085449e-01
9.976164102554321289e-01
9.986900091171264648e-01
9.950761198997497559e-01
9.892057180404663086e-01
9.969705343246459961e-01
9.995813965797424316e-01
9.938169717788696289e-01
9.996116757392883301e-01
9.981773495674133301e-01
9.959768652915954590e-01
9.987092018127441406e-01
9.991177320480346680e-01
9.973461031913757324e-01
9.991959929466247559e-01
9.941822886466979980e-01
9.975684881210327148e-01
9.982944130897521973e-01
9.742478132247924805e-01
9.964492917060852051e-01
9.872987866401672363e-01
9.991266131401062012e-01
9.995560050010681152e-01
9.806668162345886230e-01
9.941924214363098145e-01
9.986097216606140137e-01
9.995750784873962402e-01
9.992654919624328613e-01
9.992462992668151855e-01
9.945737123489379883e-01
9.843047857284545898e-01
9.969931244850158691e-01
9.982591867446899414e-01
9.963671565055847168e-01
9.991250634193420410e-01
9.989465475082397461e-01
9.968771338462829590e-01
9.998370409011840820e-01
9.955936074256896973e-01
9.961848855018615723e-01
9.914181828498840332e-01
9.969408512115478516e-01
9.940038323402404785e-01
9.990884661674499512e-01
9.946534633636474609e-01
9.951273202896118164e-01
9.945265054702758789e-01
9.987347722053527832e-01
9.974257349967956543e-01
9.992402791976928711e-01
9.807944297790527344e-01
9.902757406234741211e-01
9.993568658828735352e-01
9.935450553894042969e-01
9.929788708686828613e-01
9.978554248809814453e-01
9.910076856613159180e-01
9.972211718559265137e-01
9.980590939521789551e-01
9.882150292396545410e-01
9.979515671730041504e-01
9.970241189002990723e-01
9.984669089317321777e-01
9.956173896789550781e-01
9.986226558685302734e-01
9.983443617820739746e-01
9.974517822265625000e-01
9.784493446350097656e-01
9.929041266441345215e-01
9.972262382507324219e-01
9.927880764007568359e-01
9.991141557693481445e-01
9.991637468338012695e-01
9.993081688880920410e-01
9.985417723655700684e-01
9.986129403114318848e-01
9.987096190452575684e-01
9.974338412284851074e-01
9.972303509712219238e-01
9.994417428970336914e-01
9.957209825515747070e-01
9.900735616683959961e-01
9.932340979576110840e-01
9.917324185371398926e-01
9.925329089164733887e-01
9.885330200195312500e-01
9.963203668594360352e-01
9.907919764518737793e-01
9.987835884094238281e-01
9.997125864028930664e-01
9.914517402648925781e-01
9.953138232231140137e-01
9.988898634910583496e-01
9.990086555480957031e-01
9.991742372512817383e-01
9.958004355430603027e-01
9.966149926185607910e-01
9.945341944694519043e-01
9.962922930717468262e-01
9.977107644081115723e-01
9.987184405326843262e-01
9.986222982406616211e-01
9.975627660751342773e-01
9.988544583320617676e-01
9.952428936958312988e-01
9.991936087608337402e-01
9.992425441741943359e-01
9.976705908775329590e-01
9.982584118843078613e-01
9.868485927581787109e-01
9.940669536590576172e-01
9.949973225593566895e-01
9.984252452850341797e-01
9.962375760078430176e-01
9.968426823616027832e-01
9.992979764938354492e-01
9.895498752593994141e-01
9.963798522949218750e-01
9.997963309288024902e-01
9.994269013404846191e-01
9.856724739074707031e-01
9.932463169097900391e-01
9.952297210693359375e-01
9.942302107810974121e-01
9.998746514320373535e-01
9.930109977722167969e-01
9.941022992134094238e-01
9.929959177970886230e-01
9.912576079368591309e-01
9.982514977455139160e-01
9.881637692451477051e-01
9.993867874145507812e-01
9.997797608375549316e-01
9.915228486061096191e-01
9.950829148292541504e-01
9.954562783241271973e-01
9.962778687477111816e-01
9.997664093971252441e-01
9.986774921417236328e-01
9.906182885169982910e-01
9.996689558029174805e-01
9.989814758300781250e-01
9.972996711730957031e-01
9.961261749267578125e-01
9.952138066291809082e-01
9.989449381828308105e-01
9.912393093109130859e-01
9.831756949424743652e-01
9.990007877349853516e-01
9.948045611381530762e-01
9.967331886291503906e-01
9.976737499237060547e-01
9.998143911361694336e-01
9.961786866188049316e-01
9.978884458541870117e-01
9.960144162178039551e-01
9.951960444450378418e-01
9.976189732551574707e-01
9.992138743400573730e-01
9.940582513809204102e-01
9.969662427902221680e-01
9.992316961288452148e-01
9.946510791778564453e-01
9.996428489685058594e-01
9.971076846122741699e-01
9.967462420463562012e-01
9.962146878242492676e-01
9.982109069824218750e-01
9.994607567787170410e-01
9.997211694717407227e-01
9.993232488632202148e-01
9.913198947906494141e-01
9.977615475654602051e-01
9.967919588088989258e-01
9.993033409118652344e-01
9.954451322555541992e-01
9.936283230781555176e-01
9.978590011596679688e-01
9.967919588088989258e-01
9.982569217681884766e-01
9.952747821807861328e-01
9.989640712738037109e-01
9.894781112670898438e-01
9.957106709480285645e-01
9.977588653564453125e-01
9.949575662612915039e-01
9.995785951614379883e-01
9.920626282691955566e-01
9.857028722763061523e-01
9.977055191993713379e-01
9.986972212791442871e-01
9.942234158515930176e-01
9.958174824714660645e-01
9.986495971679687500e-01
9.976683855056762695e-01
9.970154762268066406e-01
9.940009713172912598e-01
9.750070571899414062e-01
9.910311102867126465e-01
9.988293051719665527e-01
9.971603155136108398e-01
9.985749721527099609e-01
9.987685084342956543e-01
9.965004920959472656e-01
9.966295361518859863e-01
9.992650151252746582e-01
9.984760284423828125e-01
9.983718991279602051e-01
9.980124831199645996e-01
9.964672327041625977e-01
9.993373751640319824e-01
9.986927509307861328e-01
9.953730702400207520e-01
9.987920522689819336e-01
9.986482262611389160e-01
9.979723691940307617e-01
9.983500242233276367e-01
9.964818358421325684e-01
9.967980980873107910e-01
9.938788414001464844e-01
9.955580830574035645e-01
9.954959154129028320e-01
9.967666268348693848e-01
9.979515075683593750e-01
9.951055049896240234e-01
9.900051951408386230e-01
9.999336600303649902e-01
9.922889471054077148e-01
9.969514608383178711e-01
9.980683326721191406e-01
9.972292780876159668e-01
9.996896386146545410e-01
9.952648878097534180e-01
9.979386925697326660e-01
9.943706989288330078e-01
9.979354739189147949e-01
9.975896477699279785e-01
9.984196424484252930e-01
9.968712925910949707e-01
9.983598589897155762e-01
9.988279938697814941e-01
9.974885582923889160e-01
9.932657480239868164e-01
9.973392486572265625e-01
9.928634166717529297e-01
9.990896582603454590e-01
9.998826384544372559e-01
9.825332164764404297e-01
9.972576498985290527e-01
9.997371435165405273e-01
9.921867251396179199e-01
9.948580265045166016e-01
9.959387183189392090e-01
9.973408579826354980e-01
9.904364943504333496e-01
9.979898333549499512e-01
9.944248199462890625e-01
9.870657920837402344e-01
9.994817376136779785e-01
9.964518547058105469e-01
9.932842254638671875e-01
9.944382905960083008e-01
9.972518682479858398e-01
9.992372393608093262e-01
9.950547814369201660e-01
9.964526891708374023e-01
9.984772205352783203e-01
9.937068819999694824e-01
9.973930716514587402e-01
9.957092404365539551e-01
9.836674332618713379e-01
9.864087700843811035e-01
9.879037141799926758e-01
9.993178844451904297e-01
9.996871948242187500e-01
9.939818978309631348e-01
9.966905117034912109e-01
9.982310533523559570e-01
9.984208941459655762e-01
9.979550838470458984e-01
9.909766912460327148e-01
9.950639605522155762e-01
9.937978982925415039e-01
9.982946515083312988e-01
9.973610043525695801e-01
9.967265129089355469e-01
9.887970685958862305e-01
9.886191487312316895e-01
9.974515438079833984e-01
9.990409016609191895e-01
9.972426891326904297e-01
9.980788230895996094e-01
9.968730211257934570e-01
9.977048039436340332e-01
9.985508322715759277e-01
9.969862699508666992e-01
9.962741732597351074e-01
9.785042405128479004e-01
9.984102249145507812e-01
9.932450056076049805e-01
9.984377026557922363e-01
9.966955184936523438e-01
9.980399608612060547e-01
9.975891113281250000e-01
9.876726269721984863e-01
9.997410774230957031e-01
9.904435276985168457e-01
9.924175143241882324e-01
9.664719104766845703e-01
9.971969723701477051e-01
9.930173754692077637e-01
9.921414852142333984e-01
9.980577826499938965e-01
9.986238479614257812e-01
9.848116040229797363e-01
9.958661794662475586e-01
9.947003126144409180e-01
9.999005794525146484e-01
9.840622544288635254e-01
9.947432875633239746e-01
9.981645345687866211e-01
9.939472675323486328e-01
9.901790022850036621e-01
9.998785257339477539e-01
9.935574531555175781e-01
9.954257607460021973e-01
9.968200325965881348e-01
9.984974265098571777e-01
9.983431100845336914e-01
9.963753223419189453e-01
9.970501065254211426e-01
9.983951449394226074e-01
9.952049851417541504e-01
9.989498853683471680e-01
9.991332292556762695e-01
9.946500062942504883e-01
9.912378787994384766e-01
9.912468791007995605e-01
9.945743680000305176e-01
9.981734156608581543e-01
9.957706928253173828e-01
9.994364380836486816e-01
9.995540976524353027e-01
9.985260367393493652e-01
9.980940222740173340e-01
9.887530207633972168e-01
9.964183568954467773e-01
9.998834729194641113e-01
9.953788518905639648e-01
9.987391233444213867e-01
9.954119324684143066e-01
9.980043172836303711e-01
9.993540048599243164e-01
9.975703358650207520e-01
9.840759634971618652e-01
9.974460005760192871e-01
9.939811229705810547e-01
9.972305893898010254e-01
9.899861812591552734e-01
9.998593926429748535e-01
9.961954355239868164e-01
9.937509298324584961e-01
9.973934292793273926e-01
9.992050528526306152e-01
9.997817277908325195e-01
9.948137402534484863e-01
9.977766871452331543e-01
9.965687990188598633e-01
9.987727403640747070e-01
9.995188713073730469e-01
9.972194433212280273e-01
9.964993596076965332e-01
9.956542253494262695e-01
9.960264563560485840e-01
9.997787475585937500e-01
9.974287748336791992e-01
9.975392222404479980e-01
9.957069754600524902e-01
9.992682337760925293e-01
9.954850077629089355e-01
9.928350448608398438e-01
9.979177713394165039e-01
9.976697564125061035e-01
9.992240071296691895e-01
9.917193651199340820e-01
9.960434436798095703e-01
9.954488277435302734e-01
9.996696114540100098e-01
9.968193173408508301e-01
9.962403178215026855e-01
9.937543272972106934e-01
9.934688210487365723e-01
9.978148341178894043e-01
9.952512383460998535e-01
9.979230761528015137e-01
9.987040162086486816e-01
9.978333115577697754e-01
9.953387379646301270e-01
9.950973391532897949e-01
9.987974166870117188e-01
9.967431426048278809e-01
9.755532741546630859e-01
9.989930391311645508e-01
9.960706830024719238e-01
9.991551041603088379e-01
9.894643425941467285e-01
9.965252876281738281e-01
9.996278882026672363e-01
9.936870932579040527e-01
9.985436797142028809e-01
9.996268153190612793e-01
9.997717738151550293e-01
9.930339455604553223e-01
9.983228445053100586e-01
9.985730648040771484e-01
9.988400936126708984e-01
9.927687644958496094e-01
9.940905570983886719e-01
9.992075562477111816e-01
9.942206144332885742e-01
9.978682398796081543e-01
9.977027773857116699e-01
9.971436858177185059e-01
9.969583749771118164e-01
9.960486888885498047e-01
9.995168447494506836e-01
9.956958889961242676e-01
9.965178370475769043e-01
9.957041144371032715e-01
9.985824823379516602e-01
9.820314645767211914e-01
9.986384510993957520e-01
9.927366375923156738e-01
9.994821548461914062e-01
9.983345270156860352e-01
9.977237582206726074e-01
9.973683953285217285e-01
9.919812083244323730e-01
9.918014407157897949e-01
9.992451667785644531e-01
9.992359280586242676e-01
9.992831945419311523e-01
9.962025284767150879e-01
9.974189400672912598e-01
9.964663982391357422e-01
9.983309507369995117e-01
9.980682134628295898e-01
9.970576763153076172e-01
9.955324530601501465e-01
9.917722940444946289e-01
9.947416782379150391e-01
9.921696186065673828e-01
9.521955251693725586e-01
9.969037175178527832e-01
9.764051437377929688e-01
9.983466267585754395e-01
9.943647384643554688e-01
9.996896982192993164e-01
9.988580942153930664e-01
9.986568093299865723e-01
9.944044947624206543e-01
9.974008798599243164e-01
9.979416728019714355e-01
9.991506934165954590e-01
9.990106821060180664e-01
9.928990006446838379e-01
9.991555213928222656e-01
9.979987144470214844e-01
9.989280104637145996e-01
9.908358454704284668e-01
9.880384206771850586e-01
9.964790940284729004e-01
9.836680293083190918e-01
9.993156194686889648e-01
9.980041980743408203e-01
9.993479847908020020e-01
9.958721995353698730e-01
9.919326901435852051e-01
9.980694651603698730e-01
9.978044033050537109e-01
9.970104694366455078e-01
9.996212720870971680e-01
9.982992410659790039e-01
9.985685944557189941e-01
9.941384792327880859e-01
9.993674755096435547e-01
9.991226792335510254e-01
9.988613128662109375e-01
9.956071972846984863e-01
9.994906187057495117e-01
9.992738962173461914e-01
9.989862442016601562e-01
9.991095662117004395e-01
9.983083605766296387e-01
9.935447573661804199e-01
9.974915981292724609e-01
9.909849166870117188e-01
9.994435310363769531e-01
9.991333484649658203e-01
9.988238215446472168e-01
9.982154965400695801e-01
9.849007129669189453e-01
9.954639673233032227e-01
9.961784482002258301e-01
9.987896084785461426e-01
9.979598522186279297e-01
9.969178438186645508e-01
9.989265203475952148e-01
9.978125691413879395e-01
9.944511651992797852e-01
9.977860450744628906e-01
9.951703548431396484e-01
9.933347105979919434e-01
9.973998069763183594e-01
9.933899044990539551e-01
9.979947209358215332e-01
9.935823082923889160e-01
9.995948672294616699e-01
9.997906684875488281e-01
9.987781047821044922e-01
9.871359467506408691e-01
9.967128634452819824e-01
9.989245533943176270e-01
9.968829751014709473e-01
9.995967745780944824e-01
9.861683249473571777e-01
9.893993139266967773e-01
9.925796985626220703e-01
9.980370402336120605e-01
9.969212412834167480e-01
9.967527985572814941e-01
9.686913490295410156e-01
9.998584389686584473e-01
9.941321611404418945e-01
9.992330074310302734e-01
9.988577365875244141e-01
9.969037175178527832e-01
9.988114237785339355e-01
9.916582703590393066e-01
9.961814284324645996e-01
9.966382980346679688e-01
9.988942742347717285e-01
9.991379380226135254e-01
9.884126186370849609e-01
9.996953606605529785e-01
9.991990923881530762e-01
9.989985227584838867e-01
9.856796860694885254e-01
9.945264458656311035e-01
9.869287610054016113e-01
9.993052482604980469e-01
9.905485510826110840e-01
9.932349324226379395e-01
9.991512298583984375e-01
9.998482465744018555e-01
9.942455887794494629e-01
9.955608248710632324e-01
9.863927960395812988e-01
9.942764639854431152e-01
9.863772988319396973e-01
9.933214783668518066e-01
9.953452944755554199e-01
9.962198734283447266e-01
9.998976588249206543e-01
9.976338148117065430e-01
9.891614317893981934e-01
9.983428120613098145e-01
9.984501600265502930e-01
9.981096982955932617e-01
9.954481124877929688e-01
9.948303103446960449e-01
9.951059818267822266e-01
9.973164796829223633e-01
9.972639083862304688e-01
9.984318614006042480e-01
9.970563650131225586e-01
9.994033575057983398e-01
9.992088079452514648e-01
9.981120824813842773e-01
9.990416765213012695e-01
9.979222416877746582e-01
9.988356828689575195e-01
9.951593279838562012e-01
9.987165927886962891e-01
9.843868017196655273e-01
9.980238080024719238e-01
9.984351396560668945e-01
9.995312094688415527e-01
9.991904497146606445e-01
9.978639483451843262e-01
9.972127079963684082e-01
9.977346062660217285e-01
9.990246295928955078e-01
9.974215626716613770e-01
9.970659017562866211e-01
9.990271925926208496e-01
9.923609495162963867e-01
9.966212511062622070e-01
9.992243647575378418e-01
9.987364411354064941e-01
9.988538026809692383e-01
9.895974993705749512e-01
9.988554120063781738e-01
9.899839758872985840e-01
9.976017475128173828e-01
9.964193105697631836e-01
9.998374581336975098e-01
9.987826943397521973e-01
9.986718893051147461e-01
9.887973070144653320e-01
9.920089244842529297e-01
9.953948855400085449e-01
9.989889264106750488e-01
9.973107576370239258e-01
9.998213648796081543e-01
9.986745715141296387e-01
9.891003966331481934e-01
9.957053661346435547e-01
9.783073663711547852e-01
9.931988120079040527e-01
9.987413287162780762e-01
9.930021762847900391e-01
9.992672801017761230e-01
9.991349577903747559e-01
9.976446032524108887e-01
9.979982376098632812e-01
9.995890259742736816e-01
9.994899630546569824e-01
9.991353154182434082e-01
9.998467564582824707e-01
9.990047812461853027e-01
9.952439665794372559e-01
9.980557560920715332e-01
9.832420945167541504e-01
9.989942908287048340e-01
9.979763627052307129e-01
9.979860782623291016e-01
9.996421933174133301e-01
9.990198016166687012e-01
9.993706345558166504e-01
9.936851859092712402e-01
9.988725781440734863e-01
9.972407221794128418e-01
9.999146461486816406e-01
9.980164170265197754e-01
9.980438947677612305e-01
9.994575381278991699e-01
9.968745112419128418e-01
9.953431487083435059e-01
9.994702339172363281e-01
9.988740086555480957e-01
9.916815161705017090e-01
9.986038208007812500e-01
9.974840879440307617e-01
9.962637424468994141e-01
9.961251020431518555e-01
9.973251819610595703e-01
9.996809363365173340e-01
9.961693286895751953e-01
9.986091256141662598e-01
9.863081574440002441e-01
9.849642515182495117e-01
9.954239726066589355e-01
9.994161725044250488e-01
9.920360445976257324e-01
9.975763559341430664e-01
9.969316720962524414e-01
9.949497580528259277e-01
9.900077581405639648e-01
9.957142472267150879e-01
9.997032284736633301e-01
9.971857666969299316e-01
9.999551773071289062e-01
9.994876980781555176e-01
9.991866946220397949e-01
9.650480747222900391e-01
9.937235713005065918e-01
9.977240562438964844e-01
9.965816140174865723e-01
9.952691197395324707e-01
9.982711076736450195e-01
9.993232488632202148e-01
9.969357848167419434e-01
9.946656227111816406e-01
9.992371797561645508e-01
9.938674569129943848e-01
9.973114132881164551e-01
9.884750247001647949e-01
9.991677403450012207e-01
9.991990923881530762e-01
9.644411206245422363e-01
9.888402819633483887e-01
9.988830089569091797e-01
9.991929531097412109e-01
9.953579902648925781e-01
9.999310970306396484e-01
9.986494779586791992e-01
9.971954226493835449e-01
9.961876869201660156e-01
9.987434744834899902e-01
9.939810037612915039e-01
9.973147511482238770e-01
9.988500475883483887e-01
9.995125532150268555e-01
9.958817362785339355e-01
9.992278218269348145e-01
9.984020590782165527e-01
9.990050792694091797e-01
9.967381358146667480e-01
9.994212985038757324e-01
9.891993403434753418e-01
9.867438077926635742e-01
9.980967640876770020e-01
9.970486164093017578e-01
9.936065077781677246e-01
9.985417127609252930e-01
9.997039437294006348e-01
9.961354136466979980e-01
9.993156194686889648e-01
9.984406828880310059e-01
9.977831244468688965e-01
9.993451237678527832e-01
9.931805133819580078e-01
9.972040653228759766e-01
9.978682398796081543e-01
9.988631010055541992e-01
9.910750389099121094e-01
9.971370100975036621e-01
9.981552362442016602e-01
9.980259537696838379e-01
9.961799383163452148e-01
9.968194365501403809e-01
9.996546506881713867e-01
9.988534450531005859e-01
9.757331609725952148e-01
9.943056702613830566e-01
9.927946329116821289e-01
9.978839159011840820e-01
9.973477125167846680e-01
9.908123016357421875e-01
9.977687001228332520e-01
9.992331266403198242e-01
