9.938373565673828125e-01
9.987598061561584473e-01
9.951474070549011230e-01
9.973165392875671387e-01
9.805070757865905762e-01
9.937964081764221191e-01
9.997432827949523926e-01
9.985295534133911133e-01
9.995359778404235840e-01
9.983099699020385742e-01
9.998893737792968750e-01
9.962406754493713379e-01
9.993531107902526855e-01
9.912862777709960938e-01
9.927243590354919434e-01
9.989926815032958984e-01
9.971814155578613281e-01
9.980082511901855469e-01
9.971334934234619141e-01
9.987813830375671387e-01
9.959810376167297363e-01
9.965730905532836914e-01
9.996730685234069824e-01
9.973577260971069336e-01
9.987442493438720703e-01
9.981951713562011719e-01
9.999211430549621582e-01
9.969370961189270020e-01
9.967435598373413086e-01
9.949164986610412598e-01
9.990093111991882324e-01
9.904005527496337891e-01
9.898521900177001953e-01
9.918639659881591797e-01
9.929919838905334473e-01
9.970738887786865234e-01
9.994152784347534180e-01
9.988172054290771484e-01
9.970669746398925781e-01
9.932197928428649902e-01
9.988284707069396973e-01
9.961532950401306152e-01
9.992997646331787109e-01
9.901068806648254395e-01
9.966772794723510742e-01
9.996030926704406738e-01
9.986295104026794434e-01
9.987733364105224609e-01
9.988231658935546875e-01
9.950662255287170410e-01
9.996485710144042969e-01
9.993619918823242188e-01
9.918590188026428223e-01
9.986591339111328125e-01
9.951409697532653809e-01
9.979161024093627930e-01
9.975692629814147949e-01
9.999618530273437500e-01
9.989906549453735352e-01
9.999343752861022949e-01
9.924913644790649414e-01
9.720938205718994141e-01
9.953276515007019043e-01
9.991891980171203613e-01
9.918029308319091797e-01
9.974167943000793457e-01
9.987833499908447266e-01
9.830861687660217285e-01
9.982655048370361328e-01
9.991248846054077148e-01
9.985230565071105957e-01
9.992564916610717773e-01
9.977410435676574707e-01
9.952824115753173828e-01
9.885070323944091797e-01
9.978486299514770508e-01
9.983380436897277832e-01
9.976152181625366211e-01
9.968454241752624512e-01
9.958254098892211914e-01
9.978535771369934082e-01
9.952986240386962891e-01
9.990389943122863770e-01
9.976103901863098145e-01
9.942658543586730957e-01
9.929702877998352051e-01
9.917516112327575684e-01
9.989371299743652344e-01
9.932814240455627441e-01
9.996137022972106934e-01
9.951258897781372070e-01
9.913107752799987793e-01
9.993304610252380371e-01
9.961259961128234863e-01
9.967467188835144043e-01
9.993551373481750488e-01
9.949703216552734375e-01
9.955617189407348633e-01
9.963761568069458008e-01
9.972807168960571289e-01
9.902586340904235840e-01
9.965741634368896484e-01
9.987636208534240723e-01
9.942507743835449219e-01
9.993756413459777832e-01
9.978018999099731445e-01
9.993310570716857910e-01
9.949091672897338867e-01
9.986588358879089355e-01
9.976673126220703125e-01
9.976329803466796875e-01
9.938905239105224609e-01
9.978957176208496094e-01
9.986151456832885742e-01
9.991659522056579590e-01
9.989483356475830078e-01
9.960321187973022461e-01
9.862510561943054199e-01
9.698023796081542969e-01
9.965130686759948730e-01
9.980317354202270508e-01
9.964991211891174316e-01
9.925068616867065430e-01
9.941509962081909180e-01
9.941397905349731445e-01
9.950662851333618164e-01
9.990682601928710938e-01
9.992232918739318848e-01
9.996311664581298828e-01
9.916301369667053223e-01
9.995387792587280273e-01
9.994065761566162109e-01
9.541895985603332520e-01
9.942492842674255371e-01
9.945480823516845703e-01
9.947316646575927734e-01
9.988492727279663086e-01
9.963127970695495605e-01
9.992402195930480957e-01
9.934934377670288086e-01
9.990881681442260742e-01
9.764948487281799316e-01
9.690027832984924316e-01
9.980381727218627930e-01
9.976464509963989258e-01
9.988901019096374512e-01
9.989904165267944336e-01
9.960852265357971191e-01
9.979008436203002930e-01
9.924985766410827637e-01
9.995130300521850586e-01
9.971605539321899414e-01
9.983756542205810547e-01
9.939978718757629395e-01
9.992639422416687012e-01
9.851658344268798828e-01
9.984777569770812988e-01
9.953148365020751953e-01
9.956816434860229492e-01
9.995985031127929688e-01
9.808804988861083984e-01
9.899302124977111816e-01
9.982331395149230957e-01
9.992799162864685059e-01
9.983894228935241699e-01
9.993329048156738281e-01
9.980533719062805176e-01
9.988002777099609375e-01
9.982267618179321289e-01
9.947092533111572266e-01
9.986765980720520020e-01
9.854708313941955566e-01
9.992762207984924316e-01
9.935001134872436523e-01
9.970761537551879883e-01
9.929394721984863281e-01
9.969894289970397949e-01
9.941884875297546387e-01
9.974045157432556152e-01
9.995852112770080566e-01
9.959315061569213867e-01
9.985516667366027832e-01
9.989765882492065430e-01
9.994013905525207520e-01
9.989262223243713379e-01
9.897675514221191406e-01
9.985399842262268066e-01
9.986418485641479492e-01
9.988182783126831055e-01
9.994513988494873047e-01
9.909192323684692383e-01
9.984500408172607422e-01
9.964971542358398438e-01
9.979283213615417480e-01
9.818127751350402832e-01
9.970084428787231445e-01
9.992915987968444824e-01
9.959374666213989258e-01
9.988790154457092285e-01
9.781217575073242188e-01
9.986420273780822754e-01
9.984530210494995117e-01
9.950823783874511719e-01
9.740762710571289062e-01
9.955710172653198242e-01
9.992372989654541016e-01
9.988182187080383301e-01
9.944371581077575684e-01
9.945604801177978516e-01
9.992500543594360352e-01
9.902696013450622559e-01
9.935789108276367188e-01
9.946405291557312012e-01
9.991776943206787109e-01
9.995986819267272949e-01
9.935135841369628906e-01
9.986731410026550293e-01
9.996519684791564941e-01
9.869920611381530762e-01
9.975856542587280273e-01
9.984213709831237793e-01
9.986786842346191406e-01
9.995340704917907715e-01
9.992892146110534668e-01
9.993513822555541992e-01
9.949980974197387695e-01
9.970890879631042480e-01
9.951354861259460449e-01
9.986156821250915527e-01
9.954346418380737305e-01
9.989198446273803711e-01
9.986128807067871094e-01
9.960623383522033691e-01
9.949734807014465332e-01
9.986947178840637207e-01
9.742113947868347168e-01
9.991765618324279785e-01
9.996819496154785156e-01
9.931065440177917480e-01
9.953843355178833008e-01
9.988130331039428711e-01
9.936349391937255859e-01
9.974621534347534180e-01
9.929676055908203125e-01
9.928224682807922363e-01
9.993250966072082520e-01
9.968450069427490234e-01
9.944616556167602539e-01
9.957874417304992676e-01
9.936393499374389648e-01
9.962581992149353027e-01
9.910047054290771484e-01
9.997002482414245605e-01
9.963905215263366699e-01
9.991189837455749512e-01
9.985243678092956543e-01
9.975429773330688477e-01
9.978893995285034180e-01
9.991965293884277344e-01
9.993788599967956543e-01
9.971553683280944824e-01
9.972081184387207031e-01
9.989322423934936523e-01
9.977705478668212891e-01
9.923238754272460938e-01
9.976052045822143555e-01
9.978241324424743652e-01
9.797684550285339355e-01
9.993172883987426758e-01
9.985769391059875488e-01
9.938424229621887207e-01
9.974989891052246094e-01
9.989330768585205078e-01
9.936332702636718750e-01
9.937845468521118164e-01
9.980465769767761230e-01
9.961063265800476074e-01
9.969169497489929199e-01
9.983575344085693359e-01
9.985108971595764160e-01
9.944821000099182129e-01
9.992294311523437500e-01
9.915934205055236816e-01
9.949615001678466797e-01
9.980432987213134766e-01
9.998818039894104004e-01
9.977095723152160645e-01
9.991947412490844727e-01
9.980150461196899414e-01
9.931679368019104004e-01
9.963811635971069336e-01
9.987859725952148438e-01
9.954019784927368164e-01
9.980901479721069336e-01
9.975197911262512207e-01
9.976077079772949219e-01
9.963959455490112305e-01
9.997231364250183105e-01
9.998162984848022461e-01
9.970034360885620117e-01
9.994665384292602539e-01
9.997484087944030762e-01
9.986520409584045410e-01
9.996506571769714355e-01
9.988323450088500977e-01
9.977259635925292969e-01
9.726778268814086914e-01
9.991065263748168945e-01
9.988570809364318848e-01
9.977933168411254883e-01
9.856858849525451660e-01
9.959071874618530273e-01
9.987568259239196777e-01
9.954366683959960938e-01
9.967978596687316895e-01
9.967829585075378418e-01
9.969374537467956543e-01
9.982442259788513184e-01
9.987019300460815430e-01
9.992235302925109863e-01
9.723782539367675781e-01
9.920602440834045410e-01
9.981235861778259277e-01
9.982345104217529297e-01
9.935840368270874023e-01
9.962790608406066895e-01
9.991751313209533691e-01
9.861020445823669434e-01
9.929760098457336426e-01
9.992685914039611816e-01
9.981418251991271973e-01
9.946175217628479004e-01
9.837046265602111816e-01
9.988458752632141113e-01
9.999316930770874023e-01
9.984199404716491699e-01
9.973039031028747559e-01
9.955124855041503906e-01
9.941340088844299316e-01
9.847037196159362793e-01
9.987276792526245117e-01
9.979516863822937012e-01
9.995808601379394531e-01
9.986461400985717773e-01
9.994629621505737305e-01
9.970141649246215820e-01
9.973527789115905762e-01
9.985637068748474121e-01
9.996457099914550781e-01
9.994065761566162109e-01
9.972908496856689453e-01
9.951149821281433105e-01
9.957643747329711914e-01
9.938686490058898926e-01
9.992855191230773926e-01
9.884148836135864258e-01
9.927980899810791016e-01
9.995300173759460449e-01
9.903728365898132324e-01
9.993183016777038574e-01
9.967809915542602539e-01
9.973527789115905762e-01
9.908723831176757812e-01
9.961730241775512695e-01
9.992797970771789551e-01
9.966001510620117188e-01
9.987314939498901367e-01
9.972339272499084473e-01
9.983966946601867676e-01
9.956020712852478027e-01
9.981375932693481445e-01
9.970583915710449219e-01
9.918310046195983887e-01
9.936370849609375000e-01
9.984464049339294434e-01
9.857218265533447266e-01
9.998260140419006348e-01
9.915210604667663574e-01
9.976226687431335449e-01
9.957172274589538574e-01
9.896600246429443359e-01
9.985502958297729492e-01
9.911848902702331543e-01
9.966247081756591797e-01
9.974814057350158691e-01
9.989811778068542480e-01
9.979612231254577637e-01
9.935187101364135742e-01
9.941344261169433594e-01
9.955897331237792969e-01
9.994568228721618652e-01
9.987624287605285645e-01
9.963139295578002930e-01
9.885961413383483887e-01
9.992282390594482422e-01
9.971632361412048340e-01
9.969276785850524902e-01
9.945978522300720215e-01
9.991846680641174316e-01
9.969823360443115234e-01
9.993549585342407227e-01
9.695402383804321289e-01
9.991527795791625977e-01
9.992225766181945801e-01
9.994361400604248047e-01
9.974483251571655273e-01
9.984913468360900879e-01
9.976114630699157715e-01
9.959623217582702637e-01
9.974894523620605469e-01
9.937299489974975586e-01
9.964761137962341309e-01
9.992728233337402344e-01
9.992065429687500000e-01
9.945091009140014648e-01
9.990862607955932617e-01
9.955592751502990723e-01
9.974348545074462891e-01
9.999305009841918945e-01
9.991187453269958496e-01
9.996219277381896973e-01
9.973732829093933105e-01
9.990566372871398926e-01
9.982441663742065430e-01
9.927418231964111328e-01
9.994073510169982910e-01
9.927768707275390625e-01
9.974773526191711426e-01
9.996992945671081543e-01
9.944447278976440430e-01
9.981425404548645020e-01
9.916617870330810547e-01
9.923831820487976074e-01
9.986335635185241699e-01
9.984312653541564941e-01
9.927111268043518066e-01
9.992091059684753418e-01
9.956415295600891113e-01
9.827775955200195312e-01
9.971426725387573242e-01
9.968811273574829102e-01
9.959767460823059082e-01
9.923489689826965332e-01
9.981352090835571289e-01
9.991652965545654297e-01
9.969952702522277832e-01
9.959708452224731445e-01
9.973980784416198730e-01
9.979401230812072754e-01
9.981377124786376953e-01
9.992774128913879395e-01
9.997859001159667969e-01
9.974122047424316406e-01
9.971359968185424805e-01
9.968254566192626953e-01
9.957668781280517578e-01
9.971741437911987305e-01
9.984955787658691406e-01
9.990562796592712402e-01
9.979848861694335938e-01
9.899716973304748535e-01
9.955592155456542969e-01
9.994212388992309570e-01
9.982730746269226074e-01
9.994079470634460449e-01
9.974215626716613770e-01
9.990358948707580566e-01
9.937465786933898926e-01
9.999278783798217773e-01
9.878241419792175293e-01
9.987760782241821289e-01
9.993522763252258301e-01
9.997547268867492676e-01
9.988219141960144043e-01
9.978793859481811523e-01
9.959980249404907227e-01
9.986737966537475586e-01
9.908015131950378418e-01
9.990443587303161621e-01
9.978162646293640137e-01
9.990234971046447754e-01
9.991683959960937500e-01
9.969685673713684082e-01
9.937790036201477051e-01
9.957858324050903320e-01
9.917415976524353027e-01
9.969729781150817871e-01
9.971255064010620117e-01
9.991117119789123535e-01
9.953480958938598633e-01
9.939608573913574219e-01
9.987420439720153809e-01
9.985136389732360840e-01
9.992187023162841797e-01
9.789413809776306152e-01
9.982420206069946289e-01
9.964358806610107422e-01
9.976506829261779785e-01
9.926896095275878906e-01
9.991642832756042480e-01
9.956517219543457031e-01
9.939720034599304199e-01
9.977215528488159180e-01
9.966648221015930176e-01
9.983103275299072266e-01
9.986495375633239746e-01
9.981963634490966797e-01
9.991501569747924805e-01
9.681185483932495117e-01
9.973084330558776855e-01
9.949034452438354492e-01
9.980733394622802734e-01
9.972810745239257812e-01
9.990594983100891113e-01
9.935851097106933594e-01
9.532015323638916016e-01
9.978312253952026367e-01
9.936959147453308105e-01
9.947021007537841797e-01
9.829998016357421875e-01
9.928842186927795410e-01
9.946753978729248047e-01
9.970826506614685059e-01
9.778383374214172363e-01
9.954729080200195312e-01
9.976921677589416504e-01
9.976820349693298340e-01
9.996568560600280762e-01
9.973325133323669434e-01
9.996501803398132324e-01
9.953804016113281250e-01
9.969859719276428223e-01
9.939374923706054688e-01
9.983794689178466797e-01
9.989569783210754395e-01
9.984236359596252441e-01
9.987503886222839355e-01
9.979659318923950195e-01
9.916197657585144043e-01
9.972763061523437500e-01
9.817996025085449219e-01
9.990869760513305664e-01
9.965056180953979492e-01
9.964038133621215820e-01
9.975857138633728027e-01
9.920241236686706543e-01
9.988663792610168457e-01
9.970255494117736816e-01
9.958544969558715820e-01
9.992778301239013672e-01
9.973195791244506836e-01
9.898743629455566406e-01
9.969407916069030762e-01
9.991927742958068848e-01
9.902618527412414551e-01
9.909379482269287109e-01
9.984082579612731934e-01
9.988868236541748047e-01
9.979752302169799805e-01
9.956977963447570801e-01
9.981428980827331543e-01
9.976637363433837891e-01
9.976962208747863770e-01
9.991866946220397949e-01
9.968430399894714355e-01
9.957640171051025391e-01
9.961782097816467285e-01
9.989697337150573730e-01
9.933726787567138672e-01
9.861385822296142578e-01
9.907593131065368652e-01
9.987950921058654785e-01
9.973267912864685059e-01
9.998190999031066895e-01
9.980227351188659668e-01
9.990921616554260254e-01
9.983080625534057617e-01
9.992502331733703613e-01
9.976972341537475586e-01
9.991177916526794434e-01
9.939238429069519043e-01
9.974449276924133301e-01
9.988915324211120605e-01
9.846688508987426758e-01
9.975854754447937012e-01
9.938319325447082520e-01
9.992725849151611328e-01
9.983697533607482910e-01
9.820122122764587402e-01
9.887809753417968750e-01
9.987667798995971680e-01
9.999899268150329590e-01
9.992653727531433105e-01
9.992064237594604492e-01
9.904965162277221680e-01
9.839682579040527344e-01
9.971162080764770508e-01
9.965975284576416016e-01
9.971628189086914062e-01
9.993526935577392578e-01
9.986845850944519043e-01
9.867382049560546875e-01
9.986635446548461914e-01
9.953269958496093750e-01
9.964904785156250000e-01
9.883601069450378418e-01
9.950489997863769531e-01
9.913063049316406250e-01
9.992619156837463379e-01
9.909701943397521973e-01
9.899999499320983887e-01
9.951489567756652832e-01
9.931197762489318848e-01
9.989289641380310059e-01
9.994055032730102539e-01
9.931419491767883301e-01
9.837051033973693848e-01
9.991192221641540527e-01
9.965388178825378418e-01
9.923989176750183105e-01
9.979533553123474121e-01
9.889116883277893066e-01
9.974328279495239258e-01
9.939004778861999512e-01
9.971790909767150879e-01
9.979730248451232910e-01
9.970550537109375000e-01
9.989473223686218262e-01
9.958218932151794434e-01
9.986497163772583008e-01
9.791681170463562012e-01
9.957813620567321777e-01
9.820795059204101562e-01
9.951556324958801270e-01
9.973032474517822266e-01
9.909864664077758789e-01
9.981964826583862305e-01
9.988161921501159668e-01
9.992840886116027832e-01
9.980428814888000488e-01
9.982892274856567383e-01
9.978121519088745117e-01
9.857974648475646973e-01
9.970809817314147949e-01
9.996488094329833984e-01
9.940771460533142090e-01
9.893696904182434082e-01
9.928033351898193359e-01
9.951041340827941895e-01
9.936531186103820801e-01
9.913564324378967285e-01
9.919223785400390625e-01
9.897292256355285645e-01
9.986884593963623047e-01
9.959973692893981934e-01
9.924091696739196777e-01
9.987713694572448730e-01
9.985568523406982422e-01
9.990301132202148438e-01
9.992622733116149902e-01
9.967800974845886230e-01
9.980406761169433594e-01
9.810435175895690918e-01
9.971224069595336914e-01
9.981405735015869141e-01
9.982525706291198730e-01
9.990538954734802246e-01
9.970998167991638184e-01
9.989564418792724609e-01
9.942560195922851562e-01
9.996889233589172363e-01
9.430303573608398438e-01
9.992826581001281738e-01
9.970141649246215820e-01
9.895510673522949219e-01
9.976651072502136230e-01
9.933716058731079102e-01
9.984582662582397461e-01
9.963461160659790039e-01
9.989779591560363770e-01
9.990344047546386719e-01
9.899309277534484863e-01
9.935233592987060547e-01
9.998933672904968262e-01
9.989547729492187500e-01
9.903222322463989258e-01
9.913193583488464355e-01
9.925838112831115723e-01
9.928972721099853516e-01
9.999342560768127441e-01
9.924196600914001465e-01
9.974603056907653809e-01
9.917791485786437988e-01
9.917159080505371094e-01
9.982909560203552246e-01
9.899589419364929199e-01
9.990893602371215820e-01
9.998803734779357910e-01
9.920742511749267578e-01
9.956626892089843750e-01
9.956477284431457520e-01
9.969781041145324707e-01
9.999474287033081055e-01
9.988495111465454102e-01
9.860593080520629883e-01
9.997933506965637207e-01
9.991067051887512207e-01
9.941268563270568848e-01
9.955965280532836914e-01
9.965445995330810547e-01
9.990285038948059082e-01
9.890969991683959961e-01
9.931582808494567871e-01
9.998708963394165039e-01
9.975445866584777832e-01
9.982562661170959473e-01
9.989938139915466309e-01
9.997241497039794922e-01
9.921517372131347656e-01
9.979558587074279785e-01
9.966501593589782715e-01
9.889632463455200195e-01
9.951627850532531738e-01
9.994245767593383789e-01
9.930400252342224121e-01
9.968819618225097656e-01
9.992210865020751953e-01
9.945299029350280762e-01
9.981764554977416992e-01
9.939348697662353516e-01
9.964021444320678711e-01
9.944265484809875488e-01
9.976938962936401367e-01
9.980886578559875488e-01
9.991373419761657715e-01
9.992086887359619141e-01
9.928343296051025391e-01
9.985645413398742676e-01
9.971089959144592285e-01
9.992032647132873535e-01
9.932713508605957031e-01
9.928678274154663086e-01
9.975651502609252930e-01
9.952110052108764648e-01
9.984983801841735840e-01
9.982514381408691406e-01
9.991354942321777344e-01
9.857237339019775391e-01
9.979861974716186523e-01
9.985730051994323730e-01
9.979568123817443848e-01
9.995563626289367676e-01
9.929388165473937988e-01
9.923431873321533203e-01
9.977570176124572754e-01
9.986249804496765137e-01
9.893567562103271484e-01
9.951793551445007324e-01
9.935646057128906250e-01
9.974050521850585938e-01
9.987843632698059082e-01
9.930790066719055176e-01
9.808771014213562012e-01
9.939069747924804688e-01
9.989002943038940430e-01
9.971908330917358398e-01
9.987218379974365234e-01
9.983032345771789551e-01
9.973312616348266602e-01
9.963604807853698730e-01
9.990133643150329590e-01
9.978342652320861816e-01
9.987372756004333496e-01
9.927245974540710449e-01
9.919005632400512695e-01
9.499755501747131348e-01
9.988051652908325195e-01
9.945436120033264160e-01
9.987427592277526855e-01
9.996427297592163086e-01
9.989357590675354004e-01
9.977990388870239258e-01
9.994238018989562988e-01
9.951227307319641113e-01
9.972260594367980957e-01
9.930920004844665527e-01
9.957290887832641602e-01
9.963051080703735352e-01
9.971103668212890625e-01
9.947080016136169434e-01
9.952256083488464355e-01
9.950660467147827148e-01
9.996577501296997070e-01
9.864661693572998047e-01
9.970149993896484375e-01
9.988329410552978516e-01
9.969925880432128906e-01
9.993012547492980957e-01
9.967762231826782227e-01
9.984766244888305664e-01
9.894230961799621582e-01
9.972365498542785645e-01
9.981560111045837402e-01
9.979721903800964355e-01
9.981690645217895508e-01
9.982219934463500977e-01
9.991800189018249512e-01
9.985678791999816895e-01
9.878420829772949219e-01
9.978731870651245117e-01
9.938210248947143555e-01
9.969720840454101562e-01
9.999217987060546875e-01
9.808268547058105469e-01
9.967786669731140137e-01
9.983903169631958008e-01
9.926667809486389160e-01
9.951572418212890625e-01
9.951406717300415039e-01
9.974641799926757812e-01
9.858031272888183594e-01
9.982159137725830078e-01
9.920730590820312500e-01
9.918152689933776855e-01
9.991486668586730957e-01
9.976109266281127930e-01
9.936094284057617188e-01
9.878570437431335449e-01
9.949483275413513184e-01
9.991647005081176758e-01
9.947574138641357422e-01
9.962244033813476562e-01
9.972117543220520020e-01
9.933461546897888184e-01
9.963825345039367676e-01
9.962282180786132812e-01
9.782716631889343262e-01
9.826461076736450195e-01
9.791250824928283691e-01
9.994794726371765137e-01
9.996890425682067871e-01
9.961983561515808105e-01
9.979643225669860840e-01
9.969917535781860352e-01
9.982660412788391113e-01
9.977284073829650879e-01
9.910212159156799316e-01
9.956876635551452637e-01
9.876239895820617676e-01
9.983614087104797363e-01
9.963973164558410645e-01
9.987833499908447266e-01
9.900324344635009766e-01
9.932398796081542969e-01
9.973462820053100586e-01
9.932489395141601562e-01
9.982216954231262207e-01
9.975740909576416016e-01
9.964034557342529297e-01
9.983680248260498047e-01
9.984917044639587402e-01
9.922245144844055176e-01
9.953452944755554199e-01
9.933653473854064941e-01
9.983078241348266602e-01
9.985027909278869629e-01
9.986670613288879395e-01
9.962012171745300293e-01
9.980543851852416992e-01
9.940497279167175293e-01
9.912978410720825195e-01
9.987987875938415527e-01
9.789059162139892578e-01
9.892429709434509277e-01
9.645534157752990723e-01
9.932315349578857422e-01
9.958454966545104980e-01
9.910273551940917969e-01
9.978154897689819336e-01
9.984615445137023926e-01
9.832427501678466797e-01
9.963580369949340820e-01
9.963552951812744141e-01
9.998467564582824707e-01
9.824947714805603027e-01
9.952941536903381348e-01
9.965485334396362305e-01
9.942600727081298828e-01
9.879025816917419434e-01
9.998218417167663574e-01
9.946061968803405762e-01
9.965833425521850586e-01
9.965426921844482422e-01
9.982368350028991699e-01
9.980507493019104004e-01
9.969613552093505859e-01
9.969397187232971191e-01
9.985811710357666016e-01
9.977073073387145996e-01
9.957163333892822266e-01
9.991374015808105469e-01
9.999226927757263184e-01
9.948192834854125977e-01
9.918133616447448730e-01
9.913101792335510254e-01
9.948924779891967773e-01
9.984782338142395020e-01
9.946559071540832520e-01
9.993763566017150879e-01
9.985556602478027344e-01
9.979423284530639648e-01
9.970450997352600098e-01
9.876168966293334961e-01
9.948979020118713379e-01
9.998758435249328613e-01
9.947365522384643555e-01
9.969973564147949219e-01
9.952743649482727051e-01
9.975524544715881348e-01
9.994706511497497559e-01
9.973093867301940918e-01
9.958335161209106445e-01
9.969211220741271973e-01
9.940052628517150879e-01
9.978858232498168945e-01
9.871070981025695801e-01
9.998410940170288086e-01
9.963126778602600098e-01
9.940163493156433105e-01
9.881404638290405273e-01
9.989957809448242188e-01
9.997683763504028320e-01
9.944774508476257324e-01
9.978923797607421875e-01
9.966624975204467773e-01
9.985551238059997559e-01
9.994533061981201172e-01
9.990679025650024414e-01
9.952365159988403320e-01
9.958703517913818359e-01
9.964900016784667969e-01
9.999031424522399902e-01
9.978660941123962402e-01
9.981870055198669434e-01
9.935820102691650391e-01
9.979541897773742676e-01
9.949157834053039551e-01
9.908463954925537109e-01
9.988996386528015137e-01
9.974473714828491211e-01
9.996700882911682129e-01
9.972981810569763184e-01
9.999013543128967285e-01
9.974470138549804688e-01
9.998401999473571777e-01
9.980570673942565918e-01
9.960377216339111328e-01
9.943627715110778809e-01
9.946908950805664062e-01
9.976719617843627930e-01
9.947637319564819336e-01
9.977262616157531738e-01
9.987516999244689941e-01
9.954068064689636230e-01
9.947770237922668457e-01
9.962549209594726562e-01
9.988544583320617676e-01
9.957728385925292969e-01
9.709975719451904297e-01
9.989989399909973145e-01
9.923020005226135254e-01
9.994262456893920898e-01
9.881133437156677246e-01
9.967492818832397461e-01
9.981645345687866211e-01
9.941376447677612305e-01
9.985302090644836426e-01
9.999783039093017578e-01
9.998155832290649414e-01
9.395952224731445312e-01
9.983081221580505371e-01
9.978964924812316895e-01
9.990824460983276367e-01
9.932458400726318359e-01
9.941073060035705566e-01
9.992540478706359863e-01
9.968056082725524902e-01
9.959023594856262207e-01
9.973059892654418945e-01
9.948397278785705566e-01
9.970910549163818359e-01
9.968810081481933594e-01
9.967198967933654785e-01
9.967328310012817383e-01
9.960954189300537109e-01
9.956368207931518555e-01
9.982170462608337402e-01
9.884359240531921387e-01
9.963715672492980957e-01
9.980530142784118652e-01
9.996796846389770508e-01
9.981281161308288574e-01
9.973860383033752441e-01
9.982743859291076660e-01
9.948887228965759277e-01
9.989362359046936035e-01
9.991376399993896484e-01
9.992030262947082520e-01
9.993605613708496094e-01
9.974599480628967285e-01
9.972057342529296875e-01
9.963995218276977539e-01
9.981457591056823730e-01
9.975218772888183594e-01
9.989591836929321289e-01
9.972975254058837891e-01
9.891281723976135254e-01
9.949711561203002930e-01
9.928690195083618164e-01
9.962641596794128418e-01
9.788953065872192383e-01
9.748200774192810059e-01
9.987500309944152832e-01
9.936236143112182617e-01
9.996927976608276367e-01
9.984293580055236816e-01
9.949197769165039062e-01
9.960794448852539062e-01
9.973879456520080566e-01
9.980526566505432129e-01
9.994875192642211914e-01
9.992442727088928223e-01
9.935865402221679688e-01
9.992529749870300293e-01
9.979857802391052246e-01
9.989917278289794922e-01
9.963207840919494629e-01
9.882187247276306152e-01
9.961371421813964844e-01
9.617242217063903809e-01
9.993815422058105469e-01
9.980271458625793457e-01
9.995675683021545410e-01
9.941011071205139160e-01
9.957461953163146973e-01
9.978620409965515137e-01
9.967363476753234863e-01
9.968745112419128418e-01
9.993892908096313477e-01
9.984794855117797852e-01
9.958170652389526367e-01
9.943363666534423828e-01
9.984955191612243652e-01
9.978609085083007812e-01
9.985496997833251953e-01
9.948325157165527344e-01
9.995967745780944824e-01
9.988560676574707031e-01
9.981701374053955078e-01
9.989340305328369141e-01
9.982013702392578125e-01
9.971541166305541992e-01
9.950249791145324707e-01
9.958725571632385254e-01
9.980753660202026367e-01
9.992299675941467285e-01
9.977859258651733398e-01
9.947388172149658203e-01
9.909471869468688965e-01
9.982351660728454590e-01
9.949926137924194336e-01
9.991605281829833984e-01
9.980836510658264160e-01
9.983794689178466797e-01
9.982171058654785156e-01
9.972964525222778320e-01
9.954188466072082520e-01
9.972098469734191895e-01
9.945391416549682617e-01
9.948675036430358887e-01
9.984756112098693848e-01
9.930570125579833984e-01
9.976390600204467773e-01
9.990245699882507324e-01
9.980924725532531738e-01
9.977329373359680176e-01
9.988065361976623535e-01
9.902179837226867676e-01
9.954882860183715820e-01
9.979778528213500977e-01
9.972403049468994141e-01
9.996467828750610352e-01
9.878782629966735840e-01
9.883747100830078125e-01
9.997819066047668457e-01
9.977448582649230957e-01
9.959743618965148926e-01
9.959439039230346680e-01
9.674766659736633301e-01
9.992609024047851562e-01
9.933353662490844727e-01
9.993632435798645020e-01
9.989780783653259277e-01
9.976456761360168457e-01
9.982755184173583984e-01
9.919301867485046387e-01
9.963440895080566406e-01
9.970965385437011719e-01
9.989295005798339844e-01
9.991896152496337891e-01
9.890831112861633301e-01
9.997384548187255859e-01
9.990468621253967285e-01
9.987115859985351562e-01
9.852942228317260742e-01
9.939256310462951660e-01
9.889736771583557129e-01
9.989902973175048828e-01
9.919722676277160645e-01
9.977531433105468750e-01
9.992839097976684570e-01
9.998501539230346680e-01
9.891781806945800781e-01
9.981628060340881348e-01
9.880971312522888184e-01
9.946858882904052734e-01
9.904927611351013184e-01
9.854630231857299805e-01
9.950181245803833008e-01
9.966756701469421387e-01
9.997918605804443359e-01
9.982230663299560547e-01
9.955902099609375000e-01
9.990196228027343750e-01
9.995903968811035156e-01
9.982576370239257812e-01
9.956470131874084473e-01
9.947426319122314453e-01
9.948141574859619141e-01
9.960638284683227539e-01
9.971581697463989258e-01
9.994075298309326172e-01
9.996750950813293457e-01
9.969965815544128418e-01
9.997348189353942871e-01
9.985073804855346680e-01
9.987965226173400879e-01
9.984084963798522949e-01
9.987483620643615723e-01
9.987306594848632812e-01
9.986070394515991211e-01
9.838005304336547852e-01
9.969225525856018066e-01
9.981243610382080078e-01
9.992012381553649902e-01
9.991945624351501465e-01
9.952092766761779785e-01
9.996456503868103027e-01
9.977605938911437988e-01
9.978965520858764648e-01
9.993931651115417480e-01
9.961623549461364746e-01
9.968191385269165039e-01
9.999192953109741211e-01
9.848632216453552246e-01
9.929654002189636230e-01
9.990211725234985352e-01
9.981852173805236816e-01
9.981287121772766113e-01
9.900732636451721191e-01
9.990142583847045898e-01
9.906084537506103516e-01
9.978119730949401855e-01
9.954051375389099121e-01
9.998527765274047852e-01
9.993222951889038086e-01
9.983510971069335938e-01
9.931229352951049805e-01
9.994367957115173340e-01
9.950596690177917480e-01
9.975818991661071777e-01
9.969218373298645020e-01
9.986328482627868652e-01
9.990150928497314453e-01
9.884991645812988281e-01
9.926127195358276367e-01
9.899247288703918457e-01
9.921925067901611328e-01
9.987362027168273926e-01
9.937775731086730957e-01
9.999150633811950684e-01
9.990634918212890625e-01
9.989464879035949707e-01
9.981346726417541504e-01
9.994279742240905762e-01
9.995251297950744629e-01
9.990051388740539551e-01
9.953795671463012695e-01
9.990261793136596680e-01
9.951733946800231934e-01
9.978889822959899902e-01
9.880113005638122559e-01
9.992623925209045410e-01
9.979767203330993652e-01
9.977541565895080566e-01
9.995056390762329102e-01
9.992158412933349609e-01
9.991232752799987793e-01
9.955629706382751465e-01
9.983348250389099121e-01
9.985039830207824707e-01
9.999257922172546387e-01
9.978618025779724121e-01
9.932250380516052246e-01
9.993159174919128418e-01
9.987465739250183105e-01
9.963864684104919434e-01
9.996717572212219238e-01
9.990389347076416016e-01
9.976406693458557129e-01
9.969136118888854980e-01
9.977332353591918945e-01
9.948989152908325195e-01
9.946904778480529785e-01
9.977541565895080566e-01
9.973881840705871582e-01
9.989351630210876465e-01
9.988414049148559570e-01
9.931507110595703125e-01
9.907096624374389648e-01
9.958220720291137695e-01
9.994800686836242676e-01
9.957753419876098633e-01
9.945285916328430176e-01
9.960522055625915527e-01
9.977397918701171875e-01
9.880773425102233887e-01
9.970052838325500488e-01
9.992600083351135254e-01
9.973375797271728516e-01
9.998819231986999512e-01
9.993962645530700684e-01
9.992966055870056152e-01
9.654391407966613770e-01
9.930213689804077148e-01
9.964530467987060547e-01
9.966758489608764648e-01
9.956859946250915527e-01
9.982511997222900391e-01
9.993482232093811035e-01
9.897825717926025391e-01
9.901112914085388184e-01
9.991621971130371094e-01
9.942163228988647461e-01
9.976987838745117188e-01
9.953974485397338867e-01
9.985572695732116699e-01
9.991931915283203125e-01
9.937193989753723145e-01
9.949265718460083008e-01
9.989145398139953613e-01
9.994247555732727051e-01
9.979133009910583496e-01
9.997532367706298828e-01
9.987385272979736328e-01
9.991428256034851074e-01
9.949021935462951660e-01
9.985192418098449707e-01
9.957658648490905762e-01
9.967352151870727539e-01
9.963748455047607422e-01
9.994728565216064453e-01
9.961247444152832031e-01
9.992982149124145508e-01
9.974796175956726074e-01
9.976793527603149414e-01
9.994807839393615723e-01
9.991697072982788086e-01
9.953624606132507324e-01
9.911538362503051758e-01
9.982222318649291992e-01
9.968835711479187012e-01
9.940143823623657227e-01
9.961066246032714844e-01
9.998707175254821777e-01
9.967678189277648926e-01
9.974102973937988281e-01
9.990167617797851562e-01
9.975016117095947266e-01
9.993650913238525391e-01
9.947181940078735352e-01
9.934390187263488770e-01
9.981661438941955566e-01
9.984068870544433594e-01
9.897347688674926758e-01
9.971379637718200684e-01
9.986390471458435059e-01
9.998121261596679688e-01
9.963976144790649414e-01
9.892135262489318848e-01
9.996004700660705566e-01
9.993041157722473145e-01
9.777467846870422363e-01
9.944322109222412109e-01
9.928524494171142578e-01
9.979157447814941406e-01
9.945984482765197754e-01
9.930365085601806641e-01
9.975745081901550293e-01
9.993605017662048340e-01
