7.658401727676391602e-01
9.963493347167968750e-01
9.963285326957702637e-01
9.934207797050476074e-01
9.887136816978454590e-01
9.612178206443786621e-01
9.897011518478393555e-01
9.961881041526794434e-01
9.966719150543212891e-01
9.968779683113098145e-01
9.867735505104064941e-01
9.795418977737426758e-01
9.982321858406066895e-01
9.815798997879028320e-01
9.994378089904785156e-01
9.974331855773925781e-01
9.980176687240600586e-01
9.881649613380432129e-01
9.917784333229064941e-01
9.913174510002136230e-01
9.741688370704650879e-01
9.949069619178771973e-01
9.845682382583618164e-01
9.928604960441589355e-01
9.897970557212829590e-01
9.956134557723999023e-01
9.907225966453552246e-01
9.964259862899780273e-01
9.992426633834838867e-01
9.957655072212219238e-01
9.831326603889465332e-01
9.805359840393066406e-01
9.877121448516845703e-01
9.843056201934814453e-01
9.813987612724304199e-01
9.960388541221618652e-01
9.806283116340637207e-01
9.957856535911560059e-01
9.804787039756774902e-01
9.915779829025268555e-01
9.944422245025634766e-01
9.807005524635314941e-01
9.971708655357360840e-01
9.988511800765991211e-01
9.927667379379272461e-01
9.979267120361328125e-01
9.947541952133178711e-01
9.806583523750305176e-01
9.949415326118469238e-01
9.928959012031555176e-01
9.885797500610351562e-01
9.849719405174255371e-01
9.813711047172546387e-01
9.872559309005737305e-01
9.983209967613220215e-01
9.944657087326049805e-01
9.944280982017517090e-01
9.863177537918090820e-01
9.999346137046813965e-01
9.992138743400573730e-01
9.875043034553527832e-01
9.794417619705200195e-01
9.842287898063659668e-01
9.960150122642517090e-01
9.972788691520690918e-01
9.938944578170776367e-01
9.530448913574218750e-01
9.932979941368103027e-01
9.949805736541748047e-01
9.961044788360595703e-01
9.831504821777343750e-01
9.996431469917297363e-01
9.982334971427917480e-01
9.940782189369201660e-01
9.662020802497863770e-01
9.910040497779846191e-01
9.964467883110046387e-01
9.923245310783386230e-01
9.836727976799011230e-01
9.714143276214599609e-01
9.900154471397399902e-01
9.628114104270935059e-01
9.953514933586120605e-01
9.928029179573059082e-01
9.449680447578430176e-01
9.998549222946166992e-01
9.932705760002136230e-01
9.989983439445495605e-01
9.875370264053344727e-01
9.994294047355651855e-01
9.765904545783996582e-01
9.924479126930236816e-01
9.951696991920471191e-01
8.404682278633117676e-01
9.858321547508239746e-01
9.992786049842834473e-01
9.859907031059265137e-01
9.670692086219787598e-01
9.968919754028320312e-01
9.924448132514953613e-01
9.931553006172180176e-01
9.961916804313659668e-01
9.913756847381591797e-01
9.914839863777160645e-01
9.851540923118591309e-01
9.990260601043701172e-01
9.917782545089721680e-01
9.940362572669982910e-01
9.973808526992797852e-01
9.965229034423828125e-01
9.948360323905944824e-01
9.857950806617736816e-01
9.884966015815734863e-01
9.818060398101806641e-01
9.974138736724853516e-01
9.880551695823669434e-01
9.899902939796447754e-01
9.987442493438720703e-01
9.968807697296142578e-01
9.941278100013732910e-01
9.945533275604248047e-01
9.769544005393981934e-01
9.816004037857055664e-01
9.974358081817626953e-01
9.978736639022827148e-01
9.906411170959472656e-01
9.612821936607360840e-01
9.950619339942932129e-01
9.969646334648132324e-01
9.732161760330200195e-01
9.849628806114196777e-01
9.996080994606018066e-01
9.967414140701293945e-01
9.936160445213317871e-01
9.705135226249694824e-01
9.993856549263000488e-01
9.920327663421630859e-01
9.892851710319519043e-01
9.864837527275085449e-01
9.939866662025451660e-01
9.939953088760375977e-01
9.936376214027404785e-01
9.966111183166503906e-01
9.650263190269470215e-01
9.903355240821838379e-01
9.978358745574951172e-01
9.926881194114685059e-01
9.928934574127197266e-01
9.372855424880981445e-01
9.798619151115417480e-01
9.886951446533203125e-01
9.935867190361022949e-01
9.951991438865661621e-01
9.717610478401184082e-01
9.985523223876953125e-01
9.942817091941833496e-01
9.937002658843994141e-01
9.948752522468566895e-01
9.933955073356628418e-01
9.984914660453796387e-01
9.876419901847839355e-01
9.739212989807128906e-01
9.921574592590332031e-01
9.951021075248718262e-01
9.956607818603515625e-01
9.997979998588562012e-01
9.999618530273437500e-01
9.845330715179443359e-01
9.844518303871154785e-01
9.981071352958679199e-01
9.797206521034240723e-01
9.866472482681274414e-01
9.969637989997863770e-01
9.958075284957885742e-01
9.925920367240905762e-01
9.901774525642395020e-01
9.415310025215148926e-01
9.688057303428649902e-01
9.980910420417785645e-01
9.776154160499572754e-01
9.928691983222961426e-01
9.926300048828125000e-01
9.979692697525024414e-01
9.999234080314636230e-01
9.998359680175781250e-01
9.932540059089660645e-01
9.980961680412292480e-01
9.915516972541809082e-01
9.908870458602905273e-01
9.955761432647705078e-01
9.958426952362060547e-01
9.941288232803344727e-01
9.911110997200012207e-01
9.893231987953186035e-01
9.981248378753662109e-01
9.953067302703857422e-01
9.695630669593811035e-01
7.829170227050781250e-01
9.920287728309631348e-01
9.996051192283630371e-01
9.943020343780517578e-01
9.983137249946594238e-01
9.985871315002441406e-01
9.921770095825195312e-01
9.968098402023315430e-01
9.958789944648742676e-01
9.912980794906616211e-01
9.959586858749389648e-01
9.988117218017578125e-01
9.904122948646545410e-01
9.966120123863220215e-01
9.890521168708801270e-01
9.891356229782104492e-01
9.830932617187500000e-01
9.997477531433105469e-01
9.876742959022521973e-01
9.939507246017456055e-01
9.887226819992065430e-01
9.883798360824584961e-01
9.983298778533935547e-01
9.924879074096679688e-01
9.918078780174255371e-01
9.954638481140136719e-01
9.882248640060424805e-01
9.752123951911926270e-01
9.938014745712280273e-01
9.959094524383544922e-01
9.841787815093994141e-01
9.961428046226501465e-01
9.831348061561584473e-01
9.883486628532409668e-01
9.911983013153076172e-01
9.903230667114257812e-01
9.988377690315246582e-01
9.915857315063476562e-01
9.687355160713195801e-01
9.955163002014160156e-01
9.923925995826721191e-01
9.743506312370300293e-01
9.860810041427612305e-01
9.954229593276977539e-01
9.055901765823364258e-01
9.714310765266418457e-01
9.945763349533081055e-01
9.994453787803649902e-01
9.932963848114013672e-01
9.865022897720336914e-01
9.949029684066772461e-01
9.987745285034179688e-01
9.029201865196228027e-01
9.781308174133300781e-01
9.947966933250427246e-01
7.595078945159912109e-01
9.932782649993896484e-01
9.909848570823669434e-01
9.794926643371582031e-01
9.984826445579528809e-01
9.920243620872497559e-01
9.960881471633911133e-01
9.811218976974487305e-01
9.977327585220336914e-01
9.372800588607788086e-01
9.887233972549438477e-01
9.962040781974792480e-01
9.966051578521728516e-01
9.935270547866821289e-01
9.741344451904296875e-01
9.995846748352050781e-01
9.612163305282592773e-01
9.916432499885559082e-01
9.935212135314941406e-01
9.998733401298522949e-01
9.905759692192077637e-01
9.900153875350952148e-01
9.844436645507812500e-01
9.908314943313598633e-01
9.981449246406555176e-01
9.959979653358459473e-01
9.978563785552978516e-01
9.875726103782653809e-01
9.892567396163940430e-01
9.829969406127929688e-01
9.993273019790649414e-01
9.980737566947937012e-01
9.977512359619140625e-01
9.972724914550781250e-01
9.866802692413330078e-01
9.950120449066162109e-01
9.998751878738403320e-01
9.843691587448120117e-01
9.629872441291809082e-01
9.951694607734680176e-01
9.995656013488769531e-01
9.938310980796813965e-01
9.889190793037414551e-01
9.827948212623596191e-01
9.899697899818420410e-01
9.994475841522216797e-01
9.941810369491577148e-01
9.970144033432006836e-01
9.972583055496215820e-01
9.941070079803466797e-01
9.970449805259704590e-01
9.864024519920349121e-01
9.970735311508178711e-01
9.946640729904174805e-01
9.682827591896057129e-01
8.520207405090332031e-01
9.953265786170959473e-01
9.931357502937316895e-01
9.868453145027160645e-01
9.990664124488830566e-01
9.713552594184875488e-01
9.975961446762084961e-01
9.978280663490295410e-01
9.976831078529357910e-01
9.942660331726074219e-01
9.858186841011047363e-01
9.983544945716857910e-01
9.937244653701782227e-01
9.968337416648864746e-01
9.838421940803527832e-01
9.998774528503417969e-01
9.969521760940551758e-01
9.971100687980651855e-01
9.935004115104675293e-01
9.697793722152709961e-01
9.963800907135009766e-01
9.942700266838073730e-01
9.802150130271911621e-01
9.980391263961791992e-01
9.992607235908508301e-01
9.938694834709167480e-01
9.967057108879089355e-01
9.978202581405639648e-01
9.811636805534362793e-01
9.556597471237182617e-01
9.863905310630798340e-01
9.870018362998962402e-01
9.950648546218872070e-01
9.267118573188781738e-01
9.923188090324401855e-01
9.978583455085754395e-01
9.978713393211364746e-01
9.954018592834472656e-01
9.954280853271484375e-01
9.948645830154418945e-01
9.895202517509460449e-01
9.795516133308410645e-01
9.653196334838867188e-01
9.931910037994384766e-01
9.899586439132690430e-01
9.943794012069702148e-01
9.917164444923400879e-01
9.518165588378906250e-01
9.908675551414489746e-01
9.812695384025573730e-01
9.936238527297973633e-01
9.984343647956848145e-01
9.917925000190734863e-01
9.943814277648925781e-01
9.946385025978088379e-01
9.968835115432739258e-01
9.957059621810913086e-01
9.967971444129943848e-01
9.948042035102844238e-01
9.990275502204895020e-01
9.921535849571228027e-01
9.992605447769165039e-01
9.953351616859436035e-01
9.981614947319030762e-01
9.919041395187377930e-01
9.945178627967834473e-01
9.874889850616455078e-01
9.886044859886169434e-01
9.965556859970092773e-01
9.907687902450561523e-01
9.946191310882568359e-01
9.966182112693786621e-01
9.953183531761169434e-01
9.867211580276489258e-01
9.976893663406372070e-01
9.900267720222473145e-01
9.120905399322509766e-01
9.896317720413208008e-01
9.927263855934143066e-01
9.979427456855773926e-01
9.936434626579284668e-01
9.956359863281250000e-01
9.983683824539184570e-01
9.960663318634033203e-01
9.966015815734863281e-01
9.944558739662170410e-01
9.784116148948669434e-01
9.952384829521179199e-01
9.891253113746643066e-01
9.970324635505676270e-01
9.956675171852111816e-01
9.969944357872009277e-01
9.953182339668273926e-01
9.961965084075927734e-01
9.982147216796875000e-01
9.954982995986938477e-01
9.835090041160583496e-01
9.972055554389953613e-01
9.938378334045410156e-01
9.964608550071716309e-01
9.872997999191284180e-01
9.930590987205505371e-01
9.986316561698913574e-01
9.956667423248291016e-01
9.917225241661071777e-01
9.964810013771057129e-01
9.932129979133605957e-01
9.910512566566467285e-01
9.894888997077941895e-01
9.881058931350708008e-01
9.941428303718566895e-01
9.948322176933288574e-01
9.914003014564514160e-01
9.839107394218444824e-01
9.907598495483398438e-01
9.512263536453247070e-01
9.905019998550415039e-01
9.960337281227111816e-01
9.909029603004455566e-01
9.967072010040283203e-01
9.952719211578369141e-01
9.934834241867065430e-01
9.951936602592468262e-01
9.665644168853759766e-01
9.938073754310607910e-01
9.937421679496765137e-01
9.959684610366821289e-01
9.826596975326538086e-01
9.982995986938476562e-01
9.026699066162109375e-01
9.884534478187561035e-01
9.527546763420104980e-01
9.920426011085510254e-01
9.991675615310668945e-01
9.771834611892700195e-01
9.963629841804504395e-01
9.779587984085083008e-01
9.867272377014160156e-01
9.918127059936523438e-01
9.934446215629577637e-01
9.933688640594482422e-01
9.959954023361206055e-01
9.927037358283996582e-01
9.970040321350097656e-01
9.995152950286865234e-01
9.976728558540344238e-01
9.744312167167663574e-01
9.890782833099365234e-01
9.989551901817321777e-01
9.853166341781616211e-01
9.891969561576843262e-01
9.757451415061950684e-01
9.943303465843200684e-01
9.970336556434631348e-01
9.802756905555725098e-01
9.936206340789794922e-01
9.908944368362426758e-01
9.755126237869262695e-01
9.945924282073974609e-01
9.916931390762329102e-01
9.939160346984863281e-01
9.865313768386840820e-01
9.949895143508911133e-01
9.971150159835815430e-01
9.943330287933349609e-01
9.895549416542053223e-01
9.877744913101196289e-01
9.878946542739868164e-01
9.977352619171142578e-01
9.794236421585083008e-01
9.575568437576293945e-01
9.927411675453186035e-01
9.874151945114135742e-01
9.965502619743347168e-01
9.734461903572082520e-01
9.901565909385681152e-01
9.760686755180358887e-01
9.918723702430725098e-01
9.868244528770446777e-01
9.924454689025878906e-01
9.939956068992614746e-01
9.973359107971191406e-01
9.956369996070861816e-01
9.913870692253112793e-01
9.996011853218078613e-01
9.919355511665344238e-01
9.972699880599975586e-01
9.974581599235534668e-01
9.881770610809326172e-01
9.845477938652038574e-01
9.974448084831237793e-01
9.921136498451232910e-01
9.959667921066284180e-01
9.956126809120178223e-01
9.968194961547851562e-01
9.964985847473144531e-01
9.915163516998291016e-01
9.962632060050964355e-01
9.855771660804748535e-01
9.996653199195861816e-01
9.890527129173278809e-01
9.954038858413696289e-01
9.541075229644775391e-01
9.954185485839843750e-01
9.920012354850769043e-01
9.938490390777587891e-01
9.993453621864318848e-01
9.952353835105895996e-01
9.971380233764648438e-01
9.946897625923156738e-01
9.982628822326660156e-01
9.964577555656433105e-01
9.857667684555053711e-01
9.961218833923339844e-01
9.819173216819763184e-01
9.583551883697509766e-01
9.948850870132446289e-01
9.945715665817260742e-01
9.974716901779174805e-01
9.901416897773742676e-01
9.960511922836303711e-01
9.993141293525695801e-01
9.968362450599670410e-01
9.819186925888061523e-01
9.979937076568603516e-01
9.866038560867309570e-01
9.962561726570129395e-01
9.966978430747985840e-01
9.979202747344970703e-01
9.822300672531127930e-01
9.974668622016906738e-01
9.924125671386718750e-01
9.925599694252014160e-01
9.972409605979919434e-01
9.938063025474548340e-01
9.965733289718627930e-01
9.958667755126953125e-01
9.863530397415161133e-01
9.968811869621276855e-01
9.932673573493957520e-01
9.936877489089965820e-01
9.941079616546630859e-01
9.874546527862548828e-01
9.991136193275451660e-01
9.995160102844238281e-01
9.909660220146179199e-01
9.902231693267822266e-01
9.952780008316040039e-01
9.924038052558898926e-01
9.521641135215759277e-01
9.963501691818237305e-01
9.955804944038391113e-01
9.826449751853942871e-01
9.996312260627746582e-01
9.824428558349609375e-01
9.879149794578552246e-01
9.902501106262207031e-01
9.847922325134277344e-01
9.764961004257202148e-01
9.949576258659362793e-01
9.974775910377502441e-01
9.696642160415649414e-01
9.784591794013977051e-01
9.940208196640014648e-01
9.968507885932922363e-01
9.978030323982238770e-01
9.737820029258728027e-01
9.449275732040405273e-01
9.878363013267517090e-01
9.947848916053771973e-01
9.968447685241699219e-01
9.974222779273986816e-01
9.890502691268920898e-01
9.782354235649108887e-01
9.970046877861022949e-01
9.969404935836791992e-01
9.941693544387817383e-01
9.769459962844848633e-01
9.684510231018066406e-01
9.857650399208068848e-01
9.955247044563293457e-01
9.996970891952514648e-01
9.853354692459106445e-01
9.965343475341796875e-01
9.838857650756835938e-01
9.847232103347778320e-01
9.992735981941223145e-01
9.958493709564208984e-01
9.951642751693725586e-01
9.845533967018127441e-01
9.984111785888671875e-01
9.922236204147338867e-01
9.969108104705810547e-01
9.986674785614013672e-01
9.978059530258178711e-01
9.948350191116333008e-01
9.832288622856140137e-01
9.777452945709228516e-01
9.942781329154968262e-01
9.973500967025756836e-01
9.938353300094604492e-01
7.233288288116455078e-01
9.939216971397399902e-01
9.824491143226623535e-01
9.870669841766357422e-01
9.702155590057373047e-01
9.913762211799621582e-01
9.983634948730468750e-01
9.957708120346069336e-01
9.723852872848510742e-01
9.939988255500793457e-01
9.980408549308776855e-01
9.981494545936584473e-01
9.961640238761901855e-01
9.987873435020446777e-01
9.925585985183715820e-01
9.938322305679321289e-01
9.950314760208129883e-01
9.882534742355346680e-01
9.974104762077331543e-01
9.935042262077331543e-01
9.976965188980102539e-01
9.937155842781066895e-01
9.825602769851684570e-01
9.977450370788574219e-01
9.947050809860229492e-01
9.985067844390869141e-01
9.930489063262939453e-01
9.965029358863830566e-01
9.849489927291870117e-01
9.742231369018554688e-01
9.950546622276306152e-01
9.937940239906311035e-01
9.973093271255493164e-01
9.887430667877197266e-01
9.933798313140869141e-01
9.966871142387390137e-01
9.958048462867736816e-01
9.915721416473388672e-01
9.945552349090576172e-01
9.906904697418212891e-01
9.463258385658264160e-01
9.942780733108520508e-01
9.976304769515991211e-01
9.990706443786621094e-01
9.935922622680664062e-01
9.933025836944580078e-01
9.934096336364746094e-01
9.968464374542236328e-01
9.779595136642456055e-01
9.871399402618408203e-01
9.936100840568542480e-01
9.913465976715087891e-01
9.852730035781860352e-01
9.852386713027954102e-01
9.892275333404541016e-01
9.968243241310119629e-01
9.963837265968322754e-01
9.993925094604492188e-01
9.913340210914611816e-01
9.934852123260498047e-01
9.906625747680664062e-01
9.884141087532043457e-01
9.669723510742187500e-01
9.930854439735412598e-01
9.845120906829833984e-01
9.974563717842102051e-01
9.979335069656372070e-01
9.958719611167907715e-01
9.981494545936584473e-01
9.999088048934936523e-01
8.098016977310180664e-01
9.891021847724914551e-01
9.889785647392272949e-01
9.960843324661254883e-01
9.894147515296936035e-01
9.969874620437622070e-01
9.896518588066101074e-01
9.984571933746337891e-01
9.982038140296936035e-01
9.872979521751403809e-01
9.932520985603332520e-01
9.985027909278869629e-01
9.802169799804687500e-01
9.985269308090209961e-01
9.989559650421142578e-01
9.991459250450134277e-01
9.941232204437255859e-01
9.942862391471862793e-01
9.973213672637939453e-01
9.808833003044128418e-01
9.792546629905700684e-01
9.972234368324279785e-01
9.932616353034973145e-01
9.959496259689331055e-01
9.923349022865295410e-01
9.997293949127197266e-01
9.941502213478088379e-01
9.996718764305114746e-01
9.985632896423339844e-01
9.980075359344482422e-01
9.866115450859069824e-01
9.906083345413208008e-01
9.892446398735046387e-01
9.984769225120544434e-01
9.822962284088134766e-01
9.936771392822265625e-01
9.956937432289123535e-01
9.959985613822937012e-01
9.898833036422729492e-01
9.939788579940795898e-01
9.971988201141357422e-01
9.941946268081665039e-01
9.943739175796508789e-01
9.947997927665710449e-01
9.956451058387756348e-01
9.950600266456604004e-01
9.873434305191040039e-01
9.975274801254272461e-01
9.926788210868835449e-01
9.940823316574096680e-01
9.972261786460876465e-01
9.794862866401672363e-01
9.909440875053405762e-01
9.961906671524047852e-01
9.753831028938293457e-01
9.588683843612670898e-01
9.944025874137878418e-01
9.877161383628845215e-01
9.902601242065429688e-01
9.872142076492309570e-01
9.973632693290710449e-01
9.956398606300354004e-01
9.972544908523559570e-01
9.835096597671508789e-01
9.978129267692565918e-01
9.785073399543762207e-01
9.983078837394714355e-01
9.890534877777099609e-01
9.982619881629943848e-01
9.888328313827514648e-01
9.795079827308654785e-01
9.792975783348083496e-01
9.858725070953369141e-01
9.962161779403686523e-01
9.992171525955200195e-01
9.924231767654418945e-01
9.793558716773986816e-01
9.993878006935119629e-01
9.955034255981445312e-01
9.967269897460937500e-01
9.904201626777648926e-01
9.990312457084655762e-01
9.965764880180358887e-01
9.883044362068176270e-01
9.986592531204223633e-01
9.997999072074890137e-01
9.860666394233703613e-01
9.998784065246582031e-01
9.956216812133789062e-01
9.787958264350891113e-01
9.937312602996826172e-01
9.978429675102233887e-01
9.907557964324951172e-01
9.808886647224426270e-01
9.959177374839782715e-01
9.985210299491882324e-01
9.825717806816101074e-01
9.861594438552856445e-01
9.312031269073486328e-01
9.923538565635681152e-01
9.733471870422363281e-01
9.715399146080017090e-01
9.987131357192993164e-01
9.797658920288085938e-01
9.997574687004089355e-01
9.976481795310974121e-01
9.799242615699768066e-01
9.620785117149353027e-01
9.978622198104858398e-01
9.973283410072326660e-01
9.978226423263549805e-01
9.959924817085266113e-01
9.962712526321411133e-01
8.602138161659240723e-01
9.754949808120727539e-01
9.961205124855041504e-01
9.426479339599609375e-01
9.937928318977355957e-01
9.879289865493774414e-01
9.959062933921813965e-01
9.977597594261169434e-01
9.857095479965209961e-01
9.827991127967834473e-01
9.826892018318176270e-01
9.929745197296142578e-01
9.981796741485595703e-01
9.998756051063537598e-01
9.971846938133239746e-01
9.871309399604797363e-01
9.952890276908874512e-01
9.690095782279968262e-01
9.897125959396362305e-01
9.239400029182434082e-01
9.957791566848754883e-01
9.905339479446411133e-01
9.931697249412536621e-01
9.948569536209106445e-01
9.976316094398498535e-01
9.942249059677124023e-01
9.994536042213439941e-01
9.632554054260253906e-01
9.943723082542419434e-01
9.932327866554260254e-01
9.841518402099609375e-01
9.847912788391113281e-01
9.980033040046691895e-01
9.953321218490600586e-01
9.908097386360168457e-01
9.962792992591857910e-01
9.688451290130615234e-01
9.939808845520019531e-01
9.765905141830444336e-01
9.975562691688537598e-01
9.629040360450744629e-01
9.989953041076660156e-01
9.963468313217163086e-01
9.983054399490356445e-01
9.900520443916320801e-01
9.874613285064697266e-01
9.991811513900756836e-01
9.957653880119323730e-01
9.974313378334045410e-01
9.929112792015075684e-01
9.930512905120849609e-01
9.877462387084960938e-01
9.978557229042053223e-01
9.977070689201354980e-01
9.963459372520446777e-01
9.967376589775085449e-01
9.866445064544677734e-01
8.553528189659118652e-01
9.936927556991577148e-01
8.968112468719482422e-01
9.845255613327026367e-01
9.998643398284912109e-01
9.980207085609436035e-01
9.952791333198547363e-01
9.982865452766418457e-01
9.853659868240356445e-01
9.918144345283508301e-01
9.993909597396850586e-01
9.973129630088806152e-01
9.998693466186523438e-01
9.901451468467712402e-01
9.979572296142578125e-01
9.996376037597656250e-01
9.998731017112731934e-01
9.993463754653930664e-01
9.979029297828674316e-01
9.816327095031738281e-01
9.700909256935119629e-01
9.494693279266357422e-01
9.839187860488891602e-01
9.996162056922912598e-01
9.993392229080200195e-01
9.157162308692932129e-01
9.976909756660461426e-01
9.975492358207702637e-01
9.942147731781005859e-01
9.942187070846557617e-01
9.957527518272399902e-01
9.608811736106872559e-01
9.367468953132629395e-01
9.965116381645202637e-01
9.899303317070007324e-01
9.952405691146850586e-01
9.885844588279724121e-01
9.841696023941040039e-01
9.971034526824951172e-01
9.995403289794921875e-01
9.981642961502075195e-01
9.791375398635864258e-01
9.947580099105834961e-01
9.826824665069580078e-01
9.709361791610717773e-01
9.921335577964782715e-01
9.940071702003479004e-01
9.953956007957458496e-01
9.686817526817321777e-01
9.959937930107116699e-01
9.964911937713623047e-01
9.980254173278808594e-01
9.927398562431335449e-01
9.986291527748107910e-01
9.829511642456054688e-01
9.905930161476135254e-01
9.931392669677734375e-01
9.990366697311401367e-01
9.943761229515075684e-01
9.860209822654724121e-01
9.897893071174621582e-01
9.932219386100769043e-01
9.929364919662475586e-01
9.984896183013916016e-01
9.923348426818847656e-01
9.883720874786376953e-01
9.921445846557617188e-01
9.999305009841918945e-01
9.724307656288146973e-01
9.847566485404968262e-01
9.881181716918945312e-01
9.908517003059387207e-01
9.915260076522827148e-01
6.879359483718872070e-01
9.740244746208190918e-01
9.967143535614013672e-01
9.945394396781921387e-01
9.979359507560729980e-01
9.890555143356323242e-01
9.889857172966003418e-01
9.979900121688842773e-01
9.866271615028381348e-01
9.962559342384338379e-01
9.948537349700927734e-01
9.948512911796569824e-01
9.954745173454284668e-01
9.846537709236145020e-01
9.901807904243469238e-01
9.991895556449890137e-01
9.962053894996643066e-01
9.873735308647155762e-01
9.975513219833374023e-01
9.975150823593139648e-01
9.480676054954528809e-01
9.911263585090637207e-01
9.965292215347290039e-01
9.863047003746032715e-01
9.930704832077026367e-01
9.918084740638732910e-01
9.955697059631347656e-01
9.910101890563964844e-01
9.857608675956726074e-01
9.953750967979431152e-01
9.980816841125488281e-01
9.884835481643676758e-01
9.876252412796020508e-01
9.929157495498657227e-01
9.985054731369018555e-01
9.926458001136779785e-01
9.972005486488342285e-01
9.969062805175781250e-01
9.723209142684936523e-01
9.885561466217041016e-01
9.965452551841735840e-01
9.985178709030151367e-01
9.591091871261596680e-01
9.752295017242431641e-01
9.687759280204772949e-01
9.949402809143066406e-01
9.993980526924133301e-01
9.888415932655334473e-01
9.905292987823486328e-01
9.988842606544494629e-01
9.893886446952819824e-01
9.971535801887512207e-01
9.839956760406494141e-01
9.965004324913024902e-01
9.151824712753295898e-01
9.767572879791259766e-01
9.935755729675292969e-01
9.644243121147155762e-01
9.958781599998474121e-01
9.746348261833190918e-01
9.794003963470458984e-01
9.876953363418579102e-01
9.981099963188171387e-01
8.582275509834289551e-01
9.824090600013732910e-01
9.984301328659057617e-01
9.734168648719787598e-01
9.978740811347961426e-01
9.607356190681457520e-01
9.985624551773071289e-01
9.934994578361511230e-01
9.088528752326965332e-01
9.205763936042785645e-01
9.982990622520446777e-01
9.838024973869323730e-01
9.961934089660644531e-01
9.834989309310913086e-01
9.847657084465026855e-01
9.399673938751220703e-01
9.949281215667724609e-01
9.854437112808227539e-01
9.950740337371826172e-01
9.953763484954833984e-01
9.977086186408996582e-01
9.818564653396606445e-01
9.975965619087219238e-01
9.840481877326965332e-01
9.965299367904663086e-01
9.976830482482910156e-01
9.994101524353027344e-01
9.950366020202636719e-01
8.756017684936523438e-01
9.815614819526672363e-01
9.694315195083618164e-01
9.951248764991760254e-01
9.784048199653625488e-01
9.924938678741455078e-01
9.882985353469848633e-01
9.917641878128051758e-01
9.939159750938415527e-01
9.806771278381347656e-01
9.965330958366394043e-01
9.908174276351928711e-01
9.919053912162780762e-01
9.951779246330261230e-01
9.942363500595092773e-01
9.926716089248657227e-01
9.984875321388244629e-01
9.969436526298522949e-01
9.731748700141906738e-01
9.690451622009277344e-01
9.880127310752868652e-01
9.853250980377197266e-01
9.962159991264343262e-01
9.752247333526611328e-01
9.929140806198120117e-01
9.614406824111938477e-01
9.978840947151184082e-01
9.913526773452758789e-01
9.955212473869323730e-01
9.986184835433959961e-01
9.943541884422302246e-01
9.897854924201965332e-01
9.926939010620117188e-01
9.806423783302307129e-01
9.959035515785217285e-01
9.955769777297973633e-01
9.986441731452941895e-01
9.937922954559326172e-01
9.833000898361206055e-01
9.931677579879760742e-01
9.982452392578125000e-01
9.954075217247009277e-01
9.910966753959655762e-01
9.916523098945617676e-01
9.920966625213623047e-01
9.898004531860351562e-01
9.981567859649658203e-01
9.889187216758728027e-01
9.961369633674621582e-01
9.136171340942382812e-01
9.877047538757324219e-01
9.896990060806274414e-01
9.602524042129516602e-01
9.919092655181884766e-01
9.943907856941223145e-01
9.871648550033569336e-01
9.917343258857727051e-01
9.956356287002563477e-01
9.971970915794372559e-01
9.704588651657104492e-01
9.973743557929992676e-01
9.908077716827392578e-01
9.956085681915283203e-01
9.993200302124023438e-01
9.967446923255920410e-01
9.940066337585449219e-01
9.873020052909851074e-01
9.945620894432067871e-01
9.686914682388305664e-01
9.978439211845397949e-01
9.979119896888732910e-01
9.947947263717651367e-01
9.997966885566711426e-01
9.997122287750244141e-01
9.958373904228210449e-01
9.945174455642700195e-01
9.835476279258728027e-01
9.912861585617065430e-01
9.297819137573242188e-01
9.932775497436523438e-01
9.962579607963562012e-01
9.668099880218505859e-01
9.952464103698730469e-01
9.945357441902160645e-01
9.887288212776184082e-01
9.977642893791198730e-01
9.782022237777709961e-01
9.910466074943542480e-01
9.615114927291870117e-01
9.882892370223999023e-01
9.861018061637878418e-01
9.877222776412963867e-01
9.987336993217468262e-01
9.997306466102600098e-01
9.983876943588256836e-01
9.981133341789245605e-01
9.721605777740478516e-01
9.990060925483703613e-01
9.882845878601074219e-01
9.917569160461425781e-01
9.898793101310729980e-01
9.906821250915527344e-01
9.967833161354064941e-01
9.941837787628173828e-01
9.983832240104675293e-01
9.889386892318725586e-01
9.913938641548156738e-01
9.924662709236145020e-01
9.954487681388854980e-01
9.973208904266357422e-01
9.928315281867980957e-01
9.819912910461425781e-01
9.890261292457580566e-01
9.901753664016723633e-01
9.999028444290161133e-01
9.992821812629699707e-01
9.997314810752868652e-01
9.929119944572448730e-01
9.933456182479858398e-01
9.970182776451110840e-01
9.887101054191589355e-01
9.976645708084106445e-01
9.958086609840393066e-01
9.923647642135620117e-01
9.957380294799804688e-01
9.964728355407714844e-01
9.887241721153259277e-01
9.926103949546813965e-01
9.920660853385925293e-01
9.994502663612365723e-01
9.873204827308654785e-01
8.825116753578186035e-01
9.987494945526123047e-01
9.900957345962524414e-01
9.875717163085937500e-01
9.979535341262817383e-01
9.949077367782592773e-01
9.780970215797424316e-01
9.971361160278320312e-01
9.944635033607482910e-01
9.071339368820190430e-01
9.926795959472656250e-01
9.972753524780273438e-01
9.991983771324157715e-01
9.922093152999877930e-01
9.966250658035278320e-01
9.890533089637756348e-01
9.934100508689880371e-01
9.932935833930969238e-01
9.867861866950988770e-01
9.918639063835144043e-01
9.916464090347290039e-01
9.958207011222839355e-01
9.930503368377685547e-01
9.966875314712524414e-01
9.971538186073303223e-01
9.973537325859069824e-01
9.997146129608154297e-01
9.972610473632812500e-01
9.887145757675170898e-01
9.851195216178894043e-01
9.955821633338928223e-01
9.935754537582397461e-01
9.982993602752685547e-01
9.969785809516906738e-01
9.968528747558593750e-01
9.981855750083923340e-01
9.941002726554870605e-01
9.813813567161560059e-01
9.904844164848327637e-01
9.947953224182128906e-01
9.918671846389770508e-01
9.837598800659179688e-01
9.770801067352294922e-01
9.890975356101989746e-01
9.846153259277343750e-01
9.916946291923522949e-01
9.791484475135803223e-01
9.894472956657409668e-01
9.940290451049804688e-01
9.355399012565612793e-01
9.846920371055603027e-01
9.870254397392272949e-01
9.980978369712829590e-01
9.960026144981384277e-01
9.975372552871704102e-01
9.927300214767456055e-01
9.908810257911682129e-01
9.894626736640930176e-01
9.929162859916687012e-01
9.764074087142944336e-01
9.968810081481933594e-01
9.956392049789428711e-01
9.915331006050109863e-01
9.966356158256530762e-01
9.949125051498413086e-01
9.897844791412353516e-01
9.996828436851501465e-01
9.998416900634765625e-01
9.893386363983154297e-01
9.961734414100646973e-01
9.922068715095520020e-01
9.825970530509948730e-01
9.873481392860412598e-01
9.994284510612487793e-01
9.961452484130859375e-01
9.971261024475097656e-01
9.876536726951599121e-01
9.554654359817504883e-01
9.826394915580749512e-01
9.922788739204406738e-01
9.911473989486694336e-01
9.896990656852722168e-01
9.851956367492675781e-01
9.869911074638366699e-01
9.453505277633666992e-01
9.891459345817565918e-01
9.978662729263305664e-01
9.880362749099731445e-01
9.929637908935546875e-01
9.978314638137817383e-01
9.800762534141540527e-01
9.702278971672058105e-01
9.830189347267150879e-01
9.940088987350463867e-01
9.962204098701477051e-01
9.868361949920654297e-01
9.935761094093322754e-01
9.940507411956787109e-01
9.963908195495605469e-01
9.907529950141906738e-01
9.543587565422058105e-01
9.993697404861450195e-01
9.939516782760620117e-01
9.852822422981262207e-01
9.938202500343322754e-01
9.928464293479919434e-01
9.906973838806152344e-01
9.861823916435241699e-01
9.975956082344055176e-01
9.977631568908691406e-01
9.973705410957336426e-01
9.984037876129150391e-01
9.978186488151550293e-01
9.865603446960449219e-01
9.941282272338867188e-01
9.978371858596801758e-01
9.964658021926879883e-01
9.952630400657653809e-01
9.951936602592468262e-01
9.971649646759033203e-01
9.852063059806823730e-01
9.964184165000915527e-01
9.982264637947082520e-01
9.999475479125976562e-01
9.935592412948608398e-01
9.938712716102600098e-01
9.950628280639648438e-01
9.930440187454223633e-01
9.834039807319641113e-01
9.397156834602355957e-01
9.931985139846801758e-01
9.976367354393005371e-01
9.945749044418334961e-01
9.994944930076599121e-01
9.916322827339172363e-01
9.982897043228149414e-01
9.997977614402770996e-01
9.840110540390014648e-01
9.886244535446166992e-01
9.810212254524230957e-01
9.848681092262268066e-01
9.976848363876342773e-01
9.940159320831298828e-01
9.781498312950134277e-01
9.964578151702880859e-01
9.973639845848083496e-01
9.820349812507629395e-01
9.950556159019470215e-01
9.983822703361511230e-01
9.840198159217834473e-01
9.531548023223876953e-01
9.968822598457336426e-01
9.874300360679626465e-01
9.941791892051696777e-01
9.978741407394409180e-01
9.981216192245483398e-01
9.938824176788330078e-01
9.714381098747253418e-01
9.959520101547241211e-01
9.954519271850585938e-01
9.387865662574768066e-01
9.948686361312866211e-01
9.851666092872619629e-01
9.903103709220886230e-01
9.982882142066955566e-01
9.867718815803527832e-01
9.989943504333496094e-01
