9.990296363830566406e-01
9.984153509140014648e-01
9.989823102951049805e-01
9.982609152793884277e-01
9.962292313575744629e-01
9.724500775337219238e-01
9.978957176208496094e-01
9.980767965316772461e-01
9.986855387687683105e-01
9.994502067565917969e-01
9.905227422714233398e-01
9.946971535682678223e-01
9.989771842956542969e-01
9.926714301109313965e-01
9.987191557884216309e-01
9.991115927696228027e-01
9.989230036735534668e-01
9.937524795532226562e-01
9.918146133422851562e-01
9.959999322891235352e-01
9.951307773590087891e-01
9.988679885864257812e-01
9.892271757125854492e-01
9.948737025260925293e-01
9.953376054763793945e-01
9.975240230560302734e-01
9.982859492301940918e-01
9.962086081504821777e-01
9.996353387832641602e-01
9.975893497467041016e-01
9.923048615455627441e-01
9.919054508209228516e-01
9.887819886207580566e-01
9.976983070373535156e-01
9.941191077232360840e-01
9.987969398498535156e-01
9.979861974716186523e-01
9.991740584373474121e-01
9.891443848609924316e-01
9.951984882354736328e-01
9.984139204025268555e-01
9.913286566734313965e-01
9.989581108093261719e-01
9.998276233673095703e-01
9.977949857711791992e-01
9.991779923439025879e-01
9.970356225967407227e-01
9.807408452033996582e-01
9.986703395843505859e-01
9.985384941101074219e-01
9.968525171279907227e-01
9.948965311050415039e-01
9.970181584358215332e-01
9.913246631622314453e-01
9.982091188430786133e-01
9.984394907951354980e-01
9.977117180824279785e-01
9.942891001701354980e-01
9.993548393249511719e-01
9.995836019515991211e-01
9.950736761093139648e-01
9.970954060554504395e-01
9.885550141334533691e-01
9.982181787490844727e-01
9.985178112983703613e-01
9.977753162384033203e-01
9.929941892623901367e-01
9.986421465873718262e-01
9.978097677230834961e-01
9.983291625976562500e-01
9.919212460517883301e-01
9.995634555816650391e-01
9.985366463661193848e-01
9.944880008697509766e-01
9.823097586631774902e-01
9.963058233261108398e-01
9.965717196464538574e-01
9.953228235244750977e-01
9.914451241493225098e-01
9.850671291351318359e-01
9.968069195747375488e-01
9.922826290130615234e-01
9.987636208534240723e-01
9.986980557441711426e-01
9.993023872375488281e-01
9.999567866325378418e-01
9.989665746688842773e-01
9.963153004646301270e-01
9.956173300743103027e-01
9.993821978569030762e-01
9.929714202880859375e-01
9.962237477302551270e-01
9.980317354202270508e-01
9.846270084381103516e-01
9.808232188224792480e-01
9.993870854377746582e-01
9.934173226356506348e-01
9.992784261703491211e-01
9.975690245628356934e-01
9.935470819473266602e-01
9.981315135955810547e-01
9.974181056022644043e-01
9.975025653839111328e-01
9.936946034431457520e-01
9.990642666816711426e-01
9.962147474288940430e-01
9.987276196479797363e-01
9.982165098190307617e-01
9.976010322570800781e-01
9.965434074401855469e-01
9.927890300750732422e-01
9.987177252769470215e-01
9.962353110313415527e-01
9.986149668693542480e-01
9.980220198631286621e-01
9.994603395462036133e-01
9.987298250198364258e-01
9.987857937812805176e-01
9.957595467567443848e-01
9.988377094268798828e-01
9.880070090293884277e-01
9.931969642639160156e-01
9.999355077743530273e-01
9.991695880889892578e-01
9.986536502838134766e-01
9.911108613014221191e-01
9.984067082405090332e-01
9.988093376159667969e-01
9.997544884681701660e-01
9.838600754737854004e-01
9.998974204063415527e-01
9.973671436309814453e-01
9.984889030456542969e-01
9.829232096672058105e-01
9.975904822349548340e-01
9.857892990112304688e-01
9.963006973266601562e-01
9.946479201316833496e-01
9.963991045951843262e-01
9.984272718429565430e-01
9.991281032562255859e-01
9.953802227973937988e-01
9.964396357536315918e-01
9.937564134597778320e-01
9.979814887046813965e-01
9.957872033119201660e-01
9.998445510864257812e-01
9.952417016029357910e-01
9.926158785820007324e-01
9.885268807411193848e-01
9.947037100791931152e-01
9.968403577804565430e-01
9.920302629470825195e-01
9.991956949234008789e-01
9.965716004371643066e-01
9.989622235298156738e-01
9.968613982200622559e-01
9.926868677139282227e-01
9.996445775032043457e-01
9.966324567794799805e-01
9.929156303405761719e-01
9.977231025695800781e-01
9.959421753883361816e-01
9.974629878997802734e-01
9.999067783355712891e-01
9.830842614173889160e-01
9.968503713607788086e-01
9.939284920692443848e-01
9.992373585700988770e-01
9.965353608131408691e-01
9.992829561233520508e-01
9.990150332450866699e-01
9.953365921974182129e-01
9.970206618309020996e-01
9.946506619453430176e-01
9.970189929008483887e-01
9.905354976654052734e-01
9.972413778305053711e-01
9.878231883049011230e-01
9.990655779838562012e-01
9.945836067199707031e-01
9.992772340774536133e-01
9.994028806686401367e-01
9.998540282249450684e-01
9.957928061485290527e-01
9.983288645744323730e-01
9.901541471481323242e-01
9.971790909767150879e-01
9.989116787910461426e-01
9.985821843147277832e-01
9.975020885467529297e-01
9.946981072425842285e-01
9.979184269905090332e-01
9.994278550148010254e-01
9.970188736915588379e-01
9.900631308555603027e-01
9.608641266822814941e-01
9.952635765075683594e-01
9.990881085395812988e-01
9.950447082519531250e-01
9.870640635490417480e-01
9.983327388763427734e-01
9.948251843452453613e-01
9.976536631584167480e-01
9.981437921524047852e-01
9.932800531387329102e-01
9.978640675544738770e-01
9.993433356285095215e-01
9.868792891502380371e-01
9.983860850334167480e-01
9.972116947174072266e-01
9.953241944313049316e-01
9.842548370361328125e-01
9.985043406486511230e-01
9.928737282752990723e-01
9.964023828506469727e-01
9.952924847602844238e-01
9.866588115692138672e-01
9.994552135467529297e-01
9.964303374290466309e-01
9.998322129249572754e-01
9.985863566398620605e-01
9.952713251113891602e-01
9.931169152259826660e-01
9.994169473648071289e-01
9.992139339447021484e-01
9.952739477157592773e-01
9.992429614067077637e-01
9.951077103614807129e-01
9.968021512031555176e-01
9.952944517135620117e-01
9.974677562713623047e-01
9.996078610420227051e-01
9.941531419754028320e-01
9.816766381263732910e-01
9.986380934715270996e-01
9.988388419151306152e-01
9.955241680145263672e-01
9.986046552658081055e-01
9.976371526718139648e-01
9.935702681541442871e-01
9.882543683052062988e-01
9.983505010604858398e-01
9.999080896377563477e-01
9.976699352264404297e-01
9.965639114379882812e-01
9.978082776069641113e-01
9.995452761650085449e-01
9.960460662841796875e-01
9.883508086204528809e-01
9.992629289627075195e-01
9.971583485603332520e-01
9.985017180442810059e-01
9.943997859954833984e-01
9.894873499870300293e-01
9.982985258102416992e-01
9.986467957496643066e-01
9.977376461029052734e-01
9.982146024703979492e-01
9.992469549179077148e-01
9.915990233421325684e-01
9.989159703254699707e-01
9.990096688270568848e-01
9.983842372894287109e-01
9.896050095558166504e-01
9.928838610649108887e-01
9.999286532402038574e-01
9.932272434234619141e-01
9.850206375122070312e-01
9.978193640708923340e-01
9.997530579566955566e-01
9.920042753219604492e-01
9.952441453933715820e-01
9.943850636482238770e-01
9.937802553176879883e-01
9.991412162780761719e-01
9.991824626922607422e-01
9.992694854736328125e-01
9.969291687011718750e-01
9.954494833946228027e-01
9.992871880531311035e-01
9.957948923110961914e-01
9.996566772460937500e-01
9.991897940635681152e-01
9.985939264297485352e-01
9.989490509033203125e-01
9.941749572753906250e-01
9.980897903442382812e-01
9.997948408126831055e-01
9.966146945953369141e-01
9.755010008811950684e-01
9.998239278793334961e-01
9.993929862976074219e-01
9.980973005294799805e-01
9.972658753395080566e-01
9.937908053398132324e-01
9.948307871818542480e-01
9.996409416198730469e-01
9.973289370536804199e-01
9.987489581108093262e-01
9.992060661315917969e-01
9.962494969367980957e-01
9.982703924179077148e-01
9.984073638916015625e-01
9.947133064270019531e-01
9.951266050338745117e-01
9.821913838386535645e-01
9.901097416877746582e-01
9.980520009994506836e-01
9.973374605178833008e-01
9.951817393302917480e-01
9.867916703224182129e-01
9.724394679069519043e-01
9.987021684646606445e-01
9.992343187332153320e-01
9.989004135131835938e-01
9.961842298507690430e-01
9.956960082054138184e-01
9.993358850479125977e-01
9.979944825172424316e-01
9.984844326972961426e-01
9.924935102462768555e-01
9.996744990348815918e-01
9.958165884017944336e-01
9.992977380752563477e-01
9.962542057037353516e-01
9.909694194793701172e-01
9.998362660408020020e-01
9.988855123519897461e-01
9.984857439994812012e-01
9.994379878044128418e-01
9.988410472869873047e-01
9.979087114334106445e-01
9.989313483238220215e-01
9.986429810523986816e-01
9.951404333114624023e-01
9.982706308364868164e-01
9.949824213981628418e-01
9.936174750328063965e-01
9.973217248916625977e-01
9.992699027061462402e-01
9.964421391487121582e-01
9.984105229377746582e-01
9.993433952331542969e-01
9.975889921188354492e-01
9.971202611923217773e-01
9.972683787345886230e-01
9.957965612411499023e-01
9.861851930618286133e-01
9.971731305122375488e-01
9.957788586616516113e-01
9.996618032455444336e-01
9.989637136459350586e-01
9.975561499595642090e-01
9.916324615478515625e-01
9.945121407508850098e-01
9.832115769386291504e-01
9.985026121139526367e-01
9.990317821502685547e-01
9.972949624061584473e-01
9.980398416519165039e-01
9.981616735458374023e-01
9.984448552131652832e-01
9.983019828796386719e-01
9.980644583702087402e-01
9.989719986915588379e-01
9.970595240592956543e-01
9.929429888725280762e-01
9.885168671607971191e-01
9.955037236213684082e-01
9.994176030158996582e-01
9.970681667327880859e-01
9.978198409080505371e-01
9.951736927032470703e-01
9.943315386772155762e-01
9.989344477653503418e-01
9.970872402191162109e-01
9.968830943107604980e-01
9.993190169334411621e-01
9.984210133552551270e-01
9.991860985755920410e-01
9.992233514785766602e-01
9.974153041839599609e-01
9.994077086448669434e-01
9.966206550598144531e-01
9.981003999710083008e-01
9.956958889961242676e-01
9.970777630805969238e-01
9.989362359046936035e-01
9.989484548568725586e-01
9.988999962806701660e-01
9.986695051193237305e-01
9.975905418395996094e-01
9.960746765136718750e-01
9.965607523918151855e-01
9.953066706657409668e-01
9.986081719398498535e-01
9.983548521995544434e-01
9.972591400146484375e-01
9.960055947303771973e-01
9.991028904914855957e-01
9.987798929214477539e-01
9.988521933555603027e-01
9.909225702285766602e-01
9.981236457824707031e-01
9.993441700935363770e-01
9.982170462608337402e-01
9.967588782310485840e-01
9.916946291923522949e-01
9.991664886474609375e-01
9.983868002891540527e-01
9.976195096969604492e-01
9.971552491188049316e-01
9.970236420631408691e-01
9.981311559677124023e-01
9.951275587081909180e-01
9.954946637153625488e-01
9.980514049530029297e-01
9.948793053627014160e-01
9.962165951728820801e-01
9.879033565521240234e-01
9.988096356391906738e-01
9.754330515861511230e-01
9.901842474937438965e-01
9.994326233863830566e-01
9.930022954940795898e-01
9.980434179306030273e-01
9.990172386169433594e-01
9.974600672721862793e-01
9.969346523284912109e-01
9.830600619316101074e-01
9.985252022743225098e-01
9.972238540649414062e-01
9.969872236251831055e-01
9.873835444450378418e-01
9.982746839523315430e-01
9.926859140396118164e-01
9.888246655464172363e-01
9.970201253890991211e-01
9.979713559150695801e-01
9.995037317276000977e-01
9.954617619514465332e-01
9.979351162910461426e-01
9.928285479545593262e-01
9.940226674079895020e-01
9.948754310607910156e-01
9.946309328079223633e-01
9.969080686569213867e-01
9.926056265830993652e-01
9.974120855331420898e-01
9.991617798805236816e-01
9.999721646308898926e-01
9.994423389434814453e-01
9.922454357147216797e-01
9.951681494712829590e-01
9.989954829216003418e-01
9.980558156967163086e-01
9.970605373382568359e-01
9.916013479232788086e-01
9.876564741134643555e-01
9.990764260292053223e-01
9.935136437416076660e-01
9.969592094421386719e-01
9.947466254234313965e-01
9.987902641296386719e-01
9.937978982925415039e-01
9.983420968055725098e-01
9.961675405502319336e-01
9.958732128143310547e-01
9.969387650489807129e-01
9.986075162887573242e-01
9.991190433502197266e-01
9.994527101516723633e-01
9.937009811401367188e-01
9.993438720703125000e-01
9.987685084342956543e-01
9.973269701004028320e-01
9.775803685188293457e-01
9.983553886413574219e-01
9.974433779716491699e-01
9.728822112083435059e-01
9.936586022377014160e-01
9.975550174713134766e-01
9.895879626274108887e-01
9.982833862304687500e-01
9.971708655357360840e-01
9.967175722122192383e-01
9.970500469207763672e-01
9.969482421875000000e-01
9.977894425392150879e-01
9.994068145751953125e-01
9.979030489921569824e-01
9.943801164627075195e-01
9.988801479339599609e-01
9.900233745574951172e-01
9.918612837791442871e-01
9.917764663696289062e-01
9.987876415252685547e-01
9.991336464881896973e-01
9.979035854339599609e-01
9.988436102867126465e-01
9.982973337173461914e-01
9.986031651496887207e-01
9.973359704017639160e-01
9.992250800132751465e-01
9.932841062545776367e-01
9.995436668395996094e-01
9.948278069496154785e-01
9.972434043884277344e-01
9.943427443504333496e-01
9.986313581466674805e-01
9.957401752471923828e-01
9.968609213829040527e-01
9.992467761039733887e-01
9.987213015556335449e-01
9.994171857833862305e-01
9.963357448577880859e-01
9.951961040496826172e-01
9.979524016380310059e-01
9.947277903556823730e-01
9.977929592132568359e-01
9.936531186103820801e-01
9.763464331626892090e-01
9.966533184051513672e-01
9.940320253372192383e-01
9.980772733688354492e-01
9.953323006629943848e-01
9.979459643363952637e-01
9.987381100654602051e-01
9.991653561592102051e-01
9.934954047203063965e-01
9.991518855094909668e-01
9.950931072235107422e-01
9.980816841125488281e-01
9.981182813644409180e-01
9.990488886833190918e-01
9.930441379547119141e-01
9.991120100021362305e-01
9.967005848884582520e-01
9.950563311576843262e-01
9.984552860260009766e-01
9.967579245567321777e-01
9.993010759353637695e-01
9.994172453880310059e-01
9.947035312652587891e-01
9.992269277572631836e-01
9.963490962982177734e-01
9.986317157745361328e-01
9.958998560905456543e-01
9.984471201896667480e-01
9.996035695075988770e-01
9.997284412384033203e-01
9.939863681793212891e-01
9.927331805229187012e-01
9.981675744056701660e-01
9.959915876388549805e-01
9.972206950187683105e-01
9.972298741340637207e-01
9.987100958824157715e-01
9.976320266723632812e-01
9.995067119598388672e-01
9.941348433494567871e-01
9.902633428573608398e-01
9.947987794876098633e-01
9.962742328643798828e-01
9.961770772933959961e-01
9.968309402465820312e-01
9.990025162696838379e-01
9.795680642127990723e-01
9.957165718078613281e-01
9.963824748992919922e-01
9.986509084701538086e-01
9.972235560417175293e-01
9.937040805816650391e-01
9.908869266510009766e-01
9.979770779609680176e-01
9.991931319236755371e-01
9.993596076965332031e-01
9.992656707763671875e-01
9.942388534545898438e-01
9.947094917297363281e-01
9.992458224296569824e-01
9.980600476264953613e-01
9.985585808753967285e-01
9.828404784202575684e-01
9.593868255615234375e-01
9.957188963890075684e-01
9.991402626037597656e-01
9.999436736106872559e-01
9.953835010528564453e-01
9.967175126075744629e-01
9.901297688484191895e-01
9.935904145240783691e-01
9.993199706077575684e-01
9.993782639503479004e-01
9.975320696830749512e-01
9.991303086280822754e-01
9.984724521636962891e-01
9.977805018424987793e-01
9.980980157852172852e-01
9.988216161727905273e-01
9.974911212921142578e-01
9.987352490425109863e-01
9.934582114219665527e-01
9.938960671424865723e-01
9.994177222251892090e-01
9.982307553291320801e-01
9.994722604751586914e-01
9.928452968597412109e-01
9.987556934356689453e-01
9.949718713760375977e-01
9.958346486091613770e-01
9.825679659843444824e-01
9.964133501052856445e-01
9.988469481468200684e-01
9.973138570785522461e-01
9.804868102073669434e-01
9.978170990943908691e-01
9.965193867683410645e-01
9.882294535636901855e-01
9.980738759040832520e-01
9.995722770690917969e-01
9.980167746543884277e-01
9.983103275299072266e-01
9.974283576011657715e-01
9.967010617256164551e-01
9.994363188743591309e-01
9.970961213111877441e-01
9.994857907295227051e-01
9.949370026588439941e-01
9.976328015327453613e-01
9.988312125205993652e-01
9.970806837081909180e-01
9.998309612274169922e-01
9.974104166030883789e-01
9.980241656303405762e-01
9.825838208198547363e-01
9.964010119438171387e-01
9.980617165565490723e-01
9.977782368659973145e-01
9.992360472679138184e-01
9.985486865043640137e-01
9.981973171234130859e-01
9.987611770629882812e-01
9.995133280754089355e-01
9.961314797401428223e-01
9.974901080131530762e-01
9.974043369293212891e-01
9.727999567985534668e-01
9.955064058303833008e-01
9.985744357109069824e-01
9.993078708648681641e-01
9.917244911193847656e-01
9.977854490280151367e-01
9.982133507728576660e-01
9.984378218650817871e-01
9.982830286026000977e-01
9.962579607963562012e-01
9.962648153305053711e-01
9.960838556289672852e-01
9.920428395271301270e-01
9.899527430534362793e-01
9.961172342300415039e-01
9.984820485115051270e-01
9.987147450447082520e-01
9.997989535331726074e-01
9.952070713043212891e-01
9.969435930252075195e-01
9.966145157814025879e-01
9.968077540397644043e-01
9.811986088752746582e-01
9.972336888313293457e-01
9.951950907707214355e-01
9.987614154815673828e-01
9.991319179534912109e-01
9.954760074615478516e-01
9.997476339340209961e-01
9.996899366378784180e-01
9.943310022354125977e-01
9.968996047973632812e-01
9.978343844413757324e-01
9.986168146133422852e-01
9.985095858573913574e-01
9.985884428024291992e-01
9.967868924140930176e-01
9.992033839225769043e-01
9.993075132369995117e-01
9.934949278831481934e-01
9.979658722877502441e-01
9.993335604667663574e-01
9.823180437088012695e-01
9.997365474700927734e-01
9.992870688438415527e-01
9.998450279235839844e-01
9.954574108123779297e-01
9.935176372528076172e-01
9.985357522964477539e-01
9.927259087562561035e-01
9.922120571136474609e-01
9.988214373588562012e-01
9.980102777481079102e-01
9.988597035408020020e-01
9.967906475067138672e-01
9.995918869972229004e-01
9.989724159240722656e-01
9.968875646591186523e-01
9.980905055999755859e-01
9.986640214920043945e-01
9.936329126358032227e-01
9.977704882621765137e-01
9.996008872985839844e-01
9.992634654045104980e-01
9.921799898147583008e-01
9.977904558181762695e-01
9.985667467117309570e-01
9.989272952079772949e-01
9.790666699409484863e-01
9.964320063591003418e-01
9.992553591728210449e-01
9.963217377662658691e-01
9.988232851028442383e-01
9.986845850944519043e-01
9.964589476585388184e-01
9.747867584228515625e-01
9.934079051017761230e-01
9.992552995681762695e-01
9.983042478561401367e-01
9.981390237808227539e-01
9.989715218544006348e-01
9.966946840286254883e-01
9.974510073661804199e-01
9.987918138504028320e-01
9.962204098701477051e-01
9.969697594642639160e-01
9.964284300804138184e-01
9.829046726226806641e-01
9.907978773117065430e-01
9.959206581115722656e-01
9.984369277954101562e-01
9.990345239639282227e-01
9.970669150352478027e-01
9.989030361175537109e-01
9.992181658744812012e-01
9.761229753494262695e-01
9.997800588607788086e-01
9.978647828102111816e-01
9.992318153381347656e-01
9.964333772659301758e-01
9.888253808021545410e-01
9.922684431076049805e-01
9.927186965942382812e-01
9.976290464401245117e-01
9.979818463325500488e-01
9.972062706947326660e-01
9.941167235374450684e-01
9.977124929428100586e-01
9.978058338165283203e-01
9.964892268180847168e-01
9.993273019790649414e-01
9.981552958488464355e-01
9.979146122932434082e-01
9.986810088157653809e-01
9.996675848960876465e-01
9.973765611648559570e-01
9.990621209144592285e-01
9.975841045379638672e-01
9.969516992568969727e-01
9.976787567138671875e-01
9.986987709999084473e-01
9.983569383621215820e-01
9.943614006042480469e-01
9.985632896423339844e-01
9.981843829154968262e-01
9.960758090019226074e-01
9.915252923965454102e-01
9.835317134857177734e-01
9.938651919364929199e-01
9.932891726493835449e-01
9.919142127037048340e-01
9.993774294853210449e-01
9.968315362930297852e-01
9.997739791870117188e-01
9.992249011993408203e-01
9.871780872344970703e-01
9.922908544540405273e-01
9.996709227561950684e-01
9.998063445091247559e-01
9.986540079116821289e-01
9.998684525489807129e-01
9.987472891807556152e-01
9.800450801849365234e-01
9.899280071258544922e-01
9.990905523300170898e-01
9.803491234779357910e-01
9.973034262657165527e-01
9.933556318283081055e-01
9.988489151000976562e-01
9.992188215255737305e-01
9.910192489624023438e-01
9.890395998954772949e-01
9.886249899864196777e-01
9.975366592407226562e-01
9.994224309921264648e-01
9.985463619232177734e-01
9.970321059226989746e-01
9.905551075935363770e-01
9.968841075897216797e-01
9.903045892715454102e-01
9.970719218254089355e-01
9.943348765373229980e-01
9.982913136482238770e-01
9.933036565780639648e-01
9.974556565284729004e-01
9.964873194694519043e-01
9.989233613014221191e-01
9.954283237457275391e-01
9.997072219848632812e-01
9.964125156402587891e-01
9.987775087356567383e-01
9.976105690002441406e-01
9.976502060890197754e-01
9.971606731414794922e-01
9.995034933090209961e-01
9.971115589141845703e-01
9.961779117584228516e-01
9.985325336456298828e-01
9.826914072036743164e-01
9.944138526916503906e-01
9.968309402465820312e-01
9.996268153190612793e-01
9.990627765655517578e-01
9.994062185287475586e-01
9.982963204383850098e-01
9.986267685890197754e-01
9.952788352966308594e-01
9.915202260017395020e-01
9.985357522964477539e-01
9.983819127082824707e-01
9.985556006431579590e-01
9.971922636032104492e-01
9.969312548637390137e-01
9.930367469787597656e-01
9.983470439910888672e-01
9.993501305580139160e-01
9.993117451667785645e-01
9.961583018302917480e-01
9.950074553489685059e-01
9.964219927787780762e-01
9.970501661300659180e-01
9.937857985496520996e-01
9.812250137329101562e-01
9.999846816062927246e-01
9.941260814666748047e-01
9.983875155448913574e-01
9.994677305221557617e-01
9.947907328605651855e-01
9.990174770355224609e-01
9.999820590019226074e-01
9.983108639717102051e-01
9.987341761589050293e-01
9.931237697601318359e-01
9.967013597488403320e-01
9.984568953514099121e-01
9.999731183052062988e-01
9.973186850547790527e-01
9.994341135025024414e-01
9.718236923217773438e-01
9.642584919929504395e-01
9.863849878311157227e-01
9.979093670845031738e-01
8.027604818344116211e-01
9.966558814048767090e-01
9.949514865875244141e-01
9.974273443222045898e-01
9.991310834884643555e-01
9.944069981575012207e-01
9.958466887474060059e-01
9.990700483322143555e-01
9.864388108253479004e-01
9.933339953422546387e-01
9.975824356079101562e-01
9.930896162986755371e-01
9.987609386444091797e-01
9.956644773483276367e-01
9.937573671340942383e-01
9.984900355339050293e-01
9.992818832397460938e-01
9.988654255867004395e-01
9.964798092842102051e-01
9.992700219154357910e-01
9.987804293632507324e-01
9.903288483619689941e-01
9.964469671249389648e-01
9.976398348808288574e-01
9.982173442840576172e-01
9.830105304718017578e-01
9.989662766456604004e-01
9.988716244697570801e-01
9.960848689079284668e-01
9.948884844779968262e-01
9.957622885704040527e-01
9.929587244987487793e-01
9.970429539680480957e-01
9.974091649055480957e-01
9.993302226066589355e-01
9.940592050552368164e-01
9.938170909881591797e-01
9.956864118576049805e-01
9.976603984832763672e-01
9.971989989280700684e-01
9.849005341529846191e-01
9.985843300819396973e-01
9.946326017379760742e-01
9.990132451057434082e-01
9.943485856056213379e-01
9.956994056701660156e-01
9.869989752769470215e-01
9.970446228981018066e-01
9.985294342041015625e-01
9.975777864456176758e-01
9.943478703498840332e-01
9.990881681442260742e-01
9.970920085906982422e-01
9.991984367370605469e-01
9.980764389038085938e-01
9.955132603645324707e-01
9.994394779205322266e-01
9.985225200653076172e-01
9.989831447601318359e-01
9.988785386085510254e-01
9.976276159286499023e-01
9.967875480651855469e-01
9.950227737426757812e-01
9.949900507926940918e-01
9.999697208404541016e-01
9.991495013236999512e-01
9.973096847534179688e-01
9.977717399597167969e-01
9.992325305938720703e-01
9.893989562988281250e-01
9.917215704917907715e-01
9.991266131401062012e-01
9.955137372016906738e-01
9.964274764060974121e-01
9.951667785644531250e-01
9.966143369674682617e-01
9.970173239707946777e-01
9.940521121025085449e-01
9.978253245353698730e-01
9.991887211799621582e-01
9.985466599464416504e-01
9.963831305503845215e-01
9.989690184593200684e-01
9.993634223937988281e-01
9.946071505546569824e-01
9.992610812187194824e-01
9.996098279953002930e-01
9.912087917327880859e-01
9.947227239608764648e-01
9.981080293655395508e-01
9.987846612930297852e-01
9.865535497665405273e-01
9.975272417068481445e-01
9.899902939796447754e-01
9.995316267013549805e-01
9.997541308403015137e-01
9.931788444519042969e-01
9.940719604492187500e-01
9.941959381103515625e-01
9.986604452133178711e-01
9.990458488464355469e-01
9.896470904350280762e-01
9.936401247978210449e-01
9.989987015724182129e-01
9.921754002571105957e-01
9.982060194015502930e-01
9.946127533912658691e-01
9.991077184677124023e-01
9.903193712234497070e-01
9.967978596687316895e-01
9.965824484825134277e-01
9.992350935935974121e-01
9.960818290710449219e-01
9.994694590568542480e-01
9.987125992774963379e-01
9.962550401687622070e-01
9.993563294410705566e-01
9.958551526069641113e-01
9.956912994384765625e-01
9.993138313293457031e-01
9.918503165245056152e-01
9.963659048080444336e-01
9.995289444923400879e-01
9.951600432395935059e-01
9.982247948646545410e-01
9.916193485260009766e-01
9.966233968734741211e-01
9.815413355827331543e-01
9.978097081184387207e-01
9.959101080894470215e-01
9.986346960067749023e-01
9.983919858932495117e-01
9.996905326843261719e-01
9.924684166908264160e-01
9.753088951110839844e-01
9.969177246093750000e-01
9.994853734970092773e-01
9.969914555549621582e-01
9.996044039726257324e-01
9.979323148727416992e-01
9.775298833847045898e-01
9.893943667411804199e-01
9.934868812561035156e-01
9.979469180107116699e-01
9.974980354309082031e-01
9.978241324424743652e-01
9.971941113471984863e-01
9.980295300483703613e-01
9.975880980491638184e-01
9.919116497039794922e-01
9.980980753898620605e-01
9.985629320144653320e-01
9.905012845993041992e-01
9.982468485832214355e-01
9.989331960678100586e-01
9.987119436264038086e-01
9.995061159133911133e-01
9.952588677406311035e-01
9.941589236259460449e-01
9.921237230300903320e-01
9.976642727851867676e-01
9.968760013580322266e-01
9.981193542480468750e-01
9.990137815475463867e-01
9.793128967285156250e-01
9.999004602432250977e-01
9.917464256286621094e-01
9.967161417007446289e-01
9.984035491943359375e-01
9.972390532493591309e-01
9.983618855476379395e-01
9.985821843147277832e-01
9.886021018028259277e-01
9.984172582626342773e-01
9.973539113998413086e-01
9.992250204086303711e-01
9.932867288589477539e-01
9.899250268936157227e-01
9.945573806762695312e-01
9.939814209938049316e-01
9.989414215087890625e-01
9.942520856857299805e-01
9.984664916992187500e-01
9.963312149047851562e-01
9.966179132461547852e-01
9.987033605575561523e-01
9.933594465255737305e-01
9.995704293251037598e-01
9.968494772911071777e-01
9.968744516372680664e-01
9.989899992942810059e-01
9.825269579887390137e-01
9.955389499664306641e-01
9.863517284393310547e-01
9.973979592323303223e-01
9.949635267257690430e-01
9.987276792526245117e-01
9.985977411270141602e-01
9.962481856346130371e-01
9.986592531204223633e-01
9.956710934638977051e-01
9.987500309944152832e-01
9.990852475166320801e-01
9.993218183517456055e-01
9.985923171043395996e-01
9.994970560073852539e-01
9.983046650886535645e-01
9.992901086807250977e-01
9.985130429267883301e-01
9.997469782829284668e-01
9.979538917541503906e-01
9.996789693832397461e-01
9.996436238288879395e-01
9.971475601196289062e-01
9.983822703361511230e-01
9.983051419258117676e-01
9.934818744659423828e-01
9.916000366210937500e-01
9.968764781951904297e-01
9.966827630996704102e-01
9.968666434288024902e-01
9.980931282043457031e-01
9.991112351417541504e-01
9.930725097656250000e-01
9.989641308784484863e-01
9.919977784156799316e-01
9.917434453964233398e-01
9.922372102737426758e-01
9.967579245567321777e-01
9.970921874046325684e-01
9.999902844429016113e-01
9.993310570716857910e-01
9.983159303665161133e-01
9.991934895515441895e-01
9.991397857666015625e-01
9.965285658836364746e-01
9.980065822601318359e-01
9.953860044479370117e-01
9.966177344322204590e-01
9.988077878952026367e-01
9.942421317100524902e-01
9.989915490150451660e-01
9.963470697402954102e-01
9.983653426170349121e-01
9.947595596313476562e-01
9.967535734176635742e-01
9.939769506454467773e-01
9.987896680831909180e-01
9.979287385940551758e-01
9.986043572425842285e-01
9.961225986480712891e-01
9.967792034149169922e-01
9.934223294258117676e-01
9.996399879455566406e-01
9.988582730293273926e-01
9.997155666351318359e-01
9.977284073829650879e-01
9.956653714179992676e-01
9.992195367813110352e-01
9.977818727493286133e-01
9.992656111717224121e-01
9.982438683509826660e-01
9.974328875541687012e-01
9.985284805297851562e-01
9.987400770187377930e-01
9.855154156684875488e-01
9.979529976844787598e-01
9.960345625877380371e-01
9.988967776298522949e-01
9.959848523139953613e-01
9.970641136169433594e-01
9.996321797370910645e-01
9.958695173263549805e-01
9.963986873626708984e-01
9.989560246467590332e-01
9.978231191635131836e-01
9.935207962989807129e-01
9.992560148239135742e-01
9.991620779037475586e-01
9.987750649452209473e-01
9.959213137626647949e-01
9.992494583129882812e-01
9.956062436103820801e-01
9.986909031867980957e-01
9.979920387268066406e-01
9.929277896881103516e-01
9.983550310134887695e-01
9.955054521560668945e-01
9.967002272605895996e-01
9.906221032142639160e-01
9.968599081039428711e-01
9.987140297889709473e-01
9.965098500251770020e-01
9.974043965339660645e-01
9.986998438835144043e-01
9.996343255043029785e-01
9.954724311828613281e-01
9.995018243789672852e-01
9.978625774383544922e-01
9.936733245849609375e-01
9.980955123901367188e-01
9.993238449096679688e-01
9.976675510406494141e-01
9.988870024681091309e-01
9.987152218818664551e-01
9.992425441741943359e-01
9.873858690261840820e-01
9.813712835311889648e-01
9.952489733695983887e-01
9.997742176055908203e-01
9.935848712921142578e-01
9.942099452018737793e-01
9.911749362945556641e-01
9.953141808509826660e-01
9.953776597976684570e-01
9.967058897018432617e-01
9.948720932006835938e-01
9.931406974792480469e-01
9.981344938278198242e-01
9.992883801460266113e-01
9.958230853080749512e-01
9.940057396888732910e-01
9.985014200210571289e-01
9.970551729202270508e-01
9.993041753768920898e-01
9.958934783935546875e-01
9.937938451766967773e-01
9.935019016265869141e-01
9.956951141357421875e-01
9.769339561462402344e-01
9.993768334388732910e-01
9.969123005867004395e-01
9.969484806060791016e-01
9.964644908905029297e-01
9.966149330139160156e-01
9.944678544998168945e-01
9.992757439613342285e-01
9.999917745590209961e-01
9.964275360107421875e-01
9.992617964744567871e-01
9.964053034782409668e-01
9.963293075561523438e-01
9.940738081932067871e-01
9.969372153282165527e-01
9.990608096122741699e-01
9.997539520263671875e-01
9.957534074783325195e-01
9.798063039779663086e-01
9.924388527870178223e-01
9.968270063400268555e-01
9.991502165794372559e-01
9.963676929473876953e-01
9.896963834762573242e-01
9.975512027740478516e-01
9.659278988838195801e-01
9.949408173561096191e-01
9.991126656532287598e-01
9.980286955833435059e-01
9.990537166595458984e-01
9.994221329689025879e-01
9.984605908393859863e-01
9.905312657356262207e-01
9.949743747711181641e-01
9.951720237731933594e-01
9.983392953872680664e-01
9.935059547424316406e-01
9.972433447837829590e-01
9.901811480522155762e-01
9.990183711051940918e-01
9.967002868652343750e-01
9.715314507484436035e-01
9.999796748161315918e-01
9.974803328514099121e-01
9.987898468971252441e-01
9.988017082214355469e-01
9.982450604438781738e-01
9.976317286491394043e-01
9.957389235496520996e-01
9.992278814315795898e-01
9.980381131172180176e-01
9.988917112350463867e-01
9.991726875305175781e-01
9.985050559043884277e-01
9.985028505325317383e-01
9.980868101119995117e-01
9.977266788482666016e-01
9.977719783782958984e-01
9.972135424613952637e-01
9.974932670593261719e-01
9.984343647956848145e-01
9.981212615966796875e-01
9.990544319152832031e-01
9.991492629051208496e-01
9.993052482604980469e-01
9.907705187797546387e-01
9.990432262420654297e-01
9.990664720535278320e-01
9.952040910720825195e-01
9.912745356559753418e-01
9.637831449508666992e-01
9.986883401870727539e-01
9.991684556007385254e-01
9.974030256271362305e-01
9.998533129692077637e-01
9.962360262870788574e-01
9.998278021812438965e-01
9.998790621757507324e-01
9.855024814605712891e-01
9.939204454421997070e-01
9.975005388259887695e-01
9.904846549034118652e-01
9.990196228027343750e-01
9.954192042350769043e-01
9.851937294006347656e-01
9.966636896133422852e-01
9.991094470024108887e-01
9.958724975585937500e-01
9.974087476730346680e-01
9.990190267562866211e-01
9.966156482696533203e-01
9.989914298057556152e-01
9.987932443618774414e-01
9.940667748451232910e-01
9.931504726409912109e-01
9.995552301406860352e-01
9.938312172889709473e-01
9.987701177597045898e-01
9.857491254806518555e-01
9.970257878303527832e-01
9.999237656593322754e-01
9.988759756088256836e-01
9.937720298767089844e-01
9.968679547309875488e-01
9.921093583106994629e-01
9.949612617492675781e-01
9.992166161537170410e-01
9.953696727752685547e-01
9.996119141578674316e-01
