9.974436759948730469e-01
9.982482790946960449e-01
9.988139271736145020e-01
9.982963800430297852e-01
9.965777993202209473e-01
9.751185774803161621e-01
9.990501999855041504e-01
9.982088804244995117e-01
9.990671873092651367e-01
9.994289278984069824e-01
9.922878146171569824e-01
9.942920207977294922e-01
9.987099766731262207e-01
9.870388507843017578e-01
9.997051358222961426e-01
9.991422295570373535e-01
9.988836050033569336e-01
9.927014708518981934e-01
9.949657320976257324e-01
9.962168335914611816e-01
9.944319128990173340e-01
9.989349842071533203e-01
9.895657300949096680e-01
9.948529005050659180e-01
9.963883161544799805e-01
9.983520507812500000e-01
9.969557523727416992e-01
9.977523684501647949e-01
9.995673298835754395e-01
9.957471489906311035e-01
9.940896630287170410e-01
9.947187900543212891e-01
9.937947988510131836e-01
9.962436556816101074e-01
9.939405322074890137e-01
9.986608028411865234e-01
9.979197382926940918e-01
9.992389678955078125e-01
9.877814054489135742e-01
9.893109798431396484e-01
9.988288283348083496e-01
9.981100559234619141e-01
9.989738464355468750e-01
9.998373985290527344e-01
9.974818229675292969e-01
9.985033273696899414e-01
9.977562427520751953e-01
9.897224307060241699e-01
9.989187717437744141e-01
9.986430406570434570e-01
9.975036382675170898e-01
9.951894879341125488e-01
9.951912164688110352e-01
9.951485991477966309e-01
9.992951154708862305e-01
9.983385801315307617e-01
9.981735944747924805e-01
9.925290346145629883e-01
9.996972084045410156e-01
9.997218847274780273e-01
9.935856461524963379e-01
9.981524348258972168e-01
9.881250858306884766e-01
9.986164569854736328e-01
9.985352754592895508e-01
9.975197911262512207e-01
9.945152997970581055e-01
9.989203214645385742e-01
9.971237182617187500e-01
9.983607530593872070e-01
9.915500283241271973e-01
9.996787309646606445e-01
9.992870092391967773e-01
9.961601495742797852e-01
9.793059825897216797e-01
9.973230361938476562e-01
9.970383644104003906e-01
9.943851232528686523e-01
9.948242902755737305e-01
9.828937649726867676e-01
9.949194192886352539e-01
9.964224696159362793e-01
9.989484548568725586e-01
9.987536668777465820e-01
9.994764924049377441e-01
9.999412298202514648e-01
9.987283349037170410e-01
9.989947676658630371e-01
9.929912090301513672e-01
9.992934465408325195e-01
9.954903721809387207e-01
9.962849020957946777e-01
9.979160428047180176e-01
9.377231597900390625e-01
9.866842627525329590e-01
9.996805787086486816e-01
9.919425845146179199e-01
9.943888187408447266e-01
9.992184042930603027e-01
9.932740330696105957e-01
9.918435811996459961e-01
9.995625615119934082e-01
9.976330995559692383e-01
9.972605109214782715e-01
9.950161576271057129e-01
9.985911250114440918e-01
9.962478876113891602e-01
9.981706738471984863e-01
9.985170364379882812e-01
9.978477358818054199e-01
9.930697679519653320e-01
9.930018186569213867e-01
9.983690381050109863e-01
9.943640232086181641e-01
9.988179802894592285e-01
9.985516667366027832e-01
9.974063038825988770e-01
9.994831085205078125e-01
9.987075328826904297e-01
9.971852302551269531e-01
9.990709424018859863e-01
9.919645786285400391e-01
9.928513169288635254e-01
9.996693730354309082e-01
9.991178512573242188e-01
9.987236857414245605e-01
9.850880503654479980e-01
9.982107281684875488e-01
9.992439150810241699e-01
9.993501901626586914e-01
9.946997761726379395e-01
9.999110698699951172e-01
9.974610209465026855e-01
9.986405372619628906e-01
9.938181042671203613e-01
9.898601770401000977e-01
9.906872510910034180e-01
9.963059425354003906e-01
9.943825602531433105e-01
9.977176189422607422e-01
9.991145730018615723e-01
9.969725608825683594e-01
9.981910586357116699e-01
9.938204884529113770e-01
9.990977048873901367e-01
9.966731071472167969e-01
9.999629855155944824e-01
9.926991462707519531e-01
9.930974841117858887e-01
9.969695806503295898e-01
9.948145747184753418e-01
9.977700710296630859e-01
9.903407096862792969e-01
9.994904398918151855e-01
9.970750808715820312e-01
9.980674386024475098e-01
9.970529079437255859e-01
9.915289282798767090e-01
9.995126724243164062e-01
9.980567097663879395e-01
9.962761402130126953e-01
9.978166222572326660e-01
9.963116645812988281e-01
9.978502392768859863e-01
9.996377825736999512e-01
9.771668314933776855e-01
9.949750304222106934e-01
9.946488142013549805e-01
9.992674589157104492e-01
9.946323037147521973e-01
9.988864064216613770e-01
9.989153742790222168e-01
9.964751005172729492e-01
9.966219067573547363e-01
9.971687197685241699e-01
9.885526895523071289e-01
9.972386360168457031e-01
9.904626011848449707e-01
9.990524053573608398e-01
9.945526719093322754e-01
9.992714524269104004e-01
9.997814893722534180e-01
9.986015558242797852e-01
9.978925585746765137e-01
9.982355237007141113e-01
9.972152709960937500e-01
9.962155818939208984e-01
9.999349713325500488e-01
9.987363219261169434e-01
9.985839724540710449e-01
9.945948719978332520e-01
9.981740713119506836e-01
9.994721412658691406e-01
9.982860684394836426e-01
9.919329285621643066e-01
9.358459115028381348e-01
9.941104650497436523e-01
9.991638064384460449e-01
9.969543218612670898e-01
9.914590716361999512e-01
9.996747374534606934e-01
9.971804022789001465e-01
9.961926937103271484e-01
9.978901743888854980e-01
9.964596629142761230e-01
9.983551502227783203e-01
9.990758895874023438e-01
9.931586980819702148e-01
9.984362721443176270e-01
9.908498525619506836e-01
9.947589039802551270e-01
9.886557459831237793e-01
9.979575872421264648e-01
9.958215951919555664e-01
9.984493851661682129e-01
9.950059652328491211e-01
9.900731444358825684e-01
9.991999268531799316e-01
9.965137243270874023e-01
9.997937083244323730e-01
9.983949661254882812e-01
9.921127557754516602e-01
9.920685291290283203e-01
9.996002912521362305e-01
9.993176460266113281e-01
9.362597465515136719e-01
9.993638396263122559e-01
9.957046508789062500e-01
9.968166351318359375e-01
9.954355955123901367e-01
9.972683191299438477e-01
9.995319247245788574e-01
9.936959147453308105e-01
9.832828640937805176e-01
9.985694289207458496e-01
9.984115362167358398e-01
9.969279766082763672e-01
9.990517497062683105e-01
9.976882934570312500e-01
9.567906856536865234e-01
9.906443953514099121e-01
9.976668357849121094e-01
9.967265129089355469e-01
9.918631911277770996e-01
9.968905448913574219e-01
9.973170161247253418e-01
9.978682398796081543e-01
9.881344437599182129e-01
9.892656207084655762e-01
9.992872476577758789e-01
9.964229464530944824e-01
9.984936118125915527e-01
9.935937523841857910e-01
9.883286952972412109e-01
9.978882670402526855e-01
9.986781477928161621e-01
9.967745542526245117e-01
9.979941844940185547e-01
9.997568130493164062e-01
9.879087209701538086e-01
9.966942667961120605e-01
9.988240003585815430e-01
9.976463913917541504e-01
9.963350892066955566e-01
9.923796057701110840e-01
9.997832179069519043e-01
9.974977970123291016e-01
9.913803935050964355e-01
9.977909922599792480e-01
9.998193383216857910e-01
9.949651956558227539e-01
9.951413869857788086e-01
9.917443990707397461e-01
9.924107789993286133e-01
9.991080760955810547e-01
9.991160035133361816e-01
9.991306066513061523e-01
9.893775582313537598e-01
9.914423227310180664e-01
9.990514516830444336e-01
9.970279335975646973e-01
9.995684623718261719e-01
9.992794394493103027e-01
9.984745979309082031e-01
9.983873367309570312e-01
9.885451793670654297e-01
9.980980753898620605e-01
9.973495006561279297e-01
9.955456256866455078e-01
9.760702848434448242e-01
9.997856616973876953e-01
9.997660517692565918e-01
9.987950921058654785e-01
9.958886504173278809e-01
9.916505813598632812e-01
9.966710209846496582e-01
9.990571141242980957e-01
9.978029727935791016e-01
9.995408654212951660e-01
9.992256760597229004e-01
9.929292201995849609e-01
9.991155266761779785e-01
9.824079275131225586e-01
9.993291497230529785e-01
9.966869354248046875e-01
9.857938289642333984e-01
9.893646836280822754e-01
9.979519248008728027e-01
9.979234337806701660e-01
9.930213689804077148e-01
9.843754768371582031e-01
9.778640866279602051e-01
9.987380504608154297e-01
9.994114041328430176e-01
9.989376068115234375e-01
9.967540502548217773e-01
9.955642819404602051e-01
9.983454942703247070e-01
9.983611106872558594e-01
9.984575510025024414e-01
9.914181232452392578e-01
9.997855424880981445e-01
9.965873956680297852e-01
9.994947910308837891e-01
9.957155585289001465e-01
9.866006970405578613e-01
9.976821541786193848e-01
9.994302392005920410e-01
9.991005063056945801e-01
9.991419315338134766e-01
9.999554157257080078e-01
9.966896772384643555e-01
9.991090893745422363e-01
9.993024468421936035e-01
9.958364367485046387e-01
9.987795948982238770e-01
9.940935373306274414e-01
9.930686950683593750e-01
9.983802437782287598e-01
9.970087409019470215e-01
9.966547489166259766e-01
9.979511499404907227e-01
9.994040131568908691e-01
9.979491829872131348e-01
9.977176785469055176e-01
9.960631132125854492e-01
9.929780960083007812e-01
9.879686832427978516e-01
9.982666373252868652e-01
9.959644675254821777e-01
9.995908737182617188e-01
9.990134835243225098e-01
9.967995882034301758e-01
9.864112138748168945e-01
9.944147467613220215e-01
9.827575683593750000e-01
9.983186721801757812e-01
9.991276264190673828e-01
9.970379471778869629e-01
9.979639053344726562e-01
9.969946146011352539e-01
9.983779191970825195e-01
9.980354309082031250e-01
9.981749653816223145e-01
9.984439611434936523e-01
9.932721257209777832e-01
9.850162267684936523e-01
9.898723959922790527e-01
9.968264698982238770e-01
9.995260238647460938e-01
9.973819255828857422e-01
9.986429214477539062e-01
9.935802221298217773e-01
9.952318668365478516e-01
9.987561702728271484e-01
9.978015422821044922e-01
9.961971640586853027e-01
9.993281960487365723e-01
9.981092810630798340e-01
9.982901811599731445e-01
9.992496371269226074e-01
9.984138607978820801e-01
9.979928731918334961e-01
9.990278482437133789e-01
9.980866909027099609e-01
9.932668805122375488e-01
9.959698319435119629e-01
9.983561038970947266e-01
9.991598129272460938e-01
9.989543557167053223e-01
9.988132715225219727e-01
9.982088804244995117e-01
9.965528845787048340e-01
9.977610707283020020e-01
9.966716766357421875e-01
9.986787438392639160e-01
9.982271790504455566e-01
9.976310729980468750e-01
9.966440796852111816e-01
9.994448423385620117e-01
9.947673678398132324e-01
9.989300370216369629e-01
9.902524352073669434e-01
9.993467926979064941e-01
9.994543790817260742e-01
9.987180829048156738e-01
9.965935349464416504e-01
9.942393302917480469e-01
9.992814660072326660e-01
9.982784390449523926e-01
9.973449707031250000e-01
9.975033402442932129e-01
9.969418644905090332e-01
9.981765747070312500e-01
9.933585524559020996e-01
9.954719543457031250e-01
9.979324340820312500e-01
9.950568675994873047e-01
9.927873611450195312e-01
9.871432185173034668e-01
9.962848424911499023e-01
9.746627807617187500e-01
9.946085810661315918e-01
9.977122545242309570e-01
9.967718720436096191e-01
9.976646900177001953e-01
9.989005327224731445e-01
9.969493150711059570e-01
9.957798123359680176e-01
9.891446232795715332e-01
9.986562728881835938e-01
9.962022304534912109e-01
9.959046840667724609e-01
9.881554245948791504e-01
9.923549890518188477e-01
9.993534088134765625e-01
9.940606355667114258e-01
9.967657327651977539e-01
9.992783665657043457e-01
9.994301795959472656e-01
9.955014586448669434e-01
9.948657751083374023e-01
9.916573166847229004e-01
9.945864081382751465e-01
9.959369301795959473e-01
9.922430515289306641e-01
9.922732114791870117e-01
9.959274530410766602e-01
9.971873760223388672e-01
9.975544214248657227e-01
9.936069846153259277e-01
9.995703101158142090e-01
9.973614215850830078e-01
9.951148033142089844e-01
9.990984797477722168e-01
9.978821873664855957e-01
9.962636828422546387e-01
9.889529347419738770e-01
9.962147474288940430e-01
9.987102746963500977e-01
9.840927124023437500e-01
9.989146590232849121e-01
9.949812889099121094e-01
9.990515112876892090e-01
9.939504861831665039e-01
9.746894836425781250e-01
9.958292245864868164e-01
9.959754943847656250e-01
9.969102144241333008e-01
9.981177449226379395e-01
9.988991618156433105e-01
9.993013143539428711e-01
9.934499859809875488e-01
9.990230798721313477e-01
9.987704753875732422e-01
9.965769648551940918e-01
9.717508554458618164e-01
9.987974762916564941e-01
9.977069497108459473e-01
9.975674748420715332e-01
9.912190437316894531e-01
9.987531900405883789e-01
9.878770709037780762e-01
9.976179599761962891e-01
9.960538744926452637e-01
9.969763159751892090e-01
9.968809485435485840e-01
9.556884765625000000e-01
9.976123571395874023e-01
9.979137778282165527e-01
9.998746514320373535e-01
9.943266510963439941e-01
9.976044893264770508e-01
9.868335127830505371e-01
9.913741350173950195e-01
9.935155510902404785e-01
9.987857341766357422e-01
9.986177086830139160e-01
9.980260729789733887e-01
9.988858699798583984e-01
9.987376332283020020e-01
9.977710843086242676e-01
9.928859472274780273e-01
9.992578029632568359e-01
9.926370382308959961e-01
9.997981786727905273e-01
9.957055449485778809e-01
9.990003705024719238e-01
9.926630258560180664e-01
9.986901283264160156e-01
9.980306029319763184e-01
9.969855546951293945e-01
9.998145103454589844e-01
9.988527894020080566e-01
9.996128678321838379e-01
9.977397918701171875e-01
9.979048967361450195e-01
9.978174567222595215e-01
9.907746315002441406e-01
9.979391694068908691e-01
9.931647181510925293e-01
9.715242385864257812e-01
9.965862035751342773e-01
9.858738183975219727e-01
9.977892637252807617e-01
9.951255917549133301e-01
9.979384541511535645e-01
9.991146326065063477e-01
9.991535544395446777e-01
9.929463863372802734e-01
9.995707869529724121e-01
9.952294826507568359e-01
9.986107945442199707e-01
9.979225993156433105e-01
9.991166591644287109e-01
9.941318631172180176e-01
9.991429448127746582e-01
9.982340931892395020e-01
9.949637055397033691e-01
9.982900023460388184e-01
9.970296025276184082e-01
9.993804693222045898e-01
9.983604550361633301e-01
9.955201148986816406e-01
9.991766214370727539e-01
9.963286519050598145e-01
9.975294470787048340e-01
9.968228340148925781e-01
9.994059205055236816e-01
9.995590448379516602e-01
9.999301433563232422e-01
9.944967031478881836e-01
9.950268864631652832e-01
9.981296062469482422e-01
9.958694577217102051e-01
9.986022710800170898e-01
9.993560910224914551e-01
9.987452626228332520e-01
9.940580725669860840e-01
9.993860721588134766e-01
9.931890368461608887e-01
9.905760884284973145e-01
9.959621429443359375e-01
9.950755238533020020e-01
9.963957667350769043e-01
9.975307583808898926e-01
9.984578490257263184e-01
9.908185005187988281e-01
9.943516850471496582e-01
9.972161054611206055e-01
9.979781508445739746e-01
9.984129667282104492e-01
9.928625226020812988e-01
9.665457606315612793e-01
9.971865415573120117e-01
9.981898665428161621e-01
9.993575215339660645e-01
9.983955621719360352e-01
9.945163726806640625e-01
9.958044886589050293e-01
9.992423057556152344e-01
9.977008700370788574e-01
9.986219406127929688e-01
9.922193288803100586e-01
9.841967225074768066e-01
9.942877292633056641e-01
9.993730783462524414e-01
9.995990991592407227e-01
9.947210550308227539e-01
9.968793988227844238e-01
9.898646473884582520e-01
9.922471046447753906e-01
9.993535876274108887e-01
9.994885325431823730e-01
9.976392388343811035e-01
9.984011650085449219e-01
9.992133378982543945e-01
9.978017210960388184e-01
9.981759786605834961e-01
9.993628859519958496e-01
9.978567361831665039e-01
9.977509975433349609e-01
9.891383051872253418e-01
9.929152131080627441e-01
9.973777532577514648e-01
9.985614418983459473e-01
9.975423216819763184e-01
9.950817227363586426e-01
9.993066787719726562e-01
9.964281916618347168e-01
9.969161748886108398e-01
9.839237928390502930e-01
9.916995167732238770e-01
9.988024234771728516e-01
9.952418208122253418e-01
9.626348614692687988e-01
9.979208111763000488e-01
9.947841763496398926e-01
9.324929714202880859e-01
9.991059899330139160e-01
9.998508095741271973e-01
9.977555871009826660e-01
9.981967210769653320e-01
9.989494085311889648e-01
9.965608716011047363e-01
9.994555115699768066e-01
9.972816109657287598e-01
9.995464086532592773e-01
9.947632551193237305e-01
9.969441294670104980e-01
9.983862042427062988e-01
9.968954920768737793e-01
9.998782873153686523e-01
9.975240826606750488e-01
9.775835275650024414e-01
9.832385778427124023e-01
9.995059370994567871e-01
9.982910752296447754e-01
9.968087077140808105e-01
9.990417957305908203e-01
9.983173012733459473e-01
9.945346713066101074e-01
9.986659288406372070e-01
9.962626695632934570e-01
9.955992102622985840e-01
9.977757334709167480e-01
9.979883432388305664e-01
9.743750691413879395e-01
9.975028634071350098e-01
9.985380172729492188e-01
9.997541904449462891e-01
9.877293705940246582e-01
9.979668855667114258e-01
9.983142614364624023e-01
9.987498521804809570e-01
9.963121414184570312e-01
9.959845542907714844e-01
9.968158602714538574e-01
9.954689145088195801e-01
9.898095130920410156e-01
9.892114996910095215e-01
9.966380000114440918e-01
9.985951185226440430e-01
9.984843134880065918e-01
9.999032020568847656e-01
9.952784776687622070e-01
9.978433847427368164e-01
9.951203465461730957e-01
9.971444010734558105e-01
9.849067926406860352e-01
9.968125224113464355e-01
9.966638088226318359e-01
9.987602233886718750e-01
9.995852112770080566e-01
9.984902143478393555e-01
9.999267458915710449e-01
9.999715685844421387e-01
9.979915618896484375e-01
9.957629442214965820e-01
9.991063475608825684e-01
9.985639452934265137e-01
9.988850951194763184e-01
9.989417791366577148e-01
9.970616698265075684e-01
9.995989799499511719e-01
9.992485046386718750e-01
9.941147565841674805e-01
9.982036948204040527e-01
9.993360638618469238e-01
9.860763549804687500e-01
9.994858503341674805e-01
9.987392425537109375e-01
9.998475313186645508e-01
9.959188699722290039e-01
9.993183612823486328e-01
9.985918998718261719e-01
9.913545250892639160e-01
9.932763576507568359e-01
9.987918138504028320e-01
9.961141347885131836e-01
9.985476136207580566e-01
9.967535138130187988e-01
9.988862872123718262e-01
9.968330264091491699e-01
9.969003796577453613e-01
9.969513416290283203e-01
9.919061064720153809e-01
9.986426830291748047e-01
9.996071457862854004e-01
9.993200302124023438e-01
9.860404729843139648e-01
9.985292553901672363e-01
9.983952641487121582e-01
9.987088441848754883e-01
9.964722990989685059e-01
9.967554807662963867e-01
9.994669556617736816e-01
9.964938163757324219e-01
9.987228512763977051e-01
9.986337423324584961e-01
9.974775314331054688e-01
9.969436526298522949e-01
9.920855164527893066e-01
9.993358850479125977e-01
9.984263181686401367e-01
9.983394742012023926e-01
9.946470856666564941e-01
9.937917590141296387e-01
9.975665211677551270e-01
9.987207651138305664e-01
9.959391355514526367e-01
9.955174326896667480e-01
9.965023398399353027e-01
9.894678592681884766e-01
9.898154735565185547e-01
9.923045635223388672e-01
9.980190992355346680e-01
9.987406134605407715e-01
9.981060624122619629e-01
9.987007379531860352e-01
9.991802573204040527e-01
9.797913432121276855e-01
9.975092411041259766e-01
9.897466301918029785e-01
9.992843270301818848e-01
9.945789575576782227e-01
9.877975583076477051e-01
9.916707277297973633e-01
9.919358491897583008e-01
9.977996349334716797e-01
9.991722106933593750e-01
9.993931651115417480e-01
9.925225973129272461e-01
9.999361038208007812e-01
9.982838630676269531e-01
9.977169036865234375e-01
9.942388534545898438e-01
9.980180859565734863e-01
9.982426166534423828e-01
9.979778528213500977e-01
9.973847270011901855e-01
9.999727010726928711e-01
9.983932971954345703e-01
9.999150633811950684e-01
9.984939694404602051e-01
9.954639673233032227e-01
9.972918629646301270e-01
9.980276823043823242e-01
9.980168938636779785e-01
9.930562973022460938e-01
9.988504052162170410e-01
9.993858337402343750e-01
9.990395307540893555e-01
9.906903505325317383e-01
9.857497811317443848e-01
9.939319491386413574e-01
9.853873252868652344e-01
9.691138267517089844e-01
9.993596076965332031e-01
9.948279261589050293e-01
9.998118877410888672e-01
9.993643164634704590e-01
9.891152381896972656e-01
9.892917871475219727e-01
9.993847012519836426e-01
9.999743103981018066e-01
9.987871050834655762e-01
9.994771480560302734e-01
9.987846612930297852e-01
9.939759969711303711e-01
9.966982603073120117e-01
9.991691112518310547e-01
9.811776876449584961e-01
9.988941550254821777e-01
9.931849837303161621e-01
9.952229857444763184e-01
9.992437362670898438e-01
9.898434281349182129e-01
9.906338453292846680e-01
9.999966621398925781e-01
9.973346590995788574e-01
9.995489120483398438e-01
9.994930028915405273e-01
9.943258166313171387e-01
9.891282916069030762e-01
9.964399337768554688e-01
9.969034194946289062e-01
9.980246424674987793e-01
9.851475954055786133e-01
9.982730150222778320e-01
9.940415024757385254e-01
9.981701970100402832e-01
9.978992342948913574e-01
9.988605976104736328e-01
9.960142374038696289e-01
9.999032020568847656e-01
9.910873174667358398e-01
9.988005757331848145e-01
9.972147941589355469e-01
9.977418780326843262e-01
9.970731735229492188e-01
9.993873238563537598e-01
9.971406459808349609e-01
9.962724447250366211e-01
9.994927048683166504e-01
9.812749028205871582e-01
9.978857636451721191e-01
9.976695775985717773e-01
9.981489777565002441e-01
9.985911846160888672e-01
9.994297027587890625e-01
9.986978769302368164e-01
9.992045760154724121e-01
9.950860142707824707e-01
9.893225431442260742e-01
9.997166991233825684e-01
9.990722537040710449e-01
9.985073804855346680e-01
9.971964955329895020e-01
9.963419437408447266e-01
9.949735403060913086e-01
9.995086193084716797e-01
9.990490078926086426e-01
9.982146024703979492e-01
9.939548969268798828e-01
9.959853291511535645e-01
9.900331497192382812e-01
9.971045255661010742e-01
9.920442104339599609e-01
9.884063005447387695e-01
9.999540448188781738e-01
9.986348748207092285e-01
9.982016086578369141e-01
9.993589520454406738e-01
9.930580258369445801e-01
9.982774853706359863e-01
9.998790621757507324e-01
9.977887868881225586e-01
9.999225735664367676e-01
9.938018918037414551e-01
9.989399313926696777e-01
9.990881085395812988e-01
9.956437945365905762e-01
9.958863258361816406e-01
9.993441104888916016e-01
9.698100686073303223e-01
9.948092699050903320e-01
9.857555031776428223e-01
9.932609200477600098e-01
9.875653982162475586e-01
9.984064102172851562e-01
9.907630085945129395e-01
9.972481727600097656e-01
9.992156624794006348e-01
9.945675730705261230e-01
9.964310526847839355e-01
9.981375336647033691e-01
9.871947169303894043e-01
9.922969341278076172e-01
9.994010329246520996e-01
9.924713969230651855e-01
9.990170598030090332e-01
9.960244297981262207e-01
9.980319738388061523e-01
9.985696673393249512e-01
9.988286495208740234e-01
9.989243149757385254e-01
9.964733719825744629e-01
9.989170432090759277e-01
9.886594414710998535e-01
9.983413815498352051e-01
9.977139234542846680e-01
9.958109259605407715e-01
9.986433386802673340e-01
9.751909375190734863e-01
9.985339045524597168e-01
9.986698031425476074e-01
9.975290894508361816e-01
9.987493753433227539e-01
9.999887943267822266e-01
9.929556846618652344e-01
9.930011630058288574e-01
9.975363612174987793e-01
9.994472265243530273e-01
9.940035343170166016e-01
9.911690354347229004e-01
9.959440827369689941e-01
9.972661137580871582e-01
9.992207288742065430e-01
9.966346025466918945e-01
9.973644018173217773e-01
9.949232935905456543e-01
9.993434548377990723e-01
9.987651705741882324e-01
9.953834414482116699e-01
9.966594576835632324e-01
9.924348592758178711e-01
9.971641302108764648e-01
9.991601705551147461e-01
9.981730580329895020e-01
9.907281994819641113e-01
9.992970228195190430e-01
9.969379305839538574e-01
9.982512593269348145e-01
9.976413249969482422e-01
9.924551248550415039e-01
9.974087476730346680e-01
9.986137747764587402e-01
9.989885091781616211e-01
9.986839294433593750e-01
9.974247217178344727e-01
9.968886375427246094e-01
9.969907402992248535e-01
9.965957403182983398e-01
9.998059272766113281e-01
9.982597827911376953e-01
9.947100877761840820e-01
9.976517558097839355e-01
9.992730021476745605e-01
9.862285852432250977e-01
9.956011176109313965e-01
9.955210089683532715e-01
9.966581463813781738e-01
9.986386895179748535e-01
9.953159093856811523e-01
9.964626431465148926e-01
9.965022802352905273e-01
9.902160763740539551e-01
9.980632662773132324e-01
9.993121027946472168e-01
9.980772733688354492e-01
9.966917037963867188e-01
9.992786049842834473e-01
9.995235204696655273e-01
9.946164488792419434e-01
9.992087483406066895e-01
9.989449381828308105e-01
9.916099905967712402e-01
9.955881834030151367e-01
9.975956082344055176e-01
9.988988637924194336e-01
9.843505024909973145e-01
9.963133931159973145e-01
9.913892745971679688e-01
9.995431303977966309e-01
9.987850189208984375e-01
9.951625466346740723e-01
9.947777986526489258e-01
9.958914518356323242e-01
9.971281886100769043e-01
9.999518394470214844e-01
9.909379482269287109e-01
9.963823556900024414e-01
9.997102022171020508e-01
9.946954250335693359e-01
9.985004663467407227e-01
9.955462217330932617e-01
9.968695044517517090e-01
9.392390251159667969e-01
9.951850175857543945e-01
9.984071850776672363e-01
9.994349479675292969e-01
9.894326329231262207e-01
9.963407516479492188e-01
9.988290667533874512e-01
9.958918690681457520e-01
9.993389248847961426e-01
9.963576197624206543e-01
9.970489144325256348e-01
9.858790040016174316e-01
9.787576794624328613e-01
9.905745983123779297e-01
9.995468258857727051e-01
9.904993772506713867e-01
9.980905055999755859e-01
9.913552999496459961e-01
9.959993958473205566e-01
9.850491881370544434e-01
9.979245662689208984e-01
9.955517649650573730e-01
9.967070221900939941e-01
9.972658753395080566e-01
9.993437528610229492e-01
9.926963448524475098e-01
9.876781105995178223e-01
9.952665567398071289e-01
9.973345994949340820e-01
9.990586042404174805e-01
9.993579387664794922e-01
9.979766011238098145e-01
9.779111742973327637e-01
9.908222556114196777e-01
9.834556579589843750e-01
9.982165694236755371e-01
9.965263009071350098e-01
9.992480278015136719e-01
9.967924952507019043e-01
9.972541332244873047e-01
9.957837462425231934e-01
9.912208914756774902e-01
9.975093603134155273e-01
9.984418749809265137e-01
9.935781955718994141e-01
9.979797005653381348e-01
9.953896999359130859e-01
9.981949925422668457e-01
9.994255304336547852e-01
9.982360005378723145e-01
9.930777549743652344e-01
9.877856969833374023e-01
9.973938465118408203e-01
9.971610307693481445e-01
9.981759786605834961e-01
9.968498349189758301e-01
9.980096817016601562e-01
9.813806414604187012e-01
9.993326067924499512e-01
9.902505278587341309e-01
9.985097050666809082e-01
9.963191151618957520e-01
9.958776235580444336e-01
9.974918365478515625e-01
9.991693496704101562e-01
9.899614453315734863e-01
9.991344809532165527e-01
9.972711801528930664e-01
9.989692568778991699e-01
9.934642314910888672e-01
9.945252537727355957e-01
9.983600974082946777e-01
9.993532299995422363e-01
9.952189922332763672e-01
9.937286376953125000e-01
9.985039234161376953e-01
9.964483380317687988e-01
9.957305192947387695e-01
9.999052882194519043e-01
9.959209561347961426e-01
9.971507787704467773e-01
9.957383275032043457e-01
9.946785569190979004e-01
9.948153495788574219e-01
9.885332584381103516e-01
9.932138919830322266e-01
9.956059455871582031e-01
9.966542720794677734e-01
9.946999549865722656e-01
9.989678859710693359e-01
9.986937642097473145e-01
9.982801675796508789e-01
9.986698627471923828e-01
9.965400695800781250e-01
9.989513158798217773e-01
9.997431039810180664e-01
9.987423419952392578e-01
9.988172054290771484e-01
9.929083585739135742e-01
9.981582760810852051e-01
9.982699155807495117e-01
9.968122839927673340e-01
9.981706142425537109e-01
9.979720115661621094e-01
9.983583092689514160e-01
9.973635077476501465e-01
9.975607395172119141e-01
9.982094168663024902e-01
9.964127540588378906e-01
9.955928325653076172e-01
9.912185668945312500e-01
9.963304996490478516e-01
9.958832263946533203e-01
9.963675141334533691e-01
9.976524114608764648e-01
9.985857009887695312e-01
9.924328923225402832e-01
9.988026022911071777e-01
9.903302788734436035e-01
9.927465915679931641e-01
9.941720366477966309e-01
9.958557486534118652e-01
9.971804618835449219e-01
9.992586374282836914e-01
9.982745051383972168e-01
9.991518855094909668e-01
9.991267919540405273e-01
9.955390095710754395e-01
9.990716576576232910e-01
9.956485033035278320e-01
9.967727065086364746e-01
9.942107200622558594e-01
9.951478242874145508e-01
9.990516304969787598e-01
9.975035786628723145e-01
9.991313815116882324e-01
9.955171346664428711e-01
9.974119067192077637e-01
9.946596622467041016e-01
9.989673495292663574e-01
9.965754747390747070e-01
9.982080459594726562e-01
9.959505200386047363e-01
9.963470101356506348e-01
9.950118660926818848e-01
9.997951984405517578e-01
9.986403584480285645e-01
9.949722290039062500e-01
9.967812299728393555e-01
9.958405494689941406e-01
9.992499351501464844e-01
9.971933960914611816e-01
9.993582963943481445e-01
9.978495240211486816e-01
9.975638985633850098e-01
9.988400936126708984e-01
9.988413453102111816e-01
9.718069434165954590e-01
9.979640245437622070e-01
9.929063320159912109e-01
9.973735809326171875e-01
9.987756609916687012e-01
9.923721551895141602e-01
9.999977350234985352e-01
9.956110715866088867e-01
9.959049224853515625e-01
9.989559650421142578e-01
9.981313347816467285e-01
9.944212436676025391e-01
9.992840290069580078e-01
9.986699819564819336e-01
9.998735189437866211e-01
9.954428076744079590e-01
9.991485476493835449e-01
9.964421987533569336e-01
9.989321231842041016e-01
9.976841211318969727e-01
9.928316473960876465e-01
9.980563521385192871e-01
9.957793354988098145e-01
9.952914714813232422e-01
9.959512352943420410e-01
9.972426891326904297e-01
9.986361861228942871e-01
9.962654709815979004e-01
9.972321391105651855e-01
9.987689256668090820e-01
9.994682073593139648e-01
9.989637732505798340e-01
9.995961189270019531e-01
9.968547224998474121e-01
9.939666390419006348e-01
9.978025555610656738e-01
9.995341897010803223e-01
9.984089136123657227e-01
9.989333748817443848e-01
9.990177154541015625e-01
9.992350935935974121e-01
9.907734990119934082e-01
9.882286787033081055e-01
9.956519603729248047e-01
9.998571276664733887e-01
9.959681034088134766e-01
9.867931008338928223e-01
9.913581609725952148e-01
9.957902431488037109e-01
9.960580468177795410e-01
9.930224418640136719e-01
9.944401383399963379e-01
9.958966970443725586e-01
9.983454942703247070e-01
9.958422780036926270e-01
9.950280189514160156e-01
9.953994750976562500e-01
9.994247555732727051e-01
9.974896311759948730e-01
9.992903470993041992e-01
9.954975843429565430e-01
9.963240027427673340e-01
9.947439432144165039e-01
9.967019557952880859e-01
9.820353984832763672e-01
9.993381500244140625e-01
9.995165467262268066e-01
9.968311190605163574e-01
9.938952922821044922e-01
9.978835582733154297e-01
9.950026869773864746e-01
9.999132752418518066e-01
9.998714923858642578e-01
9.944134950637817383e-01
9.992074370384216309e-01
9.953091144561767578e-01
9.976127147674560547e-01
9.946340322494506836e-01
9.983088970184326172e-01
9.996296167373657227e-01
9.995439648628234863e-01
9.973718523979187012e-01
9.854952096939086914e-01
9.914143681526184082e-01
9.969509243965148926e-01
9.983003735542297363e-01
9.959080815315246582e-01
9.980316162109375000e-01
9.977536201477050781e-01
9.789994359016418457e-01
9.974567890167236328e-01
9.991347193717956543e-01
9.988856911659240723e-01
9.989717602729797363e-01
9.994015097618103027e-01
9.982667565345764160e-01
9.890828728675842285e-01
9.917663931846618652e-01
9.953702688217163086e-01
9.984986186027526855e-01
9.924453496932983398e-01
9.969690442085266113e-01
9.926059246063232422e-01
9.990013837814331055e-01
9.970111250877380371e-01
9.757648110389709473e-01
9.997656941413879395e-01
9.970653057098388672e-01
9.990885853767395020e-01
9.987655878067016602e-01
9.977995753288269043e-01
9.977672696113586426e-01
9.978345632553100586e-01
9.987182617187500000e-01
9.988286495208740234e-01
9.993933439254760742e-01
9.976438879966735840e-01
9.979761242866516113e-01
9.967791438102722168e-01
9.984660744667053223e-01
9.987080097198486328e-01
9.980627298355102539e-01
9.972921609878540039e-01
9.973471164703369141e-01
9.985291957855224609e-01
9.967309832572937012e-01
9.991930127143859863e-01
9.982525110244750977e-01
9.999762773513793945e-01
9.988481998443603516e-01
9.987867474555969238e-01
9.990126490592956543e-01
9.978863000869750977e-01
9.912704825401306152e-01
9.631305336952209473e-01
9.978199005126953125e-01
9.991808533668518066e-01
9.978058338165283203e-01
9.997380375862121582e-01
9.961241483688354492e-01
9.999404549598693848e-01
9.999522566795349121e-01
9.878867268562316895e-01
9.925860762596130371e-01
9.965956807136535645e-01
9.924191236495971680e-01
9.984551668167114258e-01
9.951834082603454590e-01
9.831400513648986816e-01
9.913823604583740234e-01
9.990913867950439453e-01
9.935853481292724609e-01
9.979900121688842773e-01
9.990697503089904785e-01
9.965431094169616699e-01
9.981455206871032715e-01
9.988751411437988281e-01
9.927940368652343750e-01
9.969000816345214844e-01
9.990047812461853027e-01
9.961045980453491211e-01
9.983236789703369141e-01
9.852508306503295898e-01
9.921334981918334961e-01
9.991829991340637207e-01
9.986571073532104492e-01
9.934334754943847656e-01
9.965947866439819336e-01
9.928143620491027832e-01
9.930539131164550781e-01
9.991391897201538086e-01
9.971288442611694336e-01
9.995905756950378418e-01
