9.953896403312683105e-01
9.987083673477172852e-01
9.948147535324096680e-01
9.981092214584350586e-01
9.772045612335205078e-01
9.904702305793762207e-01
9.995061159133911133e-01
9.969247579574584961e-01
9.992618560791015625e-01
9.984713196754455566e-01
9.998815059661865234e-01
9.955266118049621582e-01
9.993777275085449219e-01
9.706417322158813477e-01
9.917572736740112305e-01
9.992369413375854492e-01
9.960308074951171875e-01
9.978673458099365234e-01
9.988500475883483887e-01
9.977867007255554199e-01
9.939256310462951660e-01
9.958718419075012207e-01
9.997065663337707520e-01
9.972254037857055664e-01
9.989082813262939453e-01
9.981761574745178223e-01
9.999788403511047363e-01
9.950864315032958984e-01
9.961603879928588867e-01
9.884692430496215820e-01
9.991244673728942871e-01
9.931614995002746582e-01
9.920820593833923340e-01
9.955958724021911621e-01
9.912953376770019531e-01
9.926326274871826172e-01
9.994258880615234375e-01
9.986650943756103516e-01
9.981206655502319336e-01
9.978379607200622559e-01
9.994309544563293457e-01
9.957920908927917480e-01
9.993183016777038574e-01
9.899286627769470215e-01
9.973481297492980957e-01
9.973122477531433105e-01
9.986528754234313965e-01
9.985121488571166992e-01
9.986421465873718262e-01
9.968227744102478027e-01
9.993658065795898438e-01
9.994035363197326660e-01
9.917392134666442871e-01
9.983537793159484863e-01
9.959554076194763184e-01
9.995719790458679199e-01
9.987700581550598145e-01
9.988223910331726074e-01
9.971633553504943848e-01
9.999336004257202148e-01
9.955759048461914062e-01
9.634150266647338867e-01
9.986919760704040527e-01
9.997144937515258789e-01
9.946449398994445801e-01
9.972108006477355957e-01
9.991400837898254395e-01
9.804663062095642090e-01
9.987506866455078125e-01
9.985356926918029785e-01
9.989450573921203613e-01
9.992878437042236328e-01
9.981038570404052734e-01
9.949312806129455566e-01
9.830278754234313965e-01
9.976203441619873047e-01
9.986613988876342773e-01
9.934762120246887207e-01
9.971976876258850098e-01
9.962930679321289062e-01
9.957650303840637207e-01
9.938104152679443359e-01
9.999275207519531250e-01
9.994347691535949707e-01
9.930928945541381836e-01
9.949035644531250000e-01
9.932660460472106934e-01
9.992087483406066895e-01
9.925234913825988770e-01
9.995766878128051758e-01
9.949499964714050293e-01
9.825931191444396973e-01
9.995102882385253906e-01
9.953046441078186035e-01
9.973885416984558105e-01
9.992390275001525879e-01
9.964906573295593262e-01
9.976476430892944336e-01
9.989657402038574219e-01
9.990074038505554199e-01
9.971587061882019043e-01
9.973313808441162109e-01
9.987804889678955078e-01
9.972466826438903809e-01
9.991304278373718262e-01
9.976369142532348633e-01
9.996991753578186035e-01
9.942797422409057617e-01
9.993252158164978027e-01
9.964263439178466797e-01
9.975520968437194824e-01
9.935967922210693359e-01
9.914492368698120117e-01
9.986620545387268066e-01
9.991085529327392578e-01
9.986145496368408203e-01
9.957539439201354980e-01
9.934979677200317383e-01
9.973273277282714844e-01
9.973186254501342773e-01
9.987204074859619141e-01
9.957390427589416504e-01
9.838400483131408691e-01
9.937631487846374512e-01
9.876166582107543945e-01
9.950752854347229004e-01
9.990267157554626465e-01
9.991298317909240723e-01
9.996539950370788574e-01
9.923679232597351074e-01
9.994291067123413086e-01
9.993832707405090332e-01
9.781558513641357422e-01
9.967576265335083008e-01
9.943334460258483887e-01
9.931939244270324707e-01
9.981496334075927734e-01
9.957872629165649414e-01
9.980188012123107910e-01
9.957194328308105469e-01
9.992512464523315430e-01
9.997365474700927734e-01
9.738840460777282715e-01
9.978502988815307617e-01
9.967664480209350586e-01
9.983678460121154785e-01
9.991810321807861328e-01
9.962165951728820801e-01
9.979271888732910156e-01
9.958800077438354492e-01
9.991493225097656250e-01
9.968343377113342285e-01
9.985421299934387207e-01
9.933591485023498535e-01
9.991744160652160645e-01
9.908128380775451660e-01
9.970273971557617188e-01
9.987502694129943848e-01
9.806917309761047363e-01
9.996136426925659180e-01
9.820271134376525879e-01
9.934955835342407227e-01
9.984623193740844727e-01
9.992704391479492188e-01
9.988534450531005859e-01
9.992695450782775879e-01
9.979222416877746582e-01
9.989181756973266602e-01
9.983181953430175781e-01
9.968590736389160156e-01
9.975166320800781250e-01
9.893547892570495605e-01
9.994301795959472656e-01
9.930021762847900391e-01
9.956946969032287598e-01
9.933850765228271484e-01
9.989985227584838867e-01
9.967760443687438965e-01
9.986118078231811523e-01
9.981239438056945801e-01
9.972671270370483398e-01
9.970805048942565918e-01
9.985626339912414551e-01
9.994177222251892090e-01
9.986633062362670898e-01
9.943010210990905762e-01
9.984781146049499512e-01
9.989024400711059570e-01
9.989290833473205566e-01
9.995687007904052734e-01
9.908230900764465332e-01
9.984121918678283691e-01
9.960291385650634766e-01
9.975138306617736816e-01
9.767854213714599609e-01
9.967110753059387207e-01
9.986481070518493652e-01
9.968639612197875977e-01
9.984074831008911133e-01
9.782685637474060059e-01
9.969337582588195801e-01
9.980973005294799805e-01
9.968249797821044922e-01
9.901441335678100586e-01
9.950833916664123535e-01
9.990744590759277344e-01
9.984882473945617676e-01
9.938750863075256348e-01
9.983830451965332031e-01
9.989031553268432617e-01
9.912446737289428711e-01
9.916819334030151367e-01
9.916418194770812988e-01
9.991294741630554199e-01
9.989567995071411133e-01
9.922572970390319824e-01
9.986296296119689941e-01
9.984282255172729492e-01
9.897543191909790039e-01
9.975046515464782715e-01
9.985951185226440430e-01
9.985368847846984863e-01
9.993582367897033691e-01
9.994007945060729980e-01
9.993849396705627441e-01
9.944645762443542480e-01
9.960460066795349121e-01
9.933277964591979980e-01
9.987075328826904297e-01
9.952163696289062500e-01
9.988832473754882812e-01
9.980932474136352539e-01
9.946211576461791992e-01
9.956738948822021484e-01
9.985383749008178711e-01
9.877260923385620117e-01
9.994175434112548828e-01
9.996787905693054199e-01
9.933421611785888672e-01
9.927146434783935547e-01
9.988424181938171387e-01
9.896119236946105957e-01
9.977508783340454102e-01
9.589774608612060547e-01
9.943119287490844727e-01
9.995297193527221680e-01
9.972391724586486816e-01
9.921814203262329102e-01
9.988263845443725586e-01
9.998686313629150391e-01
9.959998726844787598e-01
9.856720566749572754e-01
9.979817271232604980e-01
9.907123446464538574e-01
9.993165731430053711e-01
9.987386465072631836e-01
9.985231161117553711e-01
9.972267746925354004e-01
9.981866478919982910e-01
9.991660714149475098e-01
9.997817277908325195e-01
9.997929334640502930e-01
9.955759644508361816e-01
9.991995096206665039e-01
9.964380860328674316e-01
9.929335713386535645e-01
9.971399903297424316e-01
9.979614615440368652e-01
9.841054081916809082e-01
9.990357160568237305e-01
9.985998868942260742e-01
9.860866069793701172e-01
9.769128561019897461e-01
9.989134669303894043e-01
9.949955344200134277e-01
9.932154417037963867e-01
9.987657666206359863e-01
9.958930611610412598e-01
9.957759380340576172e-01
9.982345104217529297e-01
9.985818862915039062e-01
9.970634579658508301e-01
9.991801977157592773e-01
9.947109222412109375e-01
9.968008995056152344e-01
9.984564185142517090e-01
9.994052052497863770e-01
9.994422793388366699e-01
9.992272257804870605e-01
9.978541135787963867e-01
9.975867271423339844e-01
9.968693852424621582e-01
9.985255002975463867e-01
9.769281744956970215e-01
9.976881146430969238e-01
9.975829124450683594e-01
9.968117475509643555e-01
9.966388344764709473e-01
9.996636509895324707e-01
9.978775382041931152e-01
9.967425465583801270e-01
9.990429878234863281e-01
9.999925494194030762e-01
9.985580444335937500e-01
9.989210963249206543e-01
9.986487030982971191e-01
9.983030557632446289e-01
9.798945784568786621e-01
9.988377690315246582e-01
9.981750249862670898e-01
9.978839159011840820e-01
9.862360358238220215e-01
9.959618449211120605e-01
9.978875517845153809e-01
9.964765906333923340e-01
9.986635446548461914e-01
9.964115619659423828e-01
9.981512427330017090e-01
9.984322190284729004e-01
9.987876415252685547e-01
9.990981221199035645e-01
9.705063104629516602e-01
9.905577898025512695e-01
9.981483221054077148e-01
9.978602528572082520e-01
9.923864006996154785e-01
9.968358278274536133e-01
9.990779757499694824e-01
9.978656172752380371e-01
9.931651353836059570e-01
9.991173148155212402e-01
9.975544214248657227e-01
9.943093657493591309e-01
9.873654842376708984e-01
9.988795518875122070e-01
9.999485611915588379e-01
9.976571202278137207e-01
9.968933463096618652e-01
9.971022605895996094e-01
9.938151240348815918e-01
9.812557697296142578e-01
9.983404874801635742e-01
9.979140162467956543e-01
9.998673796653747559e-01
9.983179569244384766e-01
9.995921254158020020e-01
9.961548447608947754e-01
9.984765052795410156e-01
9.982928633689880371e-01
9.994838237762451172e-01
9.982575178146362305e-01
9.974493384361267090e-01
9.664368629455566406e-01
9.965828657150268555e-01
9.946818947792053223e-01
9.987816810607910156e-01
9.901854991912841797e-01
9.938298463821411133e-01
9.989221692085266113e-01
9.973034262657165527e-01
9.987751841545104980e-01
9.993146061897277832e-01
9.968329071998596191e-01
9.977874159812927246e-01
9.929386973381042480e-01
9.991633296012878418e-01
9.954515099525451660e-01
9.958577156066894531e-01
9.973931312561035156e-01
9.984785914421081543e-01
9.947717189788818359e-01
9.976304769515991211e-01
9.980368018150329590e-01
9.971770048141479492e-01
9.954325556755065918e-01
9.984210133552551270e-01
9.934279918670654297e-01
9.992793202400207520e-01
9.944888949394226074e-01
9.985179305076599121e-01
9.951135516166687012e-01
9.931348562240600586e-01
9.984136223793029785e-01
9.944937825202941895e-01
9.979674220085144043e-01
9.964645504951477051e-01
9.988650083541870117e-01
9.975351691246032715e-01
9.985819458961486816e-01
9.981119036674499512e-01
9.957358837127685547e-01
9.993227124214172363e-01
9.988875985145568848e-01
9.964996576309204102e-01
9.904080629348754883e-01
9.991830587387084961e-01
9.969857335090637207e-01
9.967710375785827637e-01
9.929246306419372559e-01
9.990790486335754395e-01
9.939289689064025879e-01
9.999462366104125977e-01
9.309539198875427246e-01
9.992763400077819824e-01
9.991529583930969238e-01
9.922797083854675293e-01
9.961085319519042969e-01
9.981999993324279785e-01
9.979338049888610840e-01
9.957283735275268555e-01
9.972149133682250977e-01
9.934482574462890625e-01
9.952791929244995117e-01
9.981638193130493164e-01
9.991656541824340820e-01
9.960078001022338867e-01
9.990165829658508301e-01
9.951196312904357910e-01
9.975326657295227051e-01
9.999858140945434570e-01
9.974747300148010254e-01
9.993380308151245117e-01
9.953811764717102051e-01
9.992149472236633301e-01
9.990113973617553711e-01
9.947162866592407227e-01
9.994577169418334961e-01
9.873983263969421387e-01
9.996703863143920898e-01
9.992722272872924805e-01
9.885284900665283203e-01
9.980374574661254883e-01
9.919012188911437988e-01
9.929440021514892578e-01
9.968714118003845215e-01
9.991292357444763184e-01
9.963150024414062500e-01
9.995259642601013184e-01
9.961032867431640625e-01
9.852250218391418457e-01
9.967507719993591309e-01
9.970329999923706055e-01
9.950047135353088379e-01
9.971109032630920410e-01
9.985404014587402344e-01
9.990389347076416016e-01
9.947581887245178223e-01
9.968813061714172363e-01
9.993498921394348145e-01
9.983829259872436523e-01
9.987069964408874512e-01
9.992064833641052246e-01
9.996215105056762695e-01
9.969698190689086914e-01
9.966286420822143555e-01
9.970530867576599121e-01
9.965850114822387695e-01
9.962251186370849609e-01
9.995030760765075684e-01
9.972622990608215332e-01
9.939551353454589844e-01
9.871164560317993164e-01
9.955991506576538086e-01
9.992815852165222168e-01
9.981014728546142578e-01
9.993153810501098633e-01
9.974585175514221191e-01
9.987304806709289551e-01
9.944767355918884277e-01
9.983612298965454102e-01
9.997320771217346191e-01
9.982340931892395020e-01
9.985766410827636719e-01
9.989258646965026855e-01
9.984564781188964844e-01
9.983606338500976562e-01
9.950425624847412109e-01
9.972335100173950195e-01
9.976485967636108398e-01
9.962376356124877930e-01
9.983724951744079590e-01
9.989793896675109863e-01
9.991122484207153320e-01
9.976055026054382324e-01
9.942883849143981934e-01
9.949455857276916504e-01
9.949397444725036621e-01
9.975809454917907715e-01
9.967541098594665527e-01
9.993023872375488281e-01
9.948677420616149902e-01
9.949573874473571777e-01
9.986643791198730469e-01
9.983935952186584473e-01
9.992045760154724121e-01
9.791297912597656250e-01
9.981144070625305176e-01
9.954103827476501465e-01
9.971244335174560547e-01
9.958916902542114258e-01
9.993473291397094727e-01
9.943193793296813965e-01
9.926928877830505371e-01
9.983081817626953125e-01
9.974834322929382324e-01
9.997658133506774902e-01
9.993520379066467285e-01
9.990991950035095215e-01
9.752005338668823242e-01
9.981843233108520508e-01
9.948014616966247559e-01
9.983724355697631836e-01
9.968250393867492676e-01
9.991286396980285645e-01
9.833720326423645020e-01
9.493391513824462891e-01
9.976643919944763184e-01
9.971699118614196777e-01
9.942188858985900879e-01
9.911282062530517578e-01
9.974944591522216797e-01
9.996873140335083008e-01
9.968923926353454590e-01
9.856380820274353027e-01
9.972195029258728027e-01
9.969406723976135254e-01
9.974638819694519043e-01
9.942343831062316895e-01
9.967891573905944824e-01
9.984766840934753418e-01
9.916035532951354980e-01
9.956716299057006836e-01
9.936196804046630859e-01
9.976472854614257812e-01
9.992837309837341309e-01
9.984908103942871094e-01
9.987336397171020508e-01
9.974667429924011230e-01
9.941335916519165039e-01
9.986645579338073730e-01
9.976563453674316406e-01
9.994174242019653320e-01
9.958568215370178223e-01
9.967673420906066895e-01
9.961163997650146484e-01
9.927548170089721680e-01
9.988465905189514160e-01
9.978215694427490234e-01
9.967461824417114258e-01
9.992788434028625488e-01
9.951953291893005371e-01
9.991678595542907715e-01
9.920504093170166016e-01
9.967675209045410156e-01
9.991990327835083008e-01
9.907497167587280273e-01
9.926357865333557129e-01
9.958401322364807129e-01
9.984585642814636230e-01
9.983158707618713379e-01
9.956887960433959961e-01
9.977273344993591309e-01
9.968449473381042480e-01
9.979084730148315430e-01
9.991741776466369629e-01
9.961623549461364746e-01
9.984552264213562012e-01
9.987640976905822754e-01
9.973289966583251953e-01
9.921475052833557129e-01
9.875413179397583008e-01
9.897640943527221680e-01
9.980738162994384766e-01
9.980334043502807617e-01
9.994499087333679199e-01
9.977142810821533203e-01
9.956744909286499023e-01
9.975377917289733887e-01
9.991452097892761230e-01
9.973015189170837402e-01
9.988811612129211426e-01
9.919668436050415039e-01
9.974523782730102539e-01
9.968936443328857422e-01
9.967309832572937012e-01
9.997480511665344238e-01
9.919782280921936035e-01
9.991950392723083496e-01
9.931996464729309082e-01
9.860190749168395996e-01
9.886676073074340820e-01
9.984851479530334473e-01
9.988523125648498535e-01
9.991720318794250488e-01
9.992433190345764160e-01
9.917711615562438965e-01
9.846599698066711426e-01
9.973334670066833496e-01
9.986394643783569336e-01
9.968383908271789551e-01
9.991059899330139160e-01
9.991140365600585938e-01
9.942904710769653320e-01
9.993762373924255371e-01
9.950782656669616699e-01
9.959641695022583008e-01
9.925884604454040527e-01
9.967859983444213867e-01
9.834866523742675781e-01
9.991797804832458496e-01
9.935474991798400879e-01
9.945138692855834961e-01
9.942225813865661621e-01
9.989135861396789551e-01
9.918512105941772461e-01
9.993031024932861328e-01
9.898778796195983887e-01
9.914420247077941895e-01
9.990653991699218750e-01
9.947096705436706543e-01
9.909898638725280762e-01
9.977220892906188965e-01
9.906997084617614746e-01
9.972783923149108887e-01
9.981697201728820801e-01
9.977140426635742188e-01
9.979823231697082520e-01
9.976958632469177246e-01
9.985584020614624023e-01
9.956659674644470215e-01
9.983049035072326660e-01
9.994080066680908203e-01
9.992198944091796875e-01
9.806890487670898438e-01
9.928049445152282715e-01
9.967713952064514160e-01
9.879017472267150879e-01
9.989886283874511719e-01
9.993793368339538574e-01
9.992628693580627441e-01
9.987607598304748535e-01
9.985519051551818848e-01
9.992974996566772461e-01
9.959110021591186523e-01
9.964475035667419434e-01
9.999116659164428711e-01
9.938823580741882324e-01
9.902467131614685059e-01
9.915819168090820312e-01
9.947355389595031738e-01
9.931020736694335938e-01
9.939159154891967773e-01
9.973560571670532227e-01
9.906175136566162109e-01
9.985731840133666992e-01
9.964334964752197266e-01
9.932898879051208496e-01
9.908398985862731934e-01
9.982091188430786133e-01
9.988374114036560059e-01
9.991481900215148926e-01
9.847283959388732910e-01
9.985029101371765137e-01
9.926902651786804199e-01
9.960234165191650391e-01
9.982604384422302246e-01
9.983465075492858887e-01
9.985337257385253906e-01
9.971231818199157715e-01
9.987359046936035156e-01
9.965598583221435547e-01
9.998273253440856934e-01
9.998996257781982422e-01
9.997305274009704590e-01
9.972913861274719238e-01
9.907586574554443359e-01
9.972283840179443359e-01
9.932466745376586914e-01
9.981073737144470215e-01
9.959774017333984375e-01
9.967579841613769531e-01
9.990983009338378906e-01
9.892733693122863770e-01
9.952773451805114746e-01
9.998624324798583984e-01
9.989598393440246582e-01
9.950519800186157227e-01
9.957570433616638184e-01
9.951618909835815430e-01
9.891192913055419922e-01
9.998049139976501465e-01
9.930692911148071289e-01
9.974977970123291016e-01
9.950338602066040039e-01
9.919498562812805176e-01
9.982135295867919922e-01
9.882678985595703125e-01
9.996034502983093262e-01
9.999110698699951172e-01
9.900923371315002441e-01
9.956473708152770996e-01
9.955791831016540527e-01
9.959180951118469238e-01
9.997004866600036621e-01
9.990587234497070312e-01
9.941723942756652832e-01
9.997366070747375488e-01
9.986364841461181641e-01
9.967028498649597168e-01
9.956714510917663574e-01
9.944039583206176758e-01
9.989707469940185547e-01
9.906169772148132324e-01
9.968611598014831543e-01
9.996898174285888672e-01
9.954243898391723633e-01
9.989909529685974121e-01
9.986558556556701660e-01
9.998580217361450195e-01
9.976863265037536621e-01
9.977211356163024902e-01
9.950780272483825684e-01
9.901152849197387695e-01
9.978144764900207520e-01
9.993162751197814941e-01
9.931746721267700195e-01
9.971897602081298828e-01
9.988940954208374023e-01
9.951511025428771973e-01
9.987515807151794434e-01
9.958336949348449707e-01
9.970330595970153809e-01
9.954149127006530762e-01
9.981316328048706055e-01
9.991196393966674805e-01
9.996432662010192871e-01
9.992726445198059082e-01
9.924719929695129395e-01
9.991184473037719727e-01
9.955332875251770020e-01
9.988597035408020020e-01
9.870761632919311523e-01
9.926800727844238281e-01
9.974035024642944336e-01
9.889686107635498047e-01
9.981413483619689941e-01
9.963709712028503418e-01
9.988965392112731934e-01
9.904152750968933105e-01
9.978119730949401855e-01
9.985690712928771973e-01
9.967554807662963867e-01
9.994919896125793457e-01
9.902189970016479492e-01
9.892839193344116211e-01
9.976739883422851562e-01
9.986941218376159668e-01
9.841865301132202148e-01
9.952800869941711426e-01
9.989976286888122559e-01
9.972521066665649414e-01
9.994104504585266113e-01
9.966069459915161133e-01
9.829477071762084961e-01
9.936029911041259766e-01
9.990817904472351074e-01
9.970267415046691895e-01
9.989102482795715332e-01
9.988021254539489746e-01
9.967125058174133301e-01
9.960628151893615723e-01
9.992787241935729980e-01
9.983814358711242676e-01
9.986584782600402832e-01
9.960497021675109863e-01
9.972445368766784668e-01
9.994457364082336426e-01
9.985994100570678711e-01
9.939008951187133789e-01
9.987441897392272949e-01
9.987295866012573242e-01
9.985690712928771973e-01
9.990482330322265625e-01
9.968993663787841797e-01
9.974802732467651367e-01
9.941546320915222168e-01
9.960489869117736816e-01
9.962918162345886230e-01
9.962157011032104492e-01
9.961400628089904785e-01
9.956148862838745117e-01
9.983788728713989258e-01
9.980863332748413086e-01
9.868830442428588867e-01
9.970974922180175781e-01
9.984149336814880371e-01
9.961414337158203125e-01
9.997650384902954102e-01
9.970322251319885254e-01
9.985077977180480957e-01
9.890395402908325195e-01
9.983729720115661621e-01
9.952552318572998047e-01
9.984042048454284668e-01
9.964221119880676270e-01
9.981845021247863770e-01
9.988875389099121094e-01
9.984373450279235840e-01
9.944617152214050293e-01
9.957362413406372070e-01
9.922195076942443848e-01
9.996347427368164062e-01
9.999812841415405273e-01
9.799389839172363281e-01
9.948921203613281250e-01
9.996035695075988770e-01
9.956093430519104004e-01
9.931312203407287598e-01
9.957142472267150879e-01
9.976823925971984863e-01
9.869956374168395996e-01
9.979305267333984375e-01
9.928641915321350098e-01
9.939424395561218262e-01
9.996871948242187500e-01
9.955692887306213379e-01
9.946610331535339355e-01
9.974101185798645020e-01
9.974943399429321289e-01
9.991489052772521973e-01
9.965359568595886230e-01
9.952579736709594727e-01
9.988772869110107422e-01
9.920681118965148926e-01
9.935021400451660156e-01
9.944152832031250000e-01
9.810250997543334961e-01
9.800570011138916016e-01
9.810830354690551758e-01
9.993358254432678223e-01
9.996908903121948242e-01
9.958339333534240723e-01
9.970520138740539551e-01
9.978435039520263672e-01
9.985917210578918457e-01
9.982178807258605957e-01
9.919590950012207031e-01
9.953938126564025879e-01
9.875808358192443848e-01
9.984543323516845703e-01
9.965600967407226562e-01
9.973141551017761230e-01
9.908812642097473145e-01
9.951389431953430176e-01
9.977149367332458496e-01
9.970655441284179688e-01
9.975700974464416504e-01
9.979945421218872070e-01
9.969450235366821289e-01
9.972833395004272461e-01
9.982357025146484375e-01
9.959005713462829590e-01
9.924855232238769531e-01
9.927060604095458984e-01
9.985069036483764648e-01
9.986310005187988281e-01
9.984943866729736328e-01
9.972448945045471191e-01
9.979116916656494141e-01
9.974442720413208008e-01
9.932887554168701172e-01
9.997780323028564453e-01
9.900088906288146973e-01
9.962388277053833008e-01
9.698103666305541992e-01
9.970665574073791504e-01
9.958592057228088379e-01
9.858091473579406738e-01
9.981420636177062988e-01
9.986999630928039551e-01
9.853060245513916016e-01
9.947052001953125000e-01
9.948270916938781738e-01
9.998964667320251465e-01
9.813104271888732910e-01
9.949519634246826172e-01
9.968649148941040039e-01
9.941684603691101074e-01
9.871112108230590820e-01
9.995399117469787598e-01
9.900212287902832031e-01
9.943119883537292480e-01
9.972398877143859863e-01
9.984530806541442871e-01
9.975768923759460449e-01
9.968882203102111816e-01
9.971034526824951172e-01
9.981901049613952637e-01
9.976031184196472168e-01
9.993677735328674316e-01
9.998188018798828125e-01
9.951247572898864746e-01
9.904008507728576660e-01
9.923457503318786621e-01
9.944758415222167969e-01
9.983475208282470703e-01
9.950264692306518555e-01
9.994290471076965332e-01
9.994072318077087402e-01
9.983317852020263672e-01
9.965618848800659180e-01
9.927350878715515137e-01
9.944738745689392090e-01
9.999187588691711426e-01
9.936253428459167480e-01
9.986041784286499023e-01
9.952705502510070801e-01
9.991604685783386230e-01
9.994139671325683594e-01
9.962212443351745605e-01
9.982212781906127930e-01
9.973489046096801758e-01
9.950407147407531738e-01
9.967961311340332031e-01
9.922322034835815430e-01
9.996296763420104980e-01
9.951030611991882324e-01
9.932744503021240234e-01
9.979727864265441895e-01
9.992405772209167480e-01
9.996146559715270996e-01
9.932629466056823730e-01
9.975008368492126465e-01
9.970588684082031250e-01
9.985415935516357422e-01
9.995163679122924805e-01
9.967592954635620117e-01
9.960867166519165039e-01
9.959127306938171387e-01
9.964644312858581543e-01
9.997727870941162109e-01
9.981592297554016113e-01
9.978704452514648438e-01
9.936682581901550293e-01
9.993791580200195312e-01
9.989610314369201660e-01
9.915165901184082031e-01
9.976795911788940430e-01
9.976075291633605957e-01
9.995594024658203125e-01
9.946725368499755859e-01
9.994271397590637207e-01
9.968085885047912598e-01
9.997090101242065430e-01
9.974229335784912109e-01
9.917187094688415527e-01
9.944457411766052246e-01
9.943289160728454590e-01
9.980223178863525391e-01
9.946385025978088379e-01
9.973372220993041992e-01
9.986643791198730469e-01
9.974875450134277344e-01
9.937559962272644043e-01
9.953798651695251465e-01
9.987904429435729980e-01
9.971323609352111816e-01
9.766260981559753418e-01
9.990190267562866211e-01
9.960606694221496582e-01
9.995116591453552246e-01
9.926391839981079102e-01
9.964016079902648926e-01
9.994557499885559082e-01
9.943255782127380371e-01
9.982851147651672363e-01
9.994252324104309082e-01
9.997087717056274414e-01
9.877857565879821777e-01
9.984760284423828125e-01
9.993259906768798828e-01
9.985126852989196777e-01
9.930940270423889160e-01
9.939206242561340332e-01
9.994252324104309082e-01
9.962604641914367676e-01
9.979035258293151855e-01
9.978960752487182617e-01
9.980039000511169434e-01
9.968138933181762695e-01
9.962073564529418945e-01
9.994428157806396484e-01
9.983533620834350586e-01
9.949142932891845703e-01
9.958473443984985352e-01
9.983681440353393555e-01
9.852213263511657715e-01
9.953522682189941406e-01
9.937764406204223633e-01
9.996827244758605957e-01
9.965694546699523926e-01
9.977672696113586426e-01
9.983756542205810547e-01
9.940606355667114258e-01
9.973480105400085449e-01
9.989969730377197266e-01
9.991366267204284668e-01
9.992680549621582031e-01
9.967418909072875977e-01
9.974890947341918945e-01
9.923815131187438965e-01
9.983807206153869629e-01
9.912356734275817871e-01
9.968397617340087891e-01
9.938755035400390625e-01
9.872862696647644043e-01
9.928455948829650879e-01
9.920561909675598145e-01
9.909370541572570801e-01
9.828273057937622070e-01
9.764168262481689453e-01
9.998757243156433105e-01
9.922354817390441895e-01
9.987770318984985352e-01
9.985920190811157227e-01
9.993537068367004395e-01
9.956738948822021484e-01
9.974552989006042480e-01
9.983500838279724121e-01
9.979598522186279297e-01
9.991711974143981934e-01
9.911770820617675781e-01
9.995522499084472656e-01
9.979566931724548340e-01
9.994941949844360352e-01
9.960043430328369141e-01
9.872656464576721191e-01
9.994906187057495117e-01
9.804793596267700195e-01
9.993318915367126465e-01
9.982705712318420410e-01
9.995111227035522461e-01
9.955390691757202148e-01
9.723518490791320801e-01
9.978277683258056641e-01
9.976464509963989258e-01
9.964239001274108887e-01
9.996265172958374023e-01
9.982894062995910645e-01
9.969475865364074707e-01
9.942011237144470215e-01
9.992322921752929688e-01
9.925621747970581055e-01
9.984585642814636230e-01
9.948841333389282227e-01
9.996504187583923340e-01
9.991407394409179688e-01
9.983798265457153320e-01
9.988777041435241699e-01
9.977902770042419434e-01
9.979664683341979980e-01
9.978945255279541016e-01
9.912911653518676758e-01
9.991568922996520996e-01
9.991236329078674316e-01
9.993501305580139160e-01
9.979043006896972656e-01
9.900447130203247070e-01
9.964782595634460449e-01
9.969499111175537109e-01
9.986253380775451660e-01
9.976702928543090820e-01
9.991973638534545898e-01
9.991495013236999512e-01
9.977555871009826660e-01
9.936130642890930176e-01
9.973261356353759766e-01
9.971460700035095215e-01
9.947373270988464355e-01
9.983253479003906250e-01
9.926924705505371094e-01
9.985408186912536621e-01
9.892059564590454102e-01
9.988389015197753906e-01
9.996604323387145996e-01
9.989684820175170898e-01
9.938045144081115723e-01
9.886913299560546875e-01
9.978226423263549805e-01
9.971197247505187988e-01
9.995956420898437500e-01
9.849898815155029297e-01
9.897884130477905273e-01
9.956862330436706543e-01
9.974327087402343750e-01
9.958394765853881836e-01
9.961298108100891113e-01
9.673364758491516113e-01
9.999758601188659668e-01
9.938385486602783203e-01
9.986807107925415039e-01
9.986354708671569824e-01
9.978493452072143555e-01
9.981853961944580078e-01
9.902780055999755859e-01
9.961494207382202148e-01
9.911980628967285156e-01
9.988194704055786133e-01
9.991157054901123047e-01
9.873777031898498535e-01
9.994856715202331543e-01
9.990077018737792969e-01
9.984942078590393066e-01
9.810757637023925781e-01
9.958203434944152832e-01
9.919413328170776367e-01
9.990938305854797363e-01
9.937286376953125000e-01
9.990298151969909668e-01
9.990942478179931641e-01
9.990245699882507324e-01
9.889104366302490234e-01
9.985847473144531250e-01
9.853992462158203125e-01
9.937610030174255371e-01
9.843392968177795410e-01
9.951934218406677246e-01
9.947564601898193359e-01
9.960992932319641113e-01
9.999364018440246582e-01
9.982537031173706055e-01
9.977275729179382324e-01
9.987161159515380859e-01
9.994311928749084473e-01
9.983425736427307129e-01
9.953037500381469727e-01
9.946532249450683594e-01
9.953443408012390137e-01
9.960765838623046875e-01
9.971998929977416992e-01
9.986410737037658691e-01
9.990570545196533203e-01
9.984046220779418945e-01
9.975137114524841309e-01
9.959217309951782227e-01
9.989548921585083008e-01
9.952418208122253418e-01
9.985358715057373047e-01
9.977269172668457031e-01
9.984019398689270020e-01
9.844849705696105957e-01
9.972275495529174805e-01
9.979597926139831543e-01
9.981993436813354492e-01
9.992065429687500000e-01
9.973993897438049316e-01
9.986152648925781250e-01
9.981288313865661621e-01
9.988007545471191406e-01
9.969390034675598145e-01
9.972720742225646973e-01
9.987214803695678711e-01
9.857160449028015137e-01
9.970265030860900879e-01
9.993306398391723633e-01
9.982235431671142578e-01
9.986033439636230469e-01
9.897063374519348145e-01
9.990308880805969238e-01
9.896343946456909180e-01
9.967885017395019531e-01
9.948374032974243164e-01
9.999775886535644531e-01
9.985169768333435059e-01
9.982245564460754395e-01
9.920426607131958008e-01
9.921612739562988281e-01
9.964394569396972656e-01
9.984056949615478516e-01
9.970609545707702637e-01
9.994070529937744141e-01
9.986100196838378906e-01
9.878794550895690918e-01
9.934005141258239746e-01
9.894785284996032715e-01
9.920999407768249512e-01
9.976658225059509277e-01
9.973130226135253906e-01
9.988489151000976562e-01
9.981907010078430176e-01
9.982416033744812012e-01
9.984128475189208984e-01
9.990195035934448242e-01
9.995232820510864258e-01
9.993693232536315918e-01
9.962746500968933105e-01
9.989140033721923828e-01
9.932486414909362793e-01
9.981017708778381348e-01
9.894705414772033691e-01
9.990767836570739746e-01
9.969987869262695312e-01
9.975687861442565918e-01
9.993078708648681641e-01
9.985660910606384277e-01
9.990735054016113281e-01
9.940992593765258789e-01
9.970448613166809082e-01
9.963621497154235840e-01
9.999421238899230957e-01
9.979014992713928223e-01
9.993250370025634766e-01
9.994285106658935547e-01
9.988821148872375488e-01
9.966214299201965332e-01
9.992551207542419434e-01
9.980753660202026367e-01
9.869632124900817871e-01
9.982015490531921387e-01
9.975372552871704102e-01
9.948368072509765625e-01
9.956974983215332031e-01
9.970826506614685059e-01
9.986967444419860840e-01
9.982485175132751465e-01
9.993113875389099121e-01
9.977930784225463867e-01
9.920899868011474609e-01
9.956431984901428223e-01
9.994589090347290039e-01
9.970403909683227539e-01
9.929329156875610352e-01
9.935893416404724121e-01
9.950346350669860840e-01
9.889823198318481445e-01
9.965870976448059082e-01
9.981769919395446777e-01
9.961901307106018066e-01
9.999229907989501953e-01
9.988637566566467285e-01
9.992939829826354980e-01
9.699019193649291992e-01
9.947313070297241211e-01
9.965780377388000488e-01
9.970530867576599121e-01
9.946472048759460449e-01
9.982068538665771484e-01
9.993663430213928223e-01
9.873115420341491699e-01
9.965165257453918457e-01
9.991248250007629395e-01
9.933726191520690918e-01
9.977807402610778809e-01
9.981178045272827148e-01
9.998323917388916016e-01
9.991870522499084473e-01
9.910396337509155273e-01
9.943596124649047852e-01
9.985765814781188965e-01
9.989169239997863770e-01
9.953787326812744141e-01
9.992712736129760742e-01
9.980598688125610352e-01
9.996952414512634277e-01
9.976573586463928223e-01
9.984221458435058594e-01
9.952474832534790039e-01
9.962508082389831543e-01
9.983335137367248535e-01
9.995443820953369141e-01
9.927359223365783691e-01
9.991588592529296875e-01
9.976008534431457520e-01
9.986936450004577637e-01
9.998819828033447266e-01
9.992477893829345703e-01
9.957638382911682129e-01
9.957993030548095703e-01
9.980140924453735352e-01
9.968788027763366699e-01
9.941032528877258301e-01
9.936758875846862793e-01
9.988867640495300293e-01
9.959851503372192383e-01
9.970142841339111328e-01
9.987877011299133301e-01
9.978131651878356934e-01
9.993093609809875488e-01
9.937237501144409180e-01
9.925727844238281250e-01
9.979150891304016113e-01
9.983834624290466309e-01
9.928588867187500000e-01
9.946746230125427246e-01
9.981558918952941895e-01
9.995138645172119141e-01
9.926866888999938965e-01
9.977492094039916992e-01
9.996298551559448242e-01
9.988328814506530762e-01
9.747611284255981445e-01
9.943953156471252441e-01
9.926276803016662598e-01
9.985269904136657715e-01
9.970270991325378418e-01
9.900692701339721680e-01
9.978030920028686523e-01
9.993363022804260254e-01
