9.973145127296447754e-01
9.986518621444702148e-01
9.930615425109863281e-01
9.961194396018981934e-01
9.737563729286193848e-01
9.870054125785827637e-01
9.995839595794677734e-01
9.983282685279846191e-01
9.997695088386535645e-01
9.984904527664184570e-01
9.997675418853759766e-01
9.972537159919738770e-01
9.991641044616699219e-01
9.888353347778320312e-01
9.926828742027282715e-01
9.993025660514831543e-01
9.901543855667114258e-01
9.981597065925598145e-01
9.980109930038452148e-01
9.978381991386413574e-01
9.959085583686828613e-01
9.963626861572265625e-01
9.990848898887634277e-01
9.973890185356140137e-01
9.983766078948974609e-01
9.981309771537780762e-01
9.996513128280639648e-01
9.967221021652221680e-01
9.970091581344604492e-01
9.923178553581237793e-01
9.991151094436645508e-01
9.952719211578369141e-01
9.902074337005615234e-01
9.903218150138854980e-01
9.971464872360229492e-01
9.963847994804382324e-01
9.996318817138671875e-01
9.988310337066650391e-01
9.977098107337951660e-01
9.964938759803771973e-01
9.972021579742431641e-01
9.956693053245544434e-01
9.996564388275146484e-01
9.878097772598266602e-01
9.972408413887023926e-01
9.978538751602172852e-01
9.990344047546386719e-01
9.984215497970581055e-01
9.992194771766662598e-01
9.917614459991455078e-01
9.994724988937377930e-01
9.990963339805603027e-01
9.849371314048767090e-01
9.983965754508972168e-01
9.973675012588500977e-01
9.993461966514587402e-01
9.989767074584960938e-01
9.964754581451416016e-01
9.978929162025451660e-01
9.998015761375427246e-01
9.956620931625366211e-01
9.704196453094482422e-01
9.981735944747924805e-01
9.996557235717773438e-01
9.958286285400390625e-01
9.975495934486389160e-01
9.986080527305603027e-01
9.918799996376037598e-01
9.989030361175537109e-01
9.984071254730224609e-01
9.996131658554077148e-01
9.982503056526184082e-01
9.982870221138000488e-01
9.946476817131042480e-01
9.881588816642761230e-01
9.979446530342102051e-01
9.984881281852722168e-01
9.981726408004760742e-01
9.970731735229492188e-01
9.981568455696105957e-01
9.972569942474365234e-01
9.943841695785522461e-01
9.997510910034179688e-01
9.993926882743835449e-01
9.919711351394653320e-01
9.855493307113647461e-01
9.919152855873107910e-01
9.992792010307312012e-01
9.922333955764770508e-01
9.992805123329162598e-01
9.953234791755676270e-01
9.999469518661499023e-01
9.994615912437438965e-01
9.948205947875976562e-01
9.985320568084716797e-01
9.997720122337341309e-01
9.944972395896911621e-01
9.963228106498718262e-01
9.981408119201660156e-01
9.992958903312683105e-01
9.954367280006408691e-01
9.965115785598754883e-01
9.989979863166809082e-01
9.949021935462951660e-01
9.992575645446777344e-01
9.972814917564392090e-01
9.996896386146545410e-01
9.960409402847290039e-01
9.991389513015747070e-01
9.980581402778625488e-01
9.987396001815795898e-01
9.940050840377807617e-01
9.966022968292236328e-01
9.988396763801574707e-01
9.980950355529785156e-01
9.994505643844604492e-01
9.960737824440002441e-01
9.891980290412902832e-01
9.869143366813659668e-01
9.974564313888549805e-01
9.988163709640502930e-01
9.972407221794128418e-01
9.878428578376770020e-01
9.954656958580017090e-01
9.838005900382995605e-01
9.947243332862854004e-01
9.988675117492675781e-01
9.990454912185668945e-01
9.995120167732238770e-01
9.939312934875488281e-01
9.990625977516174316e-01
9.988551139831542969e-01
9.889633655548095703e-01
9.970877766609191895e-01
9.931163787841796875e-01
9.938757419586181641e-01
9.968988895416259766e-01
9.964878559112548828e-01
9.988557696342468262e-01
9.962399601936340332e-01
9.991261363029479980e-01
9.856736660003662109e-01
9.678593873977661133e-01
9.978979229927062988e-01
9.944177865982055664e-01
9.989923834800720215e-01
9.994024038314819336e-01
9.967219233512878418e-01
9.980982542037963867e-01
9.959222078323364258e-01
9.989336133003234863e-01
9.963535070419311523e-01
9.985482096672058105e-01
9.950470924377441406e-01
9.988784790039062500e-01
9.944223761558532715e-01
9.963513612747192383e-01
9.908304810523986816e-01
9.966042041778564453e-01
9.990024566650390625e-01
9.813628792762756348e-01
9.973977208137512207e-01
9.984118938446044922e-01
9.996796846389770508e-01
9.981045722961425781e-01
9.991807341575622559e-01
9.980599284172058105e-01
9.989756345748901367e-01
9.984170198440551758e-01
9.966424703598022461e-01
9.979131221771240234e-01
9.928117394447326660e-01
9.990827441215515137e-01
9.936681985855102539e-01
9.956655502319335938e-01
9.928035736083984375e-01
9.981443881988525391e-01
9.949947595596313477e-01
9.991391897201538086e-01
9.974044561386108398e-01
9.945952892303466797e-01
9.993647336959838867e-01
9.987572431564331055e-01
9.992725849151611328e-01
9.988882541656494141e-01
9.956126809120178223e-01
9.985054135322570801e-01
9.974441528320312500e-01
9.988658428192138672e-01
9.993679523468017578e-01
9.923941493034362793e-01
9.983236789703369141e-01
9.982239603996276855e-01
9.975475072860717773e-01
9.952435493469238281e-01
9.961047172546386719e-01
9.993756413459777832e-01
9.934511184692382812e-01
9.991840124130249023e-01
9.770313501358032227e-01
9.896431565284729004e-01
9.981068372726440430e-01
9.966092705726623535e-01
9.975896477699279785e-01
9.953956007957458496e-01
9.991258978843688965e-01
9.985576868057250977e-01
9.928019046783447266e-01
9.981855154037475586e-01
9.993853569030761719e-01
9.900773167610168457e-01
9.928591251373291016e-01
9.795681238174438477e-01
9.990682601928710938e-01
9.997844696044921875e-01
9.921220541000366211e-01
9.982823133468627930e-01
9.994373917579650879e-01
9.925940632820129395e-01
9.961479902267456055e-01
9.987359642982482910e-01
9.987144470214843750e-01
9.993445873260498047e-01
9.993346333503723145e-01
9.993985295295715332e-01
9.932527542114257812e-01
9.959539771080017090e-01
9.953449368476867676e-01
9.986912012100219727e-01
9.955836534500122070e-01
9.989811182022094727e-01
9.925788640975952148e-01
9.953517317771911621e-01
9.960219264030456543e-01
9.985323548316955566e-01
9.941874146461486816e-01
9.990817904472351074e-01
9.996148347854614258e-01
9.903427362442016602e-01
9.967955946922302246e-01
9.958370327949523926e-01
9.871559143066406250e-01
9.986295104026794434e-01
9.965938329696655273e-01
9.962605834007263184e-01
9.994137883186340332e-01
9.972653388977050781e-01
9.771919846534729004e-01
9.983783960342407227e-01
9.996890425682067871e-01
9.947390556335449219e-01
9.911006093025207520e-01
9.989898800849914551e-01
9.976434707641601562e-01
9.992496371269226074e-01
9.959936141967773438e-01
9.984067082405090332e-01
9.966361522674560547e-01
9.979391694068908691e-01
9.991235136985778809e-01
9.998359680175781250e-01
9.994543194770812988e-01
9.973459839820861816e-01
9.976363182067871094e-01
9.960370063781738281e-01
9.930289387702941895e-01
9.975740909576416016e-01
9.952710270881652832e-01
9.777936339378356934e-01
9.990987181663513184e-01
9.986673593521118164e-01
9.910447001457214355e-01
9.854708313941955566e-01
9.978051781654357910e-01
9.960214495658874512e-01
9.946256279945373535e-01
9.987588524818420410e-01
9.949193596839904785e-01
9.955992102622985840e-01
9.984385371208190918e-01
9.982948303222656250e-01
9.957216978073120117e-01
9.989488124847412109e-01
9.902548193931579590e-01
9.963670372962951660e-01
9.980567097663879395e-01
9.997973442077636719e-01
9.902909398078918457e-01
9.989736080169677734e-01
9.986493587493896484e-01
9.949324727058410645e-01
9.952778220176696777e-01
9.986413121223449707e-01
9.888337254524230957e-01
9.978737235069274902e-01
9.977439641952514648e-01
9.969378113746643066e-01
9.967378973960876465e-01
9.994845390319824219e-01
9.990956783294677734e-01
9.969723224639892578e-01
9.993373751640319824e-01
9.998205900192260742e-01
9.985505938529968262e-01
9.983868598937988281e-01
9.938283562660217285e-01
9.978046417236328125e-01
9.831679463386535645e-01
9.992765188217163086e-01
9.986746907234191895e-01
9.978571534156799316e-01
9.892188906669616699e-01
9.959427118301391602e-01
9.962465763092041016e-01
9.962867498397827148e-01
9.947050809860229492e-01
9.968175292015075684e-01
9.991220831871032715e-01
9.984150528907775879e-01
9.988766908645629883e-01
9.989835023880004883e-01
9.730730056762695312e-01
9.907535910606384277e-01
9.978743791580200195e-01
9.982056021690368652e-01
9.927042722702026367e-01
9.984105229377746582e-01
9.991509318351745605e-01
9.862654209136962891e-01
9.927135109901428223e-01
9.995403885841369629e-01
9.968387484550476074e-01
9.942818880081176758e-01
9.853625297546386719e-01
9.990872144699096680e-01
9.999592900276184082e-01
9.979877471923828125e-01
9.975000619888305664e-01
9.988219738006591797e-01
9.934851527214050293e-01
9.832990169525146484e-01
9.984495639801025391e-01
9.978026151657104492e-01
9.999700188636779785e-01
9.987273216247558594e-01
9.999323487281799316e-01
9.966915249824523926e-01
9.996175765991210938e-01
9.980196952819824219e-01
9.996159076690673828e-01
9.996803402900695801e-01
9.953850507736206055e-01
9.949505329132080078e-01
9.974752068519592285e-01
9.946125149726867676e-01
9.981189966201782227e-01
9.902783036231994629e-01
9.949327707290649414e-01
9.993926286697387695e-01
9.966462850570678711e-01
9.994641542434692383e-01
9.972129464149475098e-01
9.975504279136657715e-01
9.944715499877929688e-01
9.930932521820068359e-01
9.994396567344665527e-01
9.940732717514038086e-01
9.997639656066894531e-01
9.967484474182128906e-01
9.980697631835937500e-01
9.932909607887268066e-01
9.972022175788879395e-01
9.989226460456848145e-01
9.862876534461975098e-01
9.965021014213562012e-01
9.988640546798706055e-01
9.946634769439697266e-01
9.986954331398010254e-01
9.949316978454589844e-01
9.977971911430358887e-01
9.967997074127197266e-01
9.958515763282775879e-01
9.986515641212463379e-01
9.777286052703857422e-01
9.874330163002014160e-01
9.974767565727233887e-01
9.988966584205627441e-01
9.976658225059509277e-01
9.954919815063476562e-01
9.951100945472717285e-01
9.958893656730651855e-01
9.994794726371765137e-01
9.991906285285949707e-01
9.976260662078857422e-01
9.880823493003845215e-01
9.991294145584106445e-01
9.977700710296630859e-01
9.965159893035888672e-01
9.936265349388122559e-01
9.990190863609313965e-01
9.953759908676147461e-01
9.998915791511535645e-01
9.885287284851074219e-01
9.990400671958923340e-01
9.990933537483215332e-01
9.992936849594116211e-01
9.976741075515747070e-01
9.982743263244628906e-01
9.991881847381591797e-01
9.961566925048828125e-01
9.967504739761352539e-01
9.937434792518615723e-01
9.974979162216186523e-01
9.988384246826171875e-01
9.994286894798278809e-01
9.980060458183288574e-01
9.989612698554992676e-01
9.953060746192932129e-01
9.973675608634948730e-01
9.951011538505554199e-01
9.994588494300842285e-01
9.934131503105163574e-01
9.970340728759765625e-01
9.991124868392944336e-01
9.990018606185913086e-01
9.967967271804809570e-01
9.994634985923767090e-01
9.897189140319824219e-01
9.896106123924255371e-01
9.996577501296997070e-01
9.931785464286804199e-01
9.981735348701477051e-01
9.913944005966186523e-01
9.948659539222717285e-01
9.972831606864929199e-01
9.982464909553527832e-01
9.993813633918762207e-01
9.955371618270874023e-01
9.861108064651489258e-01
9.977158308029174805e-01
9.934471845626831055e-01
9.954574108123779297e-01
9.957841038703918457e-01
9.983956217765808105e-01
9.988272190093994141e-01
9.953786730766296387e-01
9.975329041481018066e-01
9.995414614677429199e-01
9.982738494873046875e-01
9.981552958488464355e-01
9.991778731346130371e-01
9.992478489875793457e-01
9.975703358650207520e-01
9.969739913940429688e-01
9.970634579658508301e-01
9.975286126136779785e-01
9.961752891540527344e-01
9.931899905204772949e-01
9.969863295555114746e-01
9.868834018707275391e-01
9.927290678024291992e-01
9.955941438674926758e-01
9.994401335716247559e-01
9.969845414161682129e-01
9.985834360122680664e-01
9.967882037162780762e-01
9.991155862808227539e-01
9.926195740699768066e-01
9.997484683990478516e-01
9.987770915031433105e-01
9.982813596725463867e-01
9.988925457000732422e-01
9.995480775833129883e-01
9.980261325836181641e-01
9.980517625808715820e-01
9.971720576286315918e-01
9.847173690795898438e-01
9.935301542282104492e-01
9.946171641349792480e-01
9.982043504714965820e-01
9.991816878318786621e-01
9.989991188049316406e-01
9.975512623786926270e-01
9.943309426307678223e-01
9.943560957908630371e-01
9.797876477241516113e-01
9.965581893920898438e-01
9.965888261795043945e-01
9.989582300186157227e-01
9.958664774894714355e-01
9.944575428962707520e-01
9.988274574279785156e-01
9.985843300819396973e-01
9.991252422332763672e-01
9.865667819976806641e-01
9.983816742897033691e-01
9.950771331787109375e-01
9.981620907783508301e-01
9.957499504089355469e-01
9.990262389183044434e-01
9.959350228309631348e-01
9.928614497184753418e-01
9.970351457595825195e-01
9.965320229530334473e-01
9.979758262634277344e-01
9.986057281494140625e-01
9.953474402427673340e-01
9.989428520202636719e-01
9.612222313880920410e-01
9.969995617866516113e-01
9.963852167129516602e-01
9.976310133934020996e-01
9.970386028289794922e-01
9.991372823715209961e-01
9.930006265640258789e-01
9.781723022460937500e-01
9.976152181625366211e-01
9.967963099479675293e-01
9.944759607315063477e-01
9.901566505432128906e-01
9.925253987312316895e-01
9.998044967651367188e-01
9.977347850799560547e-01
9.912494421005249023e-01
9.989515542984008789e-01
9.986783266067504883e-01
9.972506165504455566e-01
9.987489581108093262e-01
9.974484443664550781e-01
9.991329312324523926e-01
9.935922622680664062e-01
9.986113309860229492e-01
9.948732852935791016e-01
9.865920543670654297e-01
9.992502927780151367e-01
9.986299872398376465e-01
9.989517927169799805e-01
9.978871941566467285e-01
9.921946525573730469e-01
9.992946982383728027e-01
9.985277056694030762e-01
9.992953538894653320e-01
9.951155185699462891e-01
9.963676333427429199e-01
9.974713325500488281e-01
9.989531636238098145e-01
9.978138804435729980e-01
9.958913326263427734e-01
9.991005063056945801e-01
9.999715685844421387e-01
9.983912110328674316e-01
9.892467856407165527e-01
9.970299005508422852e-01
9.991533756256103516e-01
9.898591637611389160e-01
9.922951459884643555e-01
9.955837130546569824e-01
9.980342388153076172e-01
9.982405304908752441e-01
9.940589666366577148e-01
9.976326823234558105e-01
9.972499012947082520e-01
9.979853034019470215e-01
9.990786910057067871e-01
9.967039227485656738e-01
9.988312125205993652e-01
9.994165897369384766e-01
9.960126280784606934e-01
9.948548078536987305e-01
9.904037714004516602e-01
9.947383999824523926e-01
9.790240526199340820e-01
9.979888796806335449e-01
9.991661906242370605e-01
9.978948235511779785e-01
9.956811666488647461e-01
9.980565309524536133e-01
9.989584684371948242e-01
9.973168969154357910e-01
9.986904263496398926e-01
9.929340481758117676e-01
9.976408481597900391e-01
9.980616569519042969e-01
9.934894442558288574e-01
9.999255537986755371e-01
9.947305917739868164e-01
9.990842938423156738e-01
9.976845979690551758e-01
9.866253733634948730e-01
9.853098988533020020e-01
9.933239221572875977e-01
9.999237656593322754e-01
9.988911151885986328e-01
9.990731477737426758e-01
9.914451241493225098e-01
9.863626360893249512e-01
9.971352219581604004e-01
9.971503615379333496e-01
9.966766834259033203e-01
9.986222386360168457e-01
9.990613460540771484e-01
9.959946870803833008e-01
9.961161613464355469e-01
9.957842230796813965e-01
9.966471195220947266e-01
9.917390942573547363e-01
9.933437705039978027e-01
9.921753406524658203e-01
9.990592002868652344e-01
9.972215890884399414e-01
9.953857660293579102e-01
9.945099353790283203e-01
9.870545268058776855e-01
9.999058246612548828e-01
9.994810223579406738e-01
9.932862520217895508e-01
9.924647808074951172e-01
9.991627931594848633e-01
9.927565455436706543e-01
9.937005043029785156e-01
9.976288080215454102e-01
9.915615916252136230e-01
9.972461462020874023e-01
9.972446560859680176e-01
9.976559281349182129e-01
9.978374838829040527e-01
9.982435107231140137e-01
9.984086751937866211e-01
9.959434866905212402e-01
9.984222054481506348e-01
9.960723519325256348e-01
9.983443617820739746e-01
9.823498725891113281e-01
9.914242625236511230e-01
9.960844516754150391e-01
9.894416928291320801e-01
9.974110722541809082e-01
9.992139935493469238e-01
9.992120265960693359e-01
9.987752437591552734e-01
9.983717203140258789e-01
9.989168643951416016e-01
9.907021522521972656e-01
9.944373369216918945e-01
9.988727569580078125e-01
9.928188323974609375e-01
9.888713955879211426e-01
9.911793470382690430e-01
9.953802227973937988e-01
9.935726523399353027e-01
9.899139404296875000e-01
9.947958588600158691e-01
9.879774451255798340e-01
9.985631108283996582e-01
9.995836615562438965e-01
9.925771355628967285e-01
9.891490936279296875e-01
9.982858896255493164e-01
9.987615942955017090e-01
9.989925622940063477e-01
9.947696924209594727e-01
9.879950284957885742e-01
9.947074651718139648e-01
9.961411356925964355e-01
9.987415671348571777e-01
9.985295534133911133e-01
9.991757273674011230e-01
9.968187808990478516e-01
9.987562298774719238e-01
9.969825148582458496e-01
9.997215270996093750e-01
9.996994733810424805e-01
9.993528127670288086e-01
9.970390796661376953e-01
9.875733256340026855e-01
9.969736337661743164e-01
9.912321567535400391e-01
9.983484148979187012e-01
9.962239861488342285e-01
9.908224940299987793e-01
9.986715316772460938e-01
9.897973537445068359e-01
9.962251186370849609e-01
9.997383952140808105e-01
9.996761083602905273e-01
9.904347658157348633e-01
9.973924756050109863e-01
9.955801963806152344e-01
9.914834499359130859e-01
9.999438524246215820e-01
9.926577210426330566e-01
9.898638725280761719e-01
9.594907164573669434e-01
9.917417168617248535e-01
9.982026815414428711e-01
9.853164553642272949e-01
9.985049366950988770e-01
9.999775886535644531e-01
9.917533993721008301e-01
9.952409863471984863e-01
9.959758520126342773e-01
9.958297014236450195e-01
9.995880126953125000e-01
9.990558028221130371e-01
9.883494377136230469e-01
9.998345971107482910e-01
9.989786744117736816e-01
9.967802762985229492e-01
9.960904121398925781e-01
9.960722923278808594e-01
9.991680979728698730e-01
9.879534244537353516e-01
9.902987480163574219e-01
9.997423291206359863e-01
9.911543726921081543e-01
9.973208308219909668e-01
9.995036125183105469e-01
9.995144009590148926e-01
9.960778355598449707e-01
9.987264275550842285e-01
9.957389831542968750e-01
9.905908107757568359e-01
9.968512058258056641e-01
9.990355372428894043e-01
9.912582039833068848e-01
9.969984292984008789e-01
9.989550113677978516e-01
9.922854304313659668e-01
9.994373321533203125e-01
9.950149059295654297e-01
9.967049360275268555e-01
9.949692487716674805e-01
9.979658722877502441e-01
9.986080527305603027e-01
9.986263513565063477e-01
9.990241527557373047e-01
9.926171898841857910e-01
9.982780218124389648e-01
9.965221881866455078e-01
9.994751214981079102e-01
9.949344992637634277e-01
9.936091303825378418e-01
9.985267519950866699e-01
9.949880242347717285e-01
9.979542493820190430e-01
9.912742376327514648e-01
9.991899132728576660e-01
9.853084683418273926e-01
9.966406226158142090e-01
9.985945820808410645e-01
9.972883462905883789e-01
9.992525577545166016e-01
9.950643181800842285e-01
9.972503185272216797e-01
9.977168440818786621e-01
9.988504648208618164e-01
9.655735492706298828e-01
9.945256710052490234e-01
9.958444237709045410e-01
9.969738721847534180e-01
9.998390674591064453e-01
9.955532550811767578e-01
9.798760414123535156e-01
9.923670291900634766e-01
9.985409379005432129e-01
9.968608617782592773e-01
9.985848069190979004e-01
9.983272552490234375e-01
9.968133568763732910e-01
9.968457818031311035e-01
9.987042546272277832e-01
9.984773397445678711e-01
9.967138171195983887e-01
9.987480044364929199e-01
9.956759810447692871e-01
9.978949427604675293e-01
9.988049864768981934e-01
9.949514865875244141e-01
9.987466335296630859e-01
9.959898591041564941e-01
9.986819624900817871e-01
9.978343248367309570e-01
9.989652037620544434e-01
9.952999353408813477e-01
9.978877902030944824e-01
9.936522245407104492e-01
9.957137107849121094e-01
9.962313175201416016e-01
9.970133900642395020e-01
9.943988919258117676e-01
9.949928522109985352e-01
9.966697692871093750e-01
9.998376965522766113e-01
9.884386658668518066e-01
9.971002936363220215e-01
9.984894394874572754e-01
9.968132972717285156e-01
9.994191527366638184e-01
9.977793097496032715e-01
9.986419081687927246e-01
9.971842169761657715e-01
9.990879893302917480e-01
9.969051480293273926e-01
9.974430799484252930e-01
9.973903298377990723e-01
9.983326196670532227e-01
9.990187883377075195e-01
9.989864230155944824e-01
9.873568415641784668e-01
9.935718774795532227e-01
9.945065379142761230e-01
9.985871911048889160e-01
9.987842440605163574e-01
9.815943837165832520e-01
9.965692758560180664e-01
9.988684654235839844e-01
9.923623204231262207e-01
9.912551045417785645e-01
9.964574575424194336e-01
9.979899525642395020e-01
9.895853400230407715e-01
9.989334344863891602e-01
9.932618141174316406e-01
9.929643273353576660e-01
9.994756579399108887e-01
9.965528249740600586e-01
9.941849112510681152e-01
9.922598004341125488e-01
9.970743656158447266e-01
9.990224242210388184e-01
9.968197941780090332e-01
9.945926070213317871e-01
9.983258843421936035e-01
9.895402789115905762e-01
9.979206323623657227e-01
9.952616095542907715e-01
9.810280203819274902e-01
9.797609448432922363e-01
9.849176406860351562e-01
9.993500113487243652e-01
9.999648928642272949e-01
9.949368238449096680e-01
9.981110692024230957e-01
9.958787560462951660e-01
9.979147911071777344e-01
9.983494281768798828e-01
9.910839200019836426e-01
9.939973950386047363e-01
9.977705478668212891e-01
9.984259605407714844e-01
9.970706105232238770e-01
9.971631169319152832e-01
9.909883737564086914e-01
9.912213087081909180e-01
9.975705742835998535e-01
9.979946017265319824e-01
9.985176920890808105e-01
9.980063438415527344e-01
9.945174455642700195e-01
9.984968304634094238e-01
9.981631040573120117e-01
9.993306994438171387e-01
9.971075654029846191e-01
9.979203939437866211e-01
9.985473752021789551e-01
9.995260834693908691e-01
9.987338185310363770e-01
9.967198371887207031e-01
9.981084465980529785e-01
9.984148144721984863e-01
9.926760792732238770e-01
9.998523592948913574e-01
9.836472272872924805e-01
9.883864521980285645e-01
9.735338687896728516e-01
9.987067580223083496e-01
9.956205487251281738e-01
9.882678985595703125e-01
9.982803463935852051e-01
9.989239573478698730e-01
9.847276806831359863e-01
9.957875609397888184e-01
9.959778785705566406e-01
9.959999918937683105e-01
9.792052507400512695e-01
9.938693046569824219e-01
9.901819229125976562e-01
9.946145415306091309e-01
9.894896745681762695e-01
9.999675154685974121e-01
9.976361393928527832e-01
9.946230649948120117e-01
9.972416162490844727e-01
9.987580776214599609e-01
9.975063204765319824e-01
9.969339370727539062e-01
9.969287514686584473e-01
9.982213377952575684e-01
9.987818598747253418e-01
9.957028627395629883e-01
9.991263151168823242e-01
9.998350739479064941e-01
9.947986602783203125e-01
9.892178177833557129e-01
9.911980628967285156e-01
9.946127533912658691e-01
9.983995556831359863e-01
9.948897957801818848e-01
9.993380904197692871e-01
9.995918869972229004e-01
9.977656006813049316e-01
9.946551918983459473e-01
9.925287961959838867e-01
9.951136708259582520e-01
9.999297261238098145e-01
9.941957592964172363e-01
9.991893768310546875e-01
9.951142668724060059e-01
9.987140893936157227e-01
9.989854693412780762e-01
9.963175058364868164e-01
9.964087605476379395e-01
9.971509575843811035e-01
9.932907223701477051e-01
9.963291883468627930e-01
9.751425981521606445e-01
9.987097978591918945e-01
9.952293038368225098e-01
9.941138029098510742e-01
9.954585433006286621e-01
9.988749623298645020e-01
9.997549653053283691e-01
9.926725625991821289e-01
9.969410300254821777e-01
9.971613287925720215e-01
9.985930323600769043e-01
9.993929862976074219e-01
9.979514479637145996e-01
9.959391355514526367e-01
9.970349669456481934e-01
9.963104128837585449e-01
9.998707175254821777e-01
9.988110065460205078e-01
9.979776740074157715e-01
9.941901564598083496e-01
9.989662170410156250e-01
9.970303773880004883e-01
9.869052171707153320e-01
9.990271925926208496e-01
9.973336458206176758e-01
9.996225237846374512e-01
9.966390132904052734e-01
9.810855388641357422e-01
9.976435303688049316e-01
9.994282126426696777e-01
9.959470033645629883e-01
9.966006278991699219e-01
9.940695166587829590e-01
9.925117492675781250e-01
9.979057908058166504e-01
9.948225617408752441e-01
9.974316954612731934e-01
9.985802173614501953e-01
9.983001351356506348e-01
9.960238337516784668e-01
9.946680068969726562e-01
9.987165331840515137e-01
9.965975880622863770e-01
9.753562211990356445e-01
9.989168047904968262e-01
9.948704838752746582e-01
9.991069436073303223e-01
9.920643568038940430e-01
9.959141016006469727e-01
9.986860156059265137e-01
9.937859773635864258e-01
9.977692961692810059e-01
9.999254345893859863e-01
9.997141361236572266e-01
9.930500984191894531e-01
9.982045292854309082e-01
9.971545338630676270e-01
9.987155199050903320e-01
9.926605820655822754e-01
9.936842918395996094e-01
9.992601275444030762e-01
9.967542290687561035e-01
9.980539083480834961e-01
9.976332783699035645e-01
9.922646880149841309e-01
9.970810413360595703e-01
9.908731579780578613e-01
9.987587928771972656e-01
9.967059493064880371e-01
9.968616366386413574e-01
9.961519241333007812e-01
9.981285333633422852e-01
9.861847162246704102e-01
9.990286231040954590e-01
9.982204437255859375e-01
9.991625547409057617e-01
9.989057779312133789e-01
9.973506927490234375e-01
9.984500408172607422e-01
9.934558868408203125e-01
9.943849444389343262e-01
9.995679855346679688e-01
9.990058541297912598e-01
9.990683794021606445e-01
9.944260120391845703e-01
9.974361658096313477e-01
9.924651384353637695e-01
9.981966018676757812e-01
9.978924989700317383e-01
9.945989251136779785e-01
9.968964457511901855e-01
9.874278903007507324e-01
9.938493967056274414e-01
9.882999658584594727e-01
9.926193356513977051e-01
9.980255365371704102e-01
9.738640785217285156e-01
9.970957636833190918e-01
9.980501532554626465e-01
9.998200535774230957e-01
9.988993406295776367e-01
9.974915385246276855e-01
9.957489371299743652e-01
9.974494576454162598e-01
9.983634948730468750e-01
9.956377744674682617e-01
9.991741776466369629e-01
9.919521212577819824e-01
9.993255138397216797e-01
9.979445934295654297e-01
9.990887641906738281e-01
9.955682158470153809e-01
9.884578585624694824e-01
9.986979365348815918e-01
9.821584820747375488e-01
9.993429183959960938e-01
9.983400702476501465e-01
9.990111589431762695e-01
9.940451979637145996e-01
9.902067780494689941e-01
9.980345964431762695e-01
9.902268052101135254e-01
9.972377419471740723e-01
9.996454715728759766e-01
9.983170628547668457e-01
9.954390525817871094e-01
9.931517839431762695e-01
9.944154620170593262e-01
9.934260845184326172e-01
9.972333312034606934e-01
9.953621029853820801e-01
9.997571110725402832e-01
9.991550445556640625e-01
9.987741708755493164e-01
9.992048144340515137e-01
9.984682202339172363e-01
9.973585009574890137e-01
9.941672682762145996e-01
9.902284741401672363e-01
9.986081719398498535e-01
9.991101622581481934e-01
9.984261989593505859e-01
9.988089203834533691e-01
9.906191825866699219e-01
9.988449215888977051e-01
9.954596757888793945e-01
9.992041587829589844e-01
9.987143278121948242e-01
9.992558360099792480e-01
9.992814660072326660e-01
9.977447390556335449e-01
9.951758384704589844e-01
9.971812367439270020e-01
9.946665167808532715e-01
9.900671839714050293e-01
9.983125329017639160e-01
9.933543801307678223e-01
9.985839128494262695e-01
9.972736239433288574e-01
9.995433092117309570e-01
9.993000030517578125e-01
9.986954927444458008e-01
9.912080764770507812e-01
9.933761358261108398e-01
9.955631494522094727e-01
9.971163868904113770e-01
9.994698166847229004e-01
9.776304364204406738e-01
9.902216792106628418e-01
9.990489482879638672e-01
9.977498650550842285e-01
9.977603554725646973e-01
9.976894855499267578e-01
9.695906043052673340e-01
9.998935461044311523e-01
9.937711358070373535e-01
9.985929727554321289e-01
9.987561106681823730e-01
9.985805749893188477e-01
9.982499480247497559e-01
9.908277392387390137e-01
9.957959055900573730e-01
9.833118319511413574e-01
9.985352754592895508e-01
9.990667700767517090e-01
9.888669252395629883e-01
9.997832775115966797e-01
9.992039799690246582e-01
9.990090727806091309e-01
9.860704541206359863e-01
9.941790699958801270e-01
9.944784045219421387e-01
9.990478754043579102e-01
9.926980733871459961e-01
9.986699223518371582e-01
9.989992380142211914e-01
9.995059370994567871e-01
9.920721054077148438e-01
9.937649965286254883e-01
9.866591691970825195e-01
9.932811260223388672e-01
9.850006103515625000e-01
9.898821711540222168e-01
9.955421686172485352e-01
9.963278174400329590e-01
9.999444484710693359e-01
9.905369877815246582e-01
9.980590343475341797e-01
9.959110021591186523e-01
9.999634027481079102e-01
9.984562397003173828e-01
9.938406348228454590e-01
9.945834875106811523e-01
9.985371232032775879e-01
9.967280626296997070e-01
9.971047043800354004e-01
9.989781975746154785e-01
9.997546672821044922e-01
9.988319277763366699e-01
9.997313022613525391e-01
9.961888194084167480e-01
9.988872408866882324e-01
9.982028603553771973e-01
9.988352060317993164e-01
9.968956112861633301e-01
9.987035989761352539e-01
9.924219250679016113e-01
9.974994063377380371e-01
9.980484843254089355e-01
9.994289278984069824e-01
9.989932775497436523e-01
9.952181577682495117e-01
9.956984519958496094e-01
9.988287091255187988e-01
9.979545474052429199e-01
9.985452294349670410e-01
9.970528483390808105e-01
9.969156384468078613e-01
9.987338185310363770e-01
9.904433488845825195e-01
9.983450174331665039e-01
9.995141029357910156e-01
9.993078112602233887e-01
9.991516470909118652e-01
9.901414513587951660e-01
9.990177750587463379e-01
9.907746911048889160e-01
9.958614110946655273e-01
9.943798780441284180e-01
9.999673366546630859e-01
9.984179139137268066e-01
9.985282421112060547e-01
9.948011040687561035e-01
9.995207190513610840e-01
9.949098825454711914e-01
9.989874958992004395e-01
9.972805380821228027e-01
9.975294470787048340e-01
9.989098310470581055e-01
9.893791079521179199e-01
9.944800138473510742e-01
9.785844087600708008e-01
9.950947761535644531e-01
9.983181953430175781e-01
9.963362216949462891e-01
9.997095465660095215e-01
9.990203976631164551e-01
9.975029230117797852e-01
9.976216554641723633e-01
9.996452331542968750e-01
9.993587136268615723e-01
9.986744523048400879e-01
9.971517920494079590e-01
9.988660812377929688e-01
9.968131780624389648e-01
9.982556104660034180e-01
9.957529306411743164e-01
9.992370009422302246e-01
9.973170161247253418e-01
9.987990856170654297e-01
9.993553757667541504e-01
9.994039535522460938e-01
9.983283877372741699e-01
9.950061440467834473e-01
9.985734820365905762e-01
9.975961446762084961e-01
9.987131953239440918e-01
9.973652958869934082e-01
9.978675246238708496e-01
9.994290471076965332e-01
9.996202588081359863e-01
9.935405254364013672e-01
9.988015294075012207e-01
9.990880489349365234e-01
9.965618848800659180e-01
9.992515444755554199e-01
9.976245760917663574e-01
9.953591227531433105e-01
9.944321513175964355e-01
9.985583424568176270e-01
9.965413212776184082e-01
9.984880089759826660e-01
9.978841543197631836e-01
9.946765899658203125e-01
9.886389970779418945e-01
9.958331584930419922e-01
9.994103312492370605e-01
9.961917996406555176e-01
9.964413642883300781e-01
9.969643354415893555e-01
9.968058466911315918e-01
9.875488281250000000e-01
9.976957440376281738e-01
9.918713569641113281e-01
9.969938993453979492e-01
9.983600974082946777e-01
9.989258646965026855e-01
9.998626112937927246e-01
9.672802090644836426e-01
9.930168390274047852e-01
9.951340556144714355e-01
9.966233968734741211e-01
9.951495528221130371e-01
9.981834888458251953e-01
9.993922710418701172e-01
9.948201179504394531e-01
9.961544871330261230e-01
9.992398023605346680e-01
9.935210347175598145e-01
9.978652000427246094e-01
9.936803579330444336e-01
9.998118281364440918e-01
9.990130066871643066e-01
9.892836809158325195e-01
9.978798031806945801e-01
9.987269043922424316e-01
9.994136691093444824e-01
9.976355433464050293e-01
9.997050166130065918e-01
9.991326928138732910e-01
9.994741082191467285e-01
9.949852824211120605e-01
9.986594319343566895e-01
9.959362149238586426e-01
9.973559379577636719e-01
9.980354309082031250e-01
9.995114207267761230e-01
9.945046901702880859e-01
9.990388154983520508e-01
9.987080693244934082e-01
9.878210425376892090e-01
9.995314478874206543e-01
9.984655976295471191e-01
9.962867498397827148e-01
9.994102716445922852e-01
9.982746839523315430e-01
9.970558285713195801e-01
9.939736723899841309e-01
9.977945685386657715e-01
9.999608993530273438e-01
9.962779879570007324e-01
9.990386366844177246e-01
9.989886879920959473e-01
9.980083703994750977e-01
9.982791543006896973e-01
9.944649338722229004e-01
9.948456883430480957e-01
9.979732036590576172e-01
9.987099766731262207e-01
9.924306273460388184e-01
9.978316426277160645e-01
9.984363317489624023e-01
9.994707703590393066e-01
9.952809214591979980e-01
9.971935153007507324e-01
9.997392296791076660e-01
9.985506534576416016e-01
9.763944149017333984e-01
9.943529367446899414e-01
9.910474419593811035e-01
9.978088140487670898e-01
9.960305094718933105e-01
9.926197528839111328e-01
9.976081848144531250e-01
9.991598725318908691e-01
