9.702515602111816406e-01
9.815818667411804199e-01
9.514479637145996094e-01
9.173275828361511230e-01
7.619009613990783691e-01
5.127781629562377930e-01
9.996138215065002441e-01
7.846326828002929688e-01
9.618008732795715332e-01
9.284540414810180664e-01
9.993706345558166504e-01
8.606907725334167480e-01
8.077100515365600586e-01
8.546975255012512207e-01
8.474191427230834961e-01
9.104482531547546387e-01
9.781702160835266113e-01
9.669806957244873047e-01
9.715817570686340332e-01
9.912325739860534668e-01
9.307748675346374512e-01
9.490439295768737793e-01
9.947925209999084473e-01
9.930339455604553223e-01
9.337550997734069824e-01
9.859610199928283691e-01
6.835617423057556152e-01
6.726622581481933594e-01
9.217165112495422363e-01
5.032147765159606934e-01
9.771209955215454102e-01
6.990095973014831543e-01
8.915610313415527344e-01
9.320623278617858887e-01
4.920291900634765625e-01
2.774372398853302002e-01
9.959780573844909668e-01
9.694533944129943848e-01
9.152745604515075684e-01
7.154333591461181641e-02
8.634177446365356445e-01
7.693032026290893555e-01
8.047422170639038086e-01
8.845136761665344238e-01
8.662815690040588379e-01
6.034013628959655762e-01
9.667589068412780762e-01
8.749469518661499023e-01
9.671913981437683105e-01
6.450366973876953125e-01
8.109729886054992676e-01
5.863150954246520996e-01
8.496662378311157227e-01
9.384971857070922852e-01
8.994191288948059082e-01
9.892349243164062500e-01
9.988762140274047852e-01
9.872677922248840332e-01
4.319135248661041260e-01
9.993031024932861328e-01
9.753054976463317871e-01
7.872561812400817871e-01
9.901016354560852051e-01
9.987480044364929199e-01
8.356526494026184082e-01
8.152866363525390625e-01
8.409570455551147461e-01
2.763051688671112061e-01
9.643110036849975586e-01
9.838352203369140625e-01
9.812878966331481934e-01
9.904820322990417480e-01
2.396131157875061035e-01
9.525617361068725586e-01
8.873401284217834473e-01
9.146240353584289551e-01
9.717356562614440918e-01
4.818275570869445801e-01
9.529637694358825684e-01
8.772506117820739746e-01
9.713817834854125977e-01
7.738206982612609863e-01
9.986386299133300781e-01
9.571389555931091309e-01
3.913778066635131836e-01
9.464309811592102051e-01
8.591230511665344238e-01
7.387165427207946777e-01
9.163474440574645996e-01
9.719881415367126465e-01
9.600103497505187988e-01
6.837961673736572266e-01
7.088668346405029297e-01
8.178979158401489258e-01
8.508298397064208984e-01
8.319222927093505859e-02
9.534850716590881348e-01
9.700781702995300293e-01
4.485706388950347900e-01
9.506641030311584473e-01
9.825955629348754883e-01
9.713757634162902832e-01
9.653688669204711914e-01
9.880102872848510742e-01
7.323633432388305664e-01
9.880911111831665039e-01
3.975882828235626221e-01
8.443369269371032715e-01
7.443100214004516602e-01
8.857363462448120117e-01
9.774858355522155762e-01
9.582266807556152344e-01
9.411351084709167480e-01
9.652391076087951660e-01
8.581022024154663086e-01
9.651079773902893066e-01
7.995915412902832031e-01
9.258668422698974609e-01
9.947784543037414551e-01
8.567003011703491211e-01
7.140607833862304688e-01
2.881034016609191895e-01
3.531867563724517822e-01
9.861718416213989258e-01
3.105220794677734375e-01
8.485986590385437012e-01
8.968063592910766602e-01
9.252079129219055176e-01
9.883069396018981934e-01
6.442503333091735840e-01
9.893022179603576660e-01
9.739525318145751953e-01
8.878109455108642578e-01
9.658163189888000488e-01
8.777295947074890137e-01
9.431155323982238770e-01
9.609997868537902832e-01
9.475115537643432617e-01
9.871671795845031738e-01
4.503087699413299561e-01
9.406071901321411133e-01
9.851791262626647949e-01
8.746359944343566895e-01
9.885259270668029785e-01
9.407442808151245117e-01
9.311310052871704102e-01
9.887665510177612305e-01
9.325666427612304688e-01
9.850777387619018555e-01
7.442378401756286621e-01
9.670653343200683594e-01
9.582038521766662598e-01
9.438084959983825684e-01
9.407119154930114746e-01
8.029149174690246582e-01
5.829762220382690430e-01
9.579423666000366211e-01
1.164659485220909119e-01
6.599842905998229980e-01
9.991751313209533691e-01
9.416687488555908203e-01
8.227250576019287109e-01
9.736645817756652832e-01
9.852414131164550781e-01
9.759761095046997070e-01
7.855994105339050293e-01
9.956043362617492676e-01
9.834990501403808594e-01
7.169303297996520996e-01
9.605425596237182617e-01
9.493289589881896973e-01
2.404725402593612671e-01
8.301406502723693848e-01
8.304829597473144531e-01
9.436999559402465820e-01
9.392406940460205078e-01
7.746944427490234375e-01
7.713035345077514648e-01
8.568465113639831543e-01
9.851503968238830566e-01
9.724159240722656250e-01
9.680315256118774414e-01
8.477361202239990234e-01
9.915221929550170898e-01
8.996742367744445801e-01
4.029570221900939941e-01
9.766472578048706055e-01
7.856251001358032227e-01
9.446081519126892090e-01
9.444648623466491699e-01
7.430739402770996094e-01
7.293600440025329590e-01
9.688753485679626465e-01
8.777954578399658203e-01
4.797453582286834717e-01
4.808450043201446533e-01
4.438745975494384766e-01
7.096846103668212891e-01
4.890081584453582764e-01
8.643853068351745605e-01
8.988609313964843750e-01
9.407469034194946289e-01
8.425559401512145996e-01
6.691528558731079102e-01
8.162785768508911133e-01
8.945639133453369141e-01
9.946951866149902344e-01
9.355830550193786621e-01
9.014545083045959473e-01
9.509052038192749023e-01
9.153549075126647949e-01
9.642275571823120117e-01
9.159021377563476562e-01
9.599056839942932129e-01
9.977601170539855957e-01
9.431669116020202637e-01
2.179590463638305664e-01
9.866774082183837891e-01
9.089296460151672363e-01
9.413329958915710449e-01
9.445427060127258301e-01
9.516600370407104492e-01
8.420198559761047363e-01
9.840995073318481445e-01
9.754691123962402344e-01
9.641319513320922852e-01
7.008489966392517090e-01
9.282020330429077148e-01
9.375280141830444336e-01
4.173196852207183838e-01
9.584079980850219727e-01
9.757546186447143555e-01
9.244508147239685059e-01
9.589238762855529785e-01
9.486442208290100098e-01
7.182385325431823730e-01
9.140933752059936523e-01
8.419502973556518555e-01
8.960244059562683105e-01
8.919895887374877930e-01
9.985200166702270508e-01
9.047530889511108398e-01
9.754092097282409668e-01
4.773404300212860107e-01
9.617543220520019531e-01
9.752323031425476074e-01
9.566018581390380859e-01
2.560079693794250488e-01
4.833647608757019043e-01
9.794375300407409668e-01
9.507541060447692871e-01
8.078535795211791992e-01
9.768908619880676270e-01
9.916643500328063965e-01
8.742332458496093750e-01
5.218511819839477539e-01
8.933345079421997070e-01
8.928171992301940918e-01
9.319911599159240723e-01
9.803363680839538574e-01
9.957491755485534668e-01
4.683242142200469971e-01
6.521077156066894531e-01
9.984325766563415527e-01
7.786214947700500488e-01
7.295771837234497070e-01
9.395659565925598145e-01
9.071418642997741699e-01
8.697981238365173340e-01
9.753404855728149414e-01
9.668009281158447266e-01
9.279966950416564941e-01
6.171110868453979492e-01
9.959509968757629395e-01
7.548085451126098633e-01
9.312350749969482422e-01
9.726307392120361328e-01
9.146965146064758301e-01
8.383716344833374023e-01
9.676004052162170410e-01
6.540544629096984863e-01
9.343287348747253418e-01
9.869664311408996582e-01
8.583303689956665039e-01
9.558375477790832520e-01
9.264417886734008789e-01
9.146030545234680176e-01
9.972535967826843262e-01
6.523189544677734375e-01
5.909210443496704102e-01
9.888209700584411621e-01
9.596521854400634766e-01
9.576265215873718262e-01
9.596596360206604004e-01
1.676232069730758667e-01
9.290408492088317871e-01
9.613182544708251953e-01
9.598067402839660645e-01
9.675355553627014160e-01
8.774433135986328125e-01
9.425588250160217285e-01
9.781226515769958496e-01
9.983389377593994141e-01
9.050178527832031250e-01
6.959784626960754395e-01
1.755770593881607056e-01
7.981007099151611328e-01
7.942906022071838379e-01
3.797097206115722656e-01
7.557045817375183105e-01
9.368827342987060547e-01
8.958075642585754395e-01
8.430212140083312988e-01
8.654870986938476562e-01
2.707232534885406494e-01
4.330625832080841064e-01
9.636762738227844238e-01
9.138315916061401367e-01
8.996027708053588867e-01
9.658745527267456055e-01
9.629479646682739258e-01
9.003745913505554199e-01
9.029314517974853516e-01
9.515932798385620117e-01
9.671940803527832031e-01
8.487930893898010254e-01
1.034310907125473022e-01
9.509648680686950684e-01
9.906515479087829590e-01
8.178509473800659180e-01
9.684729576110839844e-01
9.751673340797424316e-01
9.383981227874755859e-01
9.276201725006103516e-01
9.755851626396179199e-01
9.438832402229309082e-01
8.355466127395629883e-01
9.656509160995483398e-01
4.307515919208526611e-01
9.210177063941955566e-01
8.635975122451782227e-01
7.933866381645202637e-01
8.180347681045532227e-01
9.921501278877258301e-01
9.371617436408996582e-01
9.984627366065979004e-01
9.541875123977661133e-01
9.941987991333007812e-01
9.390470385551452637e-01
9.981985092163085938e-01
9.688234925270080566e-01
9.546413421630859375e-01
9.349960684776306152e-01
4.480083286762237549e-01
9.704313278198242188e-01
9.971375465393066406e-01
6.849707365036010742e-01
8.857767581939697266e-01
9.950663447380065918e-01
9.122747182846069336e-01
6.709797978401184082e-01
9.852638840675354004e-01
9.433939456939697266e-01
9.408075213432312012e-01
5.202125310897827148e-01
9.518419504165649414e-01
5.713585615158081055e-01
9.980765581130981445e-01
9.711950421333312988e-01
8.489469289779663086e-01
9.575160145759582520e-01
8.785343766212463379e-01
9.580249190330505371e-01
9.643335938453674316e-01
3.738520145416259766e-01
9.342120289802551270e-01
8.845980763435363770e-01
9.792962074279785156e-01
9.290685057640075684e-01
9.593579769134521484e-01
9.409719109535217285e-01
8.685840964317321777e-01
8.901199102401733398e-01
5.498601198196411133e-01
8.840700387954711914e-01
9.556844234466552734e-01
9.508119821548461914e-01
9.661610722541809082e-01
8.227690458297729492e-01
7.046380043029785156e-01
9.080240130424499512e-01
9.888314604759216309e-01
8.765547275543212891e-01
9.943518042564392090e-01
9.453758597373962402e-01
7.297622561454772949e-01
9.096968173980712891e-01
6.433901190757751465e-01
9.395632147789001465e-01
9.373241662979125977e-01
9.650932550430297852e-01
9.992013573646545410e-01
6.338347792625427246e-01
9.404691457748413086e-01
8.776267766952514648e-01
9.650039672851562500e-01
7.763090729713439941e-01
6.923733949661254883e-01
9.861845970153808594e-01
9.700067043304443359e-01
6.315725445747375488e-01
9.436830878257751465e-01
5.357543826103210449e-01
9.053627252578735352e-01
9.684600830078125000e-01
7.302925586700439453e-01
9.563679099082946777e-01
9.724478125572204590e-01
9.173027276992797852e-01
9.997555613517761230e-01
7.566970586776733398e-01
9.260497689247131348e-01
2.613642215728759766e-01
9.879316091537475586e-01
9.012488126754760742e-01
9.739801883697509766e-01
9.814177155494689941e-01
8.022446632385253906e-01
9.960051774978637695e-01
9.944772124290466309e-01
7.928647994995117188e-01
4.174397885799407959e-01
8.672166466712951660e-01
3.180081844329833984e-01
8.906079530715942383e-01
9.975835084915161133e-01
3.908242583274841309e-01
9.525663852691650391e-01
9.778533577919006348e-01
9.216342568397521973e-01
7.871013283729553223e-01
7.844488024711608887e-01
8.875895142555236816e-01
1.028121039271354675e-01
9.697479009628295898e-01
9.681287407875061035e-01
8.173698186874389648e-01
8.384277224540710449e-01
9.873335957527160645e-01
9.604305624961853027e-01
8.312904238700866699e-01
9.834520816802978516e-01
9.544961452484130859e-01
9.492077231407165527e-01
4.955114424228668213e-01
9.676071405410766602e-01
9.119319915771484375e-01
7.430661320686340332e-01
9.849467277526855469e-01
6.938911080360412598e-01
8.389213681221008301e-01
9.766650795936584473e-01
9.439991116523742676e-01
8.802337050437927246e-01
8.044154047966003418e-01
8.648503422737121582e-01
9.285037517547607422e-01
9.506731033325195312e-01
9.418346881866455078e-01
6.416561603546142578e-01
9.766339659690856934e-01
8.855404853820800781e-01
9.821932911872863770e-01
9.326490163803100586e-01
8.354083299636840820e-01
9.560244679450988770e-01
9.831366539001464844e-01
9.166015386581420898e-01
6.962504982948303223e-01
9.867654442787170410e-01
8.439989089965820312e-01
9.959834218025207520e-01
9.598248600959777832e-01
9.167149662971496582e-01
2.612856030464172363e-01
5.149066448211669922e-01
9.990249276161193848e-01
8.876981139183044434e-01
9.288281798362731934e-01
1.785991489887237549e-01
9.194779396057128906e-01
9.474961757659912109e-01
9.933463931083679199e-01
9.035218358039855957e-01
9.229852557182312012e-01
9.115080833435058594e-01
9.503660798072814941e-01
7.881550788879394531e-01
9.686658978462219238e-01
9.524958729743957520e-01
8.614069819450378418e-01
4.442794024944305420e-01
8.713367581367492676e-01
7.912266254425048828e-01
8.642480373382568359e-01
9.815585613250732422e-01
2.166701555252075195e-01
9.251912832260131836e-01
9.848061203956604004e-01
8.708689212799072266e-01
5.261463522911071777e-01
8.358736038208007812e-01
9.729418754577636719e-01
9.356803894042968750e-01
7.899318933486938477e-01
8.850666880607604980e-01
6.738505363464355469e-01
9.892845153808593750e-01
7.459733486175537109e-01
9.406442046165466309e-01
9.295387268066406250e-01
6.620810180902481079e-02
9.897496104240417480e-01
8.329729437828063965e-01
8.732267022132873535e-01
9.785779118537902832e-01
9.450188875198364258e-01
9.508778452873229980e-01
1.853056252002716064e-01
9.439979195594787598e-01
8.248606324195861816e-01
3.335897028446197510e-01
9.302276372909545898e-01
4.848285913467407227e-01
9.043428897857666016e-01
9.731317758560180664e-01
9.883370995521545410e-01
9.597075581550598145e-01
7.627056241035461426e-01
9.365753531455993652e-01
6.438720226287841797e-01
9.593124389648437500e-01
9.431020617485046387e-01
8.591630458831787109e-01
9.636506438255310059e-01
6.817939281463623047e-01
8.709524869918823242e-01
7.895789146423339844e-01
6.793527007102966309e-01
9.135924577713012695e-01
9.828083515167236328e-01
9.752972722053527832e-01
9.861989021301269531e-01
9.262081384658813477e-01
8.517780303955078125e-01
9.470756649971008301e-01
9.637138247489929199e-01
4.580124020576477051e-01
2.746598422527313232e-01
7.574688196182250977e-01
9.712159633636474609e-01
4.216046929359436035e-01
8.308306336402893066e-01
5.545855760574340820e-01
9.260887503623962402e-01
9.925153851509094238e-01
9.483130574226379395e-01
9.665316939353942871e-01
1.528787463903427124e-01
9.443165063858032227e-01
9.365121722221374512e-01
5.300430059432983398e-01
9.816503524780273438e-01
9.964540600776672363e-01
9.929929971694946289e-01
9.854158759117126465e-01
8.607738614082336426e-01
9.557729363441467285e-01
9.981157779693603516e-01
8.276310563087463379e-01
9.896996021270751953e-01
9.652059674263000488e-01
4.978537857532501221e-01
8.524055480957031250e-01
9.549289345741271973e-01
1.765673756599426270e-01
9.969794750213623047e-01
8.426813483238220215e-01
9.598822593688964844e-01
8.776366114616394043e-01
7.657562494277954102e-01
9.494006037712097168e-01
7.143977880477905273e-01
9.998520016670227051e-01
9.338614344596862793e-01
8.713089227676391602e-01
9.594165682792663574e-01
9.404113292694091797e-01
9.195172786712646484e-01
9.007111191749572754e-01
9.525100588798522949e-01
9.194285273551940918e-01
9.743221998214721680e-01
8.200469613075256348e-01
4.839424788951873779e-01
9.319278597831726074e-01
9.536014795303344727e-01
7.864016294479370117e-01
8.816882371902465820e-01
9.312449097633361816e-01
8.541611433029174805e-01
1.886176615953445435e-01
7.535921931266784668e-01
3.353598415851593018e-01
9.718028903007507324e-01
9.606145024299621582e-01
9.723647832870483398e-01
6.707997918128967285e-01
5.854330062866210938e-01
8.043999671936035156e-01
8.334795236587524414e-01
8.629766106605529785e-01
8.723683357238769531e-01
9.325628280639648438e-01
9.127545952796936035e-01
9.968407154083251953e-01
9.062642455101013184e-01
9.049950242042541504e-01
9.170371890068054199e-01
9.467720389366149902e-01
9.423442482948303223e-01
9.777702689170837402e-01
9.960851669311523438e-01
9.970971345901489258e-01
8.719184398651123047e-01
9.587106704711914062e-01
9.247726202011108398e-01
7.435328364372253418e-01
7.143499851226806641e-01
8.968482017517089844e-01
8.853488564491271973e-01
9.817023873329162598e-01
9.753802418708801270e-01
9.952970147132873535e-01
7.395988702774047852e-01
8.527478575706481934e-01
2.066995203495025635e-01
5.755146145820617676e-01
9.395535588264465332e-01
8.769691586494445801e-01
9.671260714530944824e-01
9.579250812530517578e-01
5.256382822990417480e-01
2.077666223049163818e-01
7.869057655334472656e-01
9.415463805198669434e-01
6.885345578193664551e-01
9.456201791763305664e-01
9.651765823364257812e-01
9.251435399055480957e-01
8.822135925292968750e-01
9.350554347038269043e-01
6.371728181838989258e-01
4.407116472721099854e-01
9.667607545852661133e-01
9.896636605262756348e-01
9.366269111633300781e-01
9.709485769271850586e-01
9.291958212852478027e-01
8.593884706497192383e-01
4.987109005451202393e-01
8.433092236518859863e-01
9.610633850097656250e-01
9.989627003669738770e-01
9.919133186340332031e-01
5.477523803710937500e-01
7.732487320899963379e-01
8.236890435218811035e-01
9.203433990478515625e-01
9.851894378662109375e-01
9.095577001571655273e-01
4.980878829956054688e-01
9.525829553604125977e-01
9.484694600105285645e-01
7.491493821144104004e-01
9.990115165710449219e-01
5.407124757766723633e-01
9.771329164505004883e-01
9.526036381721496582e-01
9.442061781883239746e-01
9.602605700492858887e-01
6.900399923324584961e-01
9.966917634010314941e-01
8.211309313774108887e-01
9.576338529586791992e-01
9.932802915573120117e-01
9.594981074333190918e-01
9.943252801895141602e-01
9.997032880783081055e-01
9.403598308563232422e-01
8.588957786560058594e-01
7.923436164855957031e-01
6.484110951423645020e-01
4.906161725521087646e-01
9.328973293304443359e-01
6.574043631553649902e-01
5.991591811180114746e-01
9.629811644554138184e-01
4.476646184921264648e-01
9.531083106994628906e-01
9.470450878143310547e-01
8.381260633468627930e-01
5.579398274421691895e-01
9.954028725624084473e-01
9.940653443336486816e-01
9.158200621604919434e-01
9.610834121704101562e-01
9.795148372650146484e-01
9.995934367179870605e-01
9.840839505195617676e-01
8.720520138740539551e-01
5.035916566848754883e-01
7.074645161628723145e-01
1.772558689117431641e-01
9.739935994148254395e-01
9.945009350776672363e-01
9.230852723121643066e-01
8.790817260742187500e-01
4.280741214752197266e-01
9.946967959403991699e-01
9.963392615318298340e-01
9.185360074043273926e-01
9.211859703063964844e-01
1.632056236267089844e-01
9.173347353935241699e-01
9.987624883651733398e-01
9.360557794570922852e-01
9.348784685134887695e-01
9.972990155220031738e-01
1.277550905942916870e-01
2.381218224763870239e-01
8.358350396156311035e-01
6.054057478904724121e-01
9.087019562721252441e-01
1.116089448332786560e-01
9.708064198493957520e-01
9.113035202026367188e-01
9.331938028335571289e-01
8.015719056129455566e-01
9.320582747459411621e-01
8.974688649177551270e-01
7.345038056373596191e-01
8.843161463737487793e-01
9.432311058044433594e-01
9.070714116096496582e-01
9.680130481719970703e-01
9.571558237075805664e-01
9.381623268127441406e-01
9.218294024467468262e-01
9.541614651679992676e-01
9.796934127807617188e-01
9.791642427444458008e-01
9.476972818374633789e-01
7.406781911849975586e-01
8.537220358848571777e-01
9.523919224739074707e-01
5.187813639640808105e-01
9.314114451408386230e-01
8.910837769508361816e-01
9.696866273880004883e-01
9.088641405105590820e-01
6.481010317802429199e-01
9.739704132080078125e-01
9.976014494895935059e-01
9.940068721771240234e-01
8.290538191795349121e-01
5.598168373107910156e-01
8.852638602256774902e-01
9.472777247428894043e-01
9.377287030220031738e-01
9.990140795707702637e-01
9.510049223899841309e-01
6.202682256698608398e-01
9.157307147979736328e-01
9.484382271766662598e-01
7.781739830970764160e-01
9.559738039970397949e-01
8.774053454399108887e-01
8.713289499282836914e-01
9.384887814521789551e-01
5.176374316215515137e-01
9.768003821372985840e-01
3.549654185771942139e-01
9.979858398437500000e-01
9.043834805488586426e-01
9.510790705680847168e-01
9.597386717796325684e-01
9.898456931114196777e-01
8.533085882663726807e-02
9.605169296264648438e-01
8.112413287162780762e-01
6.362465620040893555e-01
8.712865710258483887e-01
2.166924774646759033e-01
9.485648274421691895e-01
7.834507226943969727e-01
9.192743301391601562e-01
3.647249639034271240e-01
1.209412962198257446e-01
6.178258657455444336e-01
5.946370363235473633e-01
8.581045269966125488e-01
6.535650044679641724e-02
9.977850317955017090e-01
8.565102815628051758e-01
9.680411815643310547e-01
7.727162837982177734e-01
8.874062299728393555e-01
6.298200488090515137e-01
9.692177176475524902e-01
5.820154398679733276e-02
6.557032465934753418e-01
5.498960018157958984e-01
9.290089607238769531e-01
8.902048468589782715e-01
9.852058887481689453e-01
9.322282671928405762e-01
8.753830790519714355e-01
6.737006902694702148e-01
9.408008456230163574e-01
9.837266802787780762e-02
9.504311680793762207e-01
9.305943250656127930e-01
6.383020281791687012e-01
8.264122605323791504e-01
7.243827581405639648e-01
7.641773819923400879e-01
9.106554388999938965e-01
8.664529919624328613e-01
2.905460298061370850e-01
9.881094098091125488e-01
9.820430278778076172e-01
7.467718720436096191e-01
9.570989012718200684e-01
8.339364528656005859e-01
7.918335199356079102e-01
7.907818555831909180e-01
9.467142224311828613e-01
9.925896525382995605e-01
7.862694263458251953e-01
9.315453171730041504e-01
9.420457482337951660e-01
9.623121619224548340e-01
9.120876193046569824e-01
9.483008384704589844e-01
8.946711421012878418e-01
7.775590419769287109e-01
9.243701100349426270e-01
9.698973298072814941e-01
9.362520575523376465e-01
9.640300869941711426e-01
9.445047974586486816e-01
7.510744333267211914e-01
8.326889872550964355e-01
8.959416747093200684e-01
9.676491022109985352e-01
9.918063282966613770e-01
8.862130045890808105e-01
9.220061898231506348e-01
9.933408498764038086e-01
3.332248330116271973e-01
9.333406090736389160e-01
9.326413273811340332e-01
4.393579363822937012e-01
4.060373306274414062e-01
4.638761281967163086e-01
4.279522299766540527e-01
6.973115801811218262e-01
8.416114449501037598e-01
9.317081570625305176e-01
9.828248620033264160e-01
8.374177813529968262e-01
9.590639472007751465e-01
9.231164455413818359e-01
9.529967308044433594e-01
8.922029137611389160e-01
9.211898446083068848e-01
9.718766808509826660e-01
9.667795896530151367e-01
7.323033809661865234e-01
9.852219820022583008e-01
8.175161480903625488e-01
9.695907831192016602e-01
9.355568885803222656e-01
6.883512735366821289e-01
8.232323527336120605e-01
9.873852133750915527e-01
9.339231252670288086e-01
9.759829044342041016e-01
9.741608500480651855e-01
9.754347801208496094e-01
9.520251750946044922e-01
9.719288945198059082e-01
9.524965882301330566e-01
8.394343256950378418e-01
9.591264128684997559e-01
9.699901938438415527e-01
9.962513446807861328e-01
6.720582842826843262e-01
5.113962292671203613e-01
9.940251708030700684e-01
9.038892984390258789e-01
9.618200063705444336e-01
8.687490224838256836e-01
9.250714778900146484e-01
9.988592267036437988e-01
6.604667901992797852e-01
8.429687619209289551e-01
8.621092438697814941e-01
9.744865894317626953e-01
9.723986983299255371e-01
9.781916737556457520e-01
9.939577579498291016e-01
9.693568944931030273e-01
2.493333369493484497e-01
2.629743814468383789e-01
6.026292443275451660e-01
9.974699020385742188e-01
9.074983000755310059e-01
9.160209298133850098e-01
7.722262740135192871e-01
8.844655752182006836e-01
2.166995592415332794e-02
9.323576688766479492e-01
8.594462871551513672e-01
9.224327802658081055e-01
9.426722526550292969e-01
8.204586505889892578e-01
7.328206300735473633e-01
7.749108672142028809e-01
9.665358066558837891e-01
8.661689162254333496e-01
9.981462955474853516e-01
7.940734624862670898e-01
9.775441884994506836e-01
9.692271947860717773e-01
9.781283736228942871e-01
9.978678822517395020e-01
7.155883312225341797e-01
9.702416062355041504e-01
6.005233526229858398e-01
9.997805953025817871e-01
7.427439093589782715e-01
9.958669543266296387e-01
8.799966573715209961e-01
5.405547022819519043e-01
6.739338636398315430e-01
7.798329591751098633e-01
9.684239029884338379e-01
9.808386564254760742e-01
6.953768134117126465e-01
9.653540849685668945e-01
9.483832716941833496e-01
8.463927507400512695e-01
1.147240996360778809e-01
9.820723533630371094e-01
7.426887750625610352e-01
9.309114217758178711e-01
9.228832125663757324e-01
8.973542451858520508e-01
9.722056984901428223e-01
9.849923849105834961e-01
8.663805723190307617e-01
9.278191328048706055e-01
9.407273530960083008e-01
9.974568486213684082e-01
9.171652793884277344e-01
9.542419910430908203e-01
9.942555427551269531e-01
9.782431721687316895e-01
9.847689867019653320e-01
9.321519732475280762e-01
9.285086989402770996e-01
9.449800848960876465e-01
7.557641267776489258e-01
8.214483857154846191e-01
9.338912963867187500e-01
8.604185581207275391e-01
4.670652002096176147e-02
9.698746800422668457e-01
9.283239841461181641e-01
8.766376972198486328e-01
9.974476695060729980e-01
9.709477424621582031e-01
9.986994266510009766e-01
9.711162447929382324e-01
4.048078060150146484e-01
8.591763973236083984e-01
7.690627574920654297e-01
6.920702457427978516e-01
5.535698533058166504e-01
9.570397734642028809e-01
9.480364322662353516e-01
9.148865342140197754e-01
9.358569979667663574e-01
9.598231911659240723e-01
9.762770533561706543e-01
8.043561577796936035e-01
9.662145376205444336e-01
8.916044235229492188e-01
9.786816835403442383e-01
9.726382493972778320e-01
8.087696433067321777e-01
9.829212427139282227e-01
9.192014336585998535e-01
9.439258575439453125e-01
9.206358194351196289e-01
5.226203203201293945e-01
9.645870923995971680e-01
9.404984116554260254e-01
9.051759839057922363e-01
3.153766393661499023e-01
9.038599133491516113e-01
8.539752662181854248e-02
9.225653409957885742e-01
9.749431014060974121e-01
8.886640667915344238e-01
9.984116554260253906e-01
6.607970595359802246e-01
7.574474811553955078e-01
9.369406104087829590e-01
3.242194950580596924e-01
9.772102236747741699e-01
8.066880702972412109e-01
9.950413703918457031e-01
9.889466762542724609e-01
8.977309465408325195e-01
9.466890096664428711e-01
9.580694437026977539e-01
9.912748932838439941e-01
6.322200894355773926e-01
9.307909011840820312e-01
9.573565721511840820e-01
8.057708144187927246e-01
9.708344340324401855e-01
9.529416561126708984e-01
8.286275267601013184e-01
9.410381913185119629e-01
6.339103579521179199e-01
8.689057826995849609e-01
8.888092041015625000e-01
9.742201566696166992e-01
9.396886229515075684e-01
9.858207106590270996e-01
9.431701302528381348e-01
8.959274888038635254e-01
8.850045800209045410e-01
9.970313310623168945e-01
6.749842762947082520e-01
9.741014242172241211e-01
7.213736772537231445e-01
7.740870714187622070e-01
9.504044651985168457e-01
5.469911098480224609e-01
9.427340030670166016e-01
9.681670069694519043e-01
9.820221662521362305e-01
8.144860267639160156e-01
9.928405880928039551e-01
7.097641825675964355e-01
8.637191057205200195e-01
9.326826333999633789e-01
9.124215841293334961e-01
9.445018172264099121e-01
5.943500995635986328e-01
6.744720935821533203e-01
9.402861595153808594e-01
2.413511276245117188e-01
6.914648413658142090e-01
9.085538983345031738e-01
9.569156765937805176e-01
2.158085107803344727e-01
8.805493712425231934e-01
8.871951103210449219e-01
9.774768352508544922e-01
9.894366264343261719e-01
9.991923570632934570e-01
8.365718722343444824e-01
9.485739469528198242e-01
4.644394814968109131e-01
8.702758550643920898e-01
9.485450387001037598e-01
9.297084808349609375e-01
8.055638074874877930e-01
6.084064841270446777e-01
9.258213639259338379e-01
9.341650009155273438e-01
8.125061988830566406e-01
2.693525254726409912e-01
8.906919956207275391e-01
2.719195783138275146e-01
9.563349485397338867e-01
9.203708171844482422e-01
9.588542580604553223e-01
8.533097505569458008e-01
7.970667481422424316e-01
9.532787799835205078e-01
9.003297686576843262e-01
6.694071292877197266e-01
9.554979801177978516e-01
8.013044595718383789e-01
7.337062358856201172e-01
9.990538358688354492e-01
9.570611715316772461e-01
9.047004580497741699e-01
9.086731076240539551e-01
8.886455893516540527e-01
9.008408188819885254e-01
9.799790978431701660e-01
6.698529124259948730e-01
9.988231062889099121e-01
9.480514526367187500e-01
4.113207161426544189e-01
5.355077385902404785e-01
9.976463317871093750e-01
9.281249642372131348e-01
7.399688363075256348e-01
9.196547865867614746e-01
9.737935066223144531e-01
8.732370734214782715e-01
8.964329361915588379e-01
9.990930557250976562e-01
7.981732487678527832e-01
9.785057902336120605e-01
8.790048956871032715e-01
9.832651615142822266e-01
9.229490756988525391e-01
1.783089041709899902e-01
9.295604825019836426e-01
9.356174468994140625e-01
9.723909497261047363e-01
9.046202301979064941e-01
9.970849156379699707e-01
9.642570018768310547e-01
9.413784146308898926e-01
9.482509493827819824e-01
4.771026372909545898e-01
5.874847173690795898e-01
9.227519035339355469e-01
6.412429809570312500e-01
9.446188211441040039e-01
9.849370718002319336e-01
9.467334747314453125e-01
9.155504107475280762e-01
8.416725993156433105e-01
9.991760253906250000e-01
9.438223242759704590e-01
9.329580068588256836e-01
6.466516852378845215e-01
9.970266222953796387e-01
9.788016676902770996e-01
9.590390324592590332e-01
6.349675059318542480e-01
9.318741559982299805e-01
9.947685599327087402e-01
9.915111064910888672e-01
3.821606934070587158e-01
9.947865009307861328e-01
8.407614827156066895e-01
8.160302042961120605e-01
9.086694121360778809e-01
9.282613992691040039e-01
9.777021408081054688e-01
5.591767430305480957e-01
8.907538652420043945e-01
9.921382069587707520e-01
9.455413222312927246e-01
8.277493119239807129e-01
9.308803081512451172e-01
9.646993875503540039e-01
7.126788496971130371e-01
6.600413322448730469e-01
9.610456824302673340e-01
9.942263960838317871e-01
9.917590022087097168e-01
9.389266371726989746e-01
8.972257375717163086e-01
8.435112833976745605e-01
8.729140758514404297e-01
9.348996877670288086e-01
5.512567758560180664e-01
9.987147450447082520e-01
8.988299369812011719e-01
8.076317310333251953e-01
9.328855276107788086e-01
9.986496567726135254e-01
9.824867844581604004e-01
9.610275030136108398e-01
9.493551850318908691e-01
9.877704977989196777e-01
8.807460069656372070e-01
9.825447201728820801e-01
5.866623520851135254e-01
9.588803648948669434e-01
6.850988864898681641e-01
7.913456559181213379e-01
6.913763284683227539e-02
9.117847681045532227e-01
9.361593723297119141e-01
9.244820475578308105e-01
6.487191319465637207e-01
7.509601712226867676e-01
9.969955682754516602e-01
8.283800482749938965e-01
9.662167429924011230e-01
9.614877104759216309e-01
7.455601096153259277e-01
8.879796862602233887e-01
9.818716049194335938e-01
9.945841431617736816e-01
5.692316889762878418e-01
7.275161743164062500e-01
9.919454455375671387e-01
9.135751724243164062e-01
9.519764780998229980e-01
9.307346940040588379e-01
9.685841798782348633e-01
9.651040434837341309e-01
9.651100635528564453e-01
9.385879635810852051e-01
5.714511275291442871e-01
9.637373089790344238e-01
7.709443569183349609e-01
9.931849241256713867e-01
9.804690480232238770e-01
8.975487351417541504e-01
8.490502238273620605e-01
7.463774681091308594e-01
8.575971722602844238e-01
9.236574769020080566e-01
9.870577454566955566e-01
9.985514283180236816e-01
9.782426357269287109e-01
9.348434209823608398e-01
8.614175915718078613e-01
7.310312986373901367e-01
7.465398311614990234e-01
9.694825410842895508e-01
8.346355557441711426e-01
9.824880361557006836e-01
9.746658205986022949e-01
9.784671664237976074e-01
5.532275438308715820e-01
8.835455775260925293e-01
8.530018925666809082e-01
7.759176492691040039e-01
9.714111089706420898e-01
9.944255948066711426e-01
9.897860288619995117e-01
1.917317658662796021e-01
5.366194248199462891e-01
9.758108258247375488e-01
4.241526424884796143e-01
9.604271054267883301e-01
6.994773149490356445e-01
9.066423773765563965e-01
9.771317243576049805e-01
8.048200607299804688e-01
9.714786410331726074e-01
6.497178673744201660e-01
9.451523423194885254e-01
9.888673424720764160e-01
9.338378906250000000e-01
9.837655425071716309e-01
5.936768054962158203e-01
9.840688705444335938e-01
9.991688132286071777e-01
9.974167943000793457e-01
9.981637597084045410e-01
7.907395958900451660e-01
9.485296010971069336e-01
9.057646393775939941e-01
9.906694293022155762e-01
9.857176542282104492e-01
9.475688934326171875e-01
9.955473542213439941e-01
8.800479173660278320e-01
9.684814214706420898e-01
9.794946312904357910e-01
8.483897447586059570e-01
9.393802285194396973e-01
7.817044854164123535e-01
9.116075038909912109e-01
9.438485503196716309e-01
9.683120250701904297e-01
9.331344366073608398e-01
9.803530573844909668e-01
9.571695327758789062e-01
9.628164172172546387e-01
9.333176016807556152e-01
2.188619412481784821e-02
6.685266643762588501e-02
8.785229921340942383e-01
7.367897629737854004e-01
9.376834630966186523e-01
8.401064872741699219e-01
9.699102640151977539e-01
9.721575379371643066e-01
9.391837716102600098e-01
9.444141983985900879e-01
6.482219696044921875e-01
