9.871365427970886230e-01
9.975637197494506836e-01
9.669070839881896973e-01
9.848932027816772461e-01
9.740755558013916016e-01
9.965001940727233887e-01
9.992953538894653320e-01
9.971824288368225098e-01
9.925647377967834473e-01
9.920435547828674316e-01
9.999566674232482910e-01
9.767079949378967285e-01
9.844990372657775879e-01
9.838081002235412598e-01
9.682039618492126465e-01
9.897600412368774414e-01
9.919360280036926270e-01
9.944977760314941406e-01
9.784987568855285645e-01
9.985529184341430664e-01
9.874160289764404297e-01
9.936953186988830566e-01
9.975311756134033203e-01
9.949197173118591309e-01
9.921540021896362305e-01
9.960074424743652344e-01
9.998300671577453613e-01
9.798509478569030762e-01
9.904859662055969238e-01
9.848791956901550293e-01
9.893904924392700195e-01
9.469196796417236328e-01
9.758806824684143066e-01
9.779636263847351074e-01
9.647927880287170410e-01
9.721732735633850098e-01
9.999100565910339355e-01
9.956145286560058594e-01
9.880432486534118652e-01
9.987573623657226562e-01
9.975543022155761719e-01
9.794484972953796387e-01
9.985107779502868652e-01
9.732347130775451660e-01
9.940772056579589844e-01
9.876042604446411133e-01
9.961813092231750488e-01
9.963511824607849121e-01
9.864349365234375000e-01
9.735466837882995605e-01
9.971441030502319336e-01
9.980946183204650879e-01
9.820317625999450684e-01
9.874793291091918945e-01
9.888110160827636719e-01
9.946138858795166016e-01
9.985390901565551758e-01
9.915750026702880859e-01
9.946377277374267578e-01
9.994815587997436523e-01
9.842548370361328125e-01
8.968362808227539062e-01
9.958917498588562012e-01
9.996569156646728516e-01
9.766662120819091797e-01
9.939719438552856445e-01
9.964964389801025391e-01
9.298215508460998535e-01
9.876106381416320801e-01
9.941342473030090332e-01
9.655919075012207031e-01
9.987886548042297363e-01
8.909745216369628906e-01
9.890336394309997559e-01
9.801073670387268066e-01
9.904856681823730469e-01
9.926252365112304688e-01
9.919687509536743164e-01
9.936951398849487305e-01
9.306982159614562988e-01
9.972645640373229980e-01
9.845852851867675781e-01
9.999315142631530762e-01
9.771871566772460938e-01
8.986743092536926270e-01
9.741180539131164551e-01
9.787265062332153320e-01
9.969054460525512695e-01
9.827492833137512207e-01
9.998689889907836914e-01
9.884395599365234375e-01
9.945776462554931641e-01
9.992628693580627441e-01
9.936408400535583496e-01
9.926751852035522461e-01
9.976980686187744141e-01
9.787182211875915527e-01
9.979791045188903809e-01
9.914550781250000000e-01
9.985731244087219238e-01
9.900432825088500977e-01
9.942547082901000977e-01
9.979699254035949707e-01
9.815040230751037598e-01
9.979923367500305176e-01
9.808605909347534180e-01
9.920324683189392090e-01
9.845213294029235840e-01
9.896747469902038574e-01
9.935892224311828613e-01
9.962404370307922363e-01
9.891670346260070801e-01
9.736507534980773926e-01
9.973368048667907715e-01
9.763041138648986816e-01
9.994373321533203125e-01
9.941541552543640137e-01
9.740777611732482910e-01
9.972845911979675293e-01
9.940263032913208008e-01
9.903190732002258301e-01
9.977000951766967773e-01
9.747414588928222656e-01
9.881338477134704590e-01
9.423798322677612305e-01
9.816913604736328125e-01
9.980815649032592773e-01
9.974395036697387695e-01
9.996399283409118652e-01
9.655587673187255859e-01
9.929316639900207520e-01
9.965038299560546875e-01
9.110856652259826660e-01
9.915426969528198242e-01
9.894608259201049805e-01
9.538097977638244629e-01
9.967987537384033203e-01
9.872589111328125000e-01
9.981781840324401855e-01
9.935153722763061523e-01
9.957886934280395508e-01
9.990443587303161621e-01
9.560398459434509277e-01
9.955781698226928711e-01
9.964008927345275879e-01
9.964311718940734863e-01
9.971843361854553223e-01
9.951478838920593262e-01
9.906437397003173828e-01
9.896194338798522949e-01
9.975340366363525391e-01
9.914977550506591797e-01
9.965109825134277344e-01
9.889652132987976074e-01
9.978094100952148438e-01
9.681290984153747559e-01
9.968326687812805176e-01
9.849348664283752441e-01
9.823231697082519531e-01
9.994580149650573730e-01
9.699273705482482910e-01
9.980944991111755371e-01
9.971628189086914062e-01
9.990838170051574707e-01
9.955192804336547852e-01
9.966948032379150391e-01
9.980601072311401367e-01
9.951423406600952148e-01
9.960042238235473633e-01
9.887499809265136719e-01
9.949855208396911621e-01
9.836357235908508301e-01
9.978156089782714844e-01
9.551858901977539062e-01
9.872114658355712891e-01
9.886921048164367676e-01
9.961282014846801758e-01
9.940904974937438965e-01
9.899649620056152344e-01
9.952085018157958984e-01
9.927895665168762207e-01
9.939213395118713379e-01
9.944250583648681641e-01
9.954472780227661133e-01
9.961055517196655273e-01
9.800585508346557617e-01
9.945247769355773926e-01
9.982113838195800781e-01
9.916299581527709961e-01
9.985038638114929199e-01
9.821343421936035156e-01
9.855202436447143555e-01
9.942742586135864258e-01
9.940576553344726562e-01
9.414814114570617676e-01
9.883160591125488281e-01
9.967637658119201660e-01
9.858904480934143066e-01
9.989996552467346191e-01
9.654473066329956055e-01
9.901351928710937500e-01
9.960671663284301758e-01
9.760010242462158203e-01
9.529563784599304199e-01
9.903892278671264648e-01
9.966058731079101562e-01
9.952538609504699707e-01
9.646834135055541992e-01
9.973122477531433105e-01
9.972862005233764648e-01
9.786916971206665039e-01
9.903953671455383301e-01
9.823046326637268066e-01
9.983214139938354492e-01
9.987218976020812988e-01
9.856509566307067871e-01
9.943892955780029297e-01
9.993472099304199219e-01
9.279251694679260254e-01
9.902679920196533203e-01
9.902735352516174316e-01
9.916645288467407227e-01
9.965821504592895508e-01
9.970969557762145996e-01
9.971569776535034180e-01
9.871444702148437500e-01
9.895783662796020508e-01
9.861176013946533203e-01
9.965034127235412598e-01
9.619068503379821777e-01
9.933894872665405273e-01
9.354447722434997559e-01
9.798628687858581543e-01
9.908313155174255371e-01
9.959800839424133301e-01
9.717754125595092773e-01
9.983934760093688965e-01
9.986590743064880371e-01
9.648750424385070801e-01
9.898234605789184570e-01
7.565731406211853027e-01
9.825770258903503418e-01
9.931014180183410645e-01
9.642595052719116211e-01
9.905537366867065430e-01
9.987466335296630859e-01
9.931291937828063965e-01
9.610010981559753418e-01
9.918606877326965332e-01
9.940305948257446289e-01
9.830250144004821777e-01
9.296124577522277832e-01
9.933165907859802246e-01
9.925146698951721191e-01
9.939671158790588379e-01
9.867363572120666504e-01
9.970197677612304688e-01
9.900709986686706543e-01
9.927536249160766602e-01
9.958961009979248047e-01
9.996195435523986816e-01
9.983535408973693848e-01
9.957346320152282715e-01
9.974791407585144043e-01
9.918547272682189941e-01
9.808891415596008301e-01
9.915716648101806641e-01
9.885485172271728516e-01
9.499467611312866211e-01
9.909988641738891602e-01
9.938595294952392578e-01
9.772067666053771973e-01
5.412451624870300293e-01
9.970139861106872559e-01
9.936066865921020508e-01
9.846752285957336426e-01
9.893011450767517090e-01
9.925323128700256348e-01
9.908369779586791992e-01
9.956884980201721191e-01
9.966810941696166992e-01
9.966263175010681152e-01
9.946036934852600098e-01
9.833291769027709961e-01
9.815084338188171387e-01
9.956955909729003906e-01
9.993087053298950195e-01
9.983823299407958984e-01
9.977255463600158691e-01
9.939267039299011230e-01
9.918611645698547363e-01
9.927717447280883789e-01
9.950633645057678223e-01
9.203107953071594238e-01
9.981690645217895508e-01
9.858128428459167480e-01
9.865811467170715332e-01
9.743624329566955566e-01
9.982584118843078613e-01
9.981673955917358398e-01
9.908801913261413574e-01
9.958789944648742676e-01
9.998901486396789551e-01
9.926466345787048340e-01
9.984957575798034668e-01
9.891063570976257324e-01
9.880580306053161621e-01
9.774180054664611816e-01
9.986091852188110352e-01
9.949323534965515137e-01
9.966429471969604492e-01
9.686442613601684570e-01
9.889761805534362793e-01
9.723655581474304199e-01
9.935120344161987305e-01
9.960637092590332031e-01
9.947500228881835938e-01
9.914612174034118652e-01
9.963833689689636230e-01
9.986008405685424805e-01
9.909108281135559082e-01
9.585561156272888184e-01
9.717002511024475098e-01
9.948923587799072266e-01
9.928534626960754395e-01
9.893222451210021973e-01
9.829906821250915527e-01
9.984517097473144531e-01
9.906283617019653320e-01
9.876621961593627930e-01
9.943221807479858398e-01
9.914230108261108398e-01
9.859827756881713867e-01
9.757943153381347656e-01
9.954121112823486328e-01
9.996911883354187012e-01
9.938188791275024414e-01
9.903259277343750000e-01
9.955370426177978516e-01
9.830564856529235840e-01
9.715753197669982910e-01
9.961258172988891602e-01
9.958509802818298340e-01
9.997265934944152832e-01
9.938668608665466309e-01
9.984136223793029785e-01
9.746633172035217285e-01
9.991829991340637207e-01
9.934745430946350098e-01
9.993971586227416992e-01
9.932541847229003906e-01
9.874545335769653320e-01
9.601539373397827148e-01
9.944582581520080566e-01
9.850785136222839355e-01
9.947718977928161621e-01
9.823564291000366211e-01
9.850084781646728516e-01
9.950885176658630371e-01
9.829235076904296875e-01
9.973902106285095215e-01
9.989555478096008301e-01
9.903979897499084473e-01
9.673184752464294434e-01
9.848791360855102539e-01
9.988205432891845703e-01
9.882450103759765625e-01
9.993208646774291992e-01
9.926081299781799316e-01
9.873198270797729492e-01
9.853481054306030273e-01
9.897952675819396973e-01
9.953227639198303223e-01
9.832909703254699707e-01
9.888834953308105469e-01
9.956899881362915039e-01
9.696112275123596191e-01
9.918081760406494141e-01
9.861800670623779297e-01
9.944605827331542969e-01
9.858380556106567383e-01
9.739137887954711914e-01
9.973417520523071289e-01
9.796221852302551270e-01
9.960383176803588867e-01
9.861083030700683594e-01
9.977121949195861816e-01
9.941397309303283691e-01
9.618939757347106934e-01
9.764411449432373047e-01
9.933983683586120605e-01
9.995524287223815918e-01
9.947928190231323242e-01
9.946179389953613281e-01
9.615061283111572266e-01
9.964433908462524414e-01
9.867990016937255859e-01
9.951384067535400391e-01
9.819371104240417480e-01
9.967663288116455078e-01
9.753128886222839355e-01
9.995223879814147949e-01
8.731932044029235840e-01
9.957226514816284180e-01
9.973689913749694824e-01
9.900645613670349121e-01
9.900310039520263672e-01
9.892171621322631836e-01
9.951640963554382324e-01
9.918009042739868164e-01
9.930087327957153320e-01
9.851717948913574219e-01
9.824159741401672363e-01
9.985939264297485352e-01
9.930195808410644531e-01
9.873017072677612305e-01
9.967554211616516113e-01
9.858395457267761230e-01
9.916337728500366211e-01
9.998722076416015625e-01
9.988044500350952148e-01
9.988493323326110840e-01
9.398466944694519043e-01
9.966385960578918457e-01
9.941955804824829102e-01
9.037201404571533203e-01
9.987081885337829590e-01
9.775167107582092285e-01
9.992032051086425781e-01
9.993370771408081055e-01
9.862856268882751465e-01
9.949892759323120117e-01
9.800040125846862793e-01
9.464715123176574707e-01
9.929565787315368652e-01
9.892868399620056152e-01
9.488835334777832031e-01
9.979465603828430176e-01
9.879392385482788086e-01
9.635497331619262695e-01
9.743055701255798340e-01
9.831450581550598145e-01
9.909427165985107422e-01
9.945048093795776367e-01
9.941710233688354492e-01
9.970632791519165039e-01
9.888061881065368652e-01
9.942722320556640625e-01
9.823298454284667969e-01
9.950165748596191406e-01
9.958442449569702148e-01
9.966450929641723633e-01
9.964612722396850586e-01
9.940009117126464844e-01
9.863044619560241699e-01
9.942443370819091797e-01
9.951535463333129883e-01
9.876645207405090332e-01
9.988175630569458008e-01
9.884263873100280762e-01
9.937697052955627441e-01
9.442380666732788086e-01
9.905024766921997070e-01
9.972878694534301758e-01
9.811754226684570312e-01
9.944217801094055176e-01
9.898808002471923828e-01
9.971826672554016113e-01
9.919471740722656250e-01
9.828932881355285645e-01
9.995591640472412109e-01
9.966655969619750977e-01
9.968812465667724609e-01
9.988451600074768066e-01
9.967163205146789551e-01
9.965190291404724121e-01
9.884890317916870117e-01
9.831653833389282227e-01
9.836601018905639648e-01
9.966065287590026855e-01
9.889526367187500000e-01
9.990565180778503418e-01
9.964591860771179199e-01
9.913802742958068848e-01
9.912026524543762207e-01
9.848608970642089844e-01
9.911027550697326660e-01
9.407128095626831055e-01
9.910004138946533203e-01
9.960785508155822754e-01
9.940901398658752441e-01
9.863010644912719727e-01
9.962510466575622559e-01
9.881063699722290039e-01
9.976234436035156250e-01
9.934799075126647949e-01
9.949964880943298340e-01
9.632647037506103516e-01
9.926580786705017090e-01
9.916633367538452148e-01
9.952910542488098145e-01
9.782672524452209473e-01
9.792239665985107422e-01
9.777337908744812012e-01
9.852123260498046875e-01
9.982498884201049805e-01
9.847679734230041504e-01
9.942450523376464844e-01
9.660316705703735352e-01
9.843053221702575684e-01
9.282178878784179688e-01
9.898759126663208008e-01
9.855584502220153809e-01
9.971002936363220215e-01
9.836357235908508301e-01
9.412992596626281738e-01
9.940101504325866699e-01
9.847920536994934082e-01
9.837347269058227539e-01
9.702170491218566895e-01
9.969524145126342773e-01
9.998093843460083008e-01
9.880401492118835449e-01
9.702387452125549316e-01
8.435904979705810547e-01
9.740976095199584961e-01
9.888325333595275879e-01
9.993062615394592285e-01
9.881895184516906738e-01
9.962260723114013672e-01
9.903985261917114258e-01
9.070243835449218750e-01
9.824790358543395996e-01
9.989253282546997070e-01
9.977638125419616699e-01
9.970331192016601562e-01
9.915452599525451660e-01
9.976501464843750000e-01
9.781162738800048828e-01
9.554049968719482422e-01
9.886766672134399414e-01
9.976981878280639648e-01
9.885674715042114258e-01
9.821871519088745117e-01
9.914548397064208984e-01
9.728641510009765625e-01
9.958093762397766113e-01
9.932011961936950684e-01
9.957102537155151367e-01
9.980494379997253418e-01
9.764296412467956543e-01
9.540636539459228516e-01
9.855842590332031250e-01
9.908501505851745605e-01
9.964150190353393555e-01
9.833650588989257812e-01
9.951666593551635742e-01
9.925809502601623535e-01
9.976626634597778320e-01
9.886549711227416992e-01
9.955176711082458496e-01
9.914342164993286133e-01
9.955721497535705566e-01
9.951766729354858398e-01
9.981893301010131836e-01
9.906902909278869629e-01
9.989099502563476562e-01
9.948779344558715820e-01
9.932071566581726074e-01
9.741930961608886719e-01
9.731678962707519531e-01
9.909697175025939941e-01
9.935561418533325195e-01
9.786124825477600098e-01
9.988359212875366211e-01
9.875760078430175781e-01
9.951496124267578125e-01
9.928676486015319824e-01
9.971426725387573242e-01
9.947651028633117676e-01
9.963115453720092773e-01
9.926605820655822754e-01
9.962149858474731445e-01
9.933950304985046387e-01
9.801594614982604980e-01
9.988959431648254395e-01
9.885890483856201172e-01
9.944816827774047852e-01
9.789425730705261230e-01
9.614807367324829102e-01
9.926193952560424805e-01
9.887498617172241211e-01
9.989098310470581055e-01
9.975386857986450195e-01
9.970893859863281250e-01
9.660821557044982910e-01
9.706971049308776855e-01
9.920274019241333008e-01
9.904023408889770508e-01
9.908581972122192383e-01
9.985359311103820801e-01
9.927288293838500977e-01
9.936317801475524902e-01
9.989838004112243652e-01
9.903420209884643555e-01
9.885339736938476562e-01
9.610352516174316406e-01
9.889399409294128418e-01
9.672433733940124512e-01
9.968655705451965332e-01
9.732622504234313965e-01
9.430059194564819336e-01
9.741985201835632324e-01
9.975633621215820312e-01
9.993470907211303711e-01
9.958639144897460938e-01
9.484384655952453613e-01
9.677080512046813965e-01
9.946129918098449707e-01
9.818125963211059570e-01
9.718762040138244629e-01
9.957172870635986328e-01
9.829530715942382812e-01
9.948701262474060059e-01
9.936105608940124512e-01
9.599286913871765137e-01
9.959312677383422852e-01
9.973847866058349609e-01
9.970902800559997559e-01
9.944062232971191406e-01
9.971383213996887207e-01
9.983806610107421875e-01
9.977042078971862793e-01
9.671303629875183105e-01
9.548498392105102539e-01
9.906353950500488281e-01
9.778558611869812012e-01
9.844474792480468750e-01
9.982087016105651855e-01
9.967463612556457520e-01
9.933869838714599609e-01
9.908417463302612305e-01
5.784484148025512695e-01
9.665067791938781738e-01
9.819951057434082031e-01
9.996793866157531738e-01
9.885488748550415039e-01
9.818971157073974609e-01
9.887650012969970703e-01
9.915220141410827637e-01
9.865791797637939453e-01
9.843930602073669434e-01
9.876223206520080566e-01
9.769344925880432129e-01
9.938403367996215820e-01
9.613922238349914551e-01
9.722816944122314453e-01
9.862026572227478027e-01
9.934924840927124023e-01
9.942407011985778809e-01
9.980091452598571777e-01
9.890419244766235352e-01
9.908185005187988281e-01
9.861716032028198242e-01
9.914458394050598145e-01
9.930795431137084961e-01
9.777412414550781250e-01
9.658114314079284668e-01
9.920290708541870117e-01
9.972513914108276367e-01
9.584190249443054199e-01
9.997937083244323730e-01
9.996621608734130859e-01
9.987630248069763184e-01
9.997851252555847168e-01
9.581897854804992676e-01
9.954680800437927246e-01
9.844126701354980469e-01
9.962997436523437500e-01
9.920719265937805176e-01
9.737903475761413574e-01
9.989758133888244629e-01
9.814069867134094238e-01
9.832403063774108887e-01
9.995855689048767090e-01
9.995222091674804688e-01
9.780165553092956543e-01
9.990783929824829102e-01
9.884333610534667969e-01
9.880119562149047852e-01
9.981513619422912598e-01
9.711558818817138672e-01
9.965081810951232910e-01
9.799041748046875000e-01
9.852485060691833496e-01
9.968633055686950684e-01
9.741088747978210449e-01
9.996216297149658203e-01
9.999728202819824219e-01
9.874880909919738770e-01
9.885969161987304688e-01
9.787617921829223633e-01
9.733377099037170410e-01
9.991760849952697754e-01
9.973311424255371094e-01
9.741148352622985840e-01
9.999812841415405273e-01
9.969730377197265625e-01
9.845434427261352539e-01
9.938254952430725098e-01
9.871602654457092285e-01
9.976320266723632812e-01
9.816166162490844727e-01
9.783924221992492676e-01
9.995100498199462891e-01
8.441630005836486816e-01
9.894895553588867188e-01
9.940083026885986328e-01
9.685497283935546875e-01
9.849401712417602539e-01
9.928506612777709961e-01
9.915723204612731934e-01
9.787823557853698730e-01
9.890309572219848633e-01
9.983835220336914062e-01
9.623800516128540039e-01
9.947919249534606934e-01
9.851143956184387207e-01
9.841768741607666016e-01
9.940184354782104492e-01
9.851359128952026367e-01
9.936114549636840820e-01
9.870646595954895020e-01
9.962606430053710938e-01
9.724231362342834473e-01
9.999118447303771973e-01
9.978489279747009277e-01
9.805663228034973145e-01
9.987406730651855469e-01
4.465877711772918701e-01
9.987499117851257324e-01
9.852588176727294922e-01
9.850405454635620117e-01
9.882454276084899902e-01
9.723099470138549805e-01
9.951928257942199707e-01
9.942833781242370605e-01
9.968838691711425781e-01
9.758887290954589844e-01
9.618568420410156250e-01
9.958710670471191406e-01
9.753855466842651367e-01
9.988082647323608398e-01
9.867442846298217773e-01
9.793136715888977051e-01
9.950014352798461914e-01
9.950925111770629883e-01
9.770001173019409180e-01
9.818292856216430664e-01
9.835212826728820801e-01
9.932928681373596191e-01
9.307381510734558105e-01
9.761796593666076660e-01
9.809744954109191895e-01
9.658212065696716309e-01
9.934389591217041016e-01
9.774304628372192383e-01
9.980485439300537109e-01
9.892928004264831543e-01
9.941805601119995117e-01
9.948093891143798828e-01
9.962297081947326660e-01
9.927269816398620605e-01
9.961953163146972656e-01
9.967444539070129395e-01
9.811428189277648926e-01
9.990043640136718750e-01
9.969414472579956055e-01
9.873239398002624512e-01
9.971764087677001953e-01
9.953063130378723145e-01
9.936512112617492676e-01
9.941773414611816406e-01
9.939622282981872559e-01
9.957325458526611328e-01
9.784893393516540527e-01
9.920091629028320312e-01
9.919545054435729980e-01
9.931664466857910156e-01
9.828867316246032715e-01
9.929856061935424805e-01
9.906655550003051758e-01
9.996501803398132324e-01
9.954892396926879883e-01
9.938176870346069336e-01
9.943336248397827148e-01
9.932536482810974121e-01
9.774016737937927246e-01
9.877948164939880371e-01
9.813909530639648438e-01
9.823011755943298340e-01
9.896831512451171875e-01
9.818883538246154785e-01
9.960069656372070312e-01
9.812419414520263672e-01
9.957866072654724121e-01
9.954007267951965332e-01
9.968914389610290527e-01
9.636633992195129395e-01
9.926981329917907715e-01
9.862053394317626953e-01
9.975927472114562988e-01
9.998123645782470703e-01
9.621685743331909180e-01
9.694100022315979004e-01
9.997839927673339844e-01
9.860717058181762695e-01
9.866632819175720215e-01
9.909475445747375488e-01
9.929443597793579102e-01
9.676598906517028809e-01
9.695404171943664551e-01
9.700508117675781250e-01
8.802556991577148438e-01
9.986559152603149414e-01
9.882391095161437988e-01
9.836035370826721191e-01
9.641512632369995117e-01
9.956265687942504883e-01
9.960073232650756836e-01
9.866510033607482910e-01
9.839981794357299805e-01
9.801179766654968262e-01
9.724757075309753418e-01
9.634711742401123047e-01
9.911348819732666016e-01
9.702986478805541992e-01
5.178019404411315918e-01
9.217112660408020020e-01
9.949135780334472656e-01
9.996421337127685547e-01
9.828287959098815918e-01
9.868098497390747070e-01
9.959397315979003906e-01
9.720436930656433105e-01
9.965847134590148926e-01
9.844430088996887207e-01
9.916549921035766602e-01
8.876982927322387695e-01
9.869689941406250000e-01
9.898821115493774414e-01
9.975197911262512207e-01
9.817710518836975098e-01
9.918128848075866699e-01
9.958275556564331055e-01
9.798690080642700195e-01
9.937166571617126465e-01
9.867221117019653320e-01
9.234257340431213379e-01
9.948436021804809570e-01
9.952132701873779297e-01
9.530571699142456055e-01
9.871808290481567383e-01
9.901332855224609375e-01
9.957299828529357910e-01
9.909589290618896484e-01
9.965364933013916016e-01
9.909430146217346191e-01
9.963392019271850586e-01
9.852627515792846680e-01
8.993199467658996582e-01
9.997937679290771484e-01
9.609543085098266602e-01
9.825307726860046387e-01
9.314994812011718750e-01
9.659617543220520020e-01
9.922479987144470215e-01
9.953651428222656250e-01
9.892831444740295410e-01
9.953569173812866211e-01
9.768298864364624023e-01
9.817060232162475586e-01
9.807566404342651367e-01
9.927350878715515137e-01
9.762187600135803223e-01
9.857476949691772461e-01
9.954064488410949707e-01
9.889513254165649414e-01
9.779435396194458008e-01
9.999211430549621582e-01
9.822357296943664551e-01
9.786651730537414551e-01
9.925058484077453613e-01
9.931638240814208984e-01
9.976292848587036133e-01
9.939572811126708984e-01
9.919687509536743164e-01
9.952617287635803223e-01
9.973677992820739746e-01
9.982651472091674805e-01
9.994002580642700195e-01
9.894284605979919434e-01
9.828400015830993652e-01
9.828520417213439941e-01
9.906855821609497070e-01
9.958231449127197266e-01
9.631829857826232910e-01
9.984534382820129395e-01
9.954064488410949707e-01
9.927168488502502441e-01
9.001360535621643066e-01
9.701738357543945312e-01
9.891958236694335938e-01
9.998703002929687500e-01
9.808784127235412598e-01
9.881324172019958496e-01
9.898623824119567871e-01
9.918712973594665527e-01
9.989248514175415039e-01
9.924657344818115234e-01
9.948065280914306641e-01
9.934141635894775391e-01
9.874904751777648926e-01
9.910212755203247070e-01
9.223246574401855469e-01
9.986170530319213867e-01
9.741593003273010254e-01
9.843661785125732422e-01
8.630312085151672363e-01
9.967580437660217285e-01
9.986618757247924805e-01
9.841289520263671875e-01
9.901596903800964355e-01
9.926280975341796875e-01
9.961461424827575684e-01
9.984457492828369141e-01
9.957817196846008301e-01
9.821490645408630371e-01
9.912290573120117188e-01
9.927265644073486328e-01
9.994543790817260742e-01
9.918023943901062012e-01
9.961754679679870605e-01
9.922591447830200195e-01
9.415434598922729492e-01
9.936084747314453125e-01
9.806424379348754883e-01
9.909628033638000488e-01
9.957062602043151855e-01
9.987305998802185059e-01
9.900004267692565918e-01
9.960142970085144043e-01
9.850804209709167480e-01
9.988899827003479004e-01
9.923733472824096680e-01
9.901705384254455566e-01
9.904107451438903809e-01
9.898176193237304688e-01
9.901648759841918945e-01
9.923327565193176270e-01
9.908655285835266113e-01
9.957408905029296875e-01
9.894461035728454590e-01
9.893443584442138672e-01
9.734631180763244629e-01
9.973250031471252441e-01
9.892440438270568848e-01
9.667320847511291504e-01
9.973873496055603027e-01
9.915857315063476562e-01
9.954149127006530762e-01
9.823185205459594727e-01
9.917267560958862305e-01
9.991290569305419922e-01
9.902943968772888184e-01
9.928862452507019043e-01
9.990378618240356445e-01
9.978858232498168945e-01
9.932751059532165527e-01
9.937115907669067383e-01
9.986810088157653809e-01
9.966557025909423828e-01
9.847393035888671875e-01
9.621196985244750977e-01
9.983887672424316406e-01
9.875240325927734375e-01
9.731280803680419922e-01
9.795754551887512207e-01
9.959172606468200684e-01
9.874598979949951172e-01
9.650447368621826172e-01
9.689863324165344238e-01
9.964101314544677734e-01
9.845906496047973633e-01
9.901931881904602051e-01
9.943122267723083496e-01
9.693819284439086914e-01
9.871905446052551270e-01
9.943180084228515625e-01
9.982541203498840332e-01
9.938270449638366699e-01
9.959144592285156250e-01
9.898816347122192383e-01
9.820488691329956055e-01
9.947895407676696777e-01
9.986649155616760254e-01
9.978603720664978027e-01
9.976423382759094238e-01
9.951894879341125488e-01
9.933384656906127930e-01
9.894062280654907227e-01
9.968025684356689453e-01
9.861866235733032227e-01
9.957323074340820312e-01
9.640745520591735840e-01
9.875689744949340820e-01
9.880707859992980957e-01
9.849448800086975098e-01
9.494283795356750488e-01
9.965415596961975098e-01
9.395753145217895508e-01
9.941220283508300781e-01
9.831949472427368164e-01
9.986376166343688965e-01
9.974411725997924805e-01
9.997321963310241699e-01
9.607756137847900391e-01
9.795935153961181641e-01
9.921285510063171387e-01
9.981029629707336426e-01
9.965155124664306641e-01
9.827859401702880859e-01
9.987494945526123047e-01
9.966972470283508301e-01
9.967032074928283691e-01
6.709481477737426758e-01
9.819346070289611816e-01
9.944097399711608887e-01
9.677166938781738281e-01
9.978759288787841797e-01
9.925385117530822754e-01
9.975641369819641113e-01
9.904119372367858887e-01
9.585047960281372070e-01
9.950113296508789062e-01
9.948211312294006348e-01
9.943483471870422363e-01
9.996367692947387695e-01
9.915530681610107422e-01
9.960517287254333496e-01
9.891279935836791992e-01
8.275528550148010254e-01
9.877788424491882324e-01
9.418895840644836426e-01
9.633853435516357422e-01
9.988545775413513184e-01
9.953485727310180664e-01
9.966509938240051270e-01
9.972533583641052246e-01
9.861080050468444824e-01
9.969012141227722168e-01
9.948497414588928223e-01
9.945322871208190918e-01
9.989271759986877441e-01
9.972708225250244141e-01
9.825307726860046387e-01
9.651268720626831055e-01
9.809234142303466797e-01
9.931389093399047852e-01
9.528245925903320312e-01
9.946678876876831055e-01
9.940510392189025879e-01
9.819983839988708496e-01
9.913601875305175781e-01
9.937694072723388672e-01
9.904170632362365723e-01
9.942041635513305664e-01
9.707551598548889160e-01
9.919438958168029785e-01
9.951374530792236328e-01
9.873315095901489258e-01
9.899675250053405762e-01
9.999970197677612305e-01
9.972010254859924316e-01
9.996125698089599609e-01
9.971906542778015137e-01
9.855378866195678711e-01
9.876357913017272949e-01
9.945576190948486328e-01
9.927976131439208984e-01
9.999004006385803223e-01
9.740829467773437500e-01
9.716697335243225098e-01
9.616608619689941406e-01
9.774096608161926270e-01
9.956266283988952637e-01
9.939873218536376953e-01
9.376036524772644043e-01
9.999424815177917480e-01
9.897680282592773438e-01
9.974033832550048828e-01
9.959306716918945312e-01
9.951647520065307617e-01
9.965346455574035645e-01
9.812578558921813965e-01
9.882253408432006836e-01
9.924225807189941406e-01
9.970053434371948242e-01
9.941932559013366699e-01
9.607127904891967773e-01
9.998955130577087402e-01
9.973188042640686035e-01
9.968060255050659180e-01
9.476886391639709473e-01
9.793615937232971191e-01
9.486711025238037109e-01
9.956883192062377930e-01
9.552260637283325195e-01
9.985038638114929199e-01
9.982626438140869141e-01
9.977561235427856445e-01
9.921453595161437988e-01
9.981551766395568848e-01
9.768794178962707520e-01
9.868406057357788086e-01
9.867351055145263672e-01
9.891279339790344238e-01
9.840042591094970703e-01
9.897164702415466309e-01
9.999499320983886719e-01
9.591867327690124512e-01
9.949902892112731934e-01
9.925696253776550293e-01
9.994812607765197754e-01
9.900507330894470215e-01
9.910868406295776367e-01
9.920982122421264648e-01
9.943697452545166016e-01
9.906927943229675293e-01
9.868323206901550293e-01
9.990412592887878418e-01
9.978936314582824707e-01
9.624207019805908203e-01
9.967108368873596191e-01
9.949087500572204590e-01
9.971876740455627441e-01
9.924018979072570801e-01
9.979401230812072754e-01
8.016064763069152832e-01
9.926058053970336914e-01
9.865099787712097168e-01
9.920460581779479980e-01
9.933128952980041504e-01
9.990102052688598633e-01
9.933989644050598145e-01
9.780371785163879395e-01
9.980627894401550293e-01
9.921394586563110352e-01
9.980647563934326172e-01
9.924322962760925293e-01
9.940652251243591309e-01
9.899806976318359375e-01
9.804692864418029785e-01
9.916197657585144043e-01
9.975615739822387695e-01
9.976253509521484375e-01
9.957554936408996582e-01
9.791769981384277344e-01
9.969747662544250488e-01
9.807987213134765625e-01
9.965769648551940918e-01
9.740518331527709961e-01
9.999248981475830078e-01
9.963288903236389160e-01
9.979539513587951660e-01
9.530045986175537109e-01
9.835605621337890625e-01
9.820683598518371582e-01
9.982175230979919434e-01
9.938974380493164062e-01
9.754449725151062012e-01
9.904702305793762207e-01
9.793723821640014648e-01
9.878858327865600586e-01
9.585685729980468750e-01
9.854912757873535156e-01
9.969938397407531738e-01
9.968805909156799316e-01
9.998460412025451660e-01
9.983146786689758301e-01
9.963013529777526855e-01
9.903553724288940430e-01
9.860853552818298340e-01
9.966858029365539551e-01
9.961664676666259766e-01
9.984953999519348145e-01
9.974014759063720703e-01
9.783591032028198242e-01
9.953790307044982910e-01
9.835103154182434082e-01
9.803977012634277344e-01
9.658405780792236328e-01
9.904238581657409668e-01
9.971143603324890137e-01
9.907348155975341797e-01
9.989831447601318359e-01
9.764238595962524414e-01
9.434261322021484375e-01
9.944293498992919922e-01
9.995838403701782227e-01
9.932697415351867676e-01
9.983869791030883789e-01
9.960550069808959961e-01
9.831852316856384277e-01
9.829765558242797852e-01
9.952669143676757812e-01
9.836660027503967285e-01
9.990361332893371582e-01
9.840293526649475098e-01
9.950182437896728516e-01
9.874708652496337891e-01
9.845356345176696777e-01
9.849521517753601074e-01
9.988421201705932617e-01
9.984577298164367676e-01
9.964809417724609375e-01
9.451451897621154785e-01
9.625962972640991211e-01
9.882960915565490723e-01
9.983202815055847168e-01
9.866817593574523926e-01
9.730566740036010742e-01
9.941627979278564453e-01
9.925554990768432617e-01
9.693143963813781738e-01
9.785634279251098633e-01
9.924235343933105469e-01
9.923141598701477051e-01
9.985932707786560059e-01
9.731183648109436035e-01
9.736320376396179199e-01
9.546051025390625000e-01
9.826430082321166992e-01
9.963362812995910645e-01
9.907052516937255859e-01
9.872277975082397461e-01
9.956616759300231934e-01
9.984242320060729980e-01
9.814170598983764648e-01
9.617052674293518066e-01
9.959423542022705078e-01
9.505277872085571289e-01
9.794894456863403320e-01
9.944060444831848145e-01
9.991335272789001465e-01
9.981176853179931641e-01
9.869354963302612305e-01
9.716666936874389648e-01
9.958721995353698730e-01
9.947313070297241211e-01
9.926264882087707520e-01
9.990506768226623535e-01
9.985636472702026367e-01
9.969067573547363281e-01
9.931628704071044922e-01
9.966875910758972168e-01
9.861906170845031738e-01
9.757246971130371094e-01
9.993126988410949707e-01
9.963499307632446289e-01
9.956808686256408691e-01
9.980054497718811035e-01
9.948054552078247070e-01
9.951923489570617676e-01
9.998127818107604980e-01
9.993152618408203125e-01
9.925463795661926270e-01
9.957282543182373047e-01
9.954390525817871094e-01
9.947671890258789062e-01
9.902964830398559570e-01
9.745576381683349609e-01
9.997939467430114746e-01
9.793821573257446289e-01
9.949991703033447266e-01
9.827989935874938965e-01
9.953835606575012207e-01
9.975054860115051270e-01
9.915910959243774414e-01
9.757984876632690430e-01
9.886193871498107910e-01
9.941557645797729492e-01
9.869216680526733398e-01
9.913408756256103516e-01
9.409925341606140137e-01
9.989998936653137207e-01
9.977920055389404297e-01
9.937047362327575684e-01
9.997606277465820312e-01
9.969443082809448242e-01
9.574283957481384277e-01
9.919149875640869141e-01
9.880179166793823242e-01
9.682890176773071289e-01
9.920292496681213379e-01
9.149668812751770020e-01
9.938178062438964844e-01
9.966548085212707520e-01
