6.043738722801208496e-01
9.875448942184448242e-01
5.288258194923400879e-01
9.416216611862182617e-01
9.195978045463562012e-01
4.969297721982002258e-02
9.983327984809875488e-01
9.957810640335083008e-01
9.996149539947509766e-01
9.565989971160888672e-01
9.942389726638793945e-01
9.607284069061279297e-01
9.312285184860229492e-01
2.904263734817504883e-01
4.651904702186584473e-01
8.539286851882934570e-01
8.497105836868286133e-01
9.849541783332824707e-01
4.872901439666748047e-01
9.897876977920532227e-01
9.006544351577758789e-01
9.782737493515014648e-01
9.975171685218811035e-01
5.988985896110534668e-01
2.759195864200592041e-01
9.899114966392517090e-01
9.984893798828125000e-01
9.564445614814758301e-01
9.492811560630798340e-01
9.622932672500610352e-01
9.903932809829711914e-01
3.477943688631057739e-02
8.968779444694519043e-01
8.843434453010559082e-01
8.826722502708435059e-01
8.963323384523391724e-02
9.789509177207946777e-01
9.390168190002441406e-01
9.528378248214721680e-01
9.993153214454650879e-01
9.098029136657714844e-01
7.798905372619628906e-01
9.904043078422546387e-01
5.710049271583557129e-01
9.820635318756103516e-01
9.942771792411804199e-01
9.917094707489013672e-01
9.370023012161254883e-01
7.640876173973083496e-01
8.729472160339355469e-01
9.921156764030456543e-01
9.537515044212341309e-01
5.529893636703491211e-01
9.171305894851684570e-01
9.804540276527404785e-01
9.965851902961730957e-01
9.981821775436401367e-01
9.826794862747192383e-01
2.070583552122116089e-01
9.960930943489074707e-01
9.851290583610534668e-01
6.090730428695678711e-01
9.911159873008728027e-01
9.232444167137145996e-01
8.890292644500732422e-01
8.556995391845703125e-01
9.895668625831604004e-01
8.452638387680053711e-01
9.865723252296447754e-01
8.198260068893432617e-01
6.035583615303039551e-01
9.893044829368591309e-01
9.136169552803039551e-01
9.344452619552612305e-01
6.835986971855163574e-01
5.982506275177001953e-01
3.010597266256809235e-02
9.353302121162414551e-01
9.832303524017333984e-01
9.138031601905822754e-01
9.912470579147338867e-01
5.274598598480224609e-01
9.986562728881835938e-01
6.153813749551773071e-02
9.442095756530761719e-01
9.859565496444702148e-01
9.558554887771606445e-01
9.575121402740478516e-01
8.505108952522277832e-01
9.876121878623962402e-01
9.490656256675720215e-01
6.635048985481262207e-01
9.734902977943420410e-01
9.626760482788085938e-01
2.228526026010513306e-02
3.683258593082427979e-01
6.855975389480590820e-01
9.979244470596313477e-01
9.965083599090576172e-01
9.950914382934570312e-01
9.926343560218811035e-01
7.059544920921325684e-01
9.819133877754211426e-01
9.272203445434570312e-01
9.835202693939208984e-01
8.108977675437927246e-01
6.130772456526756287e-02
8.771827816963195801e-01
9.645330309867858887e-01
2.584039270877838135e-01
9.821785092353820801e-01
8.718058466911315918e-01
9.422615170478820801e-01
9.570885896682739258e-01
2.098101750016212463e-02
6.033173203468322754e-01
9.511529803276062012e-01
9.092150926589965820e-01
9.959841966629028320e-01
1.218798570334911346e-02
9.854138493537902832e-01
9.359430074691772461e-01
8.083217144012451172e-01
6.767016053199768066e-01
4.140838384628295898e-01
8.915750384330749512e-01
9.752362370491027832e-01
9.247132539749145508e-01
9.369979500770568848e-01
9.331627488136291504e-01
9.817463755607604980e-01
9.219663739204406738e-01
8.119170069694519043e-01
9.676970243453979492e-01
9.335321187973022461e-01
9.475657939910888672e-01
9.823496937751770020e-01
9.465047717094421387e-01
9.909825921058654785e-01
8.136132955551147461e-01
6.175315976142883301e-01
9.957125782966613770e-01
8.803559541702270508e-01
9.445325732231140137e-01
9.889395236968994141e-01
7.900512218475341797e-01
9.906945824623107910e-01
9.457003474235534668e-01
9.857762455940246582e-01
3.601466417312622070e-01
9.733496904373168945e-01
9.507802128791809082e-01
9.318114519119262695e-01
9.814476966857910156e-01
9.087879061698913574e-01
3.288016915321350098e-01
9.973056912422180176e-01
1.356454193592071533e-01
8.850722312927246094e-01
9.403606653213500977e-01
8.736928701400756836e-01
4.288271069526672363e-02
9.713267683982849121e-01
9.952137470245361328e-01
3.432777523994445801e-01
9.381994605064392090e-01
9.903675913810729980e-01
9.890002012252807617e-01
7.521232962608337402e-01
7.798970341682434082e-01
7.472345829010009766e-01
4.425617456436157227e-01
9.328531622886657715e-01
8.538228869438171387e-01
9.811991453170776367e-01
9.790583848953247070e-01
8.593136072158813477e-01
4.013493657112121582e-01
7.789006829261779785e-01
9.888470172882080078e-01
8.575919270515441895e-01
9.810767769813537598e-01
8.443993330001831055e-01
8.196883201599121094e-01
9.819046258926391602e-01
9.929141998291015625e-01
9.788468480110168457e-01
9.240432977676391602e-01
4.584132432937622070e-01
9.023129343986511230e-01
9.010109901428222656e-01
8.366867303848266602e-01
9.459750056266784668e-01
9.566801786422729492e-01
4.779039919376373291e-01
9.592623710632324219e-01
9.882690906524658203e-01
8.560402989387512207e-01
9.648664593696594238e-01
8.559355139732360840e-01
7.495793700218200684e-01
9.337365627288818359e-01
9.644711613655090332e-01
2.125516682863235474e-01
2.894058525562286377e-01
9.571143388748168945e-01
2.717261314392089844e-01
9.733047485351562500e-01
2.300416827201843262e-01
9.086625576019287109e-01
9.268018603324890137e-01
8.915090560913085938e-01
9.264184236526489258e-01
9.499939084053039551e-01
9.981530904769897461e-01
8.487986326217651367e-01
9.822927117347717285e-01
9.778515696525573730e-01
9.390791505575180054e-02
9.684914946556091309e-01
9.699051380157470703e-01
9.932918548583984375e-01
9.905840754508972168e-01
9.742164015769958496e-01
9.280291199684143066e-01
9.818284511566162109e-01
8.790284991264343262e-01
9.016953110694885254e-01
8.249666094779968262e-01
7.593628168106079102e-01
9.835278987884521484e-01
9.294155240058898926e-02
4.880016446113586426e-01
8.784529566764831543e-01
9.895076155662536621e-01
5.047739744186401367e-01
9.926764369010925293e-01
9.502243995666503906e-01
6.547114253044128418e-01
4.175814390182495117e-01
9.972700476646423340e-01
8.706005215644836426e-01
9.820757508277893066e-01
3.380941748619079590e-01
3.610286116600036621e-02
9.261801838874816895e-01
9.615976214408874512e-01
5.226370692253112793e-01
2.114677056670188904e-02
1.858580112457275391e-02
9.799007177352905273e-01
8.430952429771423340e-01
9.980911612510681152e-01
9.295379519462585449e-01
8.534744381904602051e-01
9.962331652641296387e-01
8.435845971107482910e-01
9.016833901405334473e-01
9.771995544433593750e-01
8.323103189468383789e-01
9.991773962974548340e-01
9.902361035346984863e-01
9.886545538902282715e-01
9.962130784988403320e-01
9.820008277893066406e-01
8.568311929702758789e-01
9.471768140792846680e-01
9.093001484870910645e-01
8.700459003448486328e-01
9.598703384399414062e-01
9.882957339286804199e-01
9.696506857872009277e-01
5.390360355377197266e-01
8.627314567565917969e-01
9.607903361320495605e-01
8.875169754028320312e-01
9.269228577613830566e-01
9.881210327148437500e-01
9.769561290740966797e-01
9.377502202987670898e-01
9.762211441993713379e-01
3.074000179767608643e-01
9.907436966896057129e-01
3.586252778768539429e-02
7.369261980056762695e-01
3.987244367599487305e-01
9.887095689773559570e-01
9.984708428382873535e-01
9.486497044563293457e-01
3.499616384506225586e-01
9.295933842658996582e-01
9.610471725463867188e-01
8.567996621131896973e-01
6.908014416694641113e-02
9.950758218765258789e-01
9.011718630790710449e-01
8.112231492996215820e-01
4.003898799419403076e-02
9.990728497505187988e-01
1.545633077621459961e-01
9.060873985290527344e-01
1.172502432018518448e-02
9.957404136657714844e-01
2.011112123727798462e-01
9.618573784828186035e-01
1.292759627103805542e-01
8.995715379714965820e-01
9.465965628623962402e-01
9.044699072837829590e-01
9.891591668128967285e-01
9.806028008460998535e-01
7.638148665428161621e-01
9.251994490623474121e-01
9.462504386901855469e-01
8.964172005653381348e-01
9.745287895202636719e-01
6.349897980690002441e-01
3.817273676395416260e-01
9.438541531562805176e-01
7.243139147758483887e-01
9.412603974342346191e-01
7.819707393646240234e-01
7.443722486495971680e-01
9.214000701904296875e-01
9.306256175041198730e-01
9.467265605926513672e-01
6.211004033684730530e-02
9.811689257621765137e-01
9.965744018554687500e-01
9.775769710540771484e-01
7.549296617507934570e-01
1.116785034537315369e-01
9.236733913421630859e-01
8.702173233032226562e-01
8.627196550369262695e-01
9.980331063270568848e-01
8.927902579307556152e-01
9.766672253608703613e-01
8.927711248397827148e-01
7.917719483375549316e-01
6.807885169982910156e-01
9.825063347816467285e-01
9.519318342208862305e-01
9.977673292160034180e-01
9.172276258468627930e-01
9.979820847511291504e-01
9.981727004051208496e-01
9.894074201583862305e-01
9.493179917335510254e-01
9.986768364906311035e-01
9.330300092697143555e-01
9.760047197341918945e-01
8.670246005058288574e-01
4.632319808006286621e-01
9.542492628097534180e-01
9.940028786659240723e-01
6.998676657676696777e-01
8.785130977630615234e-01
8.080122470855712891e-01
8.784754276275634766e-01
9.892112016677856445e-01
9.938512444496154785e-01
9.425827860832214355e-01
9.379529953002929688e-02
9.239683151245117188e-01
9.426814913749694824e-01
9.307087063789367676e-01
9.934591054916381836e-01
9.499858021736145020e-01
9.607638120651245117e-01
9.735402464866638184e-01
8.255730271339416504e-01
3.615158796310424805e-02
1.962174102663993835e-02
9.582537412643432617e-01
9.126607179641723633e-01
9.542254805564880371e-01
9.932751059532165527e-01
9.083580970764160156e-01
9.759382605552673340e-01
7.891461253166198730e-01
9.368023276329040527e-01
6.866859197616577148e-01
6.359425187110900879e-01
9.866487979888916016e-01
9.308037161827087402e-01
9.529992938041687012e-01
9.683157801628112793e-01
9.912198781967163086e-01
2.692778408527374268e-01
9.284269213676452637e-01
9.945846796035766602e-01
9.865233898162841797e-01
9.731770753860473633e-01
8.317079544067382812e-01
9.540393948554992676e-01
6.193749904632568359e-01
9.824414253234863281e-01
9.841426610946655273e-01
9.477500915527343750e-01
9.046192169189453125e-01
9.853617548942565918e-01
7.518017292022705078e-01
8.801069259643554688e-01
8.703272044658660889e-02
2.389742620289325714e-02
9.715099930763244629e-01
8.388913869857788086e-01
9.966552257537841797e-01
9.480609297752380371e-01
3.826306462287902832e-01
9.225356578826904297e-01
4.263253509998321533e-01
9.622799754142761230e-01
2.562166452407836914e-01
8.410550355911254883e-01
9.966825246810913086e-01
9.225260615348815918e-01
8.869313597679138184e-01
9.992929100990295410e-01
7.952309846878051758e-01
9.869065880775451660e-01
8.493907451629638672e-01
7.616835236549377441e-01
9.221395105123519897e-02
9.415051341056823730e-01
6.537345647811889648e-01
4.277729988098144531e-01
9.948784112930297852e-01
9.460226297378540039e-01
8.240365386009216309e-01
8.674116730690002441e-01
7.790144085884094238e-01
5.716696977615356445e-01
9.435948729515075684e-01
8.094162940979003906e-01
5.019897222518920898e-02
9.646137952804565430e-01
9.438926577568054199e-01
1.686430424451828003e-01
6.104628369212150574e-02
7.436622679233551025e-02
9.653928279876708984e-01
9.660410284996032715e-01
6.280214786529541016e-01
9.440354704856872559e-01
7.616334557533264160e-01
9.840152859687805176e-01
9.883692264556884766e-01
7.822399735450744629e-01
9.350294470787048340e-01
8.648941516876220703e-01
9.915146231651306152e-01
9.316008687019348145e-01
9.481530785560607910e-01
9.904502630233764648e-01
8.351237773895263672e-01
9.320901036262512207e-01
9.951331019401550293e-01
9.793404936790466309e-01
3.439856469631195068e-01
9.699020385742187500e-01
9.370114207267761230e-01
9.736866354942321777e-01
9.793165326118469238e-01
9.899488687515258789e-01
9.474413990974426270e-01
6.926244497299194336e-01
8.693112134933471680e-01
9.798840284347534180e-01
9.916329383850097656e-01
9.895479679107666016e-01
9.566962122917175293e-01
8.834162354469299316e-01
9.536741971969604492e-01
9.903514385223388672e-01
9.318317770957946777e-01
8.988026380538940430e-01
8.273498415946960449e-01
9.970780014991760254e-01
8.962830901145935059e-01
9.357475638389587402e-01
9.852221012115478516e-01
9.712764620780944824e-01
8.196003437042236328e-01
1.477907001972198486e-01
4.297769069671630859e-02
6.585142016410827637e-01
9.625875353813171387e-01
9.951636195182800293e-01
9.954626560211181641e-01
9.653861522674560547e-01
9.929587841033935547e-01
6.978144645690917969e-01
9.819142222404479980e-01
4.978060126304626465e-01
9.545314908027648926e-01
8.328304290771484375e-01
9.753531217575073242e-01
1.750032156705856323e-01
9.473121166229248047e-01
9.968704581260681152e-01
8.406605720520019531e-01
9.807000756263732910e-01
9.805920720100402832e-01
2.446315884590148926e-01
9.777019023895263672e-01
8.982457518577575684e-01
7.745181918144226074e-01
9.614805579185485840e-01
3.403460681438446045e-01
9.507812261581420898e-01
8.719658255577087402e-01
9.647819995880126953e-01
2.899063229560852051e-01
9.433288574218750000e-01
9.672840833663940430e-01
4.064807593822479248e-01
9.188601970672607422e-01
7.765777111053466797e-01
9.722579121589660645e-01
9.962648153305053711e-01
8.600066900253295898e-01
7.257169485092163086e-01
7.851665616035461426e-01
9.356094002723693848e-01
9.764449000358581543e-01
9.557254910469055176e-01
7.050775289535522461e-01
9.872348904609680176e-01
9.725394248962402344e-01
7.169190049171447754e-01
9.047472476959228516e-01
9.955431818962097168e-01
6.200943589210510254e-01
9.798729419708251953e-01
9.462933540344238281e-01
4.292409121990203857e-01
6.969792246818542480e-01
9.482089877128601074e-01
7.977166175842285156e-01
9.171363711357116699e-01
7.135218381881713867e-01
9.368346333503723145e-01
7.786105275154113770e-01
7.725375890731811523e-01
6.388540863990783691e-01
9.636307954788208008e-01
7.025633454322814941e-01
9.381739497184753418e-01
9.176435470581054688e-01
9.928076863288879395e-01
9.528185129165649414e-01
9.786605834960937500e-01
9.469406604766845703e-01
9.514891505241394043e-01
6.451113820075988770e-01
9.873654246330261230e-01
9.758387207984924316e-01
8.840863108634948730e-01
9.868039488792419434e-01
6.806339025497436523e-01
9.006510972976684570e-01
9.715616703033447266e-01
9.111344218254089355e-01
9.376412034034729004e-01
1.876155883073806763e-01
9.840583205223083496e-01
9.744626879692077637e-01
9.198227524757385254e-01
9.050890803337097168e-01
4.390134215354919434e-01
9.915537238121032715e-01
3.831418752670288086e-01
9.938250184059143066e-01
9.162908196449279785e-01
5.132382512092590332e-01
9.944249987602233887e-01
9.884471893310546875e-01
9.731606841087341309e-01
5.673120915889739990e-02
9.579918384552001953e-01
9.809392094612121582e-01
9.461079239845275879e-01
9.360283613204956055e-01
9.959699511528015137e-01
1.470474302768707275e-01
9.495111107826232910e-01
9.951205849647521973e-01
7.785711884498596191e-01
8.203340172767639160e-01
9.656528830528259277e-01
9.969055056571960449e-01
2.099392712116241455e-01
8.275979161262512207e-01
9.591616392135620117e-01
9.270343184471130371e-01
3.696294128894805908e-01
9.592953324317932129e-01
9.084405303001403809e-01
9.700366854667663574e-01
8.175194859504699707e-01
9.863112568855285645e-01
9.961689114570617676e-01
8.951551914215087891e-01
9.488155245780944824e-01
7.862554192543029785e-01
7.581007480621337891e-01
2.834292314946651459e-02
9.913554787635803223e-01
2.121267318725585938e-01
3.076144456863403320e-01
9.396781325340270996e-01
9.675736427307128906e-01
9.884704351425170898e-01
9.366480708122253418e-01
8.633134365081787109e-01
1.972283869981765747e-01
9.799387454986572266e-01
9.470769762992858887e-01
9.344255328178405762e-01
9.585185647010803223e-01
9.275205731391906738e-01
9.355285763740539551e-01
9.803075194358825684e-01
8.526619523763656616e-02
9.153702259063720703e-01
9.948961734771728516e-01
9.095937013626098633e-01
9.332627654075622559e-01
9.537464976310729980e-01
9.285765886306762695e-01
9.959865808486938477e-01
9.025073051452636719e-01
9.702090024948120117e-01
8.597599267959594727e-01
1.985513567924499512e-01
8.786228299140930176e-01
9.743943810462951660e-01
9.539557695388793945e-01
9.056763052940368652e-01
9.626054167747497559e-01
2.612003386020660400e-01
9.932742118835449219e-01
6.932793855667114258e-01
9.971801638603210449e-01
9.373307228088378906e-01
8.519848585128784180e-01
9.534922242164611816e-01
7.811443805694580078e-01
6.617792248725891113e-01
8.260836601257324219e-01
6.405352950096130371e-01
8.235768079757690430e-01
9.742780923843383789e-01
1.248286664485931396e-01
8.868082761764526367e-01
9.926763772964477539e-01
9.355410337448120117e-01
9.454418420791625977e-01
9.923654794692993164e-01
9.859741926193237305e-01
2.736949920654296875e-02
1.255920529365539551e-02
9.707692861557006836e-01
9.259864687919616699e-01
9.012417793273925781e-01
8.951183557510375977e-01
9.727926254272460938e-01
9.896250367164611816e-01
5.761060118675231934e-01
9.925649166107177734e-01
9.901347756385803223e-01
9.901300072669982910e-01
8.080035448074340820e-03
5.234493613243103027e-01
2.995754778385162354e-02
9.079429507255554199e-01
9.649735093116760254e-01
9.496608972549438477e-01
9.837439656257629395e-01
9.219929575920104980e-01
9.653795361518859863e-01
4.408228397369384766e-01
9.946717619895935059e-01
9.943656325340270996e-01
5.692641735076904297e-01
9.981175065040588379e-01
9.727409482002258301e-01
4.490570127964019775e-01
9.997573494911193848e-01
8.875262141227722168e-01
9.935857653617858887e-01
2.403289973735809326e-01
9.425463676452636719e-01
9.895370602607727051e-01
8.414319753646850586e-01
9.075250625610351562e-01
9.976928830146789551e-01
1.308599859476089478e-01
9.521178007125854492e-01
8.353068828582763672e-01
7.553821802139282227e-01
7.516908459365367889e-03
1.983658671379089355e-01
6.214054822921752930e-01
9.725503921508789062e-01
9.723333120346069336e-01
6.806634664535522461e-01
9.148657321929931641e-01
9.076094031333923340e-01
1.045118086040019989e-02
9.249359965324401855e-01
3.621768057346343994e-01
6.357006430625915527e-01
5.826911926269531250e-01
8.853295445442199707e-01
9.419354200363159180e-01
9.997561573982238770e-01
9.975470900535583496e-01
8.703125119209289551e-01
9.378192424774169922e-01
8.469915986061096191e-01
9.244440197944641113e-01
9.838857650756835938e-01
1.008354406803846359e-02
8.950877189636230469e-01
8.185498714447021484e-01
9.218713641166687012e-01
6.756627559661865234e-02
2.922016382217407227e-01
8.791412115097045898e-01
2.694243378937244415e-02
1.250116247683763504e-02
8.556745648384094238e-01
9.965235590934753418e-01
9.893304705619812012e-01
9.192329645156860352e-01
9.913849830627441406e-01
2.515296936035156250e-01
9.945583343505859375e-01
9.148545861244201660e-01
9.240275025367736816e-01
4.600888192653656006e-01
4.150489568710327148e-01
2.782132849097251892e-02
2.980471588671207428e-02
9.816780686378479004e-01
7.615652680397033691e-01
9.156376123428344727e-01
9.444382190704345703e-01
5.497423410415649414e-01
9.796028733253479004e-01
7.642146348953247070e-01
8.473831415176391602e-01
9.876660108566284180e-01
9.658915996551513672e-01
3.236754536628723145e-01
8.071210384368896484e-01
9.556482434272766113e-01
9.137875437736511230e-01
9.989069104194641113e-01
1.173720508813858032e-01
6.291003823280334473e-01
2.151032090187072754e-01
9.818424582481384277e-01
2.784031927585601807e-01
9.893136620521545410e-01
4.863311350345611572e-01
9.437066912651062012e-01
7.480379343032836914e-01
9.455648064613342285e-01
9.705542325973510742e-01
9.894137382507324219e-01
9.949867725372314453e-01
3.430408537387847900e-01
9.974336028099060059e-01
5.902230739593505859e-01
9.507607817649841309e-01
9.831250309944152832e-01
3.882763087749481201e-01
9.941446781158447266e-01
9.397581815719604492e-01
9.301463961601257324e-01
9.725275039672851562e-01
9.558086991310119629e-01
8.160140514373779297e-01
8.447946906089782715e-01
9.681236147880554199e-01
9.773421287536621094e-01
9.527764320373535156e-01
9.115931391716003418e-01
2.832203209400177002e-01
8.794593811035156250e-01
9.594332575798034668e-01
6.277369260787963867e-01
9.740590453147888184e-01
9.964973926544189453e-01
9.923061728477478027e-01
9.729160070419311523e-01
7.346649169921875000e-01
7.732264995574951172e-01
9.548351764678955078e-01
9.951776862144470215e-01
9.918695092201232910e-01
5.088772177696228027e-01
9.914086461067199707e-01
9.957213997840881348e-01
3.627756237983703613e-02
9.486628770828247070e-01
9.607682824134826660e-01
9.790742397308349609e-01
9.999536871910095215e-01
8.874080777168273926e-01
6.838278472423553467e-02
9.980326890945434570e-01
1.408286690711975098e-01
8.241643309593200684e-01
6.827104687690734863e-01
9.961577653884887695e-01
9.288361668586730957e-01
5.175297856330871582e-01
6.210975646972656250e-01
9.914475679397583008e-01
9.059946537017822266e-01
9.581265449523925781e-01
6.062963008880615234e-01
8.777832984924316406e-01
9.831509590148925781e-01
8.823059797286987305e-01
5.797124505043029785e-01
2.235790938138961792e-01
8.417611718177795410e-01
3.471300303936004639e-01
7.701045274734497070e-01
4.044330865144729614e-02
8.703407049179077148e-01
8.345865011215209961e-01
3.641486763954162598e-01
5.831248760223388672e-01
9.480216503143310547e-01
9.464592933654785156e-01
8.314712643623352051e-01
9.705138206481933594e-01
9.663817286491394043e-01
1.352277845144271851e-01
1.085515022277832031e-01
8.851839303970336914e-01
9.878805279731750488e-01
9.550948143005371094e-01
8.771381378173828125e-01
4.850888997316360474e-02
4.272516965866088867e-01
3.603000566363334656e-02
7.266897559165954590e-01
1.507674008607864380e-01
9.507422447204589844e-01
2.954859435558319092e-01
9.706915616989135742e-01
9.429174065589904785e-01
9.757272601127624512e-01
1.249365285038948059e-01
9.628502130508422852e-01
9.713580012321472168e-01
9.826585650444030762e-01
2.525139153003692627e-01
9.931113719940185547e-01
9.000985622406005859e-01
9.689221978187561035e-01
9.947848320007324219e-01
7.763569951057434082e-01
9.962179064750671387e-01
8.877965211868286133e-01
7.327768206596374512e-01
8.033234477043151855e-01
9.635618329048156738e-01
9.715535044670104980e-01
9.446920752525329590e-01
9.526322484016418457e-01
1.423468142747879028e-01
9.092626571655273438e-01
9.452348351478576660e-01
9.356013536453247070e-01
9.970225095748901367e-01
6.432899832725524902e-01
8.768215179443359375e-01
9.188427329063415527e-01
9.779959321022033691e-01
8.490971922874450684e-01
9.948937296867370605e-01
9.708949327468872070e-01
9.986141920089721680e-01
9.233884811401367188e-01
8.963603973388671875e-01
8.481443524360656738e-01
9.742771387100219727e-01
8.702888488769531250e-01
6.648029685020446777e-01
3.497146442532539368e-02
9.341597557067871094e-01
9.747975468635559082e-01
9.498055577278137207e-01
9.443072080612182617e-01
9.064626097679138184e-01
9.758717417716979980e-01
8.847956061363220215e-01
2.888908088207244873e-01
9.296904206275939941e-01
9.907703995704650879e-01
9.779633879661560059e-01
9.815543889999389648e-01
3.944138884544372559e-01
8.856659531593322754e-01
9.976056814193725586e-01
9.078940153121948242e-01
8.131517171859741211e-01
9.332694411277770996e-01
9.838013052940368652e-01
7.376186251640319824e-01
9.277766346931457520e-01
9.883816242218017578e-01
8.491177558898925781e-01
9.127011299133300781e-01
5.836170911788940430e-01
6.938122510910034180e-01
3.292544484138488770e-01
8.719549775123596191e-01
6.006438136100769043e-01
5.069110989570617676e-01
5.036612153053283691e-01
9.968623518943786621e-01
9.534935951232910156e-01
9.072989821434020996e-01
9.134367704391479492e-01
9.611429572105407715e-01
2.354353070259094238e-01
9.816597104072570801e-01
8.231067061424255371e-01
6.799446940422058105e-01
9.809214472770690918e-01
9.945517778396606445e-01
9.728621244430541992e-01
9.823124408721923828e-01
9.428948760032653809e-01
9.978817105293273926e-01
9.985035657882690430e-01
8.981684446334838867e-01
9.670452475547790527e-01
8.916471004486083984e-01
9.988481402397155762e-01
6.310768127441406250e-01
4.628119990229606628e-02
3.558634221553802490e-01
9.983196854591369629e-01
9.823319911956787109e-01
1.493512541055679321e-01
9.720157980918884277e-01
9.812385439872741699e-01
8.258666992187500000e-01
9.525625705718994141e-01
8.474256992340087891e-01
9.918099045753479004e-01
9.851936697959899902e-01
2.113645337522029877e-02
9.799447655677795410e-01
9.568928480148315430e-01
8.827126026153564453e-01
7.030603885650634766e-01
9.347226023674011230e-01
1.077185198664665222e-01
9.465335011482238770e-01
9.543330669403076172e-01
9.405987858772277832e-01
9.817027449607849121e-01
9.334293007850646973e-01
9.556695222854614258e-01
9.976412057876586914e-01
9.967957735061645508e-01
7.453193664550781250e-01
8.554918169975280762e-01
9.916855096817016602e-01
8.536103963851928711e-01
8.364628553390502930e-01
7.278950810432434082e-01
9.456886053085327148e-01
8.711041808128356934e-01
9.673566818237304688e-01
9.919287562370300293e-01
4.060846269130706787e-01
8.958031535148620605e-01
9.880645275115966797e-01
9.478935599327087402e-01
9.932048320770263672e-01
8.870013356208801270e-01
9.388843774795532227e-01
9.853137731552124023e-01
7.721292376518249512e-01
2.484474182128906250e-01
4.171730577945709229e-01
4.370782151818275452e-02
9.831312298774719238e-01
9.955005049705505371e-01
5.708497762680053711e-01
9.342547655105590820e-01
1.056786347180604935e-02
9.660096168518066406e-01
9.850634336471557617e-01
9.868535399436950684e-01
9.873048067092895508e-01
9.856863021850585938e-01
9.040790796279907227e-01
8.559545874595642090e-02
4.121447801589965820e-01
9.163216948509216309e-01
9.477148056030273438e-01
9.518942832946777344e-01
8.500269055366516113e-01
9.152248501777648926e-01
8.894426226615905762e-01
5.790281295776367188e-01
8.827906250953674316e-01
2.414792776107788086e-02
8.277719020843505859e-01
9.948350787162780762e-01
9.903067350387573242e-01
9.967390894889831543e-01
8.933388590812683105e-01
9.426053166389465332e-01
8.392176628112792969e-01
8.247280716896057129e-01
9.802250266075134277e-01
9.745140075683593750e-01
9.963061809539794922e-01
7.994675040245056152e-01
9.813367724418640137e-01
6.189763545989990234e-03
8.992395401000976562e-01
9.697338938713073730e-01
6.270064115524291992e-01
3.162105008959770203e-02
8.635193109512329102e-01
8.949711918830871582e-01
8.761498332023620605e-01
2.936265766620635986e-01
9.897039532661437988e-01
9.862114191055297852e-01
9.727950692176818848e-01
9.160584211349487305e-01
9.343458414077758789e-01
1.967738009989261627e-02
9.415537118911743164e-01
9.855985045433044434e-01
6.268768906593322754e-01
8.784981966018676758e-01
1.463149785995483398e-01
9.335058331489562988e-01
7.843808531761169434e-01
9.099283814430236816e-01
9.605913162231445312e-01
9.856086373329162598e-01
5.636162757873535156e-01
9.606922864913940430e-01
9.864431619644165039e-01
9.894649386405944824e-01
9.473494291305541992e-01
1.918643265962600708e-01
1.158805191516876221e-02
3.066350519657135010e-01
9.450764656066894531e-01
8.997035026550292969e-01
9.322206974029541016e-01
9.754304885864257812e-01
9.682521820068359375e-01
9.765962362289428711e-01
8.627755045890808105e-01
9.818058609962463379e-01
9.109579324722290039e-01
8.367184400558471680e-01
7.992098927497863770e-01
9.350374341011047363e-01
6.934379339218139648e-01
9.465070366859436035e-01
9.981328248977661133e-01
9.981383085250854492e-01
9.985180497169494629e-01
7.790098786354064941e-01
2.932118475437164307e-01
8.621622920036315918e-01
9.739878773689270020e-01
9.883961081504821777e-01
9.393146634101867676e-01
5.016487240791320801e-01
9.099339246749877930e-01
9.556588530540466309e-01
9.365145564079284668e-01
9.837638735771179199e-01
1.961814463138580322e-01
8.421077728271484375e-01
9.960168004035949707e-01
8.845427632331848145e-01
9.293448925018310547e-01
9.921678900718688965e-01
9.839761257171630859e-01
9.844577312469482422e-01
9.060435295104980469e-01
6.661128401756286621e-01
5.697361752390861511e-02
9.586722254753112793e-01
9.592853784561157227e-01
8.653113245964050293e-01
9.985545277595520020e-01
9.716194868087768555e-01
6.963836960494518280e-03
7.680621147155761719e-01
8.908944129943847656e-01
5.000118613243103027e-01
9.609655141830444336e-01
8.638982772827148438e-01
9.981546998023986816e-01
6.777424812316894531e-01
9.997383952140808105e-01
9.632050991058349609e-01
9.930970072746276855e-01
8.899313211441040039e-01
8.828052878379821777e-01
1.125039681792259216e-01
9.969950914382934570e-01
7.762353420257568359e-01
8.835555911064147949e-01
9.956809878349304199e-01
3.276822865009307861e-01
7.080820798873901367e-01
9.847089052200317383e-01
9.973390698432922363e-01
9.781252741813659668e-01
9.562371373176574707e-01
8.846820592880249023e-01
5.701197981834411621e-01
9.642381072044372559e-01
5.173465609550476074e-01
9.927219748497009277e-01
9.937710165977478027e-01
7.972129583358764648e-01
9.923868775367736816e-01
9.865689873695373535e-01
9.784091711044311523e-01
9.832459688186645508e-01
4.760776087641716003e-02
8.910239934921264648e-01
8.409159779548645020e-01
5.700594186782836914e-01
9.153732657432556152e-01
9.838746786117553711e-01
9.934608936309814453e-01
9.740720987319946289e-01
8.151226639747619629e-01
9.920482635498046875e-01
3.802179992198944092e-01
9.339792728424072266e-01
8.782677650451660156e-01
9.423982501029968262e-01
5.749077200889587402e-01
9.844633340835571289e-01
3.701283037662506104e-01
9.962094426155090332e-01
5.268980190157890320e-02
9.685311913490295410e-01
9.307370781898498535e-01
9.599521756172180176e-01
9.762127399444580078e-01
2.287864312529563904e-02
9.671086072921752930e-01
9.984247088432312012e-01
9.223029613494873047e-01
9.583112597465515137e-01
6.384965181350708008e-01
9.696140885353088379e-01
6.803266704082489014e-02
9.965646862983703613e-01
9.935347437858581543e-01
9.927947521209716797e-01
9.750205874443054199e-01
9.734849333763122559e-01
9.370951056480407715e-01
1.308903545141220093e-01
8.520860671997070312e-01
8.613274097442626953e-01
9.860804080963134766e-01
9.963524341583251953e-01
9.288228154182434082e-01
2.220590859651565552e-01
9.624795913696289062e-01
9.984897375106811523e-01
9.278024435043334961e-01
8.210363239049911499e-02
3.324720263481140137e-01
9.429408311843872070e-01
9.134863615036010742e-01
9.214599132537841797e-01
8.376178741455078125e-01
9.798129796981811523e-01
1.220092698931694031e-01
1.192391570657491684e-02
9.685814976692199707e-01
9.031452536582946777e-01
9.978489279747009277e-01
8.753758072853088379e-01
7.950443625450134277e-01
5.599410533905029297e-01
9.956120252609252930e-01
8.821414709091186523e-01
9.774760603904724121e-01
9.803731441497802734e-01
9.875988364219665527e-01
9.193012714385986328e-01
9.820474982261657715e-01
4.791965186595916748e-01
4.903181493282318115e-01
8.130398988723754883e-01
9.600835442543029785e-01
2.680710554122924805e-01
8.679278492927551270e-01
9.883391261100769043e-01
8.445622324943542480e-01
9.868279099464416504e-01
1.296777427196502686e-01
2.478635758161544800e-01
5.517901182174682617e-01
8.462159037590026855e-01
8.930751085281372070e-01
9.938856363296508789e-01
9.924778938293457031e-01
9.061335921287536621e-01
1.798716336488723755e-01
8.772449493408203125e-01
7.374830245971679688e-01
7.868292331695556641e-01
6.997852921485900879e-01
1.868200302124023438e-02
2.280305512249469757e-02
9.428152441978454590e-01
7.866755127906799316e-01
8.821501135826110840e-01
9.637579321861267090e-01
9.848952293395996094e-01
7.483077049255371094e-01
9.925908446311950684e-01
5.505991578102111816e-01
9.788551330566406250e-01
8.337849974632263184e-01
9.818370938301086426e-01
9.141191244125366211e-01
3.886543810367584229e-01
8.578447699546813965e-01
9.980888366699218750e-01
7.487059831619262695e-01
9.910508394241333008e-01
9.675389528274536133e-01
9.824206233024597168e-01
9.821080565452575684e-01
9.644198417663574219e-01
9.992206096649169922e-01
7.407823204994201660e-01
8.256121277809143066e-01
8.872029185295104980e-01
9.873551726341247559e-01
7.570647001266479492e-01
9.436662793159484863e-01
9.844905734062194824e-01
9.587484002113342285e-01
9.823539853096008301e-01
8.689818382263183594e-01
9.660134911537170410e-01
9.709467887878417969e-01
9.951210021972656250e-01
9.970875978469848633e-01
7.196110486984252930e-01
9.523240923881530762e-01
9.322611689567565918e-01
9.844376444816589355e-01
9.818519353866577148e-01
8.857890963554382324e-01
9.892465472221374512e-01
4.925357401371002197e-01
9.966372251510620117e-01
9.890804886817932129e-01
8.947441577911376953e-01
9.634978771209716797e-01
9.578831791877746582e-01
9.614401459693908691e-01
4.119968712329864502e-01
8.678688406944274902e-01
8.045068383216857910e-01
9.516749978065490723e-01
7.270597815513610840e-01
2.129337936639785767e-01
9.860081076622009277e-01
9.623301625251770020e-01
9.943654537200927734e-01
9.550014138221740723e-01
8.616248965263366699e-01
9.714260697364807129e-01
5.737632513046264648e-01
9.960586428642272949e-01
9.799857735633850098e-01
1.709434837102890015e-01
9.378864169120788574e-01
9.516331553459167480e-01
