9.929870963096618652e-01
9.986141920089721680e-01
9.947026371955871582e-01
9.965130090713500977e-01
9.777588248252868652e-01
9.928709268569946289e-01
9.985377192497253418e-01
9.985842108726501465e-01
9.991132020950317383e-01
9.971751570701599121e-01
9.996834397315979004e-01
9.944874048233032227e-01
9.985657930374145508e-01
9.855556488037109375e-01
9.882419109344482422e-01
9.992167353630065918e-01
9.893637299537658691e-01
9.965941309928894043e-01
9.953082799911499023e-01
9.964146018028259277e-01
9.957297444343566895e-01
9.961968660354614258e-01
9.991838335990905762e-01
9.966646432876586914e-01
9.987449645996093750e-01
9.982200264930725098e-01
9.998714327812194824e-01
9.950872659683227539e-01
9.956793785095214844e-01
9.849399924278259277e-01
9.989415407180786133e-01
9.957597255706787109e-01
9.891499876976013184e-01
9.954948425292968750e-01
9.980017542839050293e-01
9.972234368324279785e-01
9.991664886474609375e-01
9.976472854614257812e-01
9.789122939109802246e-01
9.867792129516601562e-01
9.933958649635314941e-01
9.932623505592346191e-01
9.986509680747985840e-01
9.910277128219604492e-01
9.967645406723022461e-01
9.967600107192993164e-01
9.981988072395324707e-01
9.983569383621215820e-01
9.982793331146240234e-01
9.958064556121826172e-01
9.990486502647399902e-01
9.993040561676025391e-01
9.841572642326354980e-01
9.926615953445434570e-01
9.960413575172424316e-01
9.984461665153503418e-01
9.990798830986022949e-01
9.987534880638122559e-01
9.951703548431396484e-01
9.997578263282775879e-01
9.932166337966918945e-01
9.720165133476257324e-01
9.996165633201599121e-01
9.985336065292358398e-01
9.904114603996276855e-01
9.978711009025573730e-01
9.983422160148620605e-01
9.852127432823181152e-01
9.971009492874145508e-01
9.965473413467407227e-01
9.965878725051879883e-01
9.992396235466003418e-01
9.987416267395019531e-01
9.939950108528137207e-01
9.638956189155578613e-01
9.931120872497558594e-01
9.981142282485961914e-01
9.937744140625000000e-01
9.967361092567443848e-01
9.950428009033203125e-01
9.960443973541259766e-01
9.924653768539428711e-01
9.991419315338134766e-01
9.943860173225402832e-01
9.825747609138488770e-01
9.886988401412963867e-01
9.898135066032409668e-01
9.984950423240661621e-01
9.929016232490539551e-01
9.986079931259155273e-01
9.943676590919494629e-01
9.995784163475036621e-01
9.989271759986877441e-01
9.953271746635437012e-01
9.980254769325256348e-01
9.999484419822692871e-01
9.948976039886474609e-01
9.935863614082336426e-01
9.975647926330566406e-01
9.927703738212585449e-01
9.966121315956115723e-01
9.966303110122680664e-01
9.984453916549682617e-01
9.914392828941345215e-01
9.991458654403686523e-01
9.976440072059631348e-01
9.987751841545104980e-01
9.936825633049011230e-01
9.993209838867187500e-01
9.926616549491882324e-01
9.977404475212097168e-01
9.942321777343750000e-01
9.977583885192871094e-01
9.978612661361694336e-01
9.974660873413085938e-01
9.983094334602355957e-01
9.954465627670288086e-01
9.961245059967041016e-01
9.959946870803833008e-01
9.962496757507324219e-01
9.916000366210937500e-01
9.950965642929077148e-01
9.933058619499206543e-01
9.938954114913940430e-01
9.908640980720520020e-01
9.980269670486450195e-01
9.988914132118225098e-01
9.990079402923583984e-01
9.980924129486083984e-01
9.889249801635742188e-01
9.988579154014587402e-01
9.990361332893371582e-01
9.193711876869201660e-01
9.944365620613098145e-01
9.941475987434387207e-01
9.952673912048339844e-01
9.981195926666259766e-01
9.953461885452270508e-01
9.989528656005859375e-01
9.951888322830200195e-01
9.991663098335266113e-01
9.985338449478149414e-01
9.760050773620605469e-01
9.978488087654113770e-01
9.975717663764953613e-01
9.977416396141052246e-01
9.991462230682373047e-01
9.956635832786560059e-01
9.964124560356140137e-01
9.917322397232055664e-01
9.994297027587890625e-01
9.961158633232116699e-01
9.983502030372619629e-01
9.919097423553466797e-01
9.993939399719238281e-01
9.864518046379089355e-01
9.982553124427795410e-01
9.958408474922180176e-01
9.967914223670959473e-01
9.994546175003051758e-01
9.824953675270080566e-01
9.979315996170043945e-01
9.982651472091674805e-01
9.998613595962524414e-01
9.986675977706909180e-01
9.992914795875549316e-01
9.983589649200439453e-01
9.989225268363952637e-01
9.976827502250671387e-01
9.947764277458190918e-01
9.974349141120910645e-01
9.875565171241760254e-01
9.991747736930847168e-01
9.953976273536682129e-01
9.945259690284729004e-01
9.935449361801147461e-01
9.975582957267761230e-01
9.953727722167968750e-01
9.984756708145141602e-01
9.989362359046936035e-01
9.883056879043579102e-01
9.981053471565246582e-01
9.975933432579040527e-01
9.986078739166259766e-01
9.979154467582702637e-01
9.963613152503967285e-01
9.982578754425048828e-01
9.966127872467041016e-01
9.973161220550537109e-01
9.993882775306701660e-01
9.892817735671997070e-01
9.982953667640686035e-01
9.887596368789672852e-01
9.979960322380065918e-01
9.977445602416992188e-01
9.950971603393554688e-01
9.988508224487304688e-01
9.875415563583374023e-01
9.991859793663024902e-01
9.804717302322387695e-01
9.918177723884582520e-01
9.954106211662292480e-01
9.945548176765441895e-01
9.972037672996520996e-01
9.944171905517578125e-01
9.992581605911254883e-01
9.984481334686279297e-01
9.894160032272338867e-01
9.940555095672607422e-01
9.978756904602050781e-01
9.940286874771118164e-01
9.929258823394775391e-01
9.923450350761413574e-01
9.991206526756286621e-01
9.989819526672363281e-01
9.904648065567016602e-01
9.986839890480041504e-01
9.989978671073913574e-01
9.930339455604553223e-01
9.954035282135009766e-01
9.981648325920104980e-01
9.979910254478454590e-01
9.988691806793212891e-01
9.985676407814025879e-01
9.993475079536437988e-01
9.929506182670593262e-01
9.907397627830505371e-01
9.940429329872131348e-01
9.985451698303222656e-01
9.911693334579467773e-01
9.973902702331542969e-01
9.942198395729064941e-01
9.949554800987243652e-01
9.917076826095581055e-01
9.978454113006591797e-01
9.940730333328247070e-01
9.991975426673889160e-01
9.994159340858459473e-01
9.933488368988037109e-01
9.968252778053283691e-01
9.985153675079345703e-01
9.848051071166992188e-01
9.985088706016540527e-01
9.892516136169433594e-01
9.911836385726928711e-01
9.981530308723449707e-01
9.969904422760009766e-01
9.783527851104736328e-01
9.968681335449218750e-01
9.990403056144714355e-01
9.949432015419006348e-01
9.910088181495666504e-01
9.993597865104675293e-01
9.953141808509826660e-01
9.993420839309692383e-01
9.908682703971862793e-01
9.982695579528808594e-01
9.969155192375183105e-01
9.982677698135375977e-01
9.992114305496215820e-01
9.997656941413879395e-01
9.992987513542175293e-01
9.991942644119262695e-01
9.974313378334045410e-01
9.959325194358825684e-01
9.905197024345397949e-01
9.966251850128173828e-01
9.980843663215637207e-01
9.866955280303955078e-01
9.993522763252258301e-01
9.986511468887329102e-01
9.893582463264465332e-01
9.691727757453918457e-01
9.981981515884399414e-01
9.907784461975097656e-01
9.939028620719909668e-01
9.972104430198669434e-01
9.941311478614807129e-01
9.956429004669189453e-01
9.986656904220581055e-01
9.982720613479614258e-01
9.804543256759643555e-01
9.992296099662780762e-01
9.900434017181396484e-01
9.950910210609436035e-01
9.986650347709655762e-01
9.993824362754821777e-01
9.970632195472717285e-01
9.992279410362243652e-01
9.983993172645568848e-01
9.923872947692871094e-01
9.947654008865356445e-01
9.986307621002197266e-01
9.963449239730834961e-01
9.973535537719726562e-01
9.974589347839355469e-01
9.919186234474182129e-01
9.959192276000976562e-01
9.984604120254516602e-01
9.998835921287536621e-01
9.958826303482055664e-01
9.955183267593383789e-01
9.996948242187500000e-01
9.981232285499572754e-01
9.991137981414794922e-01
9.985100626945495605e-01
9.982633590698242188e-01
9.604596495628356934e-01
9.977995753288269043e-01
9.980776906013488770e-01
9.979071021080017090e-01
9.848015308380126953e-01
9.972952604293823242e-01
9.926345944404602051e-01
9.965009093284606934e-01
9.962385892868041992e-01
9.972164630889892578e-01
9.984862804412841797e-01
9.984585642814636230e-01
9.986823797225952148e-01
9.991928339004516602e-01
9.691285490989685059e-01
9.820488691329956055e-01
9.981486201286315918e-01
9.983202815055847168e-01
9.922114610671997070e-01
9.955724477767944336e-01
9.988525509834289551e-01
9.896728396415710449e-01
9.935384392738342285e-01
9.990834593772888184e-01
9.956401586532592773e-01
9.955564141273498535e-01
9.571328759193420410e-01
9.989976286888122559e-01
9.998729228973388672e-01
9.964588880538940430e-01
9.954530596733093262e-01
9.976298809051513672e-01
9.931115508079528809e-01
9.832960367202758789e-01
9.971450567245483398e-01
9.980296492576599121e-01
9.994394183158874512e-01
9.971585273742675781e-01
9.997172951698303223e-01
9.940461516380310059e-01
9.994361400604248047e-01
9.986981749534606934e-01
9.992705583572387695e-01
9.986543059349060059e-01
9.940078258514404297e-01
9.929400682449340820e-01
9.960290789604187012e-01
9.946558475494384766e-01
9.959945678710937500e-01
9.901426434516906738e-01
9.876641631126403809e-01
9.980812668800354004e-01
9.957846999168395996e-01
9.993216395378112793e-01
9.968216419219970703e-01
9.968271851539611816e-01
9.867410659790039062e-01
9.936813712120056152e-01
9.975764155387878418e-01
9.908043742179870605e-01
9.997335076332092285e-01
9.956699609756469727e-01
9.981962442398071289e-01
9.824380874633789062e-01
9.970148801803588867e-01
9.983244538307189941e-01
9.941563606262207031e-01
9.937109947204589844e-01
9.982624650001525879e-01
9.869977831840515137e-01
9.993259906768798828e-01
9.882463216781616211e-01
9.981030821800231934e-01
9.914031028747558594e-01
9.952054023742675781e-01
9.981122612953186035e-01
9.879462718963623047e-01
9.949257969856262207e-01
9.840705990791320801e-01
9.981136322021484375e-01
9.953891634941101074e-01
9.948641657829284668e-01
9.926695823669433594e-01
9.958521723747253418e-01
9.997206330299377441e-01
9.985381364822387695e-01
9.942094087600708008e-01
9.807438254356384277e-01
9.992390275001525879e-01
9.926982522010803223e-01
9.966602921485900879e-01
9.925675988197326660e-01
9.989814758300781250e-01
9.932693839073181152e-01
9.998709559440612793e-01
9.864253401756286621e-01
9.990434646606445312e-01
9.992290139198303223e-01
9.972824454307556152e-01
9.916953444480895996e-01
9.982514381408691406e-01
9.983704686164855957e-01
9.944350719451904297e-01
9.975045323371887207e-01
9.908261299133300781e-01
9.975369572639465332e-01
9.985909461975097656e-01
9.991848468780517578e-01
9.921176433563232422e-01
9.988296031951904297e-01
9.959492683410644531e-01
9.981794357299804688e-01
9.976335763931274414e-01
9.965467453002929688e-01
9.978939294815063477e-01
9.966900348663330078e-01
9.991345405578613281e-01
9.981754422187805176e-01
9.973201751708984375e-01
9.993570446968078613e-01
9.867672920227050781e-01
9.975767731666564941e-01
9.931364059448242188e-01
9.969193339347839355e-01
9.975402355194091797e-01
9.911882281303405762e-01
9.861455559730529785e-01
9.976409077644348145e-01
9.983658790588378906e-01
9.989788532257080078e-01
9.868934750556945801e-01
9.828121066093444824e-01
9.967672228813171387e-01
9.916509389877319336e-01
9.958691596984863281e-01
9.967162013053894043e-01
9.889190793037414551e-01
9.988670349121093750e-01
9.934302568435668945e-01
9.950798749923706055e-01
9.994182586669921875e-01
9.873273968696594238e-01
9.965372681617736816e-01
9.991920590400695801e-01
9.996315240859985352e-01
9.956291317939758301e-01
9.958132505416870117e-01
9.965788722038269043e-01
9.936303496360778809e-01
9.959238171577453613e-01
9.989296197891235352e-01
9.978463649749755859e-01
9.912998080253601074e-01
9.880791902542114258e-01
9.961310029029846191e-01
9.988055825233459473e-01
9.968298673629760742e-01
9.985418319702148438e-01
9.919909238815307617e-01
9.977484941482543945e-01
9.905696511268615723e-01
9.995048046112060547e-01
9.985395073890686035e-01
9.978143572807312012e-01
9.988710880279541016e-01
9.992588758468627930e-01
9.986402988433837891e-01
9.992524981498718262e-01
9.969441294670104980e-01
9.981104731559753418e-01
9.904058575630187988e-01
9.973633289337158203e-01
9.979703426361083984e-01
9.984887838363647461e-01
9.991989731788635254e-01
9.938786029815673828e-01
9.932820796966552734e-01
9.958751797676086426e-01
9.944994449615478516e-01
9.963400959968566895e-01
9.964100718498229980e-01
9.991711378097534180e-01
9.966673254966735840e-01
9.947432279586791992e-01
9.977779388427734375e-01
9.986702203750610352e-01
9.988175034523010254e-01
9.670018553733825684e-01
9.976561069488525391e-01
9.957533478736877441e-01
9.932039380073547363e-01
9.908398985862731934e-01
9.981102347373962402e-01
9.896257519721984863e-01
9.884520173072814941e-01
9.918809533119201660e-01
9.883508086204528809e-01
9.968751668930053711e-01
9.927573204040527344e-01
9.879139661788940430e-01
9.990950822830200195e-01
9.767512679100036621e-01
9.958458542823791504e-01
9.809787273406982422e-01
9.985557794570922852e-01
9.953930377960205078e-01
9.987577199935913086e-01
9.973644018173217773e-01
9.905375242233276367e-01
9.978284239768981934e-01
9.953404068946838379e-01
9.937655925750732422e-01
9.812992811203002930e-01
9.928861856460571289e-01
9.990408420562744141e-01
9.903854131698608398e-01
9.898930191993713379e-01
9.958671331405639648e-01
9.958252310752868652e-01
9.941422343254089355e-01
9.995508790016174316e-01
9.933568835258483887e-01
9.989681243896484375e-01
9.896362423896789551e-01
9.984865784645080566e-01
9.942328929901123047e-01
9.962100386619567871e-01
9.991254210472106934e-01
9.980949759483337402e-01
9.949489831924438477e-01
9.980760216712951660e-01
9.964075684547424316e-01
9.957645535469055176e-01
9.986109733581542969e-01
9.992211461067199707e-01
9.950676560401916504e-01
9.936977028846740723e-01
9.917003512382507324e-01
9.987860918045043945e-01
9.948545098304748535e-01
9.921660423278808594e-01
9.991489052772521973e-01
9.722087383270263672e-01
9.940310120582580566e-01
9.910101890563964844e-01
9.947730898857116699e-01
9.992489218711853027e-01
9.888842701911926270e-01
9.900470972061157227e-01
9.966418147087097168e-01
9.987961053848266602e-01
9.958413243293762207e-01
9.974369406700134277e-01
9.923473000526428223e-01
9.969936013221740723e-01
9.984350800514221191e-01
9.989452362060546875e-01
9.953836202621459961e-01
9.990429282188415527e-01
9.979074001312255859e-01
9.972769618034362793e-01
9.952580332756042480e-01
9.888823628425598145e-01
9.970505237579345703e-01
9.983069896697998047e-01
9.926128387451171875e-01
9.993650317192077637e-01
9.941371083259582520e-01
9.973652958869934082e-01
9.966974258422851562e-01
9.992512464523315430e-01
9.976717233657836914e-01
9.989755153656005859e-01
9.916205406188964844e-01
9.969803094863891602e-01
9.963334202766418457e-01
9.964707493782043457e-01
9.993307590484619141e-01
9.821618199348449707e-01
9.991852045059204102e-01
9.930811524391174316e-01
9.824323058128356934e-01
9.765110015869140625e-01
9.989123344421386719e-01
9.962918758392333984e-01
9.989325404167175293e-01
9.992684125900268555e-01
9.921951889991760254e-01
9.870700240135192871e-01
9.965159893035888672e-01
9.953106045722961426e-01
9.852101206779479980e-01
9.993900060653686523e-01
9.987655282020568848e-01
9.973229169845581055e-01
9.808600544929504395e-01
9.940047264099121094e-01
9.953050017356872559e-01
9.905085563659667969e-01
9.926104545593261719e-01
9.959415793418884277e-01
9.991985559463500977e-01
9.957083463668823242e-01
9.932809472084045410e-01
9.940640330314636230e-01
9.982515573501586914e-01
9.983660578727722168e-01
9.988891482353210449e-01
9.889316558837890625e-01
9.673425555229187012e-01
9.988835453987121582e-01
9.907832145690917969e-01
9.947408437728881836e-01
9.957658052444458008e-01
9.934917688369750977e-01
9.969695210456848145e-01
9.967967867851257324e-01
9.992488026618957520e-01
9.979442358016967773e-01
9.976185560226440430e-01
9.982720017433166504e-01
9.955119490623474121e-01
9.984835982322692871e-01
9.979990124702453613e-01
9.981734156608581543e-01
9.787689447402954102e-01
9.931169748306274414e-01
9.955272078514099121e-01
9.837465882301330566e-01
9.985757470130920410e-01
9.985684156417846680e-01
9.990284442901611328e-01
9.974705576896667480e-01
9.980863332748413086e-01
9.988849163055419922e-01
9.910219311714172363e-01
9.969844818115234375e-01
9.996820092201232910e-01
9.935353994369506836e-01
9.903352856636047363e-01
9.912403821945190430e-01
9.955697059631347656e-01
9.918752908706665039e-01
9.903005361557006836e-01
9.943447709083557129e-01
9.892122149467468262e-01
9.966375827789306641e-01
9.903032183647155762e-01
9.939459562301635742e-01
9.940090775489807129e-01
9.967573881149291992e-01
9.978475570678710938e-01
9.989600181579589844e-01
9.955278038978576660e-01
9.849734306335449219e-01
9.936465024948120117e-01
9.910930395126342773e-01
9.982424378395080566e-01
9.986655116081237793e-01
9.981002807617187500e-01
9.968488812446594238e-01
9.988375902175903320e-01
9.934605956077575684e-01
9.995545148849487305e-01
9.989030957221984863e-01
9.989859461784362793e-01
9.942193031311035156e-01
9.894241690635681152e-01
9.960247874259948730e-01
9.876582622528076172e-01
9.985663890838623047e-01
9.966434836387634277e-01
9.928997159004211426e-01
9.982863068580627441e-01
9.899995326995849609e-01
9.929276108741760254e-01
9.999158978462219238e-01
9.987535476684570312e-01
9.918648004531860352e-01
9.985035657882690430e-01
9.899780154228210449e-01
9.952006936073303223e-01
9.993058443069458008e-01
9.931730628013610840e-01
9.946310520172119141e-01
9.811558127403259277e-01
9.925140142440795898e-01
9.983262419700622559e-01
9.871265888214111328e-01
9.983897805213928223e-01
9.995997548103332520e-01
9.901968240737915039e-01
9.965897798538208008e-01
9.935902953147888184e-01
9.986889362335205078e-01
9.994918704032897949e-01
9.985591769218444824e-01
9.924302101135253906e-01
9.999332427978515625e-01
9.988445043563842773e-01
9.969794154167175293e-01
9.953873157501220703e-01
9.944370388984680176e-01
9.990340471267700195e-01
9.809851050376892090e-01
9.623957276344299316e-01
9.997207522392272949e-01
9.909351468086242676e-01
9.968244433403015137e-01
9.990960359573364258e-01
9.985798597335815430e-01
9.933342933654785156e-01
9.954180121421813965e-01
9.917786717414855957e-01
9.851173162460327148e-01
9.971984624862670898e-01
9.989779591560363770e-01
9.930042624473571777e-01
9.967038631439208984e-01
9.979522228240966797e-01
9.912196993827819824e-01
9.982588291168212891e-01
9.915928244590759277e-01
9.964138269424438477e-01
9.947010278701782227e-01
9.957695007324218750e-01
9.992154836654663086e-01
9.987309575080871582e-01
9.989075064659118652e-01
9.929372072219848633e-01
9.981206059455871582e-01
9.937726259231567383e-01
9.985845685005187988e-01
9.816117882728576660e-01
9.906910061836242676e-01
9.926515221595764160e-01
9.945376515388488770e-01
9.973517656326293945e-01
9.946405291557312012e-01
9.988840222358703613e-01
9.963400959968566895e-01
9.970774054527282715e-01
9.952378869056701660e-01
9.976388812065124512e-01
9.987941980361938477e-01
9.862527251243591309e-01
9.922342300415039062e-01
9.973784685134887695e-01
9.977717399597167969e-01
9.929779767990112305e-01
9.980021119117736816e-01
9.936721324920654297e-01
9.969351887702941895e-01
9.991077780723571777e-01
9.935452938079833984e-01
9.643666744232177734e-01
9.824686646461486816e-01
9.988943934440612793e-01
9.966578483581542969e-01
9.986494183540344238e-01
9.958115816116333008e-01
9.953813552856445312e-01
9.947072863578796387e-01
9.991640448570251465e-01
9.981632232666015625e-01
9.981963038444519043e-01
9.978817105293273926e-01
9.957160949707031250e-01
9.987848401069641113e-01
9.988846778869628906e-01
9.944160580635070801e-01
9.984022378921508789e-01
9.998317956924438477e-01
9.988033175468444824e-01
9.976105093955993652e-01
9.992405772209167480e-01
9.890142679214477539e-01
9.972451925277709961e-01
9.890677332878112793e-01
9.966781735420227051e-01
9.960130453109741211e-01
9.959096312522888184e-01
9.954418540000915527e-01
9.950789809226989746e-01
9.957358241081237793e-01
9.993619322776794434e-01
9.689434170722961426e-01
9.962503314018249512e-01
9.976706504821777344e-01
9.966357946395874023e-01
9.994010925292968750e-01
9.922706484794616699e-01
9.952434897422790527e-01
9.811267852783203125e-01
9.986018538475036621e-01
9.955002069473266602e-01
9.986683130264282227e-01
9.980340600013732910e-01
9.982247352600097656e-01
9.985778927803039551e-01
9.983155131340026855e-01
9.843469858169555664e-01
9.922437667846679688e-01
9.930197596549987793e-01
9.989200234413146973e-01
9.996640086174011230e-01
9.838072657585144043e-01
9.963269233703613281e-01
9.998214244842529297e-01
9.926872849464416504e-01
9.924285411834716797e-01
9.948669672012329102e-01
9.969537258148193359e-01
9.852443337440490723e-01
9.961416721343994141e-01
9.885598421096801758e-01
9.880731701850891113e-01
9.994853734970092773e-01
9.911249279975891113e-01
9.903047680854797363e-01
9.913207888603210449e-01
9.969493150711059570e-01
9.992322325706481934e-01
9.954879283905029297e-01
9.942359924316406250e-01
9.988327026367187500e-01
9.899851083755493164e-01
9.974913597106933594e-01
9.940560460090637207e-01
9.852806925773620605e-01
9.839074611663818359e-01
9.811154007911682129e-01
9.984993338584899902e-01
9.993813633918762207e-01
9.929560422897338867e-01
9.957327842712402344e-01
9.980817437171936035e-01
9.958526492118835449e-01
9.981468915939331055e-01
9.933152794837951660e-01
9.943811297416687012e-01
9.845097661018371582e-01
9.980555176734924316e-01
9.956967234611511230e-01
9.979671239852905273e-01
9.881266951560974121e-01
9.922682046890258789e-01
9.960402250289916992e-01
9.874913096427917480e-01
9.970123767852783203e-01
9.978343844413757324e-01
9.967365264892578125e-01
9.984080791473388672e-01
9.977158904075622559e-01
9.959956407546997070e-01
9.928241968154907227e-01
9.950526952743530273e-01
9.983416795730590820e-01
9.958548545837402344e-01
9.980425834655761719e-01
9.969511628150939941e-01
9.981604814529418945e-01
9.980598092079162598e-01
9.933713078498840332e-01
9.998420476913452148e-01
9.837763905525207520e-01
9.881402254104614258e-01
9.676731824874877930e-01
9.848380684852600098e-01
9.922403693199157715e-01
9.845184683799743652e-01
9.975156784057617188e-01
9.987776875495910645e-01
9.878882765769958496e-01
9.943258762359619141e-01
9.930019378662109375e-01
9.995343089103698730e-01
9.809384942054748535e-01
9.939400553703308105e-01
9.939186573028564453e-01
9.928664565086364746e-01
9.796220660209655762e-01
9.993215203285217285e-01
9.970213770866394043e-01
9.876322150230407715e-01
9.968125224113464355e-01
9.980867505073547363e-01
9.970122575759887695e-01
9.963203072547912598e-01
9.968612194061279297e-01
9.980711936950683594e-01
9.973137974739074707e-01
9.975012540817260742e-01
9.983143806457519531e-01
9.992389678955078125e-01
9.932910799980163574e-01
9.895342588424682617e-01
9.913112521171569824e-01
9.944134950637817383e-01
9.982789754867553711e-01
9.953063130378723145e-01
9.992890954017639160e-01
9.889742136001586914e-01
9.922581911087036133e-01
9.964143037796020508e-01
9.910278916358947754e-01
9.906130433082580566e-01
9.990971088409423828e-01
9.926270246505737305e-01
9.986328482627868652e-01
9.958533644676208496e-01
9.981290698051452637e-01
9.972490072250366211e-01
9.970291256904602051e-01
9.977057576179504395e-01
9.968685507774353027e-01
9.923452734947204590e-01
9.971803426742553711e-01
9.645615816116333008e-01
9.996818304061889648e-01
9.976986646652221680e-01
9.936779737472534180e-01
9.909721612930297852e-01
9.977920055389404297e-01
9.989334940910339355e-01
9.929717779159545898e-01
9.963868856430053711e-01
9.951166510581970215e-01
9.980108737945556641e-01
9.992222189903259277e-01
9.947497248649597168e-01
9.967649579048156738e-01
9.850068688392639160e-01
9.953022003173828125e-01
9.996204972267150879e-01
9.979966282844543457e-01
9.967940449714660645e-01
9.958044886589050293e-01
9.987826347351074219e-01
9.962484836578369141e-01
9.891520142555236816e-01
9.981795549392700195e-01
9.970968365669250488e-01
9.997565150260925293e-01
9.905833005905151367e-01
9.910534024238586426e-01
9.961113333702087402e-01
9.996228814125061035e-01
9.970232248306274414e-01
9.951857328414916992e-01
9.946155548095703125e-01
9.919517040252685547e-01
9.980329871177673340e-01
9.939613342285156250e-01
9.979433417320251465e-01
9.986683726310729980e-01
9.966716170310974121e-01
9.973877072334289551e-01
9.939382672309875488e-01
9.988093376159667969e-01
9.970032572746276855e-01
9.790788292884826660e-01
9.989311099052429199e-01
9.965794682502746582e-01
9.984541535377502441e-01
9.839375615119934082e-01
9.862422347068786621e-01
9.985609054565429688e-01
9.945907592773437500e-01
9.983200430870056152e-01
9.994109869003295898e-01
9.990097880363464355e-01
9.904419779777526855e-01
9.984117150306701660e-01
9.997259378433227539e-01
9.978376030921936035e-01
9.904295206069946289e-01
9.945920705795288086e-01
9.986683130264282227e-01
9.924911856651306152e-01
9.980289936065673828e-01
9.973319172859191895e-01
9.978959560394287109e-01
9.966811537742614746e-01
9.850196242332458496e-01
9.945298433303833008e-01
9.954541325569152832e-01
9.910663366317749023e-01
9.941753745079040527e-01
9.979570508003234863e-01
9.851778149604797363e-01
9.958129525184631348e-01
9.964141845703125000e-01
9.988844394683837891e-01
9.966964125633239746e-01
9.972977042198181152e-01
9.957177639007568359e-01
9.930874109268188477e-01
9.930567741394042969e-01
9.994392395019531250e-01
9.992076754570007324e-01
9.992821812629699707e-01
9.831315279006958008e-01
9.983417391777038574e-01
9.926683306694030762e-01
9.971208572387695312e-01
9.985284805297851562e-01
9.984085559844970703e-01
9.952968358993530273e-01
9.850143790245056152e-01
9.924503564834594727e-01
9.906280636787414551e-01
9.943286180496215820e-01
9.955855607986450195e-01
9.739906191825866699e-01
9.958865642547607422e-01
9.958550333976745605e-01
9.995130896568298340e-01
9.976689219474792480e-01
9.988657236099243164e-01
9.938989281654357910e-01
9.965719580650329590e-01
9.964106082916259766e-01
9.989915490150451660e-01
9.985802769660949707e-01
9.908971190452575684e-01
9.983013272285461426e-01
9.980168342590332031e-01
9.965245127677917480e-01
9.947520494461059570e-01
9.874657988548278809e-01
9.930146336555480957e-01
9.796665310859680176e-01
9.986634254455566406e-01
9.979738593101501465e-01
9.993510246276855469e-01
9.912607073783874512e-01
9.934701919555664062e-01
9.976069927215576172e-01
9.978748559951782227e-01
9.957166314125061035e-01
9.986304044723510742e-01
9.953526854515075684e-01
9.942289590835571289e-01
9.939106106758117676e-01
9.979112744331359863e-01
9.945347309112548828e-01
9.983865022659301758e-01
9.893856644630432129e-01
9.985577464103698730e-01
9.983969926834106445e-01
9.979348182678222656e-01
9.978893399238586426e-01
9.971010088920593262e-01
9.920746684074401855e-01
9.933088421821594238e-01
9.886401295661926270e-01
9.983818531036376953e-01
9.992260336875915527e-01
9.980719685554504395e-01
9.893569350242614746e-01
9.837470054626464844e-01
9.972470998764038086e-01
9.963991641998291016e-01
9.981734156608581543e-01
9.982114434242248535e-01
9.982953667640686035e-01
9.989520311355590820e-01
9.978481531143188477e-01
9.937068819999694824e-01
9.964936971664428711e-01
9.912649989128112793e-01
9.944983720779418945e-01
9.977377653121948242e-01
9.934066534042358398e-01
9.986400008201599121e-01
9.908301830291748047e-01
9.985307455062866211e-01
9.996199011802673340e-01
9.989393353462219238e-01
9.864465594291687012e-01
9.862498044967651367e-01
9.970111250877380371e-01
9.963291287422180176e-01
9.995312690734863281e-01
9.809719920158386230e-01
9.909793138504028320e-01
9.947462081909179688e-01
9.977262616157531738e-01
9.947097301483154297e-01
9.981089830398559570e-01
9.793071150779724121e-01
9.999343752861022949e-01
9.924855828285217285e-01
9.993841648101806641e-01
9.978017210960388184e-01
9.982703328132629395e-01
9.985566735267639160e-01
9.927060008049011230e-01
9.967240691184997559e-01
9.907284379005432129e-01
9.989709854125976562e-01
9.992269277572631836e-01
9.894020557403564453e-01
9.979740977287292480e-01
9.980957508087158203e-01
9.989021420478820801e-01
9.793562889099121094e-01
9.970594644546508789e-01
9.786739945411682129e-01
9.988921284675598145e-01
9.935336112976074219e-01
9.980397820472717285e-01
9.991985559463500977e-01
9.980794191360473633e-01
9.854579567909240723e-01
9.973910450935363770e-01
9.859875440597534180e-01
9.929800629615783691e-01
9.828042387962341309e-01
9.894704818725585938e-01
9.932692646980285645e-01
9.971605539321899414e-01
9.995276331901550293e-01
9.940782785415649414e-01
9.952588677406311035e-01
9.975181221961975098e-01
9.996203184127807617e-01
9.985451102256774902e-01
9.949752092361450195e-01
9.949074387550354004e-01
9.947088956832885742e-01
9.976799488067626953e-01
9.905565381050109863e-01
9.989715218544006348e-01
9.997525811195373535e-01
9.983977675437927246e-01
9.991216659545898438e-01
9.953428506851196289e-01
9.985869526863098145e-01
9.975329041481018066e-01
9.981572031974792480e-01
9.926028847694396973e-01
9.979631304740905762e-01
9.820736646652221680e-01
9.895207881927490234e-01
9.957199096679687500e-01
9.990013837814331055e-01
9.991671442985534668e-01
9.912172555923461914e-01
9.979358911514282227e-01
9.940794110298156738e-01
9.966964125633239746e-01
9.993355870246887207e-01
9.975692033767700195e-01
9.966770410537719727e-01
9.985349774360656738e-01
9.916625022888183594e-01
9.954507946968078613e-01
9.994223713874816895e-01
9.978266358375549316e-01
9.996210336685180664e-01
9.878987669944763184e-01
9.991495013236999512e-01
9.889332056045532227e-01
9.958024024963378906e-01
9.943215250968933105e-01
9.995787143707275391e-01
9.993067383766174316e-01
9.987362027168273926e-01
9.783478379249572754e-01
9.973138570785522461e-01
9.931706786155700684e-01
9.972897768020629883e-01
9.949613809585571289e-01
9.985932707786560059e-01
9.964843988418579102e-01
9.855812191963195801e-01
9.930447340011596680e-01
9.804468154907226562e-01
9.919267296791076660e-01
9.972722530364990234e-01
9.958868026733398438e-01
9.997244477272033691e-01
9.986965060234069824e-01
9.959168434143066406e-01
9.981778860092163086e-01
9.992042779922485352e-01
9.993280172348022461e-01
9.994246959686279297e-01
9.957428574562072754e-01
9.989461898803710938e-01
9.967854022979736328e-01
9.978805184364318848e-01
9.823113083839416504e-01
9.985987544059753418e-01
9.988398551940917969e-01
9.978339672088623047e-01
9.984948635101318359e-01
9.973547458648681641e-01
9.988154172897338867e-01
9.940243959426879883e-01
9.990582466125488281e-01
9.987512230873107910e-01
9.999571442604064941e-01
9.949882626533508301e-01
9.971585273742675781e-01
9.989991784095764160e-01
9.984876513481140137e-01
9.930376410484313965e-01
9.998155236244201660e-01
9.986226558685302734e-01
9.907029271125793457e-01
9.985517263412475586e-01
9.977886676788330078e-01
9.908621907234191895e-01
9.948027729988098145e-01
9.975174069404602051e-01
9.973777532577514648e-01
9.980363249778747559e-01
9.979742765426635742e-01
9.988258481025695801e-01
9.854091405868530273e-01
9.953508377075195312e-01
9.986096620559692383e-01
9.930381178855895996e-01
9.941937327384948730e-01
9.922477006912231445e-01
9.950589537620544434e-01
9.882610440254211426e-01
9.949400424957275391e-01
9.983568191528320312e-01
9.974858164787292480e-01
9.976140856742858887e-01
9.995360374450683594e-01
9.985447525978088379e-01
9.687941074371337891e-01
9.945783019065856934e-01
9.971511960029602051e-01
9.962744116783142090e-01
9.940794706344604492e-01
9.983004331588745117e-01
9.988347887992858887e-01
9.946515560150146484e-01
9.798130393028259277e-01
9.989490509033203125e-01
9.931585192680358887e-01
9.975617527961730957e-01
9.943440556526184082e-01
9.993558526039123535e-01
9.992377758026123047e-01
9.892440438270568848e-01
9.976274371147155762e-01
9.976755976676940918e-01
9.986129999160766602e-01
9.957374334335327148e-01
9.980843067169189453e-01
9.971292018890380859e-01
9.994592070579528809e-01
9.943749308586120605e-01
9.979622960090637207e-01
9.954829812049865723e-01
9.957445859909057617e-01
9.951083660125732422e-01
9.992884397506713867e-01
9.943115711212158203e-01
9.992032051086425781e-01
9.903416037559509277e-01
9.972089529037475586e-01
9.996832013130187988e-01
9.993830323219299316e-01
9.964025020599365234e-01
9.919663071632385254e-01
9.982193112373352051e-01
9.968601465225219727e-01
9.944950342178344727e-01
9.930483102798461914e-01
9.996721148490905762e-01
9.968799948692321777e-01
9.959557652473449707e-01
9.990169405937194824e-01
9.969227910041809082e-01
9.992418289184570312e-01
9.922469854354858398e-01
9.920038580894470215e-01
9.958491325378417969e-01
9.991887211799621582e-01
9.881557226181030273e-01
9.958177208900451660e-01
9.988050460815429688e-01
9.980446696281433105e-01
9.918100833892822266e-01
9.973114132881164551e-01
9.995114207267761230e-01
9.992370009422302246e-01
9.752026796340942383e-01
9.947255253791809082e-01
9.917793273925781250e-01
9.971055984497070312e-01
9.922389984130859375e-01
9.910414218902587891e-01
9.979311823844909668e-01
9.992264509201049805e-01
