9.934402108192443848e-01
9.974051713943481445e-01
9.894970059394836426e-01
9.960700273513793945e-01
9.830373525619506836e-01
9.847739338874816895e-01
9.985353946685791016e-01
9.959630966186523438e-01
9.993546009063720703e-01
9.957368969917297363e-01
9.995427727699279785e-01
9.370764493942260742e-01
9.981894493103027344e-01
9.548786282539367676e-01
9.906194806098937988e-01
9.967874884605407715e-01
9.901344776153564453e-01
9.958838820457458496e-01
9.942740201950073242e-01
9.926214218139648438e-01
9.908428192138671875e-01
9.955465793609619141e-01
9.992677569389343262e-01
9.948805570602416992e-01
9.941243529319763184e-01
9.969608783721923828e-01
9.999160766601562500e-01
9.899725914001464844e-01
9.958745241165161133e-01
9.787215590476989746e-01
9.929535984992980957e-01
9.832756519317626953e-01
9.878172874450683594e-01
9.872509837150573730e-01
9.776161909103393555e-01
9.880155324935913086e-01
9.993540048599243164e-01
9.954062104225158691e-01
9.942454099655151367e-01
9.960579276084899902e-01
9.952758550643920898e-01
9.894672632217407227e-01
9.945395588874816895e-01
9.856746196746826172e-01
9.949848055839538574e-01
9.935167431831359863e-01
9.983457922935485840e-01
9.973630905151367188e-01
9.955620765686035156e-01
9.925808310508728027e-01
9.989312887191772461e-01
9.985786080360412598e-01
9.833173751831054688e-01
9.903478622436523438e-01
9.908096790313720703e-01
9.968520998954772949e-01
9.979624152183532715e-01
9.945976138114929199e-01
9.933653473854064941e-01
9.992159008979797363e-01
9.966116547584533691e-01
9.561092853546142578e-01
9.973338246345520020e-01
9.990550875663757324e-01
9.877815246582031250e-01
9.932126402854919434e-01
9.981656074523925781e-01
9.708136916160583496e-01
9.959327578544616699e-01
9.967268109321594238e-01
9.963068366050720215e-01
9.980264902114868164e-01
9.981996417045593262e-01
9.880619645118713379e-01
9.844086766242980957e-01
9.970221519470214844e-01
9.933120012283325195e-01
9.910242557525634766e-01
9.949445128440856934e-01
9.872404336929321289e-01
9.983929395675659180e-01
9.921413064002990723e-01
9.765093922615051270e-01
9.996950626373291016e-01
9.825938344001770020e-01
9.718800187110900879e-01
9.927679300308227539e-01
9.970126152038574219e-01
9.887085556983947754e-01
9.998233914375305176e-01
9.922189712524414062e-01
9.977381825447082520e-01
9.984273314476013184e-01
9.940748214721679688e-01
9.907070398330688477e-01
9.957979321479797363e-01
9.917296171188354492e-01
9.991514682769775391e-01
9.885104894638061523e-01
9.982494711875915527e-01
9.908199906349182129e-01
9.929190278053283691e-01
9.963014721870422363e-01
9.908321499824523926e-01
9.968798160552978516e-01
9.951816797256469727e-01
9.993403553962707520e-01
9.937413930892944336e-01
9.982848763465881348e-01
9.858707189559936523e-01
9.951833486557006836e-01
9.913651347160339355e-01
9.880006313323974609e-01
9.979733824729919434e-01
9.978820085525512695e-01
9.988483786582946777e-01
9.939665198326110840e-01
9.906784892082214355e-01
9.991041421890258789e-01
9.922898411750793457e-01
9.958882927894592285e-01
9.966530203819274902e-01
9.832943081855773926e-01
9.893453121185302734e-01
9.849172830581665039e-01
9.908874034881591797e-01
9.986251592636108398e-01
9.984838366508483887e-01
9.992961287498474121e-01
9.863470196723937988e-01
9.975607991218566895e-01
9.986685514450073242e-01
9.752094745635986328e-01
9.930442571640014648e-01
9.908201098442077637e-01
9.775021076202392578e-01
9.967038631439208984e-01
9.941422343254089355e-01
9.994159936904907227e-01
9.950029253959655762e-01
9.981831908226013184e-01
9.982299804687500000e-01
9.748830199241638184e-01
9.970666766166687012e-01
9.846667647361755371e-01
9.961832165718078613e-01
9.968060255050659180e-01
9.957571625709533691e-01
9.959856867790222168e-01
9.880714416503906250e-01
9.987022876739501953e-01
9.951214790344238281e-01
9.972288012504577637e-01
9.914819598197937012e-01
9.974637031555175781e-01
9.345203638076782227e-01
9.959806799888610840e-01
9.984012246131896973e-01
9.951413869857788086e-01
9.947223067283630371e-01
9.709808826446533203e-01
9.738940000534057617e-01
9.954766035079956055e-01
9.954771399497985840e-01
9.969837069511413574e-01
9.988449215888977051e-01
9.997168779373168945e-01
9.975336790084838867e-01
9.980840086936950684e-01
9.940919280052185059e-01
9.981358647346496582e-01
9.790413975715637207e-01
9.983732104301452637e-01
9.906531572341918945e-01
9.923542737960815430e-01
9.887843728065490723e-01
9.949955344200134277e-01
9.805324077606201172e-01
9.955796003341674805e-01
9.927577972412109375e-01
9.918448328971862793e-01
9.923296570777893066e-01
9.967327713966369629e-01
9.988551139831542969e-01
9.977164864540100098e-01
9.946175813674926758e-01
9.951610565185546875e-01
9.958757162094116211e-01
9.968554377555847168e-01
9.965929388999938965e-01
9.884333610534667969e-01
9.965265393257141113e-01
9.951962232589721680e-01
9.965950846672058105e-01
9.845004081726074219e-01
9.972012042999267578e-01
9.985535740852355957e-01
9.888320565223693848e-01
9.961946010589599609e-01
9.728657603263854980e-01
9.914255142211914062e-01
9.962369203567504883e-01
9.942874312400817871e-01
9.898126125335693359e-01
9.918565750122070312e-01
9.989193677902221680e-01
9.963947534561157227e-01
9.855696558952331543e-01
9.988053441047668457e-01
9.976862072944641113e-01
9.867115616798400879e-01
9.921832084655761719e-01
9.777755737304687500e-01
9.967980980873107910e-01
9.978470802307128906e-01
9.898744821548461914e-01
9.974696636199951172e-01
9.981521368026733398e-01
9.942719936370849609e-01
9.951933622360229492e-01
9.940603971481323242e-01
9.964406490325927734e-01
9.967392683029174805e-01
9.984191656112670898e-01
9.984238743782043457e-01
9.860341548919677734e-01
9.970223307609558105e-01
9.928001165390014648e-01
9.983096718788146973e-01
9.875413179397583008e-01
9.971727728843688965e-01
9.939344525337219238e-01
9.975200891494750977e-01
9.893122315406799316e-01
9.970390796661376953e-01
9.336346983909606934e-01
9.987646937370300293e-01
9.979653358459472656e-01
9.857035875320434570e-01
9.964882135391235352e-01
9.998878836631774902e-01
9.920130968093872070e-01
9.970163106918334961e-01
9.848994016647338867e-01
9.918068051338195801e-01
9.989233613014221191e-01
9.946743249893188477e-01
9.762941002845764160e-01
9.931475520133972168e-01
9.991652369499206543e-01
9.928314089775085449e-01
9.871768951416015625e-01
9.979175925254821777e-01
9.922342300415039062e-01
9.984737038612365723e-01
9.467936158180236816e-01
9.980865716934204102e-01
9.943013191223144531e-01
9.960133433341979980e-01
9.981971979141235352e-01
9.966222643852233887e-01
9.989436268806457520e-01
9.951541423797607422e-01
9.989033341407775879e-01
9.946658611297607422e-01
9.893933534622192383e-01
9.954750537872314453e-01
9.907429218292236328e-01
9.808611273765563965e-01
9.983685612678527832e-01
9.968230128288269043e-01
9.876492023468017578e-01
9.999992251396179199e-01
9.971392154693603516e-01
9.932606816291809082e-01
9.882010817527770996e-01
9.968433380126953125e-01
9.940440654754638672e-01
9.957408308982849121e-01
9.978007674217224121e-01
9.939717054367065430e-01
9.935992360115051270e-01
9.987093210220336914e-01
9.902273416519165039e-01
9.913321137428283691e-01
9.959719777107238770e-01
9.988486170768737793e-01
9.832739233970642090e-01
9.979651570320129395e-01
9.967842698097229004e-01
9.964079856872558594e-01
9.928657412528991699e-01
9.969564676284790039e-01
9.864164590835571289e-01
9.951791167259216309e-01
9.951629638671875000e-01
9.922038912773132324e-01
9.912936687469482422e-01
9.990277886390686035e-01
9.976218938827514648e-01
9.952573776245117188e-01
9.977763891220092773e-01
9.999322891235351562e-01
9.975044131278991699e-01
9.986679553985595703e-01
9.722396135330200195e-01
9.936079978942871094e-01
9.720103144645690918e-01
9.974189996719360352e-01
9.968059659004211426e-01
9.973528385162353516e-01
9.736503958702087402e-01
9.956257939338684082e-01
9.941172003746032715e-01
9.908288121223449707e-01
9.991798400878906250e-01
9.863041639328002930e-01
9.937009215354919434e-01
9.954359531402587891e-01
9.978742599487304688e-01
9.979175329208374023e-01
9.814331531524658203e-01
9.722226262092590332e-01
9.935049414634704590e-01
9.955812692642211914e-01
9.838983416557312012e-01
9.960008859634399414e-01
9.982628226280212402e-01
9.780287146568298340e-01
9.904608726501464844e-01
9.970062375068664551e-01
9.928541183471679688e-01
9.898030757904052734e-01
9.920043945312500000e-01
9.974441528320312500e-01
9.998869299888610840e-01
9.978373050689697266e-01
9.964993596076965332e-01
9.958510994911193848e-01
9.879169464111328125e-01
9.748988747596740723e-01
9.952316284179687500e-01
9.968559145927429199e-01
9.999727606773376465e-01
9.957510232925415039e-01
9.996092319488525391e-01
9.983581900596618652e-01
9.977735280990600586e-01
9.952180981636047363e-01
9.996875524520874023e-01
9.949350953102111816e-01
9.944402575492858887e-01
9.952481389045715332e-01
9.961519241333007812e-01
9.913957118988037109e-01
9.990593791007995605e-01
9.880844354629516602e-01
9.920416474342346191e-01
9.988387227058410645e-01
9.677709937095642090e-01
9.977349638938903809e-01
9.986782073974609375e-01
9.965904951095581055e-01
9.894760251045227051e-01
9.864858388900756836e-01
9.989533424377441406e-01
9.910132288932800293e-01
9.998011589050292969e-01
9.920014739036560059e-01
9.857195615768432617e-01
9.905099272727966309e-01
9.951031208038330078e-01
9.984610080718994141e-01
9.887185096740722656e-01
9.914032816886901855e-01
9.975718855857849121e-01
9.866465926170349121e-01
9.987633228302001953e-01
9.810606241226196289e-01
9.963392615318298340e-01
9.889940619468688965e-01
9.938262104988098145e-01
9.972652792930603027e-01
9.657649397850036621e-01
9.949807524681091309e-01
9.914697408676147461e-01
9.978801012039184570e-01
9.964331984519958496e-01
9.936761856079101562e-01
9.742122292518615723e-01
9.945968389511108398e-01
9.997252225875854492e-01
9.974924325942993164e-01
9.872310161590576172e-01
9.977704286575317383e-01
9.940071702003479004e-01
9.949459433555603027e-01
9.881002902984619141e-01
9.981117844581604004e-01
9.930750131607055664e-01
9.979135990142822266e-01
9.583218097686767578e-01
9.986699223518371582e-01
9.989085793495178223e-01
9.753665924072265625e-01
9.884739518165588379e-01
9.956952333450317383e-01
9.977356791496276855e-01
9.938903450965881348e-01
9.959439039230346680e-01
9.889156222343444824e-01
9.903122782707214355e-01
9.917033314704895020e-01
9.907665848731994629e-01
9.945548772811889648e-01
9.987111687660217285e-01
9.939705133438110352e-01
9.958321452140808105e-01
9.995051622390747070e-01
9.988216757774353027e-01
9.970968961715698242e-01
9.977883100509643555e-01
9.950956702232360840e-01
9.961358904838562012e-01
9.986042976379394531e-01
9.866107106208801270e-01
9.978979229927062988e-01
9.987040162086486816e-01
9.988597035408020020e-01
9.959862232208251953e-01
9.840225577354431152e-01
9.909949898719787598e-01
9.971392750740051270e-01
9.987508654594421387e-01
9.337672591209411621e-01
9.987387061119079590e-01
9.933553338050842285e-01
9.780407547950744629e-01
9.954832792282104492e-01
9.853913187980651855e-01
9.942195415496826172e-01
9.964033961296081543e-01
9.974403977394104004e-01
9.979425072669982910e-01
9.931812286376953125e-01
9.941124916076660156e-01
9.979810714721679688e-01
9.947519898414611816e-01
9.976753592491149902e-01
9.982075095176696777e-01
9.983155727386474609e-01
9.954307079315185547e-01
9.932140707969665527e-01
9.989541769027709961e-01
9.903748035430908203e-01
9.937517046928405762e-01
9.977096915245056152e-01
9.940955638885498047e-01
9.903306961059570312e-01
9.975363612174987793e-01
9.943461418151855469e-01
9.944078922271728516e-01
9.931033253669738770e-01
9.989154338836669922e-01
9.931034445762634277e-01
9.981422424316406250e-01
9.853433370590209961e-01
9.980202317237854004e-01
9.985144734382629395e-01
9.958813786506652832e-01
9.968150854110717773e-01
9.995520114898681641e-01
9.961388111114501953e-01
9.691742062568664551e-01
9.894637465476989746e-01
9.869542121887207031e-01
9.890857338905334473e-01
9.976330995559692383e-01
9.545791149139404297e-01
9.992888569831848145e-01
9.983565807342529297e-01
9.973970055580139160e-01
9.927747249603271484e-01
9.916087388992309570e-01
9.906978607177734375e-01
9.949212074279785156e-01
9.938242435455322266e-01
9.992279410362243652e-01
9.942115545272827148e-01
9.905782341957092285e-01
9.965438842773437500e-01
9.946078658103942871e-01
9.974190592765808105e-01
9.886035919189453125e-01
9.974380135536193848e-01
9.929178953170776367e-01
9.929236173629760742e-01
9.934851527214050293e-01
9.978646039962768555e-01
9.732587933540344238e-01
9.868613481521606445e-01
9.872810244560241699e-01
9.934138059616088867e-01
9.995467662811279297e-01
9.934766888618469238e-01
9.933558702468872070e-01
9.983557462692260742e-01
9.646555185317993164e-01
9.946910738945007324e-01
9.880102872848510742e-01
9.964946508407592773e-01
9.934503436088562012e-01
9.913065433502197266e-01
9.943194389343261719e-01
8.945823311805725098e-01
9.970008730888366699e-01
9.927635192871093750e-01
9.958083033561706543e-01
9.726087450981140137e-01
8.800619244575500488e-01
9.988660216331481934e-01
9.802922010421752930e-01
9.988343119621276855e-01
9.946193695068359375e-01
9.838294982910156250e-01
9.949538111686706543e-01
9.968440532684326172e-01
9.950119256973266602e-01
9.930508732795715332e-01
9.945854544639587402e-01
9.759607315063476562e-01
9.911286234855651855e-01
9.950506091117858887e-01
9.965668916702270508e-01
9.969609975814819336e-01
9.960967302322387695e-01
9.942580461502075195e-01
9.895816445350646973e-01
9.971605539321899414e-01
9.972926378250122070e-01
9.986338019371032715e-01
9.946199655532836914e-01
9.939748644828796387e-01
9.850859045982360840e-01
9.930369257926940918e-01
9.959698915481567383e-01
9.968762993812561035e-01
9.934513568878173828e-01
9.975326061248779297e-01
9.999020695686340332e-01
9.861730933189392090e-01
9.898036718368530273e-01
9.916982650756835938e-01
9.974472522735595703e-01
9.840446710586547852e-01
9.850447773933410645e-01
9.965377449989318848e-01
9.965417385101318359e-01
9.829169511795043945e-01
9.941843152046203613e-01
9.935523271560668945e-01
9.464678764343261719e-01
9.970072507858276367e-01
9.983241558074951172e-01
9.902874231338500977e-01
9.976344704627990723e-01
9.927672147750854492e-01
9.907312393188476562e-01
9.960168004035949707e-01
9.809836745262145996e-01
9.999983906745910645e-01
9.979889988899230957e-01
9.987051486968994141e-01
9.960588812828063965e-01
9.946182370185852051e-01
9.977862238883972168e-01
9.985373020172119141e-01
9.962292313575744629e-01
9.960293769836425781e-01
9.871416687965393066e-01
9.968509674072265625e-01
9.946210384368896484e-01
9.951048493385314941e-01
9.996681809425354004e-01
9.848430752754211426e-01
9.986674785614013672e-01
9.960837960243225098e-01
9.683815240859985352e-01
9.932644367218017578e-01
9.978892803192138672e-01
9.998505115509033203e-01
9.966731667518615723e-01
9.984222650527954102e-01
9.649481773376464844e-01
9.768199324607849121e-01
9.960564970970153809e-01
9.914109110832214355e-01
9.930533170700073242e-01
9.981523156166076660e-01
9.962555766105651855e-01
9.828052520751953125e-01
9.922830462455749512e-01
9.930040240287780762e-01
9.953891038894653320e-01
9.689094424247741699e-01
9.876892566680908203e-01
9.846023321151733398e-01
9.978857040405273438e-01
9.798675775527954102e-01
9.933515191078186035e-01
9.877698421478271484e-01
9.959195256233215332e-01
9.994804859161376953e-01
9.976189136505126953e-01
9.870429039001464844e-01
9.827592372894287109e-01
9.966152310371398926e-01
9.721073508262634277e-01
9.878588318824768066e-01
9.957832098007202148e-01
9.748916029930114746e-01
9.967605471611022949e-01
9.948747754096984863e-01
9.985868334770202637e-01
9.967759847640991211e-01
9.971225261688232422e-01
9.974679350852966309e-01
9.937422275543212891e-01
9.956737756729125977e-01
9.986975789070129395e-01
9.977281093597412109e-01
9.771785736083984375e-01
9.917452931404113770e-01
9.950714707374572754e-01
9.805701375007629395e-01
9.912457466125488281e-01
9.987633824348449707e-01
9.982657432556152344e-01
9.957329034805297852e-01
9.976865649223327637e-01
9.847925305366516113e-01
9.930822849273681641e-01
9.967471957206726074e-01
9.997172355651855469e-01
9.878933429718017578e-01
9.818938970565795898e-01
9.835193753242492676e-01
9.940068125724792480e-01
9.904256463050842285e-01
9.847068190574645996e-01
9.931538701057434082e-01
9.818711280822753906e-01
9.973345398902893066e-01
9.873660802841186523e-01
9.994491338729858398e-01
9.952349662780761719e-01
9.984493851661682129e-01
9.981718063354492188e-01
9.947606325149536133e-01
9.884801506996154785e-01
9.908211827278137207e-01
9.958239793777465820e-01
9.975404739379882812e-01
9.984418749809265137e-01
9.964940547943115234e-01
9.910882711410522461e-01
9.988972544670104980e-01
9.944372773170471191e-01
9.991526603698730469e-01
9.990049600601196289e-01
9.863064289093017578e-01
9.998958706855773926e-01
9.845180511474609375e-01
9.971842169761657715e-01
9.885268211364746094e-01
9.969374537467956543e-01
9.944784045219421387e-01
9.972518086433410645e-01
9.973368048667907715e-01
9.856226444244384766e-01
9.899133443832397461e-01
9.976692199707031250e-01
9.975627064704895020e-01
9.823952317237854004e-01
9.980188608169555664e-01
9.908621311187744141e-01
9.890013933181762695e-01
9.988306164741516113e-01
9.862089753150939941e-01
9.994403123855590820e-01
9.974683523178100586e-01
9.869437813758850098e-01
9.972670078277587891e-01
9.822361469268798828e-01
9.995626211166381836e-01
9.996070265769958496e-01
9.887840747833251953e-01
9.937523007392883301e-01
9.894792437553405762e-01
9.905781149864196777e-01
9.990411996841430664e-01
9.982158541679382324e-01
9.770118594169616699e-01
9.984841346740722656e-01
9.959615468978881836e-01
9.919005632400512695e-01
9.948425292968750000e-01
9.921535253524780273e-01
9.954461455345153809e-01
9.794091582298278809e-01
9.712140560150146484e-01
9.996656775474548340e-01
9.903776049613952637e-01
9.965852499008178711e-01
9.913056492805480957e-01
9.998477101325988770e-01
9.991009235382080078e-01
9.954606890678405762e-01
9.965945482254028320e-01
9.882709383964538574e-01
9.929424524307250977e-01
9.974319338798522949e-01
9.884559512138366699e-01
9.960488677024841309e-01
9.974750280380249023e-01
9.888895750045776367e-01
9.966779947280883789e-01
9.932578802108764648e-01
9.946525692939758301e-01
9.892843365669250488e-01
9.802195429801940918e-01
9.958897233009338379e-01
9.968926310539245605e-01
9.973301291465759277e-01
9.893473386764526367e-01
9.963223338127136230e-01
9.647111296653747559e-01
9.434825778007507324e-01
9.862980246543884277e-01
9.883613586425781250e-01
9.958226680755615234e-01
9.856206774711608887e-01
9.959511160850524902e-01
9.881826639175415039e-01
9.966095685958862305e-01
9.809179902076721191e-01
9.909650087356567383e-01
9.969891309738159180e-01
9.887857437133789062e-01
9.957190752029418945e-01
9.861966967582702637e-01
9.868233799934387207e-01
9.968522787094116211e-01
9.985319375991821289e-01
9.831032752990722656e-01
9.918597340583801270e-01
9.839385747909545898e-01
9.965927004814147949e-01
9.986177682876586914e-01
9.959881901741027832e-01
9.777688980102539062e-01
9.882358312606811523e-01
9.977280497550964355e-01
9.942325949668884277e-01
9.971033930778503418e-01
9.969136118888854980e-01
9.943556785583496094e-01
9.945828914642333984e-01
9.991777539253234863e-01
9.959268569946289062e-01
9.962621331214904785e-01
9.999013543128967285e-01
9.947368502616882324e-01
9.985334873199462891e-01
9.979240894317626953e-01
9.897088408470153809e-01
9.977025389671325684e-01
9.972523450851440430e-01
9.937152266502380371e-01
9.968128204345703125e-01
9.986569285392761230e-01
9.935092329978942871e-01
9.896614551544189453e-01
9.833306670188903809e-01
9.942887425422668457e-01
9.912233948707580566e-01
9.946227073669433594e-01
9.964780807495117188e-01
9.934420585632324219e-01
9.926136136054992676e-01
9.990694522857666016e-01
9.675779938697814941e-01
9.964762926101684570e-01
9.960936903953552246e-01
9.934470057487487793e-01
9.988368749618530273e-01
9.891879558563232422e-01
9.961659312248229980e-01
9.842862486839294434e-01
9.950591325759887695e-01
9.974977970123291016e-01
9.978203773498535156e-01
9.904437065124511719e-01
9.973912835121154785e-01
9.978763461112976074e-01
9.960213303565979004e-01
9.893360137939453125e-01
9.978277087211608887e-01
9.819946885108947754e-01
9.967563152313232422e-01
9.997979998588562012e-01
9.743549227714538574e-01
9.927013516426086426e-01
9.998362660408020020e-01
9.878259301185607910e-01
9.892108440399169922e-01
9.896449446678161621e-01
9.962794184684753418e-01
9.832925200462341309e-01
9.979667067527770996e-01
9.756440520286560059e-01
9.845166206359863281e-01
9.975751042366027832e-01
9.958049654960632324e-01
9.908093810081481934e-01
9.870104789733886719e-01
9.954355359077453613e-01
9.983665943145751953e-01
9.898262619972229004e-01
9.977239370346069336e-01
9.960057139396667480e-01
9.899778962135314941e-01
9.945893883705139160e-01
9.939058423042297363e-01
9.796625375747680664e-01
9.822010397911071777e-01
9.641828536987304688e-01
9.984414577484130859e-01
9.997705817222595215e-01
9.880901575088500977e-01
9.872970581054687500e-01
9.970415234565734863e-01
9.847873449325561523e-01
9.962131977081298828e-01
9.903172254562377930e-01
9.919478893280029297e-01
9.600458145141601562e-01
9.971532225608825684e-01
9.879499673843383789e-01
9.980385899543762207e-01
9.888637661933898926e-01
9.932034611701965332e-01
9.936542510986328125e-01
9.892144203186035156e-01
9.943798780441284180e-01
9.906132221221923828e-01
9.956600666046142578e-01
9.953700304031372070e-01
9.970767498016357422e-01
9.980640411376953125e-01
9.858604073524475098e-01
9.899556636810302734e-01
9.971536993980407715e-01
9.964572191238403320e-01
9.973065257072448730e-01
9.948685169219970703e-01
9.973564147949218750e-01
9.983947277069091797e-01
9.815955758094787598e-01
9.997094273567199707e-01
9.698559045791625977e-01
9.757823944091796875e-01
9.635701179504394531e-01
9.911347031593322754e-01
9.971914291381835938e-01
9.863628745079040527e-01
9.967347979545593262e-01
9.972028732299804688e-01
9.816141128540039062e-01
9.922884702682495117e-01
9.890980124473571777e-01
9.992940425872802734e-01
9.694253802299499512e-01
9.899854660034179688e-01
9.826641082763671875e-01
9.878385066986083984e-01
9.750281572341918945e-01
9.997361302375793457e-01
9.920740723609924316e-01
9.926775097846984863e-01
9.960910081863403320e-01
9.974300265312194824e-01
9.807417392730712891e-01
9.937741160392761230e-01
9.939648509025573730e-01
9.972954392433166504e-01
9.970968365669250488e-01
9.977890253067016602e-01
9.986003637313842773e-01
9.996619820594787598e-01
9.905983209609985352e-01
9.889081120491027832e-01
9.864280223846435547e-01
9.921660423278808594e-01
9.979275465011596680e-01
9.869010448455810547e-01
9.978222846984863281e-01
9.893551468849182129e-01
9.941131472587585449e-01
9.904756546020507812e-01
9.908956289291381836e-01
9.901173710823059082e-01
9.997128844261169434e-01
9.886539578437805176e-01
9.927009344100952148e-01
9.927277565002441406e-01
9.984486103057861328e-01
9.984319806098937988e-01
9.958336949348449707e-01
9.817733168601989746e-01
9.954496622085571289e-01
9.952981472015380859e-01
9.934312105178833008e-01
9.798513650894165039e-01
9.998736977577209473e-01
9.923353195190429688e-01
9.864627718925476074e-01
9.513117671012878418e-01
9.932323694229125977e-01
9.978014826774597168e-01
9.899941086769104004e-01
9.941952228546142578e-01
9.944355487823486328e-01
9.959836006164550781e-01
9.971661567687988281e-01
9.967947006225585938e-01
9.911828637123107910e-01
9.970959424972534180e-01
9.942655563354492188e-01
9.998288154602050781e-01
9.940925240516662598e-01
9.963639378547668457e-01
9.928625226020812988e-01
9.988101124763488770e-01
9.872251749038696289e-01
9.755833745002746582e-01
9.954504966735839844e-01
9.970841407775878906e-01
9.985960721969604492e-01
9.890409111976623535e-01
9.830757975578308105e-01
9.951379299163818359e-01
9.983754754066467285e-01
9.953243136405944824e-01
9.723316431045532227e-01
9.908031225204467773e-01
9.915327429771423340e-01
9.959123730659484863e-01
9.935609102249145508e-01
9.969162940979003906e-01
9.975057244300842285e-01
9.954885244369506836e-01
9.992437958717346191e-01
9.931240081787109375e-01
9.981652498245239258e-01
9.943324327468872070e-01
9.526999592781066895e-01
9.983466267585754395e-01
9.864757657051086426e-01
9.986416101455688477e-01
9.811144471168518066e-01
9.938378930091857910e-01
9.988915324211120605e-01
9.906252622604370117e-01
9.947864413261413574e-01
9.998463988304138184e-01
9.998344779014587402e-01
9.909781813621520996e-01
9.974785447120666504e-01
9.977386593818664551e-01
9.962931275367736816e-01
9.870634675025939941e-01
9.912044405937194824e-01
9.984721541404724121e-01
9.892107248306274414e-01
9.973626136779785156e-01
9.961009621620178223e-01
9.949659109115600586e-01
9.938334226608276367e-01
9.926622509956359863e-01
9.976145625114440918e-01
9.968881011009216309e-01
9.815924167633056641e-01
9.933256506919860840e-01
9.966402649879455566e-01
9.879950881004333496e-01
9.955950379371643066e-01
9.901094436645507812e-01
9.980107545852661133e-01
9.961336255073547363e-01
9.968582391738891602e-01
9.956770539283752441e-01
9.858285784721374512e-01
9.933825135231018066e-01
9.995118975639343262e-01
9.977329969406127930e-01
9.985512495040893555e-01
9.945471286773681641e-01
9.873269200325012207e-01
9.958009123802185059e-01
9.970101118087768555e-01
9.923886060714721680e-01
9.960741996765136719e-01
9.899901747703552246e-01
9.858950376510620117e-01
9.919226169586181641e-01
9.894886612892150879e-01
9.800717234611511230e-01
9.915747642517089844e-01
9.581648111343383789e-01
9.992469549179077148e-01
9.957222342491149902e-01
9.996264576911926270e-01
9.972696900367736816e-01
9.999417066574096680e-01
9.884521365165710449e-01
9.963255524635314941e-01
9.964002966880798340e-01
9.978770017623901367e-01
9.976221919059753418e-01
9.578316211700439453e-01
9.992234706878662109e-01
9.956763982772827148e-01
9.979759454727172852e-01
9.921279549598693848e-01
9.856210947036743164e-01
9.948713183403015137e-01
9.641807675361633301e-01
9.981127381324768066e-01
9.916664958000183105e-01
9.985417127609252930e-01
9.941461682319641113e-01
9.984243512153625488e-01
9.962704181671142578e-01
9.949969053268432617e-01
9.925967454910278320e-01
9.980823397636413574e-01
9.938931465148925781e-01
9.997455477714538574e-01
9.906471371650695801e-01
9.946120381355285645e-01
9.994268417358398438e-01
9.889841675758361816e-01
9.862424135208129883e-01
9.984506368637084961e-01
9.963493347167968750e-01
9.979103207588195801e-01
9.969597458839416504e-01
9.953711032867431641e-01
9.904361367225646973e-01
9.931722879409790039e-01
9.781878590583801270e-01
9.980644583702087402e-01
9.986452460289001465e-01
9.959295988082885742e-01
9.943482279777526855e-01
9.484748244285583496e-01
9.914786219596862793e-01
9.929494261741638184e-01
9.985247254371643066e-01
9.957507848739624023e-01
9.962515830993652344e-01
9.987495541572570801e-01
9.952696561813354492e-01
9.898200631141662598e-01
9.907277226448059082e-01
9.527329802513122559e-01
9.893733859062194824e-01
9.966176748275756836e-01
9.893786311149597168e-01
9.951815009117126465e-01
9.973020553588867188e-01
9.969555735588073730e-01
9.988506436347961426e-01
9.953002333641052246e-01
9.975039958953857422e-01
9.883701801300048828e-01
9.967482686042785645e-01
9.963966012001037598e-01
9.996600151062011719e-01
9.854699969291687012e-01
9.836416840553283691e-01
9.942753911018371582e-01
9.957258701324462891e-01
9.923405051231384277e-01
9.883655905723571777e-01
9.671458601951599121e-01
9.996924400329589844e-01
9.890357255935668945e-01
9.935511350631713867e-01
9.983563423156738281e-01
9.927886724472045898e-01
9.976221323013305664e-01
9.834653139114379883e-01
9.932095408439636230e-01
9.941943287849426270e-01
9.981539845466613770e-01
9.978523254394531250e-01
9.818054437637329102e-01
9.993649125099182129e-01
9.975165128707885742e-01
9.948055744171142578e-01
9.772434830665588379e-01
9.902641773223876953e-01
9.714754819869995117e-01
9.988701939582824707e-01
9.877811074256896973e-01
9.976484775543212891e-01
9.983923435211181641e-01
9.919267296791076660e-01
9.832321405410766602e-01
9.992996454238891602e-01
9.853876233100891113e-01
9.883395433425903320e-01
9.700099229812622070e-01
9.972359538078308105e-01
9.921386241912841797e-01
9.924706816673278809e-01
9.995260834693908691e-01
9.962621331214904785e-01
9.956558942794799805e-01
9.969766139984130859e-01
9.986859560012817383e-01
9.972032308578491211e-01
9.960553050041198730e-01
9.935935735702514648e-01
9.916976690292358398e-01
9.940825700759887695e-01
9.899239540100097656e-01
9.989128112792968750e-01
9.995378851890563965e-01
9.969465732574462891e-01
9.984372854232788086e-01
9.960452914237976074e-01
9.973070621490478516e-01
9.942687153816223145e-01
9.942019581794738770e-01
9.926931262016296387e-01
9.963411688804626465e-01
9.906395077705383301e-01
9.953550696372985840e-01
9.973939657211303711e-01
9.994345903396606445e-01
9.979846477508544922e-01
9.927080869674682617e-01
9.949573278427124023e-01
9.977105259895324707e-01
9.970823526382446289e-01
9.979470968246459961e-01
9.920699596405029297e-01
9.958757758140563965e-01
9.908967018127441406e-01
9.879719018936157227e-01
9.794062972068786621e-01
9.948678612709045410e-01
9.983499050140380859e-01
9.978339076042175293e-01
9.851194620132446289e-01
9.985876083374023438e-01
9.857918620109558105e-01
9.906792640686035156e-01
9.885714054107666016e-01
9.992389082908630371e-01
9.981131553649902344e-01
9.980668425559997559e-01
9.910232424736022949e-01
9.825274348258972168e-01
9.873296618461608887e-01
9.874776005744934082e-01
9.976449608802795410e-01
9.977464675903320312e-01
9.943413734436035156e-01
9.818010330200195312e-01
9.518219828605651855e-01
9.869113564491271973e-01
9.866076707839965820e-01
9.977053999900817871e-01
9.799852371215820312e-01
9.987367987632751465e-01
9.954962730407714844e-01
9.957323670387268066e-01
9.949473142623901367e-01
9.996236562728881836e-01
9.989450573921203613e-01
9.985170364379882812e-01
9.895774126052856445e-01
9.981225728988647461e-01
9.943085908889770508e-01
9.958561062812805176e-01
9.453821182250976562e-01
9.972400069236755371e-01
9.966821074485778809e-01
9.974687099456787109e-01
9.983505606651306152e-01
9.985734820365905762e-01
9.987050890922546387e-01
9.861783981323242188e-01
9.708303809165954590e-01
9.980470538139343262e-01
9.988171458244323730e-01
9.965258836746215820e-01
9.966637492179870605e-01
9.975288510322570801e-01
9.974092841148376465e-01
9.880870580673217773e-01
9.951220750808715820e-01
9.969729185104370117e-01
9.717476963996887207e-01
9.953799247741699219e-01
9.973092079162597656e-01
9.929447174072265625e-01
9.883372187614440918e-01
9.935965538024902344e-01
9.866315126419067383e-01
9.974743127822875977e-01
8.472003936767578125e-01
9.878282546997070312e-01
9.383217096328735352e-01
9.907637834548950195e-01
9.995333552360534668e-01
9.975267052650451660e-01
9.747370481491088867e-01
9.926270246505737305e-01
9.952301979064941406e-01
9.818517565727233887e-01
9.917895793914794922e-01
9.974119067192077637e-01
9.933671355247497559e-01
9.994177222251892090e-01
9.986112713813781738e-01
9.988188147544860840e-01
9.644569158554077148e-01
9.854896068572998047e-01
9.944900274276733398e-01
9.923073649406433105e-01
9.890898466110229492e-01
9.974553585052490234e-01
9.976370334625244141e-01
9.960227608680725098e-01
9.827631711959838867e-01
9.952707290649414062e-01
9.864180088043212891e-01
9.960135817527770996e-01
9.684060215950012207e-01
9.985900521278381348e-01
9.986221194267272949e-01
9.916649460792541504e-01
9.949229359626770020e-01
9.969043731689453125e-01
9.968829751014709473e-01
9.933285117149353027e-01
9.980669021606445312e-01
9.987406134605407715e-01
9.933896064758300781e-01
9.962736368179321289e-01
9.947631955146789551e-01
9.905851483345031738e-01
9.888392090797424316e-01
9.944141507148742676e-01
9.964097142219543457e-01
9.859935045242309570e-01
9.983697533607482910e-01
9.946839213371276855e-01
9.780805110931396484e-01
9.993599653244018555e-01
9.993437528610229492e-01
9.951069951057434082e-01
9.644497632980346680e-01
9.930300116539001465e-01
9.957225322723388672e-01
9.915586113929748535e-01
9.826245307922363281e-01
9.994580745697021484e-01
9.920825958251953125e-01
9.968361854553222656e-01
9.948187470436096191e-01
9.958437085151672363e-01
9.975019693374633789e-01
9.884069561958312988e-01
9.887908101081848145e-01
9.963655471801757812e-01
9.976663589477539062e-01
9.810997843742370605e-01
9.766396880149841309e-01
9.908896684646606445e-01
9.973846673965454102e-01
9.985417127609252930e-01
9.951347708702087402e-01
9.962339997291564941e-01
9.983284473419189453e-01
9.602028131484985352e-01
9.922707676887512207e-01
9.877640008926391602e-01
9.914152622222900391e-01
9.956153631210327148e-01
9.855020642280578613e-01
9.963577985763549805e-01
9.977478981018066406e-01
