9.523809887468814850e-03
1.162790693342685699e-02
8.510638144798576832e-04
1.785714365541934967e-02
6.891798693686723709e-05
1.370989921269938350e-04
1.550387591123580933e-03
3.042287717107683420e-04
1.480384962633252144e-04
2.702702768146991730e-02
5.050505045801401138e-03
5.793742602691054344e-04
1.571832690387964249e-04
1.567398081533610821e-03
1.620745519176125526e-03
5.882352963089942932e-02
4.761904850602149963e-02
1.422717923560412601e-05
3.038959403056651354e-05
1.620745519176125526e-03
2.564102597534656525e-02
1.812250848161056638e-04
1.315789483487606049e-02
1.615508925169706345e-03
2.242152579128742218e-03
1.550387591123580933e-03
6.250000000000000000e-02
2.113718073815107346e-04
1.550387591123580933e-03
4.863813228439539671e-04
1.795332180336117744e-03
3.999999910593032837e-02
4.761904850602149963e-02
1.492537278681993484e-02
1.190476212650537491e-02
1.836209994507953525e-04
1.370989921269938350e-04
1.984127098694443703e-03
2.325581386685371399e-02
3.944773052353411913e-04
1.571832690387964249e-04
1.315789483487606049e-02
1.531159068690612912e-04
3.831417532637715340e-03
1.000000014901161194e-01
6.666667014360427856e-02
9.523809421807527542e-04
1.785714365541934967e-02
1.011122367344796658e-03
4.629629664123058319e-03
8.210180676542222500e-04
1.204819302074611187e-03
1.115075792768038809e-04
3.559985780157148838e-04
1.290822256123647094e-04
2.623983309604227543e-04
5.230125389061868191e-04
1.812250848161056638e-04
3.125000046566128731e-03
2.183406148105859756e-03
2.172968233935534954e-04
4.184100311249494553e-03
1.812250848161056638e-04
1.785714365541934967e-02
4.856726445723325014e-04
1.915708766318857670e-03
7.048209954518824816e-05
2.325581386685371399e-02
5.809900176245719194e-05
3.067108264076523483e-05
1.200336118927225471e-04
3.322259057313203812e-03
1.000000047497451305e-03
3.125000046566128731e-03
4.166666883975267410e-03
5.181347019970417023e-03
1.812250848161056638e-04
1.408450654707849026e-03
1.556178031023591757e-04
4.142502148170024157e-04
1.639344170689582825e-02
1.190476212650537491e-02
1.338150614174082875e-04
2.106149913743138313e-04
1.557147334096953273e-04
2.232142956927418709e-03
1.915708766318857670e-03
1.311888354393886402e-05
9.090909361839294434e-02
3.559985780157148838e-04
7.299270015209913254e-03
1.689189230091869831e-03
7.942811935208737850e-04
1.408450654707849026e-03
2.170138905057683587e-04
6.024096510373055935e-04
8.000000379979610443e-03
3.042287717107683420e-04
2.500000000000000000e-01
2.977076510433107615e-04
5.793742602691054344e-04
7.868439570302143693e-05
8.000000379979610443e-03
8.203445468097925186e-04
2.786291588563472033e-04
2.325581386685371399e-02
9.790483454708009958e-05
9.920635493472218513e-04
3.042287717107683420e-04
5.583472666330635548e-04
5.882352963089942932e-02
1.315789483487606049e-02
3.042287717107683420e-04
1.035196706652641296e-03
3.125000046566128731e-03
4.434589936863631010e-04
3.042287717107683420e-04
8.351427823072299361e-05
2.325581386685371399e-02
2.347417874261736870e-03
1.862544304458424449e-04
8.000000379979610443e-03
3.225806355476379395e-02
6.574622238986194134e-04
6.435006507672369480e-04
5.882352963089942932e-02
3.972983686253428459e-04
3.448275849223136902e-02
4.065371103934012353e-05
8.779631461948156357e-04
2.659574383869767189e-03
2.325581386685371399e-02
1.785714365541934967e-02
1.408450654707849026e-03
2.487562131136655807e-03
8.327088289661332965e-05
1.204819302074611187e-03
1.550387591123580933e-03
8.474576286971569061e-03
4.308487696107476950e-04
3.601008211262524128e-04
1.812250848161056638e-04
3.194888122379779816e-03
1.902225631056353450e-04
1.352265098830685019e-04
1.680107525316998363e-04
1.011122367344796658e-03
2.192982472479343414e-03
3.125000046566128731e-03
2.361275110160931945e-04
2.898550825193524361e-03
1.567398081533610821e-03
1.237623800989240408e-04
1.218026853166520596e-03
1.399580069119110703e-04
1.099989021895453334e-04
1.650165067985653877e-03
1.550387591123580933e-03
3.125976945739239454e-04
1.312163803959265351e-04
5.747126415371894836e-03
1.010101009160280228e-02
1.061345756170339882e-04
1.378929882775992155e-04
4.462293582037091255e-04
1.370989921269938350e-04
1.908396952785551548e-03
1.351990795228630304e-05
3.030303120613098145e-02
2.527805918361991644e-04
3.194888122379779816e-03
2.562788431532680988e-04
1.612903201021254063e-03
3.042287717107683420e-04
2.347417874261736870e-03
5.740527994930744171e-04
2.375296899117529392e-04
3.282132092863321304e-05
5.941770505160093307e-04
3.104625793639570475e-04
3.831417532637715340e-03
3.115264698863029480e-03
8.327088289661332965e-05
1.968116557691246271e-04
2.380952425301074982e-02
1.035196706652641296e-03
1.151277901954017580e-04
6.570302066393196583e-04
8.000000379979610443e-03
1.370989921269938350e-04
1.812250848161056638e-04
1.480384962633252144e-04
3.999999910593032837e-02
3.654970787465572357e-04
1.143249101005494595e-04
4.618937673512846231e-04
4.716981202363967896e-03
3.125976945739239454e-04
5.952381063252687454e-03
2.624671906232833862e-03
8.460236713290214539e-04
3.999999910593032837e-02
7.451564888469874859e-04
4.166666883975267410e-03
1.571832690387964249e-04
1.408450654707849026e-03
1.315789483487606049e-02
5.393161336542107165e-05
5.285691804601810873e-05
2.315886958967894316e-04
1.812250848161056638e-04
4.618937673512846231e-04
1.550387591123580933e-03
1.336898421868681908e-03
9.242144296877086163e-04
3.030303120613098145e-02
3.448275849223136902e-02
3.601008211262524128e-04
3.601008211262524128e-04
2.380952425301074982e-02
7.627765298821032047e-04
2.702702768146991730e-02
3.042287717107683420e-04
1.315789483487606049e-02
2.493765670806169510e-03
1.428571413271129131e-03
1.785714365541934967e-02
1.035196706652641296e-03
2.222222276031970978e-02
3.571428731083869934e-02
8.327088289661332965e-05
2.844140981324017048e-04
1.007150785881094635e-04
6.578947068192064762e-05
6.666667014360427856e-02
1.212709175888448954e-04
1.011122367344796658e-03
4.761904850602149963e-02
2.840909175574779510e-03
2.500000037252902985e-02
9.203018271364271641e-05
1.219660916831344366e-04
3.559985780157148838e-04
1.007759783533401787e-04
9.099181042984127998e-04
1.408450654707849026e-03
1.571832690387964249e-04
1.599999959580600262e-03
5.364806929719634354e-05
2.857142873108386993e-02
3.177629550918936729e-04
5.599104333668947220e-04
2.347417874261736870e-03
2.242152579128742218e-03
4.098360426723957062e-03
3.225806355476379395e-02
1.370989921269938350e-04
3.601008211262524128e-04
2.127659507095813751e-03
1.733102253638207912e-03
1.250000000000000000e-01
1.724137924611568451e-02
3.448275849223136902e-02
1.190476212650537491e-02
1.809299865271896124e-04
1.110247612814418972e-04
2.511931816115975380e-04
1.146000431617721915e-04
1.370989921269938350e-04
1.370989921269938350e-04
1.737015845719724894e-04
1.480384962633252144e-04
6.979340832913294435e-05
3.952569328248500824e-03
6.329114083200693130e-03
1.370989921269938350e-04
3.601008211262524128e-04
2.047082962235435843e-04
1.733102253638207912e-03
9.871668880805373192e-04
3.639010246843099594e-04
2.629828031786018983e-06
2.876869984902441502e-04
1.470588240772485733e-02
1.102535868994891644e-03
2.865329617634415627e-03
4.784688819199800491e-03
1.571832690387964249e-04
2.840909175574779510e-03
1.754078257363289595e-04
1.562500023283064365e-03
4.761904850602149963e-02
1.550387591123580933e-03
9.099181042984127998e-04
1.222493941895663738e-03
2.115506649715825915e-04
7.487832044716924429e-05
1.370989921269938350e-04
1.213444993481971323e-04
1.315789483487606049e-02
2.374732866883277893e-04
2.840909175574779510e-03
3.731343196704983711e-03
1.094690742320381105e-04
4.618937673512846231e-04
3.042287717107683420e-04
3.209242713637650013e-04
1.550387591123580933e-03
1.812250848161056638e-04
1.111111138015985489e-02
4.184100311249494553e-03
1.785714365541934967e-02
2.380952471867203712e-03
2.110149798681959510e-04
1.812250848161056638e-04
5.743825458921492100e-04
1.760563347488641739e-03
1.250000000000000000e-01
1.000000014901161194e-01
4.065371103934012353e-05
1.370989921269938350e-04
2.762431045994162560e-03
1.748251728713512421e-03
2.691065674298442900e-05
4.368720110505819321e-04
1.845018472522497177e-03
6.802721181884407997e-04
1.204819302074611187e-03
3.601008211262524128e-04
3.261578676756471395e-04
7.518797181546688080e-03
1.219512149691581726e-02
1.370989921269938350e-04
8.510638144798576832e-04
7.246376946568489075e-03
1.785714365541934967e-02
8.019246160984039307e-04
2.383222163189202547e-04
4.258762419340200722e-05
8.000000379979610443e-03
4.166666790843009949e-02
7.407407276332378387e-03
4.048583097755908966e-03
5.614823021460324526e-05
6.250000000000000000e-02
2.347417874261736870e-03
1.812250848161056638e-04
2.833423059200868011e-05
1.019367948174476624e-03
9.920635493472218513e-04
9.165062510874122381e-05
7.407407276332378387e-03
2.202643081545829773e-03
1.812250848161056638e-04
1.550387591123580933e-03
3.042287717107683420e-04
1.143249101005494595e-04
3.125000046566128731e-03
1.633986947126686573e-03
1.733102253638207912e-03
5.181347019970417023e-03
3.042287717107683420e-04
1.315789483487606049e-02
3.802281280513852835e-04
2.380952425301074982e-02
1.785714365541934967e-02
2.788622514344751835e-04
1.011122367344796658e-03
1.812250848161056638e-04
1.571832690387964249e-04
3.042287717107683420e-04
1.234567910432815552e-02
4.539264773484319448e-04
2.457002410665154457e-03
1.736111124046146870e-03
6.925207562744617462e-04
3.355704830028116703e-04
4.074979515280574560e-04
1.785714365541934967e-02
3.042287717107683420e-04
3.559985780157148838e-04
1.470588240772485733e-02
3.115264698863029480e-03
6.480881129391491413e-04
7.606876897625625134e-05
2.881844295188784599e-03
9.345794678665697575e-04
1.556178031023591757e-04
9.099181042984127998e-04
4.098360426723957062e-03
6.250000000000000000e-02
7.633587811142206192e-03
4.938271595165133476e-04
7.000350160524249077e-05
1.190476212650537491e-02
1.061345756170339882e-04
1.111111138015985489e-02
2.433090005069971085e-03
1.642036135308444500e-03
2.500000037252902985e-02
6.849315104773268104e-05
1.102535868994891644e-03
3.572704445105046034e-04
1.370989921269938350e-04
6.016847328282892704e-04
1.550387591123580933e-03
3.042287717107683420e-04
2.032189877354539931e-05
2.487562131136655807e-03
9.041591547429561615e-04
4.618937673512846231e-04
1.785714365541934967e-02
9.099181042984127998e-04
4.313319368520751595e-05
1.556178031023591757e-04
2.795638865791261196e-04
1.147578586824238300e-04
3.333333507180213928e-02
1.538461539894342422e-02
3.937007859349250793e-04
1.785714365541934967e-02
1.915708766318857670e-03
1.474708697060123086e-04
1.117693100241012871e-04
3.169572155456990004e-04
1.551109016872942448e-04
1.785714365541934967e-02
1.999999955296516418e-02
1.370989921269938350e-04
3.124023787677288055e-04
5.434782709926366806e-03
1.065189571818336844e-04
4.570384044200181961e-04
1.694915257394313812e-02
3.042287717107683420e-04
8.141333819366991520e-05
1.785714365541934967e-02
8.333333581686019897e-02
2.583979396149516106e-03
8.244703167292755097e-06
5.232862313278019428e-04
6.250000000000000000e-02
1.557147334096953273e-04
2.865329617634415627e-03
7.575757801532745361e-03
9.744689305080100894e-05
2.325581386685371399e-02
2.742355718510225415e-05
2.141327597200870514e-03
3.424657508730888367e-03
2.242152579128742218e-03
2.724795602262020111e-03
1.550387591123580933e-03
4.668534093070775270e-04
4.310344811528921127e-03
1.077168326446553692e-05
1.785714365541934967e-02
2.272727340459823608e-02
1.111111138015985489e-02
1.275672984775155783e-04
2.564102644100785255e-03
2.939447294920682907e-04
3.292722976766526699e-04
1.912045874632894993e-03
1.204819302074611187e-03
5.740527994930744171e-04
4.184100311249494553e-03
5.996641993988305330e-05
1.234567910432815552e-02
6.250000000000000000e-02
1.812250848161056638e-04
1.281065779039636254e-04
1.812250848161056638e-04
1.061345756170339882e-04
1.061345756170339882e-04
1.880052586784586310e-04
3.601008211262524128e-04
1.666666716337203979e-01
6.230917642824351788e-05
1.146000431617721915e-04
3.042287717107683420e-04
1.470588240772485733e-02
8.802816737443208694e-04
2.173913083970546722e-02
5.966587341390550137e-04
3.040437877643853426e-04
6.525285425595939159e-05
6.250000000000000000e-02
1.204819302074611187e-03
4.192872147541493177e-04
1.315789483487606049e-02
9.267840650863945484e-04
4.166666883975267410e-03
3.846153989434242249e-02
3.999999910593032837e-02
4.997501309844665229e-05
1.480384962633252144e-04
3.571428731083869934e-02
4.761904850602149963e-02
1.571832690387964249e-04
1.200480153784155846e-03
2.127659507095813751e-02
5.446622963063418865e-04
3.639010246843099594e-04
1.146000431617721915e-04
2.857142873108386993e-02
1.298701297491788864e-02
2.127659507095813751e-02
1.689189230091869831e-03
2.409638604149222374e-03
1.785714365541934967e-02
1.298701297491788864e-02
4.166666883975267410e-03
6.666667014360427856e-02
1.754078257363289595e-04
1.573564077261835337e-04
3.703703731298446655e-02
1.253132824786007404e-03
6.341154221445322037e-04
1.428571436554193497e-02
4.215851731714792550e-05
1.197604811750352383e-03
9.920635493472218513e-04
7.299270015209913254e-03
2.773155865725129843e-04
7.215007208287715912e-04
3.225806355476379395e-02
3.030303120613098145e-02
1.785714365541934967e-02
4.184100311249494553e-03
1.785714365541934967e-02
1.370989921269938350e-04
3.448275849223136902e-02
7.407407276332378387e-03
6.329114083200693130e-03
1.612903201021254063e-03
9.920635493472218513e-04
1.495438918936997652e-04
1.036376852425746620e-04
9.920635493472218513e-04
1.785714365541934967e-02
3.601008211262524128e-04
3.448275849223136902e-02
3.125000046566128731e-03
2.421307610347867012e-03
1.817520933400373906e-05
4.761904850602149963e-02
1.204819302074611187e-03
5.405405536293983459e-03
3.696857602335512638e-04
1.075268816202878952e-02
2.919707912951707840e-04
5.740527994930744171e-04
3.030303120613098145e-02
8.510638144798576832e-04
2.487562131136655807e-03
4.184100311249494553e-03
9.203018271364271641e-05
1.733102253638207912e-03
2.325581386685371399e-02
8.000000379979610443e-03
7.299270015209913254e-03
3.559985780157148838e-04
1.571832690387964249e-04
4.761904943734407425e-03
1.571832690387964249e-04
3.030303120613098145e-02
2.326663525309413671e-04
3.601008211262524128e-04
2.659574383869767189e-03
1.915708766318857670e-03
1.785714365541934967e-02
9.523809887468814850e-03
4.614674544427543879e-04
3.639010246843099594e-04
2.232142956927418709e-03
1.457088801544159651e-04
1.204819302074611187e-03
4.545454680919647217e-02
5.740527994930744171e-04
1.560062402859330177e-03
1.428571492433547974e-01
1.571832690387964249e-04
5.291005130857229233e-03
3.965107025578618050e-04
1.785714365541934967e-02
1.683501643128693104e-03
1.408450654707849026e-03
1.812250848161056638e-04
1.414427184499800205e-03
1.102657406590878963e-04
3.757985832635313272e-04
7.623694546055048704e-05
1.571832690387964249e-04
7.215007208287715912e-04
5.879931632080115378e-05
4.147656436543911695e-04
6.341154221445322037e-04
1.180637511424720287e-03
4.329004324972629547e-03
5.714285653084516525e-03
1.595150752109475434e-05
2.659574383869767189e-03
1.812250848161056638e-04
1.061571179889142513e-03
4.065371103934012353e-05
2.383222163189202547e-04
1.811594236642122269e-03
4.184100311249494553e-03
1.012145774438977242e-03
4.629629664123058319e-03
4.911591531708836555e-04
1.410238328389823437e-04
4.761904850602149963e-02
3.042287717107683420e-04
1.550387591123580933e-03
3.042287717107683420e-04
5.760368658229708672e-04
3.571428731083869934e-02
1.550387591123580933e-03
3.125000046566128731e-03
1.812250848161056638e-04
4.166666883975267410e-03
2.242152579128742218e-03
1.204819302074611187e-03
5.555555596947669983e-02
3.703703731298446655e-02
7.407407276332378387e-03
8.333333581686019897e-02
2.288329415023326874e-03
1.851851865649223328e-02
9.920635493472218513e-04
6.105006323195993900e-04
1.473991414968622848e-05
1.650165067985653877e-03
1.550387591123580933e-03
6.535947788506746292e-03
1.190476212650537491e-02
2.127659507095813751e-02
6.134969298727810383e-04
1.992031931877136230e-03
1.550387591123580933e-03
2.232142956927418709e-03
3.448275849223136902e-02
6.666667014360427856e-02
1.204819302074611187e-03
3.042287717107683420e-04
4.737315975944511592e-05
3.225806355476379395e-02
9.067005157703533769e-05
9.718172950670123100e-04
3.178639453835785389e-04
4.310344811528921127e-03
6.410256610251963139e-04
3.126954252365976572e-04
4.694835748523473740e-03
4.065371103934012353e-05
1.447178074158728123e-04
9.417969704372808337e-05
9.090909361839294434e-02
9.514747653156518936e-04
3.125000046566128731e-03
3.448275849223136902e-02
2.667164517333731055e-05
7.518797065131366253e-04
1.116071478463709354e-03
3.030303120613098145e-02
8.000000379979610443e-03
3.344481578096747398e-03
3.042287717107683420e-04
3.125000046566128731e-03
1.257861615158617496e-03
9.920635493472218513e-04
2.113718073815107346e-04
4.184100311249494553e-03
2.597402548417448997e-03
1.370989921269938350e-04
3.178639453835785389e-04
1.785714365541934967e-02
2.032520278589800000e-04
1.111111138015985489e-02
2.724795602262020111e-03
3.448275849223136902e-02
1.785714365541934967e-02
2.487562131136655807e-03
1.812250848161056638e-04
1.315789483487606049e-02
6.402048747986555099e-04
1.564210833748802543e-04
1.539645891170948744e-04
7.692307978868484497e-02
3.410641220398247242e-04
2.127659507095813751e-02
1.116071478463709354e-03
9.718172950670123100e-04
3.225806355476379395e-02
1.733102253638207912e-03
1.556178031023591757e-04
6.455777911469340324e-04
7.251631468534469604e-04
3.861003788188099861e-04
3.050640516448765993e-04
6.075334385968744755e-04
1.370989921269938350e-04
1.402996804245049134e-05
1.571832690387964249e-04
3.030303120613098145e-02
1.812250848161056638e-04
3.703703731298446655e-02
2.197319263359531760e-04
5.740527994930744171e-04
6.939625018276274204e-04
6.666667014360427856e-02
3.125000046566128731e-03
3.968254197388887405e-03
1.315789483487606049e-02
3.472945900284685194e-05
1.785714365541934967e-02
6.570302066393196583e-04
3.225806355476379395e-02
3.039513714611530304e-03
1.116071478463709354e-03
2.347417874261736870e-03
1.144701764133060351e-05
1.052631624042987823e-02
6.250000000000000000e-02
3.601008211262524128e-04
8.989572233986109495e-05
4.659832338802516460e-04
3.271180903539061546e-04
5.235602147877216339e-03
4.686035681515932083e-04
6.370238406816497445e-05
6.666666595265269279e-04
1.123595517128705978e-02
2.232142956927418709e-03
7.299270015209913254e-03
3.030302934348583221e-03
2.469135913997888565e-03
8.000000379979610443e-03
4.065371103934012353e-05
9.099181042984127998e-04
1.061345756170339882e-04
9.124087519012391567e-04
1.689189230091869831e-03
1.556178031023591757e-04
4.244482261128723621e-04
1.550387591123580933e-03
1.218026853166520596e-03
3.601008211262524128e-04
4.911591531708836555e-04
9.920635493472218513e-04
5.599104333668947220e-04
6.289307959377765656e-03
5.107252509333193302e-04
5.170630756765604019e-04
8.849557489156723022e-04
3.571428731083869934e-02
3.676470660138875246e-04
3.846153989434242249e-02
1.785714365541934967e-02
1.748251728713512421e-03
1.315789483487606049e-02
5.988024175167083740e-03
2.380952425301074982e-02
3.559985780157148838e-04
8.474576286971569061e-03
8.000000379979610443e-03
7.407407276332378387e-03
1.408450654707849026e-03
1.912045874632894993e-03
1.408450654707849026e-03
1.296008267672732472e-04
1.812250848161056638e-04
7.407407276332378387e-03
1.265262199012795463e-05
5.882352963089942932e-02
1.315789483487606049e-02
4.166666883975267410e-03
2.100840443745255470e-03
2.380952425301074982e-02
5.970149068161845207e-04
2.702702768146991730e-02
2.456640322634484619e-05
8.605851908214390278e-04
1.129943528212606907e-03
1.276487164432182908e-04
8.563843584852293134e-05
6.925207562744617462e-04
3.745318390429019928e-04
3.125000046566128731e-03
2.298850566148757935e-03
2.118644071742892265e-03
1.370989921269938350e-04
1.447177957743406296e-03
9.900989971356466413e-05
6.570302066393196583e-04
1.737015845719724894e-04
1.785714365541934967e-02
1.472103613195940852e-04
1.785714365541934967e-02
1.366120181046426296e-03
4.166666883975267410e-03
3.182686050422489643e-04
1.550387591123580933e-03
1.268070045625790954e-04
6.925207562744617462e-04
3.610108280554413795e-03
3.559985780157148838e-04
1.666666716337203979e-01
1.812250848161056638e-04
2.117746771546080709e-04
1.291155640501528978e-04
3.030303120613098145e-02
1.785714365541934967e-02
8.000000379979610443e-03
1.011122367344796658e-03
1.364628842566162348e-04
1.571832690387964249e-04
1.795332180336117744e-03
1.370989921269938350e-04
2.390057343291118741e-04
5.189413786865770817e-04
1.812250848161056638e-04
1.204819302074611187e-03
2.232142956927418709e-03
3.042287717107683420e-04
4.863813228439539671e-04
1.628664438612759113e-03
2.232142956927418709e-03
1.812250848161056638e-04
1.352265098830685019e-04
6.666667014360427856e-02
3.194888122379779816e-03
1.812250848161056638e-04
1.684068702161312103e-04
1.550387591123580933e-03
2.657454169820994139e-04
4.366812296211719513e-03
1.812250848161056638e-04
3.448275849223136902e-02
2.891008916776627302e-04
3.831417532637715340e-03
1.315789483487606049e-02
1.683501614024862647e-04
4.166666883975267410e-03
8.000000379979610443e-03
1.560062402859330177e-03
9.075316484086215496e-06
6.097560748457908630e-03
3.571428731083869934e-02
3.042287717107683420e-04
1.526717562228441238e-03
1.000000047497451305e-03
5.555555690079927444e-04
7.042253389954566956e-03
3.125000046566128731e-03
5.938242538832128048e-04
1.019367948174476624e-03
7.547169807367026806e-04
8.384337706957012415e-05
6.752194603905081749e-04
1.785714365541934967e-02
3.559985780157148838e-04
1.014198758639395237e-03
1.019367948174476624e-03
4.184100311249494553e-03
9.305788262281566858e-05
3.568879328668117523e-04
1.672240789048373699e-03
1.953125000000000000e-03
1.812250848161056638e-04
2.487562131136655807e-03
2.444390265736728907e-04
2.325581386685371399e-02
5.000000000000000000e-01
4.761904850602149963e-02
6.548788514919579029e-04
5.000000000000000000e-01
1.218026853166520596e-03
8.849557489156723022e-03
7.407407276332378387e-03
5.562972728512249887e-05
1.480384962633252144e-04
1.205109656439162791e-04
4.142502148170024157e-04
1.370989921269938350e-04
2.147581835743039846e-05
1.550387591123580933e-03
2.506265649572014809e-03
3.030303120613098145e-02
1.571832690387964249e-04
1.567398081533610821e-03
6.250000000000000000e-02
8.327088289661332965e-05
1.666666716337203979e-01
4.166666883975267410e-03
8.000000379979610443e-03
1.248127809958532453e-04
1.679261185927316546e-04
2.197319263359531760e-04
1.812250848161056638e-04
4.184100311249494553e-03
6.752194603905081749e-04
6.925207562744617462e-04
5.324530138750560582e-05
1.041666697710752487e-02
1.785714365541934967e-02
4.909179988317191601e-04
1.915708766318857670e-03
1.754078257363289595e-04
9.718172950670123100e-04
5.672471525031141937e-05
4.065371103934012353e-05
3.042287717107683420e-04
7.219173858175054193e-05
2.966478932648897171e-04
1.785714365541934967e-02
4.184100311249494553e-03
2.222222276031970978e-02
3.042287717107683420e-04
7.812500000000000000e-03
1.666666716337203979e-01
1.666666716337203979e-01
7.407407276332378387e-03
2.232142956927418709e-03
2.656254218891263008e-05
3.194888122379779816e-03
1.571832690387964249e-04
3.125000046566128731e-03
1.370989921269938350e-04
1.785714365541934967e-02
5.854800692759454250e-04
5.385029362514615059e-04
3.042287717107683420e-04
1.336201694357441738e-05
1.689189230091869831e-03
1.315789483487606049e-02
2.487562131136655807e-03
1.267105981241911650e-04
1.529987785033881664e-04
4.618937673512846231e-04
7.407407276332378387e-03
4.184100311249494553e-03
5.948839825578033924e-04
7.042253389954566956e-03
4.863813228439539671e-04
1.785714365541934967e-02
1.689189230091869831e-03
1.812250848161056638e-04
3.030302934348583221e-03
1.203369465656578541e-03
1.571832690387964249e-04
2.762431045994162560e-03
9.514747653156518936e-04
2.173913083970546722e-02
1.332977844867855310e-04
3.999999910593032837e-02
1.061345756170339882e-04
1.190476212650537491e-02
2.659574383869767189e-03
8.652015822008252144e-05
4.761904850602149963e-02
1.733102253638207912e-03
4.065371103934012353e-05
3.042287717107683420e-04
2.976190589834004641e-04
3.042287717107683420e-04
1.470588264055550098e-03
1.607716985745355487e-04
1.571832690387964249e-04
9.920635493472218513e-04
1.717917912174016237e-04
5.555555596947669983e-02
1.908396952785551548e-03
6.079027079977095127e-04
1.571832690387964249e-04
3.178639453835785389e-04
6.134969182312488556e-03
2.941176481544971466e-02
3.601008211262524128e-04
1.190476212650537491e-02
8.327088289661332965e-05
1.019367948174476624e-03
4.901960957795381546e-03
1.785714365541934967e-02
2.127659507095813751e-03
9.460737928748130798e-04
4.533091560006141663e-04
1.035196706652641296e-03
1.102535868994891644e-03
1.851851865649223328e-02
1.047120429575443268e-03
1.812250848161056638e-04
1.035196706652641296e-03
1.733102253638207912e-03
3.042287717107683420e-04
5.555555596947669983e-02
2.659574383869767189e-03
7.692307978868484497e-02
5.181347019970417023e-03
1.571832690387964249e-04
8.368201088160276413e-04
7.110352453310042620e-05
6.802721181884407997e-04
4.166666790843009949e-02
6.570302066393196583e-04
7.020006887614727020e-05
9.920635493472218513e-04
1.571832690387964249e-04
2.967359032481908798e-03
8.592541416874155402e-05
1.812250848161056638e-04
4.065371103934012353e-05
3.042287717107683420e-04
1.812250848161056638e-04
3.042287717107683420e-04
1.785714365541934967e-02
5.059294835518812761e-06
1.279099524253979325e-04
4.814636486116796732e-04
8.000000379979610443e-03
1.428571492433547974e-01
4.065371103934012353e-05
1.785714365541934967e-02
2.040816325461491942e-04
4.545454680919647217e-02
6.615944585064426064e-05
2.747252874542027712e-04
1.011122367344796658e-03
6.666667014360427856e-02
3.601008211262524128e-04
1.302931632380932570e-04
3.601008211262524128e-04
1.219512149691581726e-02
9.920635493472218513e-04
1.138952120527392253e-05
3.030303120613098145e-02
1.902587537188082933e-04
1.550387591123580933e-03
3.682698661577887833e-05
3.999999910593032837e-02
4.761904850602149963e-02
1.769911497831344604e-03
4.347826167941093445e-02
6.198474875418469310e-05
2.526528551243245602e-04
1.109877950511872768e-03
1.315789483487606049e-02
3.639010246843099594e-04
3.559985780157148838e-04
2.739726100116968155e-03
4.405286163091659546e-03
1.282051298767328262e-02
3.789314068853855133e-04
4.539264773484319448e-04
1.905124809127300978e-04
7.246376946568489075e-03
5.804841202916577458e-05
3.194888122379779816e-03
3.050640516448765993e-04
1.785714365541934967e-02
9.025270701386034489e-04
3.601008211262524128e-04
1.123595517128705978e-02
3.042287717107683420e-04
3.601008211262524128e-04
4.032257944345474243e-03
2.439024392515420914e-03
4.166666883975267410e-03
1.173846685560420156e-04
4.065371103934012353e-05
2.242152579128742218e-03
1.571832690387964249e-04
4.065371103934012353e-05
1.812250848161056638e-04
1.204819302074611187e-03
1.424907386535778642e-04
1.280409749597311020e-03
3.601008211262524128e-04
1.204819302074611187e-03
2.130833163391798735e-04
1.011122367344796658e-03
1.011122367344796658e-03
3.380662528797984123e-04
1.480384962633252144e-04
1.480384962633252144e-04
2.831257006619125605e-04
1.000000047497451305e-03
4.539264773484319448e-04
1.259604468941688538e-04
3.125000046566128731e-03
1.562500023283064365e-03
1.019367948174476624e-03
9.033423848450183868e-04
8.764241938479244709e-04
9.920635493472218513e-04
1.620745519176125526e-03
3.575259179342538118e-04
5.740527994930744171e-04
6.493506487458944321e-03
2.512562787160277367e-03
2.242152579128742218e-03
1.061345756170339882e-04
3.556187730282545090e-04
4.166666883975267410e-03
1.315789483487606049e-02
1.019367948174476624e-03
1.006036181934177876e-03
5.938242538832128048e-04
3.042287717107683420e-04
8.327088289661332965e-05
9.466111077927052975e-05
4.539264773484319448e-04
3.042287717107683420e-04
1.011122367344796658e-03
2.347417874261736870e-03
1.234567910432815552e-02
1.019367948174476624e-03
1.818181760609149933e-02
1.571832690387964249e-04
5.882352963089942932e-02
1.550387591123580933e-03
4.574565391521900892e-04
1.557875075377523899e-04
2.087682660203427076e-04
1.337077119387686253e-04
1.356852153548970819e-04
4.545454680919647217e-02
1.422717923560412601e-05
1.550387591123580933e-03
1.480384962633252144e-04
3.030303120613098145e-02
1.879699295386672020e-03
7.407407276332378387e-03
3.178639453835785389e-04
1.480384962633252144e-04
1.370989921269938350e-04
3.039513539988547564e-04
4.240882117301225662e-04
1.123595517128705978e-02
9.920635493472218513e-04
1.893939450383186340e-03
2.659574383869767189e-03
1.812250848161056638e-04
9.099181042984127998e-04
1.812250848161056638e-04
3.389830468222498894e-03
5.235602147877216339e-03
4.177109512966126204e-04
4.156276118010282516e-04
5.599104333668947220e-04
1.387925003655254841e-04
8.000000379979610443e-03
2.487562131136655807e-03
2.941176481544971466e-02
1.571832690387964249e-04
1.277139177545905113e-03
1.043296797433868051e-04
2.564102644100785255e-03
3.248546272516250610e-05
3.944773052353411913e-04
6.250000000000000000e-02
1.138952211476862431e-03
2.424242411507293582e-04
5.952381179668009281e-04
8.602150774095207453e-05
1.612903201021254063e-03
1.571832690387964249e-04
1.315789483487606049e-02
6.305170245468616486e-04
2.481389557942748070e-03
3.042287717107683420e-04
5.827505956403911114e-04
1.370989921269938350e-04
3.225806355476379395e-02
3.115264698863029480e-03
1.015228452160954475e-03
3.703703638166189194e-03
4.166666883975267410e-03
3.999999910593032837e-02
1.550387591123580933e-03
8.191350207198411226e-05
1.915708766318857670e-03
8.863676339387893677e-05
5.181347019970417023e-03
4.201680712867528200e-04
1.123216861742548645e-04
3.225806355476379395e-02
1.571832690387964249e-04
2.127659507095813751e-02
8.327088289661332965e-05
7.407407276332378387e-03
2.127659507095813751e-02
1.567398081533610821e-03
1.562500023283064365e-03
3.042287717107683420e-04
1.612903201021254063e-03
7.407407276332378387e-03
1.427551760571077466e-04
6.596306338906288147e-04
2.093802322633564472e-04
6.289307959377765656e-03
3.467406495474278927e-04
1.011122367344796658e-03
6.570302066393196583e-04
2.182453026762232184e-04
2.409638604149222374e-03
6.578947650268673897e-04
1.650165067985653877e-03
1.382552145514637232e-04
7.407407276332378387e-03
2.665955689735710621e-04
1.021659190882928669e-04
1.544640108477324247e-04
2.728512918110936880e-04
1.538461539894342422e-02
3.042287717107683420e-04
4.166666790843009949e-02
3.559985780157148838e-04
2.325581386685371399e-02
1.689189230091869831e-03
7.142857182770967484e-03
1.011122367344796658e-03
1.370989921269938350e-04
3.601008211262524128e-04
3.042287717107683420e-04
9.930486558005213737e-04
4.545454680919647217e-02
2.949852496385574341e-03
1.567398081533610821e-03
1.812250848161056638e-04
1.111111138015985489e-02
1.759634033078327775e-04
3.174603218212723732e-03
1.812250848161056638e-04
1.956181513378396630e-04
1.571832690387964249e-04
6.925207562744617462e-04
1.620745519176125526e-03
3.999999910593032837e-02
2.724795602262020111e-03
1.011122367344796658e-03
1.370989921269938350e-04
2.702702768146991730e-03
1.230163616128265858e-04
2.659574383869767189e-03
5.068423924967646599e-04
3.042287717107683420e-04
8.012820617295801640e-04
1.620745519176125526e-03
1.785714365541934967e-02
3.194888122379779816e-03
2.499999944120645523e-03
3.125976945739239454e-04
8.333333581686019897e-02
1.190476212650537491e-02
1.531393616460263729e-03
1.011122367344796658e-03
2.506265649572014809e-03
8.327088289661332965e-05
2.325581386685371399e-02
1.064395983121357858e-04
1.422717923560412601e-05
1.812250848161056638e-04
2.028397517278790474e-03
1.776198972947895527e-03
8.268562669400125742e-05
8.147303014993667603e-05
8.130080997943878174e-03
1.315789483487606049e-02
1.550387591123580933e-03
1.287664199480786920e-04
2.583979396149516106e-03
9.523809887468814850e-03
1.370989921269938350e-04
7.407407276332378387e-03
2.000400127144530416e-04
5.508427784661762416e-05
1.082356538972817361e-05
3.639010246843099594e-04
5.813953466713428497e-03
2.801120572257786989e-04
1.279099524253979325e-04
3.875968977808952332e-03
3.601008211262524128e-04
8.000000379979610443e-03
1.092657330445945263e-04
8.000000379979610443e-03
4.539264773484319448e-04
2.564102597534656525e-02
6.763154669897630811e-05
6.925207562744617462e-04
1.571832690387964249e-04
3.333333507180213928e-02
1.584786106832325459e-03
1.190476212650537491e-02
3.952881525037810206e-05
1.190476212650537491e-02
3.012048255186527967e-04
1.108893338823691010e-04
2.302184839209076017e-05
