7.142857462167739868e-02
7.633587811142206192e-03
3.921568859368562698e-03
1.000000000000000000e+00
3.943217743653804064e-04
4.587155999615788460e-04
5.000000074505805969e-02
4.807692486792802811e-03
1.666666716337203979e-01
4.504504613578319550e-03
1.250000000000000000e-01
1.432664808817207813e-03
1.383125898428261280e-03
4.878048785030841827e-03
5.000000000000000000e-01
2.898550825193524361e-03
1.000000000000000000e+00
5.892752087675035000e-04
7.727975025773048401e-04
6.666667014360427856e-02
4.950494971126317978e-03
1.000000000000000000e+00
1.000000014901161194e-01
1.567398081533610821e-03
2.173912944272160530e-03
1.000000000000000000e+00
2.702702768146991730e-02
1.531393616460263729e-03
1.018329930957406759e-04
1.459853956475853920e-03
2.127659507095813751e-02
1.305483048781752586e-03
5.555555596947669983e-02
4.344048793427646160e-04
4.746534978039562702e-05
5.494505632668733597e-03
1.041666720993816853e-03
2.439024299383163452e-02
4.016064107418060303e-03
1.098901126533746719e-02
3.891050582751631737e-03
9.345794096589088440e-03
1.000000000000000000e+00
1.333333365619182587e-02
5.555555596947669983e-02
3.333333432674407959e-01
1.428571492433547974e-01
7.407407276332378387e-03
3.467286296654492617e-05
1.805054140277206898e-03
1.054407402989454567e-04
1.000000000000000000e+00
5.555555596947669983e-02
1.109877950511872768e-03
1.000000000000000000e+00
4.347826167941093445e-02
2.066841625492088497e-05
8.333333581686019897e-02
2.914602227974683046e-04
1.111111119389533997e-01
5.000000000000000000e-01
1.111111119389533997e-01
4.627487214747816324e-04
1.063490344677120447e-04
2.500000000000000000e-01
6.493506487458944321e-03
1.190476212650537491e-02
2.053388161584734917e-03
1.000000000000000000e+00
1.250000000000000000e-01
4.651162773370742798e-03
1.851851865649223328e-02
3.677281711134128273e-05
1.282051298767328262e-02
1.000000000000000000e+00
4.366812296211719513e-03
5.000000000000000000e-01
1.652892562560737133e-03
1.000000000000000000e+00
3.921568859368562698e-03
2.380952425301074982e-02
6.666667014360427856e-02
2.500000000000000000e-01
2.128565392922610044e-04
9.930486558005213737e-04
9.999999776482582092e-03
7.077140617184340954e-04
1.408847601851448417e-04
1.000000000000000000e+00
1.838945172494277358e-05
9.174311533570289612e-03
4.484305158257484436e-03
1.000000000000000000e+00
1.111111119389533997e-01
1.492537325248122215e-03
1.428571492433547974e-01
2.500000000000000000e-01
1.666666716337203979e-01
1.226993859745562077e-03
1.000000000000000000e+00
1.000000000000000000e+00
4.502476367633789778e-04
5.713632708648219705e-05
7.518797181546688080e-03
1.250000000000000000e-01
2.232142956927418709e-03
2.500000000000000000e-01
6.711409427225589752e-03
3.436426166445016861e-03
6.622516550123691559e-03
2.380952425301074982e-02
1.819505123421549797e-04
1.000000000000000000e+00
3.333333432674407959e-01
9.090909361839294434e-02
5.000000000000000000e-01
1.111111119389533997e-01
1.369863003492355347e-02
2.638522535562515259e-03
3.305785066913813353e-04
2.702702768146991730e-02
1.468428759835660458e-03
3.424892202019691467e-05
2.000000029802322388e-01
5.000000000000000000e-01
2.500000000000000000e-01
1.204819232225418091e-02
8.333333581686019897e-02
2.222222276031970978e-03
3.333333432674407959e-01
1.190476212650537491e-02
7.423905190080404282e-04
5.000000000000000000e-01
5.000000000000000000e-01
5.000000000000000000e-01
1.333333319053053856e-03
5.555555690079927444e-03
2.500000000000000000e-01
1.718213083222508430e-03
9.407337638549506664e-04
1.666666716337203979e-01
5.254860734567046165e-04
6.153846043162047863e-04
2.173913083970546722e-02
5.000000000000000000e-01
7.122507086023688316e-04
2.044989727437496185e-03
1.000000000000000000e+00
2.506265649572014809e-03
2.500000000000000000e-01
5.000000000000000000e-01
1.000000000000000000e+00
2.643404586706310511e-04
5.000000000000000000e-01
1.666666716337203979e-01
1.841620658524334431e-03
5.181347019970417023e-03
8.333333581686019897e-02
3.460207663010805845e-04
7.568086175524513237e-07
3.125000000000000000e-02
2.518891589716076851e-03
3.448275849223136902e-02
3.868621570290997624e-05
2.000000029802322388e-01
7.651308351341867819e-07
5.000000000000000000e-01
3.333333432674407959e-01
5.000000000000000000e-01
6.693440373055636883e-04
2.439024299383163452e-02
3.597122384235262871e-03
5.000000000000000000e-01
6.666667014360427856e-02
1.000000000000000000e+00
9.066183120012283325e-04
1.428571492433547974e-01
1.275510177947580814e-03
3.333333432674407959e-01
3.846153849735856056e-04
5.000000074505805969e-02
3.999999910593032837e-02
1.000000000000000000e+00
1.000000000000000000e+00
1.923076994717121124e-02
1.351351384073495865e-02
1.000000000000000000e+00
3.344481578096747398e-03
7.739937864243984222e-04
2.293367651873268187e-05
8.771929889917373657e-03
5.263157933950424194e-02
7.886435487307608128e-04
1.000000000000000000e+00
2.840909175574779510e-03
1.000000000000000000e+00
1.428571492433547974e-01
1.136363670229911804e-02
1.000000000000000000e+00
9.433962404727935791e-03
4.462293582037091255e-04
1.111111119389533997e-01
9.124087519012391567e-04
1.261670404346659780e-04
5.882352963089942932e-02
3.086419776082038879e-03
3.448275849223136902e-02
1.000000000000000000e+00
8.333333581686019897e-02
1.000000014901161194e-01
5.813953466713428497e-03
1.111111119389533997e-01
1.735508558340370655e-04
1.788269000826403499e-04
1.538461539894342422e-02
2.580245563876815140e-05
1.428571492433547974e-01
1.000000000000000000e+00
8.896797080524265766e-04
1.742160296998918056e-03
3.281701356172561646e-05
2.500000000000000000e-01
2.447022052365355194e-05
2.049180213361978531e-03
5.000000000000000000e-01
2.781873263302259147e-05
4.734176036436110735e-05
3.584229387342929840e-03
3.095975145697593689e-03
5.000000000000000000e-01
1.000000000000000000e+00
1.000000000000000000e+00
1.000000000000000000e+00
1.779359416104853153e-03
3.333333432674407959e-01
4.761904850602149963e-02
1.792114635463804007e-04
5.000000000000000000e-01
6.095702701713889837e-05
1.183431944809854031e-03
1.111111119389533997e-01
1.000000000000000000e+00
1.893939450383186340e-03
1.162790693342685699e-02
1.403508795192465186e-04
5.263157933950424194e-02
1.818181760609149933e-02
3.571428591385483742e-03
5.605381447821855545e-04
1.851851865649223328e-02
1.923076994717121124e-02
1.785714365541934967e-02
1.492537278681993484e-02
2.764722157735377550e-04
2.431315369904041290e-04
1.487431145505979657e-04
9.174311533570289612e-03
1.000000000000000000e+00
3.571428731083869934e-02
8.928571827709674835e-03
5.882352963089942932e-02
6.511688843602314591e-05
1.000000000000000000e+00
2.463054144755005836e-03
3.333333432674407959e-01
1.000000000000000000e+00
3.333333432674407959e-01
8.992805960588157177e-04
2.659574383869767189e-03
5.000000000000000000e-01
5.263157933950424194e-02
1.000000000000000000e+00
5.000000000000000000e-01
1.666666716337203979e-01
1.250000018626451492e-02
9.090909361839294434e-02
2.500000000000000000e-01
3.333333432674407959e-01
1.000000014901161194e-01
1.000000000000000000e+00
2.500000000000000000e-01
1.388888899236917496e-02
3.333333432674407959e-01
7.142857462167739868e-02
1.992031931877136230e-03
5.434782709926366806e-03
2.500000000000000000e-01
1.000000000000000000e+00
2.283104928210377693e-03
5.000000000000000000e-01
1.000000000000000000e+00
2.159827155992388725e-03
1.000000000000000000e+00
1.000000000000000000e+00
5.000000000000000000e-01
1.703577436273917556e-05
1.333333319053053856e-03
3.448275849223136902e-02
3.333333432674407959e-01
1.666666716337203979e-01
1.409244578098878264e-04
3.238341887481510639e-04
3.333333432674407959e-01
2.728512918110936880e-04
1.000000000000000000e+00
5.000000000000000000e-01
2.272727340459823608e-02
1.369863003492355347e-02
5.747126415371894836e-03
4.878048785030841827e-03
3.894080873578786850e-04
4.166666790843009949e-02
6.666667014360427856e-02
1.754385977983474731e-02
1.000000000000000000e+00
7.142857462167739868e-02
1.000000000000000000e+00
5.000000074505805969e-02
4.810004902537912130e-04
1.000000000000000000e+00
5.000000000000000000e-01
1.896453613881021738e-04
1.449275389313697815e-02
5.555555690079927444e-03
1.666666716337203979e-01
1.000000000000000000e+00
3.395585808902978897e-04
3.333333432674407959e-01
2.777160625555552542e-05
2.247191034257411957e-03
1.923076994717121124e-02
3.333333432674407959e-01
1.000000000000000000e+00
3.333333432674407959e-01
2.500000000000000000e-01
1.000000000000000000e+00
2.306805108673870564e-04
2.272727340459823608e-02
1.091703074052929878e-03
3.125000046566128731e-03
1.000000000000000000e+00
3.125000000000000000e-02
5.882352963089942932e-02
2.941176528111100197e-03
5.464480724185705185e-03
4.184100311249494553e-03
1.223990228027105331e-03
1.000000000000000000e+00
2.949852496385574341e-03
9.852217044681310654e-04
1.000000000000000000e+00
1.111111119389533997e-01
2.500000000000000000e-01
8.403361774981021881e-03
1.111111138015985489e-02
1.000000000000000000e+00
1.449275389313697815e-02
1.097694854252040386e-03
2.358490601181983948e-03
4.761904850602149963e-02
6.896551698446273804e-03
1.428571492433547974e-01
1.111111119389533997e-01
2.990430511999875307e-04
1.000000014901161194e-01
1.666666716337203979e-01
1.000000000000000000e+00
1.000000000000000000e+00
8.333333581686019897e-02
2.777777798473834991e-02
5.000000000000000000e-01
1.000000000000000000e+00
1.333333365619182587e-02
1.257861615158617496e-03
1.577287097461521626e-03
8.333333535119891167e-04
5.882352963089942932e-02
1.041666697710752487e-02
2.127659507095813751e-02
2.683123166207224131e-04
7.256894023157656193e-04
1.000000000000000000e+00
1.000000000000000000e+00
5.309546395437791944e-05
2.816901309415698051e-03
3.703703731298446655e-02
3.369272162672132254e-04
2.000000029802322388e-01
1.508295652456581593e-03
4.975124262273311615e-03
1.119820866733789444e-03
3.846153849735856056e-03
2.020202111452817917e-03
8.333333767950534821e-03
1.250000000000000000e-01
5.666364450007677078e-05
1.000000000000000000e+00
1.000000000000000000e+00
1.000000000000000000e+00
1.886792480945587158e-02
1.000000000000000000e+00
5.184033070690929890e-04
3.302510012872517109e-04
2.941176528111100197e-03
2.000000029802322388e-01
1.785714365541934967e-02
1.250000000000000000e-01
1.052631624042987823e-02
5.000000000000000000e-01
5.000000000000000000e-01
1.687877738731913269e-05
7.142857182770967484e-03
1.000000000000000000e+00
1.666666716337203979e-01
2.532286744099110365e-04
8.928571827709674835e-03
3.345600562170147896e-04
1.000000000000000000e+00
3.846153989434242249e-02
1.923076994717121124e-02
4.329004441387951374e-04
1.000000000000000000e+00
1.000000000000000000e+00
1.000000000000000000e+00
1.000000000000000000e+00
1.097694854252040386e-03
2.217294881120324135e-03
1.231375499628484249e-04
7.540341175626963377e-05
5.347593687474727631e-03
2.500000037252902985e-02
1.789869274944067001e-04
1.250000000000000000e-01
1.575299247633665800e-04
1.785714365541934967e-02
2.500000000000000000e-01
9.803922148421406746e-04
1.000000000000000000e+00
1.250000000000000000e-01
1.428571492433547974e-01
4.405286163091659546e-03
5.000000000000000000e-01
1.000000000000000000e+00
1.985702983802184463e-04
9.507511276751756668e-05
2.087682718411087990e-03
2.500000000000000000e-01
8.264462463557720184e-03
2.000000029802322388e-01
1.000000000000000000e+00
4.166666790843009949e-02
5.000000000000000000e-01
1.000000000000000000e+00
1.000000000000000000e+00
3.333333507180213928e-02
1.428571492433547974e-01
6.666667014360427856e-02
9.090909361839294434e-02
6.501950556412339211e-04
2.173913083970546722e-02
1.098901126533746719e-02
2.702702768146991730e-02
4.032257944345474243e-03
6.250000000000000000e-02
4.761904850602149963e-02
1.226993859745562077e-03
5.263157933950424194e-02
1.400560257025063038e-03
3.999999910593032837e-02
1.133786863647401333e-03
5.000000000000000000e-01
1.000000000000000000e+00
1.694915257394313812e-02
3.979307657573372126e-04
1.000000000000000000e+00
8.345852256752550602e-05
1.319261267781257629e-03
2.066115615889430046e-03
3.676470601931214333e-03
5.000000000000000000e-01
4.761904943734407425e-03
9.832842042669653893e-04
3.875968977808952332e-04
1.760563347488641739e-03
2.380952425301074982e-02
1.666666716337203979e-01
3.703703731298446655e-02
7.107320707291364670e-04
7.812500000000000000e-03
5.000000000000000000e-01
1.428571436554193497e-02
3.401360474526882172e-03
1.377410488203167915e-03
2.000000029802322388e-01
1.666666716337203979e-01
6.821282440796494484e-04
2.087682718411087990e-03
6.250000000000000000e-02
5.154639016836881638e-03
4.277526022633537650e-05
1.240694778971374035e-03
1.111111119389533997e-01
8.064516005106270313e-04
2.829654840752482414e-04
1.000000000000000000e+00
2.500000000000000000e-01
2.083333395421504974e-02
9.708737954497337341e-03
7.751937955617904663e-03
6.666667014360427856e-02
1.428571492433547974e-01
4.686035681515932083e-04
4.237288143485784531e-03
4.474273009691387415e-05
1.219512149691581726e-02
1.149425283074378967e-02
5.000000000000000000e-01
1.000000000000000000e+00
1.029442064464092255e-04
3.333333432674407959e-01
1.557632349431514740e-03
1.000000000000000000e+00
1.204819232225418091e-02
1.999999955296516418e-02
1.000000000000000000e+00
1.000000000000000000e+00
2.631578966975212097e-02
1.071811304427683353e-03
1.461988314986228943e-03
1.428571492433547974e-01
1.000000014901161194e-01
3.776435041800141335e-04
1.785714365541934967e-02
1.428571492433547974e-01
3.333333432674407959e-01
2.000000029802322388e-01
4.384618659969419241e-05
1.000000000000000000e+00
3.734130004886537790e-04
2.857142826542258263e-03
8.340283529832959175e-04
6.729474989697337151e-04
1.000000000000000000e+00
4.166666790843009949e-02
1.111111138015985489e-02
3.394894156372174621e-05
5.154639016836881638e-03
1.137915314757265151e-04
1.000000000000000000e+00
1.000000000000000000e+00
7.194244768470525742e-03
6.060605868697166443e-03
1.000000000000000000e+00
4.237288143485784531e-03
1.428571492433547974e-01
7.168458541855216026e-04
1.000000014901161194e-01
8.547008619643747807e-04
1.000000000000000000e+00
1.792757248040288687e-04
7.692307978868484497e-02
7.692307978868484497e-02
1.562500000000000000e-02
3.344481578096747398e-03
2.500000000000000000e-01
1.669449033215641975e-03
7.695427370890683960e-07
4.361098981462419033e-04
3.448275849223136902e-02
6.802720949053764343e-03
2.000000029802322388e-01
1.428571492433547974e-01
2.500000000000000000e-01
4.098360426723957062e-03
1.136363670229911804e-02
5.000000000000000000e-01
2.583979396149516106e-03
2.083333395421504974e-02
1.000000000000000000e+00
2.127659507095813751e-02
5.263157933950424194e-02
1.297016860917210579e-03
1.369863003492355347e-02
3.448275849223136902e-02
3.690036945044994354e-03
3.333333432674407959e-01
1.000000000000000000e+00
1.000000000000000000e+00
1.000000000000000000e+00
5.882353056222200394e-03
2.719904296100139618e-05
2.500000000000000000e-01
1.428571492433547974e-01
1.492537325248122215e-03
1.529052038677036762e-03
6.172839552164077759e-03
3.333333507180213928e-02
4.347826167941093445e-02
1.111111119389533997e-01
1.000000000000000000e+00
1.000000000000000000e+00
1.000000000000000000e+00
1.000000000000000000e+00
1.666666716337203979e-01
6.666667014360427856e-02
2.127659507095813751e-02
6.250000000000000000e-02
1.000000000000000000e+00
5.479452083818614483e-04
4.761904850602149963e-02
3.952569328248500824e-03
1.666666716337203979e-01
1.967729258467443287e-05
1.234567910432815552e-02
1.000000000000000000e+00
4.067190093337558210e-05
3.333333432674407959e-01
3.614022280089557171e-04
1.162790693342685699e-02
2.777777798473834991e-02
1.007049344480037689e-03
4.545454680919647217e-02
3.125000000000000000e-02
1.000000000000000000e+00
5.000000000000000000e-01
4.255319014191627502e-03
2.710027154535055161e-03
1.111111119389533997e-01
6.250000000000000000e-02
7.407407392747700214e-04
3.109452663920819759e-04
9.656237671151757240e-05
1.234567910432815552e-02
1.706484588794410229e-03
3.676470601931214333e-03
5.633803084492683411e-04
6.666667014360427856e-02
2.272727340459823608e-02
1.000000000000000000e+00
1.587301678955554962e-02
2.491901395842432976e-04
3.913894470315426588e-04
1.000000000000000000e+00
1.000000000000000000e+00
2.272727340459823608e-02
7.733951788395643234e-04
8.771929889917373657e-03
3.164557041600346565e-03
3.234152682125568390e-04
2.398081589490175247e-03
6.455777911469340324e-04
4.166666790843009949e-02
1.000000000000000000e+00
1.000000000000000000e+00
1.000000000000000000e+00
1.000000000000000000e+00
2.727768733166158199e-04
1.666666716337203979e-01
2.680246543604880571e-04
1.428571492433547974e-01
2.857142873108386993e-02
6.443298771046102047e-04
3.333333432674407959e-01
1.964636612683534622e-03
2.500000037252902985e-02
1.234567910432815552e-02
3.333333432674407959e-01
7.158195949159562588e-04
3.333333507180213928e-02
1.477104844525456429e-03
2.871088217943906784e-04
2.500000000000000000e-01
3.030303120613098145e-02
2.362390805501490831e-04
4.672897339332848787e-04
2.500000000000000000e-01
1.000000000000000000e+00
6.410256493836641312e-03
3.571428731083869934e-02
4.347825888544321060e-03
6.365372100844979286e-04
1.000000000000000000e+00
2.238739216409157962e-05
2.338032754778396338e-05
5.000000000000000000e-01
1.000000000000000000e+00
2.500000037252902985e-02
1.000000000000000000e+00
2.931691706180572510e-04
5.927682504989206791e-04
6.211180239915847778e-03
1.000000000000000000e+00
4.484305158257484436e-03
5.000000000000000000e-01
1.010101009160280228e-02
1.428571492433547974e-01
2.500000037252902985e-02
1.666666716337203979e-01
1.506024040281772614e-03
3.076923079788684845e-03
2.865329617634415627e-03
1.175088109448552132e-03
4.761904850602149963e-02
1.552795059978961945e-03
1.046025077812373638e-03
2.500000037252902985e-02
1.000000000000000000e+00
1.000000000000000000e+00
5.000000000000000000e-01
1.821493613533675671e-03
1.250000000000000000e-01
7.692307978868484497e-02
1.754385977983474731e-02
3.952569095417857170e-04
1.428571492433547974e-01
5.073566571809351444e-04
5.555555596947669983e-02
1.000000000000000000e+00
1.000000000000000000e+00
5.208333604969084263e-04
2.267573727294802666e-03
2.873563207685947418e-03
1.000000000000000000e+00
7.674597145523875952e-05
1.184834167361259460e-03
1.886792480945587158e-02
2.777777845039963722e-03
1.562500000000000000e-02
7.692307978868484497e-02
2.000000029802322388e-01
5.000000000000000000e-01
5.347593687474727631e-04
2.679528261069208384e-04
3.333333432674407959e-01
1.000000000000000000e+00
1.000000000000000000e+00
1.000000000000000000e+00
6.097560748457908630e-03
9.174311533570289612e-03
9.433962404727935791e-03
1.960784383118152618e-02
5.500550032593309879e-04
1.111111119389533997e-01
7.142857462167739868e-02
7.874015718698501587e-03
1.324503333307802677e-03
1.666666753590106964e-02
2.386634936556220055e-03
1.322751282714307308e-03
1.000000000000000000e+00
5.000000000000000000e-01
5.000000000000000000e-01
5.000000000000000000e-01
1.538461539894342422e-02
5.000000000000000000e-01
2.564102597534656525e-02
1.000000000000000000e+00
2.325581386685371399e-02
7.936508394777774811e-03
5.555555596947669983e-02
7.898894255049526691e-04
9.910803055390715599e-04
6.802720949053764343e-03
7.451564888469874859e-04
1.886792480945587158e-02
4.329004324972629547e-03
4.830917809158563614e-03
2.252252306789159775e-03
1.934236031956970692e-03
3.125000000000000000e-02
1.599999959580600262e-03
5.000000000000000000e-01
1.138433508458547294e-04
4.081632476300001144e-03
3.333333432674407959e-01
1.000000000000000000e+00
2.942907449323683977e-04
1.000000000000000000e+00
6.802720949053764343e-03
5.524862091988325119e-03
1.449275389313697815e-02
2.564102597534656525e-02
3.436426166445016861e-03
9.174311533570289612e-03
5.000000000000000000e-01
2.777777798473834991e-02
7.042253389954566956e-03
5.000000000000000000e-01
7.717669063822540920e-07
1.666666716337203979e-01
2.000000029802322388e-01
7.315289112739264965e-04
7.042253389954566956e-03
9.999999776482582092e-03
7.749342785245971754e-07
1.000000000000000000e+00
1.000000000000000000e+00
3.333333507180213928e-02
1.029230115818791091e-04
1.000000000000000000e+00
1.000000000000000000e+00
1.000000000000000000e+00
1.162790693342685699e-02
7.633587811142206192e-03
7.042253389954566956e-03
2.439024299383163452e-02
6.666667014360427856e-02
1.000000000000000000e+00
3.926187637262046337e-04
3.030303120613098145e-02
1.666666716337203979e-01
1.000000000000000000e+00
3.333333432674407959e-01
6.250000000000000000e-02
1.071696460712701082e-04
2.631578966975212097e-02
1.149425283074378967e-02
1.000000000000000000e+00
1.666666716337203979e-01
1.000000000000000000e+00
1.542495738249272108e-04
1.000000000000000000e+00
2.652871808095369488e-05
1.886792480945587158e-03
3.333333432674407959e-01
1.916075852932408452e-04
9.442870505154132843e-04
1.111111119389533997e-01
8.620689623057842255e-04
2.742731885518878698e-04
1.000000000000000000e+00
2.227667573606595397e-04
1.000000000000000000e+00
2.500000000000000000e-01
5.000000000000000000e-01
1.428571492433547974e-01
5.000000000000000000e-01
1.862544304458424449e-04
1.000000000000000000e+00
5.000000000000000000e-01
1.577287097461521626e-03
9.174311533570289612e-03
3.333333432674407959e-01
6.868132040835916996e-04
5.851375171914696693e-04
1.000000000000000000e+00
3.960395988542586565e-04
1.219512149691581726e-02
1.315789483487606049e-02
2.857142873108386993e-02
1.000000014901161194e-01
1.000000000000000000e+00
5.000000000000000000e-01
1.333333365619182587e-02
1.650165067985653877e-03
1.432254357496276498e-04
2.904443826992064714e-04
1.190476212650537491e-02
3.333333432674407959e-01
4.967216227669268847e-05
4.347826167941093445e-02
3.436426166445016861e-03
1.000000000000000000e+00
1.703577465377748013e-03
3.051571547985076904e-04
1.111111119389533997e-01
3.125000000000000000e-02
1.206272630952298641e-03
5.235602147877216339e-03
5.000000000000000000e-01
1.976284664124250412e-03
8.771929889917373657e-03
1.000000000000000000e+00
2.941176528111100197e-03
1.538461539894342422e-02
1.886792480945587158e-02
2.000000029802322388e-01
1.000000000000000000e+00
3.095975145697593689e-03
3.105590003542602062e-04
1.490312977693974972e-03
1.148105598986148834e-03
2.777777798473834991e-02
5.813953466713428497e-03
1.000000000000000000e+00
9.090909361839294434e-02
2.723682337091304362e-05
3.333333432674407959e-01
4.476275717024691403e-05
9.090909361839294434e-02
5.000000000000000000e-01
6.688963039778172970e-04
1.000000000000000000e+00
3.571428731083869934e-02
1.000000000000000000e+00
1.807664521038532257e-04
1.257861615158617496e-03
1.354279520455747843e-04
3.571428731083869934e-02
1.000000000000000000e+00
1.428571492433547974e-01
2.082465653074905276e-04
1.111111119389533997e-01
1.408450654707849026e-03
1.000000000000000000e+00
2.222222276031970978e-02
3.448275849223136902e-02
5.000000000000000000e-01
1.388888899236917496e-02
7.246376946568489075e-03
1.984127098694443703e-03
5.265929503366351128e-04
1.639344170689582825e-02
3.030303120613098145e-02
5.000000000000000000e-01
4.366812296211719513e-03
4.273504484444856644e-03
6.896551698446273804e-03
1.000000000000000000e+00
5.263157933950424194e-02
3.333333432674407959e-01
2.476473455317318439e-04
2.941176481544971466e-02
2.006018039537593722e-04
2.506265649572014809e-03
9.316191426478326321e-05
1.501726947026327252e-04
1.000000000000000000e+00
2.385496190981939435e-05
1.237623742781579494e-03
7.194244768470525742e-03
2.500000000000000000e-01
1.250000000000000000e-01
6.896551698446273804e-03
5.882353056222200394e-03
4.545454680919647217e-02
7.352941203862428665e-03
2.500000037252902985e-02
4.545454680919647217e-02
2.518891706131398678e-04
1.626016222871840000e-03
2.803161987685598433e-05
1.000000000000000000e+00
5.000000000000000000e-01
2.257336396723985672e-03
1.000000000000000000e+00
3.333333432674407959e-01
6.802720949053764343e-03
2.849002834409475327e-03
2.500000000000000000e-01
1.666666716337203979e-01
1.335113542154431343e-03
2.298850566148757935e-03
3.333333432674407959e-01
3.225806355476379395e-02
3.333333432674407959e-01
6.123698549345135689e-04
1.960784383118152618e-02
3.333333432674407959e-01
1.250000000000000000e-01
3.194888122379779816e-03
2.538715489208698273e-04
1.612903177738189697e-02
1.328021287918090820e-03
1.405481307301670313e-04
1.287001301534473896e-03
5.714285653084516525e-03
1.821493613533675671e-03
6.329114083200693130e-03
2.439024299383163452e-02
4.545454680919647217e-02
2.040816284716129303e-02
5.000000000000000000e-01
2.544529270380735397e-03
1.000000000000000000e+00
1.075153195415623486e-04
1.000000000000000000e+00
5.758046972914598882e-05
8.510638144798576832e-04
3.767897433135658503e-04
1.030927803367376328e-02
1.298701297491788864e-02
8.617717685410752892e-05
1.000000000000000000e+00
1.063829753547906876e-02
9.090909361839294434e-02
1.000000000000000000e+00
2.500000000000000000e-01
1.000000000000000000e+00
4.219409078359603882e-03
1.136363670229911804e-02
2.173913083970546722e-02
2.500000037252902985e-02
1.428571492433547974e-01
1.666666716337203979e-01
1.250000000000000000e-01
2.222222276031970978e-02
3.125000000000000000e-02
8.333333767950534821e-03
1.000000000000000000e+00
5.642385440296493471e-05
6.807352183386683464e-04
1.000000000000000000e+00
2.962962898891419172e-04
1.587301609106361866e-03
1.000000000000000000e+00
1.250000000000000000e-01
4.545454401522874832e-03
1.000000000000000000e+00
1.315789483487606049e-02
4.464285913854837418e-03
2.276867016917094588e-04
8.130080997943878174e-03
1.934236024681013077e-05
1.587301678955554962e-02
1.000000000000000000e+00
4.505722245085053146e-05
7.770007941871881485e-04
5.882352963089942932e-02
2.871088217943906784e-04
1.000000000000000000e+00
1.666666716337203979e-01
3.174603218212723732e-03
1.250000000000000000e-01
1.111111119389533997e-01
2.000000029802322388e-01
3.749531169887632132e-04
6.101281032897531986e-04
1.666666716337203979e-01
6.622516550123691559e-03
2.083333395421504974e-02
1.428571492433547974e-01
9.433962404727935791e-03
3.225806355476379395e-02
6.410256493836641312e-03
2.183406148105859756e-03
1.000000000000000000e+00
7.142857462167739868e-02
3.846153849735856056e-03
1.000000000000000000e+00
3.333333432674407959e-01
6.963788182474672794e-04
3.333333432674407959e-01
1.866019738372415304e-04
2.604166744276881218e-03
2.500000000000000000e-01
5.000000074505805969e-02
1.906577672343701124e-04
6.775067886337637901e-04
6.451612804085016251e-03
8.403361774981021881e-03
1.623376621864736080e-03
2.832861151546239853e-03
2.500000000000000000e-01
4.524887073785066605e-03
1.176470611244440079e-02
1.000000000000000000e+00
7.773982133585377596e-07
1.000000000000000000e+00
1.000000000000000000e+00
1.639344170689582825e-02
1.086956541985273361e-02
4.347826167941093445e-02
5.000000000000000000e-01
1.000000000000000000e+00
2.564102644100785255e-03
1.428571436554193497e-02
6.321112741716206074e-04
1.666666716337203979e-01
1.000000000000000000e+00
2.590673509985208511e-03
1.250000000000000000e-01
1.000000000000000000e+00
1.040041606756858528e-04
1.000000000000000000e+00
3.333333432674407959e-01
6.251953891478478909e-05
1.000000000000000000e+00
3.333333507180213928e-02
5.000000000000000000e-01
5.263157933950424194e-02
1.000000000000000000e+00
1.506024040281772614e-03
5.952381063252687454e-03
3.030303120613098145e-02
1.666666716337203979e-01
3.333333432674407959e-01
2.347417874261736870e-03
2.500000000000000000e-01
5.000000074505805969e-02
5.000000000000000000e-01
1.492537278681993484e-02
3.812428622040897608e-04
5.000000000000000000e-01
3.776435041800141335e-04
3.225806355476379395e-02
4.545454680919647217e-02
5.000000000000000000e-01
6.250000000000000000e-02
5.000000000000000000e-01
7.401924231089651585e-04
5.000000000000000000e-01
9.090909361839294434e-02
1.000000000000000000e+00
8.333333581686019897e-02
3.030303120613098145e-02
8.333333535119891167e-04
1.960784383118152618e-02
2.564102597534656525e-02
8.976660901680588722e-04
2.232142956927418709e-03
1.000000000000000000e+00
1.298701297491788864e-02
5.461496184580028057e-04
3.333333432674407959e-01
8.403361774981021881e-03
1.298701297491788864e-02
2.777777845039963722e-03
1.111111119389533997e-01
7.352941203862428665e-03
2.373042225372046232e-04
1.000000000000000000e+00
1.726519403746351600e-04
9.708737954497337341e-03
1.310616033151745796e-03
2.500000000000000000e-01
1.594387722434476018e-04
1.666666753590106964e-02
1.052631624042987823e-02
1.000000000000000000e+00
7.751937955617904663e-03
1.000000000000000000e+00
5.347593687474727631e-03
1.000000000000000000e+00
1.666666753590106964e-02
5.000000000000000000e-01
1.666666716337203979e-01
1.428571492433547974e-01
1.000000000000000000e+00
3.333333507180213928e-02
2.325581386685371399e-02
3.521126636769622564e-04
1.000000000000000000e+00
1.372118567815050483e-04
4.166666883975267410e-03
3.451846714597195387e-04
1.317523070611059666e-03
3.787878900766372681e-03
1.666666716337203979e-01
1.200480153784155846e-03
2.238137822132557631e-04
2.500000000000000000e-01
5.000000000000000000e-01
1.250000000000000000e-01
1.000000000000000000e+00
2.777777798473834991e-02
1.000000000000000000e+00
7.132667815312743187e-04
1.030927803367376328e-02
1.888217520900070667e-04
1.000000000000000000e+00
5.810575094074010849e-04
1.000000000000000000e+00
7.352941203862428665e-03
9.090909361839294434e-02
1.923076994717121124e-02
2.175331756006926298e-04
4.504504613578319550e-03
1.620482944417744875e-04
6.535947788506746292e-03
3.333333432674407959e-01
5.000000000000000000e-01
1.763668376952409744e-03
5.813953466713428497e-03
6.373486248776316643e-04
1.384657953167334199e-04
5.830903537571430206e-04
4.411699774209409952e-05
1.470588240772485733e-02
1.219512149691581726e-02
1.000000000000000000e+00
3.703703731298446655e-02
1.111111119389533997e-01
1.000000000000000000e+00
2.941176481544971466e-02
3.767897433135658503e-04
2.631578966975212097e-02
1.000000000000000000e+00
3.333333432674407959e-01
1.250000000000000000e-01
7.142857462167739868e-02
1.666666716337203979e-01
2.000000029802322388e-01
1.740644074743613601e-04
1.000000000000000000e+00
5.000000000000000000e-01
1.694915257394313812e-02
1.428571436554193497e-02
1.363326446153223515e-04
9.380863048136234283e-04
4.784688819199800491e-03
2.272727340459823608e-02
1.000000000000000000e+00
1.000000000000000000e+00
1.298701297491788864e-02
1.000000000000000000e+00
1.747030037222430110e-04
1.000000000000000000e+00
9.009009227156639099e-03
1.111111119389533997e-01
1.728907373035326600e-04
1.449275389313697815e-02
2.941176481544971466e-02
6.250000000000000000e-02
2.012517870753072202e-05
7.748087682557525113e-07
3.595828893594443798e-04
2.777777798473834991e-02
2.340823994018137455e-04
2.127659507095813751e-02
1.000000000000000000e+00
1.000000000000000000e+00
1.000000000000000000e+00
6.896551698446273804e-03
1.000000000000000000e+00
5.000000000000000000e-01
9.615384973585605621e-03
2.000000029802322388e-01
1.000000000000000000e+00
1.428571492433547974e-01
7.092198356986045837e-03
6.250000000000000000e-02
1.515151560306549072e-02
2.160760632250458002e-04
9.090909361839294434e-02
5.000000000000000000e-01
2.577319508418440819e-03
1.000000000000000000e+00
1.291155640501528978e-04
1.000000000000000000e+00
1.041666697710752487e-02
1.996007980778813362e-03
1.000000000000000000e+00
2.500000000000000000e-01
2.865329617634415627e-03
3.348064637975767255e-05
7.757951971143484116e-04
1.111111119389533997e-01
3.333333432674407959e-01
6.849315017461776733e-03
4.111842135898768902e-04
6.666667014360427856e-02
1.111111119389533997e-01
1.000000000000000000e+00
9.523809887468814850e-03
1.000000000000000000e+00
2.500000000000000000e-01
1.492537278681993484e-02
1.017708127619698644e-04
3.269897206337191164e-05
5.415358100435696542e-05
7.243227446451783180e-05
2.979737764690071344e-04
1.000000000000000000e+00
1.000000000000000000e+00
1.000000000000000000e+00
1.666666716337203979e-01
2.345765824429690838e-04
1.666666716337203979e-01
6.329114083200693130e-03
1.785714365541934967e-02
5.714285653084516525e-03
1.000000000000000000e+00
5.000000000000000000e-01
1.855287584476172924e-03
1.000000000000000000e+00
1.000000000000000000e+00
5.681818351149559021e-03
1.111111119389533997e-01
2.439024299383163452e-02
2.040816284716129303e-02
1.000000000000000000e+00
5.882352963089942932e-02
2.702702768146991730e-03
3.531447509885765612e-05
4.545454680919647217e-02
1.862197415903210640e-03
1.111111119389533997e-01
2.415458904579281807e-03
1.307873462792485952e-04
1.344808988505974412e-04
6.301196990534663200e-04
5.000000000000000000e-01
3.125000000000000000e-02
6.666667014360427856e-02
4.545454680919647217e-02
3.333333432674407959e-01
3.389830468222498894e-03
1.000000000000000000e+00
3.712779289344325662e-05
1.014507433865219355e-04
4.166666790843009949e-02
