0.000000000000000000e+00
0.000000000000000000e+00
0.000000000000000000e+00
2.156334231805930035e-02
0.000000000000000000e+00
0.000000000000000000e+00
1.000000000000000056e-01
1.657458563535911533e-02
0.000000000000000000e+00
0.000000000000000000e+00
0.000000000000000000e+00
7.142857142857142461e-02
0.000000000000000000e+00
0.000000000000000000e+00
0.000000000000000000e+00
0.000000000000000000e+00
0.000000000000000000e+00
0.000000000000000000e+00
0.000000000000000000e+00
0.000000000000000000e+00
0.000000000000000000e+00
0.000000000000000000e+00
1.526717557251908337e-02
0.000000000000000000e+00
0.000000000000000000e+00
0.000000000000000000e+00
0.000000000000000000e+00
4.054054054054054279e-02
0.000000000000000000e+00
0.000000000000000000e+00
5.357142857142857192e-03
0.000000000000000000e+00
0.000000000000000000e+00
0.000000000000000000e+00
0.000000000000000000e+00
0.000000000000000000e+00
0.000000000000000000e+00
8.333333333333332871e-02
0.000000000000000000e+00
5.376344086021505805e-03
0.000000000000000000e+00
0.000000000000000000e+00
1.195219123505976075e-02
0.000000000000000000e+00
0.000000000000000000e+00
0.000000000000000000e+00
8.064516129032257841e-03
0.000000000000000000e+00
2.460024600246002533e-03
8.447729672650474558e-03
0.000000000000000000e+00
0.000000000000000000e+00
0.000000000000000000e+00
0.000000000000000000e+00
0.000000000000000000e+00
0.000000000000000000e+00
0.000000000000000000e+00
0.000000000000000000e+00
1.499999999999999944e-02
1.208459214501510573e-02
0.000000000000000000e+00
0.000000000000000000e+00
7.462686567164178962e-03
7.246376811594203160e-02
2.228412256267409478e-02
0.000000000000000000e+00
0.000000000000000000e+00
0.000000000000000000e+00
0.000000000000000000e+00
0.000000000000000000e+00
0.000000000000000000e+00
0.000000000000000000e+00
0.000000000000000000e+00
0.000000000000000000e+00
1.147540983606557333e-02
3.267973856209150426e-03
0.000000000000000000e+00
0.000000000000000000e+00
0.000000000000000000e+00
0.000000000000000000e+00
0.000000000000000000e+00
0.000000000000000000e+00
0.000000000000000000e+00
7.692307692307692735e-02
0.000000000000000000e+00
0.000000000000000000e+00
2.858958068614993447e-03
0.000000000000000000e+00
0.000000000000000000e+00
1.515151515151515194e-02
0.000000000000000000e+00
4.545454545454545581e-02
1.041666666666666609e-02
0.000000000000000000e+00
2.631578947368420907e-02
0.000000000000000000e+00
0.000000000000000000e+00
8.000000000000000167e-03
0.000000000000000000e+00
0.000000000000000000e+00
0.000000000000000000e+00
0.000000000000000000e+00
0.000000000000000000e+00
0.000000000000000000e+00
0.000000000000000000e+00
0.000000000000000000e+00
0.000000000000000000e+00
0.000000000000000000e+00
0.000000000000000000e+00
0.000000000000000000e+00
1.040582726326743073e-03
0.000000000000000000e+00
4.115226337448560021e-03
2.857142857142857054e-02
0.000000000000000000e+00
0.000000000000000000e+00
0.000000000000000000e+00
0.000000000000000000e+00
0.000000000000000000e+00
6.671114076050700149e-03
0.000000000000000000e+00
0.000000000000000000e+00
0.000000000000000000e+00
0.000000000000000000e+00
0.000000000000000000e+00
0.000000000000000000e+00
0.000000000000000000e+00
1.250000000000000000e-01
0.000000000000000000e+00
6.329113924050632813e-03
0.000000000000000000e+00
7.272727272727272721e-03
0.000000000000000000e+00
1.775147928994082885e-02
9.756097560975609748e-03
2.523659305993690774e-02
0.000000000000000000e+00
0.000000000000000000e+00
8.333333333333332871e-02
1.445086705202312111e-02
0.000000000000000000e+00
5.882352941176470507e-02
0.000000000000000000e+00
0.000000000000000000e+00
0.000000000000000000e+00
0.000000000000000000e+00
0.000000000000000000e+00
6.705783738474434263e-03
0.000000000000000000e+00
1.136363636363636395e-02
0.000000000000000000e+00
0.000000000000000000e+00
0.000000000000000000e+00
0.000000000000000000e+00
4.849137931034482908e-03
0.000000000000000000e+00
0.000000000000000000e+00
4.714510214772132252e-03
5.208333333333333044e-03
0.000000000000000000e+00
0.000000000000000000e+00
0.000000000000000000e+00
0.000000000000000000e+00
0.000000000000000000e+00
0.000000000000000000e+00
0.000000000000000000e+00
0.000000000000000000e+00
9.398496240601503238e-03
0.000000000000000000e+00
2.222222222222222307e-02
0.000000000000000000e+00
9.090909090909090468e-03
0.000000000000000000e+00
2.702702702702702853e-02
0.000000000000000000e+00
3.067484662576687188e-03
0.000000000000000000e+00
0.000000000000000000e+00
0.000000000000000000e+00
1.250000000000000069e-02
0.000000000000000000e+00
0.000000000000000000e+00
0.000000000000000000e+00
2.499107461620849596e-03
0.000000000000000000e+00
0.000000000000000000e+00
0.000000000000000000e+00
1.428571428571428492e-01
5.747126436781609116e-03
0.000000000000000000e+00
8.823529411764706454e-02
4.366812227074235581e-03
0.000000000000000000e+00
3.003003003003002977e-03
0.000000000000000000e+00
0.000000000000000000e+00
2.926829268292683098e-02
0.000000000000000000e+00
0.000000000000000000e+00
4.215851602023608542e-03
0.000000000000000000e+00
8.333333333333333218e-03
0.000000000000000000e+00
0.000000000000000000e+00
1.902748414376321390e-02
0.000000000000000000e+00
1.724137931034482735e-02
1.234567901234567833e-02
0.000000000000000000e+00
0.000000000000000000e+00
0.000000000000000000e+00
7.352941176470588480e-02
0.000000000000000000e+00
0.000000000000000000e+00
0.000000000000000000e+00
0.000000000000000000e+00
1.109350237717908125e-02
3.225806451612903223e-03
0.000000000000000000e+00
7.502679528403000987e-03
0.000000000000000000e+00
0.000000000000000000e+00
0.000000000000000000e+00
4.021447721179624742e-03
0.000000000000000000e+00
0.000000000000000000e+00
0.000000000000000000e+00
3.533568904593639530e-03
0.000000000000000000e+00
0.000000000000000000e+00
0.000000000000000000e+00
9.493670886075949653e-03
0.000000000000000000e+00
0.000000000000000000e+00
0.000000000000000000e+00
3.430531732418524819e-03
0.000000000000000000e+00
7.575757575757575968e-03
0.000000000000000000e+00
0.000000000000000000e+00
0.000000000000000000e+00
0.000000000000000000e+00
0.000000000000000000e+00
0.000000000000000000e+00
3.448275862068965469e-02
0.000000000000000000e+00
0.000000000000000000e+00
0.000000000000000000e+00
4.545454545454545581e-02
0.000000000000000000e+00
0.000000000000000000e+00
0.000000000000000000e+00
4.444444444444444441e-03
0.000000000000000000e+00
0.000000000000000000e+00
4.347826086956521618e-02
0.000000000000000000e+00
3.134796238244513984e-03
0.000000000000000000e+00
0.000000000000000000e+00
0.000000000000000000e+00
3.167898627243928393e-03
4.301075268817204644e-02
0.000000000000000000e+00
0.000000000000000000e+00
0.000000000000000000e+00
0.000000000000000000e+00
0.000000000000000000e+00
0.000000000000000000e+00
5.172413793103448204e-02
0.000000000000000000e+00
0.000000000000000000e+00
2.033898305084745790e-03
0.000000000000000000e+00
0.000000000000000000e+00
3.925417075564278414e-03
0.000000000000000000e+00
6.250000000000000000e-02
0.000000000000000000e+00
0.000000000000000000e+00
0.000000000000000000e+00
5.882352941176470507e-02
0.000000000000000000e+00
0.000000000000000000e+00
0.000000000000000000e+00
0.000000000000000000e+00
0.000000000000000000e+00
4.651162790697674354e-02
0.000000000000000000e+00
0.000000000000000000e+00
0.000000000000000000e+00
0.000000000000000000e+00
2.202643171806167605e-03
1.677148846960167805e-02
0.000000000000000000e+00
0.000000000000000000e+00
0.000000000000000000e+00
1.666666666666666574e-01
0.000000000000000000e+00
0.000000000000000000e+00
0.000000000000000000e+00
0.000000000000000000e+00
1.848428835489833617e-03
1.759324419422941517e-03
1.631321370309951136e-03
0.000000000000000000e+00
0.000000000000000000e+00
0.000000000000000000e+00
1.822916666666666782e-02
0.000000000000000000e+00
3.828972559029993668e-03
0.000000000000000000e+00
0.000000000000000000e+00
0.000000000000000000e+00
0.000000000000000000e+00
4.145077720207254041e-02
0.000000000000000000e+00
0.000000000000000000e+00
0.000000000000000000e+00
5.197505197505197794e-03
0.000000000000000000e+00
6.410256410256409687e-02
0.000000000000000000e+00
2.466525722339675715e-03
0.000000000000000000e+00
0.000000000000000000e+00
0.000000000000000000e+00
5.555555555555555247e-02
0.000000000000000000e+00
0.000000000000000000e+00
0.000000000000000000e+00
5.125284738041002361e-03
1.038062283737024166e-02
1.036269430051813510e-02
0.000000000000000000e+00
0.000000000000000000e+00
2.077922077922077920e-02
0.000000000000000000e+00
0.000000000000000000e+00
0.000000000000000000e+00
0.000000000000000000e+00
4.600345025876940823e-03
0.000000000000000000e+00
0.000000000000000000e+00
0.000000000000000000e+00
7.627118644067797104e-02
0.000000000000000000e+00
0.000000000000000000e+00
0.000000000000000000e+00
0.000000000000000000e+00
0.000000000000000000e+00
0.000000000000000000e+00
0.000000000000000000e+00
0.000000000000000000e+00
7.692307692307692735e-02
3.252032520325203596e-02
0.000000000000000000e+00
0.000000000000000000e+00
1.041666666666666609e-02
0.000000000000000000e+00
2.597402597402597574e-02
0.000000000000000000e+00
0.000000000000000000e+00
1.117318435754189980e-02
0.000000000000000000e+00
0.000000000000000000e+00
2.688172043010752729e-02
1.428571428571428492e-01
2.651515151515151589e-02
1.172332942555685733e-03
0.000000000000000000e+00
0.000000000000000000e+00
0.000000000000000000e+00
0.000000000000000000e+00
0.000000000000000000e+00
1.754385964912280604e-02
0.000000000000000000e+00
0.000000000000000000e+00
0.000000000000000000e+00
1.608579088471849897e-02
0.000000000000000000e+00
0.000000000000000000e+00
0.000000000000000000e+00
7.751937984496123923e-03
0.000000000000000000e+00
0.000000000000000000e+00
0.000000000000000000e+00
0.000000000000000000e+00
0.000000000000000000e+00
0.000000000000000000e+00
3.773584905660377214e-02
0.000000000000000000e+00
4.901960784313725422e-02
0.000000000000000000e+00
0.000000000000000000e+00
0.000000000000000000e+00
0.000000000000000000e+00
3.818876159301691324e-03
3.333333333333333287e-02
4.411116012351124762e-04
0.000000000000000000e+00
0.000000000000000000e+00
0.000000000000000000e+00
1.005025125628140718e-02
0.000000000000000000e+00
0.000000000000000000e+00
0.000000000000000000e+00
0.000000000000000000e+00
2.803738317757009310e-02
0.000000000000000000e+00
4.098360655737704611e-02
3.348961821835231070e-03
0.000000000000000000e+00
0.000000000000000000e+00
0.000000000000000000e+00
0.000000000000000000e+00
0.000000000000000000e+00
1.219512195121951262e-02
2.857142857142857054e-02
0.000000000000000000e+00
2.755905511811023584e-02
0.000000000000000000e+00
0.000000000000000000e+00
0.000000000000000000e+00
0.000000000000000000e+00
0.000000000000000000e+00
1.829268292682926719e-02
3.255813953488372048e-02
5.882352941176470507e-02
0.000000000000000000e+00
0.000000000000000000e+00
0.000000000000000000e+00
0.000000000000000000e+00
1.428571428571428492e-01
7.716049382716048954e-03
0.000000000000000000e+00
2.173913043478260809e-02
6.571741511500547514e-03
2.564102564102564100e-03
2.000000000000000111e-01
0.000000000000000000e+00
0.000000000000000000e+00
0.000000000000000000e+00
2.145922746781115872e-03
9.765625000000000000e-04
0.000000000000000000e+00
0.000000000000000000e+00
0.000000000000000000e+00
0.000000000000000000e+00
0.000000000000000000e+00
1.086956521739130405e-02
1.587301587301587213e-02
0.000000000000000000e+00
0.000000000000000000e+00
0.000000000000000000e+00
2.388059701492537337e-02
0.000000000000000000e+00
2.683843263553408690e-03
0.000000000000000000e+00
0.000000000000000000e+00
1.578947368421052544e-01
0.000000000000000000e+00
0.000000000000000000e+00
0.000000000000000000e+00
0.000000000000000000e+00
0.000000000000000000e+00
0.000000000000000000e+00
0.000000000000000000e+00
3.940886699507389207e-02
1.724137931034482735e-02
0.000000000000000000e+00
2.380952380952380820e-02
0.000000000000000000e+00
0.000000000000000000e+00
2.000000000000000111e-01
0.000000000000000000e+00
0.000000000000000000e+00
0.000000000000000000e+00
3.175611305176246528e-04
1.136363636363636395e-02
2.638522427440633152e-03
0.000000000000000000e+00
0.000000000000000000e+00
0.000000000000000000e+00
5.263157894736841987e-03
0.000000000000000000e+00
1.190476190476190410e-02
0.000000000000000000e+00
0.000000000000000000e+00
0.000000000000000000e+00
0.000000000000000000e+00
0.000000000000000000e+00
0.000000000000000000e+00
0.000000000000000000e+00
0.000000000000000000e+00
0.000000000000000000e+00
0.000000000000000000e+00
1.734104046242774394e-02
0.000000000000000000e+00
0.000000000000000000e+00
0.000000000000000000e+00
0.000000000000000000e+00
0.000000000000000000e+00
0.000000000000000000e+00
0.000000000000000000e+00
0.000000000000000000e+00
0.000000000000000000e+00
3.076923076923076920e-03
0.000000000000000000e+00
0.000000000000000000e+00
2.083333333333333218e-02
1.449275362318840597e-02
7.299270072992700489e-03
2.602230483271375516e-02
0.000000000000000000e+00
0.000000000000000000e+00
0.000000000000000000e+00
0.000000000000000000e+00
7.776049766718507415e-03
1.922460749759692450e-03
0.000000000000000000e+00
0.000000000000000000e+00
0.000000000000000000e+00
7.211538461538461939e-03
0.000000000000000000e+00
0.000000000000000000e+00
2.804262478968031543e-03
0.000000000000000000e+00
2.425876010781671116e-02
0.000000000000000000e+00
0.000000000000000000e+00
0.000000000000000000e+00
0.000000000000000000e+00
0.000000000000000000e+00
3.152585119798234550e-03
3.333333333333333287e-02
0.000000000000000000e+00
2.500000000000000000e-01
0.000000000000000000e+00
0.000000000000000000e+00
2.387267904509283653e-02
1.000000000000000056e-01
0.000000000000000000e+00
9.732360097323601231e-03
0.000000000000000000e+00
0.000000000000000000e+00
0.000000000000000000e+00
0.000000000000000000e+00
0.000000000000000000e+00
0.000000000000000000e+00
1.754385964912280604e-02
0.000000000000000000e+00
0.000000000000000000e+00
7.220216606498195203e-03
0.000000000000000000e+00
1.574803149606299191e-02
4.424778761061946841e-03
0.000000000000000000e+00
7.188498402555910244e-03
6.756756756756757132e-03
7.968127490039840499e-03
8.051529790660224770e-03
0.000000000000000000e+00
0.000000000000000000e+00
0.000000000000000000e+00
8.146639511201628561e-03
0.000000000000000000e+00
0.000000000000000000e+00
0.000000000000000000e+00
0.000000000000000000e+00
0.000000000000000000e+00
1.709401709401709574e-02
0.000000000000000000e+00
1.315789473684210453e-02
0.000000000000000000e+00
0.000000000000000000e+00
0.000000000000000000e+00
3.125000000000000000e-02
0.000000000000000000e+00
4.329004329004329001e-03
0.000000000000000000e+00
3.013056578506863141e-03
0.000000000000000000e+00
0.000000000000000000e+00
0.000000000000000000e+00
8.595988538681948593e-03
4.000000000000000083e-02
2.325581395348837177e-02
1.282051282051282007e-02
0.000000000000000000e+00
0.000000000000000000e+00
0.000000000000000000e+00
0.000000000000000000e+00
0.000000000000000000e+00
0.000000000000000000e+00
0.000000000000000000e+00
3.472222222222222029e-03
0.000000000000000000e+00
2.793296089385474950e-03
0.000000000000000000e+00
0.000000000000000000e+00
0.000000000000000000e+00
5.471956224350205122e-03
0.000000000000000000e+00
0.000000000000000000e+00
0.000000000000000000e+00
0.000000000000000000e+00
0.000000000000000000e+00
0.000000000000000000e+00
0.000000000000000000e+00
3.742514970059880250e-03
0.000000000000000000e+00
0.000000000000000000e+00
0.000000000000000000e+00
2.412868632707774671e-02
1.250000000000000000e-01
0.000000000000000000e+00
0.000000000000000000e+00
3.911980440097799147e-03
0.000000000000000000e+00
0.000000000000000000e+00
0.000000000000000000e+00
0.000000000000000000e+00
0.000000000000000000e+00
0.000000000000000000e+00
2.070393374741200977e-03
4.444444444444444614e-02
0.000000000000000000e+00
3.703703703703703498e-02
2.307692307692307820e-01
4.338394793926247418e-03
6.644518272425249325e-03
0.000000000000000000e+00
0.000000000000000000e+00
3.717472118959107633e-03
2.287581699346405081e-02
0.000000000000000000e+00
0.000000000000000000e+00
0.000000000000000000e+00
0.000000000000000000e+00
0.000000000000000000e+00
1.670146137787056201e-02
3.306878306878306695e-03
4.893964110929852757e-03
0.000000000000000000e+00
0.000000000000000000e+00
0.000000000000000000e+00
0.000000000000000000e+00
0.000000000000000000e+00
0.000000000000000000e+00
0.000000000000000000e+00
0.000000000000000000e+00
0.000000000000000000e+00
0.000000000000000000e+00
0.000000000000000000e+00
2.173913043478260809e-02
3.377110694183864913e-03
0.000000000000000000e+00
0.000000000000000000e+00
6.808510638297872279e-03
0.000000000000000000e+00
0.000000000000000000e+00
0.000000000000000000e+00
0.000000000000000000e+00
0.000000000000000000e+00
0.000000000000000000e+00
3.603603603603603572e-02
0.000000000000000000e+00
0.000000000000000000e+00
2.191780821917808236e-02
4.947773501924134128e-03
0.000000000000000000e+00
4.519044544867656908e-03
0.000000000000000000e+00
1.381215469613259611e-03
0.000000000000000000e+00
0.000000000000000000e+00
0.000000000000000000e+00
5.000000000000000278e-02
2.000000000000000111e-01
0.000000000000000000e+00
0.000000000000000000e+00
7.371007371007371259e-03
2.337662337662337747e-02
2.813379180994060851e-03
3.030303030303030387e-02
1.160092807424593919e-02
0.000000000000000000e+00
0.000000000000000000e+00
0.000000000000000000e+00
3.608247422680412042e-02
0.000000000000000000e+00
0.000000000000000000e+00
0.000000000000000000e+00
3.068661296509397635e-03
0.000000000000000000e+00
1.063829787234042527e-02
0.000000000000000000e+00
0.000000000000000000e+00
0.000000000000000000e+00
0.000000000000000000e+00
0.000000000000000000e+00
0.000000000000000000e+00
2.000000000000000111e-01
0.000000000000000000e+00
0.000000000000000000e+00
6.369426751592357008e-03
2.272727272727272790e-02
0.000000000000000000e+00
0.000000000000000000e+00
0.000000000000000000e+00
0.000000000000000000e+00
1.934235976789168291e-03
4.168837936425221109e-03
0.000000000000000000e+00
3.303964757709251191e-03
0.000000000000000000e+00
7.407407407407407690e-03
7.974481658692185058e-04
0.000000000000000000e+00
0.000000000000000000e+00
0.000000000000000000e+00
2.985074626865671672e-03
0.000000000000000000e+00
0.000000000000000000e+00
2.793296089385474950e-03
0.000000000000000000e+00
0.000000000000000000e+00
0.000000000000000000e+00
0.000000000000000000e+00
0.000000000000000000e+00
0.000000000000000000e+00
0.000000000000000000e+00
0.000000000000000000e+00
5.882352941176470507e-02
3.154574132492113468e-03
7.154213036565978089e-03
0.000000000000000000e+00
0.000000000000000000e+00
7.326007326007326001e-03
0.000000000000000000e+00
0.000000000000000000e+00
0.000000000000000000e+00
0.000000000000000000e+00
1.083032490974729194e-02
0.000000000000000000e+00
0.000000000000000000e+00
1.820167455405897377e-03
0.000000000000000000e+00
7.575757575757575968e-03
0.000000000000000000e+00
0.000000000000000000e+00
0.000000000000000000e+00
0.000000000000000000e+00
0.000000000000000000e+00
1.111111111111111049e-01
1.219512195121951262e-02
0.000000000000000000e+00
0.000000000000000000e+00
2.631578947368420907e-02
8.025682182985553054e-03
2.304147465437788016e-03
1.428571428571428527e-02
1.363636363636363535e-01
0.000000000000000000e+00
0.000000000000000000e+00
0.000000000000000000e+00
0.000000000000000000e+00
0.000000000000000000e+00
0.000000000000000000e+00
1.333333333333333419e-02
0.000000000000000000e+00
0.000000000000000000e+00
1.923076923076923184e-02
0.000000000000000000e+00
0.000000000000000000e+00
0.000000000000000000e+00
0.000000000000000000e+00
0.000000000000000000e+00
5.555555555555555247e-02
0.000000000000000000e+00
0.000000000000000000e+00
3.663003663003663000e-03
0.000000000000000000e+00
0.000000000000000000e+00
0.000000000000000000e+00
1.111111111111111049e-01
0.000000000000000000e+00
0.000000000000000000e+00
0.000000000000000000e+00
1.141552511415525051e-02
1.923076923076923184e-02
1.666666666666666574e-01
2.173913043478260809e-02
0.000000000000000000e+00
0.000000000000000000e+00
0.000000000000000000e+00
0.000000000000000000e+00
1.223776223776223797e-02
0.000000000000000000e+00
1.587301587301587213e-02
0.000000000000000000e+00
0.000000000000000000e+00
0.000000000000000000e+00
0.000000000000000000e+00
0.000000000000000000e+00
0.000000000000000000e+00
0.000000000000000000e+00
0.000000000000000000e+00
8.704061895551257200e-03
2.800000000000000058e-02
0.000000000000000000e+00
0.000000000000000000e+00
1.666666666666666774e-03
1.863354037267080793e-02
0.000000000000000000e+00
8.221993833504625052e-03
0.000000000000000000e+00
3.225806451612903136e-02
0.000000000000000000e+00
9.302325581395348708e-02
0.000000000000000000e+00
0.000000000000000000e+00
3.862660944206008917e-02
4.201680672268907381e-03
1.369863013698630148e-03
0.000000000000000000e+00
0.000000000000000000e+00
0.000000000000000000e+00
0.000000000000000000e+00
6.250000000000000000e-02
0.000000000000000000e+00
0.000000000000000000e+00
0.000000000000000000e+00
0.000000000000000000e+00
0.000000000000000000e+00
4.381161007667031676e-03
0.000000000000000000e+00
1.111111111111111049e-01
6.628787878787878972e-03
0.000000000000000000e+00
0.000000000000000000e+00
0.000000000000000000e+00
3.144654088050314461e-02
0.000000000000000000e+00
0.000000000000000000e+00
0.000000000000000000e+00
0.000000000000000000e+00
0.000000000000000000e+00
3.289473684210526133e-03
4.918032786885245811e-02
0.000000000000000000e+00
0.000000000000000000e+00
2.513464991023339323e-03
0.000000000000000000e+00
0.000000000000000000e+00
0.000000000000000000e+00
1.562500000000000000e-02
1.472995090016366616e-02
0.000000000000000000e+00
0.000000000000000000e+00
0.000000000000000000e+00
1.988636363636363605e-02
0.000000000000000000e+00
0.000000000000000000e+00
3.703703703703703498e-02
0.000000000000000000e+00
0.000000000000000000e+00
0.000000000000000000e+00
4.625346901017576319e-03
1.487357461576598906e-03
4.278074866310160179e-02
2.969317057076872272e-03
0.000000000000000000e+00
0.000000000000000000e+00
0.000000000000000000e+00
0.000000000000000000e+00
1.282051282051282007e-02
4.545454545454545581e-02
2.446483180428134403e-03
0.000000000000000000e+00
0.000000000000000000e+00
0.000000000000000000e+00
0.000000000000000000e+00
0.000000000000000000e+00
2.439024390243902524e-02
2.500000000000000000e-01
0.000000000000000000e+00
2.000000000000000042e-02
0.000000000000000000e+00
6.232686980609418621e-03
0.000000000000000000e+00
0.000000000000000000e+00
5.464480874316939712e-02
0.000000000000000000e+00
0.000000000000000000e+00
1.470588235294117627e-02
0.000000000000000000e+00
0.000000000000000000e+00
0.000000000000000000e+00
0.000000000000000000e+00
2.450980392156862711e-02
1.474926253687315614e-03
0.000000000000000000e+00
0.000000000000000000e+00
0.000000000000000000e+00
0.000000000000000000e+00
2.156334231805930035e-02
0.000000000000000000e+00
0.000000000000000000e+00
0.000000000000000000e+00
3.206155819172811644e-03
0.000000000000000000e+00
0.000000000000000000e+00
0.000000000000000000e+00
0.000000000000000000e+00
0.000000000000000000e+00
1.955307262569832422e-02
0.000000000000000000e+00
0.000000000000000000e+00
0.000000000000000000e+00
3.233629749393694252e-03
2.849002849002849145e-03
0.000000000000000000e+00
0.000000000000000000e+00
9.165902841429881143e-04
0.000000000000000000e+00
0.000000000000000000e+00
1.265822784810126563e-02
1.507537688442210991e-02
0.000000000000000000e+00
1.704545454545454419e-02
0.000000000000000000e+00
0.000000000000000000e+00
6.557377049180327863e-03
0.000000000000000000e+00
0.000000000000000000e+00
9.930486593843098481e-03
5.882352941176470507e-02
0.000000000000000000e+00
0.000000000000000000e+00
3.831417624521072599e-03
0.000000000000000000e+00
0.000000000000000000e+00
0.000000000000000000e+00
2.680965147453083161e-03
0.000000000000000000e+00
2.139037433155080090e-02
0.000000000000000000e+00
5.263157894736841813e-02
0.000000000000000000e+00
0.000000000000000000e+00
0.000000000000000000e+00
0.000000000000000000e+00
0.000000000000000000e+00
0.000000000000000000e+00
0.000000000000000000e+00
0.000000000000000000e+00
1.875000000000000000e-01
6.451612903225806446e-03
1.000000000000000021e-02
0.000000000000000000e+00
0.000000000000000000e+00
4.615384615384615641e-02
0.000000000000000000e+00
0.000000000000000000e+00
0.000000000000000000e+00
0.000000000000000000e+00
0.000000000000000000e+00
1.428571428571428527e-02
0.000000000000000000e+00
0.000000000000000000e+00
2.000000000000000111e-01
3.571428571428571230e-02
0.000000000000000000e+00
5.555555555555555247e-02
9.803921568627450844e-03
0.000000000000000000e+00
0.000000000000000000e+00
0.000000000000000000e+00
0.000000000000000000e+00
0.000000000000000000e+00
2.120141342756183545e-03
2.631578947368420907e-02
0.000000000000000000e+00
1.415094339622641542e-02
0.000000000000000000e+00
0.000000000000000000e+00
0.000000000000000000e+00
7.486631016042780487e-03
4.566210045662100203e-03
0.000000000000000000e+00
0.000000000000000000e+00
2.659574468085106405e-02
0.000000000000000000e+00
0.000000000000000000e+00
1.652892561983471120e-02
0.000000000000000000e+00
9.900990099009901110e-03
1.538461538461538547e-02
0.000000000000000000e+00
0.000000000000000000e+00
0.000000000000000000e+00
0.000000000000000000e+00
0.000000000000000000e+00
8.272058823529411867e-03
6.097560975609756092e-04
0.000000000000000000e+00
4.739336492890995622e-03
4.888647474198804660e-03
0.000000000000000000e+00
0.000000000000000000e+00
0.000000000000000000e+00
7.518796992481202590e-03
0.000000000000000000e+00
0.000000000000000000e+00
2.452316076294278058e-02
1.866666666666666821e-02
0.000000000000000000e+00
0.000000000000000000e+00
0.000000000000000000e+00
4.055150040551500079e-03
1.111111111111111154e-02
0.000000000000000000e+00
1.956947162426614373e-03
0.000000000000000000e+00
0.000000000000000000e+00
0.000000000000000000e+00
0.000000000000000000e+00
8.658008658008658001e-03
0.000000000000000000e+00
0.000000000000000000e+00
0.000000000000000000e+00
1.666666666666666574e-01
0.000000000000000000e+00
0.000000000000000000e+00
5.555555555555555247e-02
2.647253474520185317e-03
0.000000000000000000e+00
4.598875830352580629e-03
0.000000000000000000e+00
0.000000000000000000e+00
0.000000000000000000e+00
0.000000000000000000e+00
0.000000000000000000e+00
9.658725048293625558e-04
0.000000000000000000e+00
0.000000000000000000e+00
5.055611729019211104e-03
0.000000000000000000e+00
0.000000000000000000e+00
0.000000000000000000e+00
1.499999999999999944e-02
0.000000000000000000e+00
0.000000000000000000e+00
5.803830528148578097e-04
0.000000000000000000e+00
0.000000000000000000e+00
0.000000000000000000e+00
0.000000000000000000e+00
0.000000000000000000e+00
9.803921568627450844e-03
0.000000000000000000e+00
8.510638297872340219e-02
8.333333333333332871e-02
0.000000000000000000e+00
0.000000000000000000e+00
2.380952380952380820e-02
1.000000000000000056e-01
0.000000000000000000e+00
0.000000000000000000e+00
0.000000000000000000e+00
0.000000000000000000e+00
0.000000000000000000e+00
0.000000000000000000e+00
2.325581395348837177e-02
0.000000000000000000e+00
0.000000000000000000e+00
3.546099290780141758e-03
1.176470588235294101e-02
0.000000000000000000e+00
0.000000000000000000e+00
6.880733944954128822e-03
7.594936708860759202e-03
0.000000000000000000e+00
0.000000000000000000e+00
0.000000000000000000e+00
4.851004851004850696e-03
6.250000000000000000e-02
0.000000000000000000e+00
0.000000000000000000e+00
7.692307692307692735e-03
0.000000000000000000e+00
2.373887240356083173e-02
0.000000000000000000e+00
0.000000000000000000e+00
4.469273743016759400e-03
0.000000000000000000e+00
0.000000000000000000e+00
3.816793893129770843e-03
0.000000000000000000e+00
0.000000000000000000e+00
0.000000000000000000e+00
0.000000000000000000e+00
4.347826086956521618e-02
1.492537313432835792e-02
1.073825503355704640e-02
1.485148514851485080e-02
8.695652173913043237e-02
0.000000000000000000e+00
4.126547455295735516e-03
0.000000000000000000e+00
0.000000000000000000e+00
4.665629860031104623e-03
6.833712984054669815e-03
0.000000000000000000e+00
0.000000000000000000e+00
2.857142857142857054e-02
2.649006622516556289e-02
0.000000000000000000e+00
0.000000000000000000e+00
0.000000000000000000e+00
0.000000000000000000e+00
0.000000000000000000e+00
1.250000000000000069e-02
0.000000000000000000e+00
0.000000000000000000e+00
0.000000000000000000e+00
0.000000000000000000e+00
3.477396920019870837e-03
0.000000000000000000e+00
2.531645569620253125e-02
0.000000000000000000e+00
0.000000000000000000e+00
0.000000000000000000e+00
1.043115438108484011e-03
1.257861635220125854e-02
0.000000000000000000e+00
0.000000000000000000e+00
3.030303030303030387e-02
0.000000000000000000e+00
1.639344262295082053e-02
0.000000000000000000e+00
5.970149253731343170e-02
0.000000000000000000e+00
4.455445544554455239e-02
0.000000000000000000e+00
0.000000000000000000e+00
0.000000000000000000e+00
0.000000000000000000e+00
0.000000000000000000e+00
0.000000000000000000e+00
3.246753246753246967e-03
4.656577415599534239e-03
0.000000000000000000e+00
3.510311540149188298e-03
0.000000000000000000e+00
0.000000000000000000e+00
1.274697259400892242e-03
0.000000000000000000e+00
0.000000000000000000e+00
4.294478527607362150e-02
2.325581395348837177e-02
0.000000000000000000e+00
0.000000000000000000e+00
0.000000000000000000e+00
3.030303030303030387e-02
0.000000000000000000e+00
1.397515527950310595e-02
0.000000000000000000e+00
0.000000000000000000e+00
0.000000000000000000e+00
0.000000000000000000e+00
4.545454545454545581e-02
0.000000000000000000e+00
0.000000000000000000e+00
0.000000000000000000e+00
0.000000000000000000e+00
1.865671641791044741e-03
7.996801279488204711e-04
2.259887005649717593e-03
0.000000000000000000e+00
0.000000000000000000e+00
0.000000000000000000e+00
0.000000000000000000e+00
0.000000000000000000e+00
0.000000000000000000e+00
3.829787234042553168e-02
0.000000000000000000e+00
0.000000000000000000e+00
0.000000000000000000e+00
0.000000000000000000e+00
0.000000000000000000e+00
0.000000000000000000e+00
0.000000000000000000e+00
0.000000000000000000e+00
0.000000000000000000e+00
2.208898706216471958e-03
0.000000000000000000e+00
0.000000000000000000e+00
0.000000000000000000e+00
0.000000000000000000e+00
0.000000000000000000e+00
0.000000000000000000e+00
0.000000000000000000e+00
0.000000000000000000e+00
0.000000000000000000e+00
0.000000000000000000e+00
3.344481605351170509e-03
0.000000000000000000e+00
0.000000000000000000e+00
0.000000000000000000e+00
0.000000000000000000e+00
0.000000000000000000e+00
0.000000000000000000e+00
0.000000000000000000e+00
0.000000000000000000e+00
3.416856492027334907e-03
0.000000000000000000e+00
0.000000000000000000e+00
0.000000000000000000e+00
0.000000000000000000e+00
4.009163802978235602e-03
2.553191489361701996e-03
1.153846153846153910e-01
0.000000000000000000e+00
0.000000000000000000e+00
0.000000000000000000e+00
0.000000000000000000e+00
8.718395815170009062e-04
0.000000000000000000e+00
1.315789473684210453e-02
0.000000000000000000e+00
0.000000000000000000e+00
1.214574898785425114e-02
0.000000000000000000e+00
0.000000000000000000e+00
0.000000000000000000e+00
0.000000000000000000e+00
0.000000000000000000e+00
8.000000000000000167e-03
1.086956521739130405e-02
0.000000000000000000e+00
4.184100418410041482e-03
0.000000000000000000e+00
4.504504504504504465e-03
0.000000000000000000e+00
0.000000000000000000e+00
1.135933358576296905e-03
0.000000000000000000e+00
1.891891891891891997e-02
8.620689655172413673e-03
0.000000000000000000e+00
0.000000000000000000e+00
3.875968992248061962e-02
0.000000000000000000e+00
0.000000000000000000e+00
6.289308176100629269e-03
0.000000000000000000e+00
0.000000000000000000e+00
0.000000000000000000e+00
0.000000000000000000e+00
0.000000000000000000e+00
2.121212121212121340e-02
0.000000000000000000e+00
0.000000000000000000e+00
0.000000000000000000e+00
0.000000000000000000e+00
0.000000000000000000e+00
6.896551724137930939e-03
0.000000000000000000e+00
0.000000000000000000e+00
2.544529262086514185e-03
4.608294930875576033e-03
0.000000000000000000e+00
0.000000000000000000e+00
0.000000000000000000e+00
0.000000000000000000e+00
0.000000000000000000e+00
0.000000000000000000e+00
0.000000000000000000e+00
0.000000000000000000e+00
0.000000000000000000e+00
0.000000000000000000e+00
0.000000000000000000e+00
5.270092226613965966e-03
3.333333333333333148e-01
0.000000000000000000e+00
0.000000000000000000e+00
4.354136429608127488e-03
3.673769287288758010e-04
1.388888888888888812e-02
0.000000000000000000e+00
9.420631182289213729e-04
0.000000000000000000e+00
0.000000000000000000e+00
0.000000000000000000e+00
0.000000000000000000e+00
0.000000000000000000e+00
8.571428571428571508e-02
1.818181818181818094e-02
0.000000000000000000e+00
