9.968615770339965820e-01
9.939473271369934082e-01
9.510084986686706543e-01
9.833976626396179199e-01
9.997866153717041016e-01
9.999104142189025879e-01
9.985696673393249512e-01
9.937072992324829102e-01
9.974793195724487305e-01
9.920054078102111816e-01
9.992153644561767578e-01
9.938440322875976562e-01
9.984427690505981445e-01
9.975620508193969727e-01
9.997845888137817383e-01
9.993346333503723145e-01
9.974334239959716797e-01
9.993884563446044922e-01
9.939091801643371582e-01
9.955467581748962402e-01
9.982039332389831543e-01
9.973717927932739258e-01
9.852340817451477051e-01
9.983602166175842285e-01
9.987274408340454102e-01
9.889470338821411133e-01
9.981563091278076172e-01
9.974242448806762695e-01
9.996429681777954102e-01
9.998939633369445801e-01
9.999853968620300293e-01
9.960180521011352539e-01
9.972698688507080078e-01
9.997326731681823730e-01
9.922838211059570312e-01
9.950315356254577637e-01
9.920729398727416992e-01
9.987147450447082520e-01
9.925485253334045410e-01
9.948760271072387695e-01
9.818758368492126465e-01
9.958241581916809082e-01
9.997393488883972168e-01
9.942655563354492188e-01
9.994713068008422852e-01
9.994919896125793457e-01
9.947838187217712402e-01
9.992440938949584961e-01
9.993146657943725586e-01
9.925386309623718262e-01
9.986178278923034668e-01
9.999430775642395020e-01
9.954658746719360352e-01
9.996172785758972168e-01
9.984843730926513672e-01
9.912154078483581543e-01
9.974042773246765137e-01
9.995279312133789062e-01
9.989144206047058105e-01
9.903500676155090332e-01
9.943746328353881836e-01
9.856880307197570801e-01
9.983723759651184082e-01
9.916693568229675293e-01
9.708072543144226074e-01
9.963487982749938965e-01
9.991038441658020020e-01
9.982482790946960449e-01
9.998958706855773926e-01
9.974499940872192383e-01
9.856666326522827148e-01
9.965503811836242676e-01
9.997223615646362305e-01
9.984858632087707520e-01
9.940096735954284668e-01
9.911382794380187988e-01
9.971643686294555664e-01
9.975113868713378906e-01
9.976080656051635742e-01
9.943049550056457520e-01
9.993867874145507812e-01
8.872236013412475586e-01
9.644187092781066895e-01
9.831652045249938965e-01
9.999003410339355469e-01
9.890562891960144043e-01
9.999445080757141113e-01
9.963219165802001953e-01
9.986748099327087402e-01
9.957438111305236816e-01
9.978398084640502930e-01
9.997170567512512207e-01
9.994462728500366211e-01
9.990993738174438477e-01
9.999819993972778320e-01
9.991326332092285156e-01
9.858785271644592285e-01
9.989164471626281738e-01
9.981361627578735352e-01
9.976333975791931152e-01
9.901045560836791992e-01
9.975795149803161621e-01
9.971507191658020020e-01
9.966873526573181152e-01
9.990054965019226074e-01
9.975619316101074219e-01
9.997063279151916504e-01
9.803590178489685059e-01
9.932875633239746094e-01
9.999715089797973633e-01
9.989103078842163086e-01
9.753808975219726562e-01
9.990394711494445801e-01
9.952555894851684570e-01
9.956755638122558594e-01
9.971691966056823730e-01
9.870498776435852051e-01
9.975783824920654297e-01
9.981462359428405762e-01
9.997386336326599121e-01
9.936818480491638184e-01
9.942371845245361328e-01
9.932335019111633301e-01
9.974999427795410156e-01
9.983406066894531250e-01
9.954730272293090820e-01
9.916450977325439453e-01
9.947316050529479980e-01
9.985445141792297363e-01
9.813907742500305176e-01
9.991798400878906250e-01
9.944328069686889648e-01
9.887525439262390137e-01
9.759154915809631348e-01
9.909186959266662598e-01
9.959119558334350586e-01
9.987010955810546875e-01
9.818844795227050781e-01
9.995751380920410156e-01
9.991110563278198242e-01
9.978787302970886230e-01
9.993945956230163574e-01
9.980324506759643555e-01
9.992792010307312012e-01
9.980605840682983398e-01
9.917824864387512207e-01
9.972144365310668945e-01
9.971166253089904785e-01
9.993286132812500000e-01
9.994285106658935547e-01
9.970863461494445801e-01
9.979469776153564453e-01
9.915218353271484375e-01
9.964051842689514160e-01
9.968902468681335449e-01
9.966051578521728516e-01
9.997701048851013184e-01
9.951509237289428711e-01
9.940995573997497559e-01
9.995071887969970703e-01
9.981335401535034180e-01
9.992687702178955078e-01
9.997060894966125488e-01
9.918116927146911621e-01
9.956022500991821289e-01
9.983924031257629395e-01
9.986986517906188965e-01
9.986739754676818848e-01
9.889861941337585449e-01
9.873121976852416992e-01
9.997042417526245117e-01
9.981535077095031738e-01
9.996557235717773438e-01
9.992924332618713379e-01
9.990410208702087402e-01
9.994022250175476074e-01
9.961738586425781250e-01
9.961183071136474609e-01
9.973185062408447266e-01
9.942225217819213867e-01
9.844927787780761719e-01
9.966626763343811035e-01
9.999985098838806152e-01
9.991950392723083496e-01
9.942791461944580078e-01
9.994308948516845703e-01
9.993887543678283691e-01
9.926210045814514160e-01
9.993643164634704590e-01
9.937531948089599609e-01
9.825400710105895996e-01
9.986879229545593262e-01
9.936357140541076660e-01
9.913670420646667480e-01
9.954125881195068359e-01
9.997308850288391113e-01
9.983515739440917969e-01
9.964440464973449707e-01
9.997318387031555176e-01
9.971467256546020508e-01
9.973731637001037598e-01
9.945490360260009766e-01
9.997836351394653320e-01
9.992384314537048340e-01
9.972631931304931641e-01
9.979915022850036621e-01
9.890296459197998047e-01
9.991433024406433105e-01
9.991818070411682129e-01
9.805999994277954102e-01
9.859043359756469727e-01
9.938876628875732422e-01
9.910742044448852539e-01
9.997296333312988281e-01
9.997564554214477539e-01
9.928662180900573730e-01
9.825136065483093262e-01
9.946967959403991699e-01
9.968387484550476074e-01
9.937491416931152344e-01
9.875268340110778809e-01
9.984006285667419434e-01
9.926460385322570801e-01
9.957152009010314941e-01
9.966610670089721680e-01
9.957882165908813477e-01
9.952617883682250977e-01
9.889003634452819824e-01
9.965968728065490723e-01
9.988394379615783691e-01
9.993540048599243164e-01
9.986020922660827637e-01
9.981780648231506348e-01
9.975900650024414062e-01
9.988848567008972168e-01
9.971944093704223633e-01
9.990850090980529785e-01
9.941547513008117676e-01
9.970182180404663086e-01
9.998555779457092285e-01
9.986768364906311035e-01
9.960994720458984375e-01
9.997690916061401367e-01
9.762443304061889648e-01
9.982289075851440430e-01
9.986097216606140137e-01
9.996344447135925293e-01
9.975604414939880371e-01
9.903990626335144043e-01
9.998651146888732910e-01
9.988510012626647949e-01
9.985415339469909668e-01
9.932526946067810059e-01
9.969356060028076172e-01
9.960039854049682617e-01
9.958198070526123047e-01
9.997609853744506836e-01
9.917030334472656250e-01
9.999306797981262207e-01
9.990406036376953125e-01
9.934531450271606445e-01
9.994770288467407227e-01
9.970783591270446777e-01
9.992524385452270508e-01
9.937129616737365723e-01
9.982281923294067383e-01
9.980224370956420898e-01
9.955663681030273438e-01
9.976052641868591309e-01
9.952863454818725586e-01
9.896028637886047363e-01
9.855496883392333984e-01
9.979980587959289551e-01
9.989222884178161621e-01
9.996901750564575195e-01
9.964836239814758301e-01
9.962814450263977051e-01
9.830940961837768555e-01
9.973930120468139648e-01
9.996264576911926270e-01
9.969856142997741699e-01
9.969345331192016602e-01
9.910128712654113770e-01
9.946103096008300781e-01
9.990135431289672852e-01
9.996965527534484863e-01
9.906024336814880371e-01
9.933815598487854004e-01
9.986290335655212402e-01
9.953926205635070801e-01
9.977822899818420410e-01
9.929491281509399414e-01
9.997884631156921387e-01
9.993849992752075195e-01
9.993929266929626465e-01
9.998435378074645996e-01
9.997380971908569336e-01
9.923396110534667969e-01
9.536604285240173340e-01
9.977204799652099609e-01
9.985170960426330566e-01
9.867900013923645020e-01
9.991836547851562500e-01
9.989489316940307617e-01
9.927459955215454102e-01
9.953082203865051270e-01
9.980647563934326172e-01
9.956660270690917969e-01
9.992732405662536621e-01
9.998140335083007812e-01
9.897139668464660645e-01
9.981957077980041504e-01
9.992457032203674316e-01
9.985342621803283691e-01
9.985942244529724121e-01
9.950151443481445312e-01
9.969016909599304199e-01
9.947558045387268066e-01
9.954403042793273926e-01
9.947508573532104492e-01
9.978637099266052246e-01
9.867073893547058105e-01
9.745754599571228027e-01
9.957377314567565918e-01
9.991679191589355469e-01
9.982190132141113281e-01
9.888440966606140137e-01
9.751351475715637207e-01
9.847822785377502441e-01
9.926680922508239746e-01
9.922121763229370117e-01
9.606853127479553223e-01
9.797982573509216309e-01
9.997215270996093750e-01
9.968988299369812012e-01
9.762945771217346191e-01
9.980617165565490723e-01
9.997602701187133789e-01
9.863023161888122559e-01
9.938638806343078613e-01
9.564457535743713379e-01
9.979797005653381348e-01
9.987097978591918945e-01
9.997342824935913086e-01
9.988254308700561523e-01
9.750089645385742188e-01
9.995031952857971191e-01
9.981836676597595215e-01
9.993641972541809082e-01
9.971338510513305664e-01
9.991894364356994629e-01
9.956302046775817871e-01
9.968217611312866211e-01
9.978630542755126953e-01
9.989778995513916016e-01
9.847242236137390137e-01
9.858852624893188477e-01
9.984654784202575684e-01
9.957759976387023926e-01
9.993020296096801758e-01
9.912217259407043457e-01
9.993906021118164062e-01
9.788587689399719238e-01
9.980492591857910156e-01
9.997644424438476562e-01
9.901043176651000977e-01
9.871824979782104492e-01
8.921461701393127441e-01
9.971455931663513184e-01
9.987315535545349121e-01
9.987524151802062988e-01
9.958980083465576172e-01
9.977173209190368652e-01
9.927356243133544922e-01
9.947292208671569824e-01
9.970710873603820801e-01
9.997318983078002930e-01
9.997303485870361328e-01
9.977962374687194824e-01
9.996507167816162109e-01
9.953197240829467773e-01
9.964439272880554199e-01
9.842517971992492676e-01
9.977183938026428223e-01
9.961097240447998047e-01
9.927129149436950684e-01
9.970803856849670410e-01
9.986996650695800781e-01
9.991844892501831055e-01
9.981030225753784180e-01
9.812822341918945312e-01
9.892860651016235352e-01
9.893738031387329102e-01
9.989813566207885742e-01
9.958662986755371094e-01
9.948046803474426270e-01
9.985496997833251953e-01
9.954627156257629395e-01
9.962296485900878906e-01
9.983770251274108887e-01
9.897683262825012207e-01
9.971693158149719238e-01
9.834718108177185059e-01
9.910916686058044434e-01
9.818509221076965332e-01
9.978321194648742676e-01
9.509277939796447754e-01
9.979625940322875977e-01
9.928075671195983887e-01
9.993551373481750488e-01
9.930725693702697754e-01
9.944477677345275879e-01
9.940449595451354980e-01
9.933586716651916504e-01
9.997490048408508301e-01
9.972183704376220703e-01
9.989484548568725586e-01
9.997066259384155273e-01
9.986162185668945312e-01
9.990160465240478516e-01
9.959309697151184082e-01
9.992033243179321289e-01
9.951980710029602051e-01
9.974653720855712891e-01
9.901214241981506348e-01
9.959118962287902832e-01
9.961633086204528809e-01
9.939795732498168945e-01
9.983006715774536133e-01
9.997252821922302246e-01
9.964238405227661133e-01
9.959951043128967285e-01
9.954659938812255859e-01
9.943014383316040039e-01
9.984508752822875977e-01
9.999598860740661621e-01
9.959560036659240723e-01
9.797362089157104492e-01
9.972993731498718262e-01
9.953432083129882812e-01
9.963496327400207520e-01
9.936211109161376953e-01
9.968850612640380859e-01
9.974332451820373535e-01
9.989129304885864258e-01
9.948979616165161133e-01
9.971243739128112793e-01
9.942280054092407227e-01
9.985222220420837402e-01
9.963040351867675781e-01
9.956457018852233887e-01
9.973669052124023438e-01
9.885167479515075684e-01
9.947706460952758789e-01
9.952071309089660645e-01
9.904748797416687012e-01
9.859855771064758301e-01
9.980577826499938965e-01
9.906468391418457031e-01
9.456996321678161621e-01
9.930086135864257812e-01
9.825409054756164551e-01
9.982265830039978027e-01
9.982665777206420898e-01
9.986031651496887207e-01
9.984225630760192871e-01
9.897335171699523926e-01
9.975273013114929199e-01
9.882107377052307129e-01
9.947703480720520020e-01
9.853573441505432129e-01
9.983658194541931152e-01
9.998030662536621094e-01
9.991132020950317383e-01
9.988142251968383789e-01
9.903423190116882324e-01
9.934972524642944336e-01
9.753676652908325195e-01
9.984223842620849609e-01
9.944173097610473633e-01
9.986330866813659668e-01
9.991677403450012207e-01
9.977689385414123535e-01
9.791924953460693359e-01
9.993765950202941895e-01
9.759102463722229004e-01
9.955741167068481445e-01
9.982502460479736328e-01
9.949472546577453613e-01
9.985420107841491699e-01
9.936343431472778320e-01
9.923738241195678711e-01
9.961253404617309570e-01
9.992113709449768066e-01
9.966109395027160645e-01
9.950414896011352539e-01
9.983782768249511719e-01
9.826313853263854980e-01
9.927771091461181641e-01
9.935865998268127441e-01
9.850354194641113281e-01
9.975113272666931152e-01
9.984611868858337402e-01
9.993882179260253906e-01
9.958028197288513184e-01
9.939378499984741211e-01
9.690380692481994629e-01
9.991030693054199219e-01
9.947188496589660645e-01
9.969260096549987793e-01
9.987018704414367676e-01
9.988756179809570312e-01
9.976578950881958008e-01
9.974052309989929199e-01
9.966125488281250000e-01
9.970995783805847168e-01
9.840069413185119629e-01
9.963784813880920410e-01
9.997482895851135254e-01
9.945150613784790039e-01
9.950610399246215820e-01
9.893599748611450195e-01
9.975151419639587402e-01
9.942682385444641113e-01
9.905045032501220703e-01
9.820734858512878418e-01
9.983086585998535156e-01
9.977144598960876465e-01
9.957023262977600098e-01
9.805784225463867188e-01
9.989985823631286621e-01
9.896770119667053223e-01
9.954080581665039062e-01
9.992680549621582031e-01
9.938749670982360840e-01
9.969009757041931152e-01
9.961294531822204590e-01
9.962275028228759766e-01
9.985402822494506836e-01
9.981904625892639160e-01
9.984600543975830078e-01
9.982338547706604004e-01
9.990714192390441895e-01
9.971380233764648438e-01
9.943906068801879883e-01
9.916506409645080566e-01
9.962859153747558594e-01
9.840426445007324219e-01
9.981992840766906738e-01
9.985951185226440430e-01
9.980528354644775391e-01
9.193634986877441406e-01
9.994367361068725586e-01
9.763541221618652344e-01
9.968065023422241211e-01
9.864448308944702148e-01
9.972647428512573242e-01
9.960801005363464355e-01
9.886198639869689941e-01
9.890570044517517090e-01
9.983227252960205078e-01
9.955537915229797363e-01
9.991919994354248047e-01
9.991594552993774414e-01
9.931380152702331543e-01
9.981790184974670410e-01
9.967887997627258301e-01
9.999996423721313477e-01
9.977742433547973633e-01
9.989165663719177246e-01
9.949499368667602539e-01
9.981650114059448242e-01
9.972844123840332031e-01
9.987487196922302246e-01
9.987828135490417480e-01
9.953900575637817383e-01
9.884475469589233398e-01
9.897977709770202637e-01
9.483138322830200195e-01
9.997265934944152832e-01
9.993603229522705078e-01
9.988567829132080078e-01
9.987137913703918457e-01
9.993925690650939941e-01
9.961372017860412598e-01
9.970694780349731445e-01
9.976874589920043945e-01
9.952782392501831055e-01
9.983114004135131836e-01
9.978373050689697266e-01
9.964672327041625977e-01
9.827199578285217285e-01
9.996836185455322266e-01
9.964933395385742188e-01
9.944321513175964355e-01
9.953137040138244629e-01
9.946677088737487793e-01
9.965208172798156738e-01
9.971799850463867188e-01
9.886227250099182129e-01
9.944945573806762695e-01
9.875642657279968262e-01
9.961061477661132812e-01
9.993453025817871094e-01
9.979338645935058594e-01
9.920859932899475098e-01
9.937846660614013672e-01
9.973960518836975098e-01
9.995979070663452148e-01
9.947562813758850098e-01
9.868005514144897461e-01
9.996646642684936523e-01
9.853643178939819336e-01
9.998955130577087402e-01
9.921109080314636230e-01
9.870866537094116211e-01
9.874525666236877441e-01
9.984731674194335938e-01
9.975469708442687988e-01
9.879398345947265625e-01
9.999059438705444336e-01
9.990813732147216797e-01
9.981456398963928223e-01
9.991385340690612793e-01
9.966261386871337891e-01
9.993814826011657715e-01
9.978377223014831543e-01
9.796785116195678711e-01
9.957332611083984375e-01
9.993557333946228027e-01
9.982429742813110352e-01
9.966764450073242188e-01
9.995987415313720703e-01
9.988753199577331543e-01
9.962376356124877930e-01
9.951689243316650391e-01
9.999629259109497070e-01
9.958817958831787109e-01
9.845561385154724121e-01
9.976920485496520996e-01
9.990669488906860352e-01
9.953680038452148438e-01
9.895467758178710938e-01
9.897859096527099609e-01
9.991740584373474121e-01
9.947981834411621094e-01
9.979499578475952148e-01
9.974234104156494141e-01
9.605211019515991211e-01
9.992918372154235840e-01
9.972326159477233887e-01
9.945915937423706055e-01
9.999593496322631836e-01
9.981729388236999512e-01
9.994739294052124023e-01
9.990244507789611816e-01
9.939777255058288574e-01
9.997880458831787109e-01
9.984249472618103027e-01
9.747142791748046875e-01
9.982519149780273438e-01
9.946964979171752930e-01
9.987614750862121582e-01
9.897644519805908203e-01
9.958568215370178223e-01
9.959396719932556152e-01
9.984940886497497559e-01
9.993314146995544434e-01
9.952888488769531250e-01
9.963763356208801270e-01
9.970496892929077148e-01
9.990634918212890625e-01
9.935106635093688965e-01
9.712170362472534180e-01
9.901764392852783203e-01
9.980009198188781738e-01
9.990461468696594238e-01
9.971317648887634277e-01
9.990234971046447754e-01
9.994788169860839844e-01
9.981138706207275391e-01
9.999088644981384277e-01
9.997282028198242188e-01
9.981678128242492676e-01
9.960397481918334961e-01
9.988092780113220215e-01
9.906672835350036621e-01
9.987304806709289551e-01
9.989929795265197754e-01
9.986428618431091309e-01
9.861981868743896484e-01
9.982059001922607422e-01
9.973905682563781738e-01
9.994821548461914062e-01
9.994024634361267090e-01
9.958319067955017090e-01
9.994959235191345215e-01
9.964363574981689453e-01
9.986347556114196777e-01
9.990681409835815430e-01
1.000000000000000000e+00
9.938352108001708984e-01
9.991980791091918945e-01
9.955006241798400879e-01
9.915612339973449707e-01
9.952448010444641113e-01
9.964446425437927246e-01
9.960093498229980469e-01
9.971687793731689453e-01
9.978007078170776367e-01
9.973406791687011719e-01
9.989411830902099609e-01
9.967951774597167969e-01
9.519892334938049316e-01
9.986913800239562988e-01
9.879840016365051270e-01
9.959855079650878906e-01
9.956483840942382812e-01
9.929433465003967285e-01
9.972984194755554199e-01
9.960458874702453613e-01
9.988831877708435059e-01
9.955086708068847656e-01
9.943416714668273926e-01
9.993256330490112305e-01
9.992110729217529297e-01
9.923779964447021484e-01
9.998692274093627930e-01
9.906236529350280762e-01
9.990787506103515625e-01
9.897614121437072754e-01
9.990924596786499023e-01
9.995668530464172363e-01
9.963217377662658691e-01
9.930124878883361816e-01
9.963676333427429199e-01
9.970251917839050293e-01
9.979290962219238281e-01
9.757598638534545898e-01
9.818933606147766113e-01
9.977927207946777344e-01
9.918769001960754395e-01
9.999449253082275391e-01
9.810470342636108398e-01
9.934403300285339355e-01
9.838066697120666504e-01
9.991348385810852051e-01
9.971534013748168945e-01
9.938898682594299316e-01
9.995811581611633301e-01
9.989987611770629883e-01
9.997727870941162109e-01
9.989921450614929199e-01
9.996925592422485352e-01
9.895427823066711426e-01
9.784938097000122070e-01
9.974339008331298828e-01
9.856012463569641113e-01
9.982109069824218750e-01
9.931381940841674805e-01
9.984940886497497559e-01
9.997016787528991699e-01
9.939324855804443359e-01
9.949071407318115234e-01
9.994964599609375000e-01
9.989017844200134277e-01
9.989818334579467773e-01
9.815029501914978027e-01
9.992403984069824219e-01
6.235685348510742188e-01
9.963303804397583008e-01
9.961351156234741211e-01
9.941994547843933105e-01
9.987221956253051758e-01
9.979912042617797852e-01
9.901543855667114258e-01
9.979696869850158691e-01
9.972401261329650879e-01
9.947392344474792480e-01
9.948659539222717285e-01
9.624401926994323730e-01
9.899225234985351562e-01
9.997218847274780273e-01
9.999573826789855957e-01
9.884476661682128906e-01
9.859230518341064453e-01
9.615561962127685547e-01
9.997088313102722168e-01
9.973642230033874512e-01
9.997252821922302246e-01
9.991292357444763184e-01
9.986107349395751953e-01
9.988559484481811523e-01
9.995619058609008789e-01
9.996902942657470703e-01
9.975683689117431641e-01
9.966590404510498047e-01
9.995900392532348633e-01
9.863239526748657227e-01
9.988347887992858887e-01
9.943349957466125488e-01
9.838249087333679199e-01
9.905143380165100098e-01
9.989650249481201172e-01
9.540214538574218750e-01
9.995417594909667969e-01
9.995407462120056152e-01
9.860395193099975586e-01
9.912438392639160156e-01
9.912194609642028809e-01
9.987946748733520508e-01
9.974370598793029785e-01
9.921948909759521484e-01
9.997146725654602051e-01
9.997433423995971680e-01
9.990262985229492188e-01
9.900024533271789551e-01
9.991800189018249512e-01
9.986656904220581055e-01
9.981514811515808105e-01
9.988214373588562012e-01
9.988686442375183105e-01
9.945693612098693848e-01
9.937084317207336426e-01
9.909642934799194336e-01
9.881671071052551270e-01
9.960959553718566895e-01
9.790465235710144043e-01
9.997183084487915039e-01
9.974157810211181641e-01
9.954108595848083496e-01
9.984731674194335938e-01
9.938021302223205566e-01
9.974799752235412598e-01
9.949012398719787598e-01
9.958152770996093750e-01
9.454573988914489746e-01
9.989829659461975098e-01
9.937273859977722168e-01
9.990118145942687988e-01
9.986816048622131348e-01
9.989279508590698242e-01
9.972932338714599609e-01
9.999992251396179199e-01
9.981380105018615723e-01
9.880979061126708984e-01
9.852264523506164551e-01
9.951826930046081543e-01
9.823384881019592285e-01
9.918477535247802734e-01
9.955050945281982422e-01
9.903560876846313477e-01
9.959689974784851074e-01
9.975799918174743652e-01
9.976714253425598145e-01
9.999430775642395020e-01
9.968444705009460449e-01
9.979591369628906250e-01
9.956967830657958984e-01
9.970679879188537598e-01
9.961273074150085449e-01
9.968907833099365234e-01
9.949932098388671875e-01
9.945482015609741211e-01
9.980008602142333984e-01
9.960410594940185547e-01
9.706497192382812500e-01
9.838788509368896484e-01
9.980183243751525879e-01
9.950891137123107910e-01
9.962914586067199707e-01
9.959422945976257324e-01
9.984404444694519043e-01
9.855282306671142578e-01
9.989254474639892578e-01
9.993724226951599121e-01
9.899988174438476562e-01
9.917644858360290527e-01
9.977639317512512207e-01
9.991013407707214355e-01
9.979836940765380859e-01
9.923020005226135254e-01
9.983695149421691895e-01
9.998390078544616699e-01
9.864617586135864258e-01
9.979121088981628418e-01
9.960297346115112305e-01
9.923990368843078613e-01
9.975048899650573730e-01
9.982116818428039551e-01
9.993138909339904785e-01
9.243304133415222168e-01
9.960931539535522461e-01
9.900909066200256348e-01
9.997197985649108887e-01
9.713267087936401367e-01
9.844704866409301758e-01
9.982021450996398926e-01
9.973450899124145508e-01
9.866003990173339844e-01
9.980250000953674316e-01
9.965381622314453125e-01
9.900714159011840820e-01
9.965789318084716797e-01
9.858964681625366211e-01
9.954577684402465820e-01
9.817106127738952637e-01
1.000000000000000000e+00
9.986060261726379395e-01
9.589197039604187012e-01
9.994497895240783691e-01
9.976959228515625000e-01
9.817408919334411621e-01
9.997534751892089844e-01
9.974978566169738770e-01
9.969801306724548340e-01
9.843297004699707031e-01
9.902728796005249023e-01
9.992114901542663574e-01
9.933348894119262695e-01
9.963868856430053711e-01
9.996519684791564941e-01
9.997960925102233887e-01
9.955327510833740234e-01
9.994599223136901855e-01
9.971079230308532715e-01
9.994091987609863281e-01
9.982923865318298340e-01
9.986001253128051758e-01
9.998076558113098145e-01
9.988468885421752930e-01
9.908871054649353027e-01
9.981529712677001953e-01
9.949182868003845215e-01
9.944667220115661621e-01
9.934808015823364258e-01
9.999992251396179199e-01
9.851745963096618652e-01
9.995412826538085938e-01
9.967690706253051758e-01
9.934343695640563965e-01
9.950320720672607422e-01
9.886838197708129883e-01
9.948636293411254883e-01
9.994080662727355957e-01
9.997475147247314453e-01
9.958587884902954102e-01
9.937870502471923828e-01
9.957954883575439453e-01
9.988607168197631836e-01
9.986695051193237305e-01
9.999003410339355469e-01
9.829284548759460449e-01
9.978459477424621582e-01
9.981104135513305664e-01
9.940153360366821289e-01
9.934605956077575684e-01
9.961907267570495605e-01
9.983834028244018555e-01
9.994794130325317383e-01
9.934838414192199707e-01
9.920018315315246582e-01
9.679365754127502441e-01
9.960218667984008789e-01
9.921289086341857910e-01
9.995720386505126953e-01
9.900099039077758789e-01
9.962224960327148438e-01
9.951828122138977051e-01
9.974930882453918457e-01
9.989826083183288574e-01
9.997262954711914062e-01
9.974775314331054688e-01
9.998860955238342285e-01
9.785758256912231445e-01
9.982099533081054688e-01
9.996283650398254395e-01
9.863283038139343262e-01
9.998215436935424805e-01
9.919515252113342285e-01
9.879142642021179199e-01
9.825697541236877441e-01
9.992362260818481445e-01
9.997345209121704102e-01
9.982287287712097168e-01
9.993509054183959961e-01
9.970691800117492676e-01
9.989336729049682617e-01
9.998450875282287598e-01
9.996528625488281250e-01
9.967982769012451172e-01
9.983927607536315918e-01
9.986810088157653809e-01
9.975937008857727051e-01
9.946917891502380371e-01
9.985090494155883789e-01
9.991036057472229004e-01
9.932156801223754883e-01
9.991330504417419434e-01
9.937025308609008789e-01
9.996513724327087402e-01
9.923732280731201172e-01
9.982005953788757324e-01
9.959234595298767090e-01
9.898718595504760742e-01
9.964370131492614746e-01
9.981135129928588867e-01
9.965007901191711426e-01
9.968991279602050781e-01
9.995071291923522949e-01
9.946343302726745605e-01
9.964075684547424316e-01
9.983049631118774414e-01
9.861534833908081055e-01
9.988597035408020020e-01
9.935298562049865723e-01
9.952087998390197754e-01
9.933441281318664551e-01
9.826086759567260742e-01
9.975975155830383301e-01
9.887228608131408691e-01
9.988257288932800293e-01
9.955939650535583496e-01
9.606859087944030762e-01
9.990767836570739746e-01
9.994562268257141113e-01
9.605882167816162109e-01
9.958979487419128418e-01
9.971995949745178223e-01
9.993967413902282715e-01
9.986214637756347656e-01
9.987171888351440430e-01
9.915118813514709473e-01
9.997367858886718750e-01
9.930543899536132812e-01
9.989986419677734375e-01
9.951653480529785156e-01
9.991744756698608398e-01
9.840825200080871582e-01
9.951468110084533691e-01
9.990315437316894531e-01
9.970927834510803223e-01
9.992994070053100586e-01
9.961188435554504395e-01
9.678779840469360352e-01
9.999045133590698242e-01
9.994270205497741699e-01
9.909351468086242676e-01
9.753966927528381348e-01
9.972315430641174316e-01
9.997119903564453125e-01
9.986255764961242676e-01
9.997029304504394531e-01
9.959560036659240723e-01
9.994788169860839844e-01
9.923468232154846191e-01
9.967215657234191895e-01
9.907247424125671387e-01
9.920790195465087891e-01
9.936194419860839844e-01
9.924513101577758789e-01
9.965054392814636230e-01
9.994447827339172363e-01
9.985628128051757812e-01
9.929651021957397461e-01
9.909696578979492188e-01
9.974027276039123535e-01
9.998030066490173340e-01
9.963452219963073730e-01
9.992035031318664551e-01
9.744302630424499512e-01
9.989162087440490723e-01
9.569932222366333008e-01
9.983121752738952637e-01
9.912927746772766113e-01
9.917631745338439941e-01
9.995877742767333984e-01
9.977755546569824219e-01
9.981247186660766602e-01
9.997667670249938965e-01
9.958263039588928223e-01
9.996808171272277832e-01
9.929925799369812012e-01
9.908099174499511719e-01
9.968929290771484375e-01
9.994387626647949219e-01
9.931918978691101074e-01
9.996783733367919922e-01
9.308745861053466797e-01
9.832081198692321777e-01
9.998460412025451660e-01
9.910508394241333008e-01
9.991669654846191406e-01
9.983091354370117188e-01
9.946737289428710938e-01
9.978368282318115234e-01
9.945958852767944336e-01
9.884956479072570801e-01
9.957370162010192871e-01
9.840502738952636719e-01
9.814239740371704102e-01
9.985043406486511230e-01
9.952552914619445801e-01
9.984647631645202637e-01
9.996423721313476562e-01
9.928554892539978027e-01
9.925481081008911133e-01
9.937611818313598633e-01
9.815523624420166016e-01
9.957985281944274902e-01
9.998179674148559570e-01
9.991986155509948730e-01
9.931212663650512695e-01
9.974162578582763672e-01
9.892799258232116699e-01
9.989259839057922363e-01
9.990569353103637695e-01
9.969873428344726562e-01
9.991012215614318848e-01
9.904892444610595703e-01
9.973188042640686035e-01
9.991562366485595703e-01
9.990447759628295898e-01
9.976789951324462891e-01
9.993094801902770996e-01
9.999473094940185547e-01
9.945257902145385742e-01
9.993396401405334473e-01
9.950027465820312500e-01
9.886146187782287598e-01
9.996034502983093262e-01
9.982235431671142578e-01
9.940882921218872070e-01
9.963487982749938965e-01
9.911478757858276367e-01
9.988278746604919434e-01
9.958052039146423340e-01
9.901084899902343750e-01
9.983371496200561523e-01
9.982135891914367676e-01
9.846761226654052734e-01
9.988296031951904297e-01
9.974208474159240723e-01
9.983347058296203613e-01
9.918394684791564941e-01
9.995123744010925293e-01
9.932268261909484863e-01
9.999409914016723633e-01
9.907178878784179688e-01
9.993078708648681641e-01
9.907937645912170410e-01
9.958937764167785645e-01
9.944010376930236816e-01
9.997553825378417969e-01
9.989646077156066895e-01
9.967228174209594727e-01
9.935168027877807617e-01
9.982488751411437988e-01
9.983803033828735352e-01
9.996933937072753906e-01
9.694168567657470703e-01
9.997137188911437988e-01
9.996979236602783203e-01
9.994477629661560059e-01
9.976503252983093262e-01
9.921061992645263672e-01
9.984086155891418457e-01
9.987222552299499512e-01
9.965418577194213867e-01
9.826330542564392090e-01
9.969189763069152832e-01
9.985778927803039551e-01
9.877932667732238770e-01
9.996463060379028320e-01
9.954720735549926758e-01
9.955328702926635742e-01
9.986537098884582520e-01
9.814185500144958496e-01
9.999951124191284180e-01
9.990224242210388184e-01
9.983934760093688965e-01
9.880624413490295410e-01
9.984644055366516113e-01
9.924459457397460938e-01
9.995566606521606445e-01
9.969816803932189941e-01
9.989652037620544434e-01
9.991320371627807617e-01
9.982009530067443848e-01
9.970030784606933594e-01
9.989387989044189453e-01
9.962596893310546875e-01
9.991683363914489746e-01
9.932110905647277832e-01
9.853307604789733887e-01
9.813581705093383789e-01
9.986219406127929688e-01
9.994621872901916504e-01
9.894496202468872070e-01
9.983962178230285645e-01
9.994612336158752441e-01
9.890397787094116211e-01
9.945114254951477051e-01
9.978771805763244629e-01
9.704570770263671875e-01
9.975658059120178223e-01
9.689002633094787598e-01
9.948403835296630859e-01
9.908262491226196289e-01
9.985352754592895508e-01
9.855131506919860840e-01
9.976063966751098633e-01
9.996197819709777832e-01
9.941173791885375977e-01
9.968537688255310059e-01
9.872272610664367676e-01
9.978954195976257324e-01
9.980136752128601074e-01
9.893634319305419922e-01
9.995524883270263672e-01
9.951699972152709961e-01
9.980386495590209961e-01
9.973112940788269043e-01
9.996883273124694824e-01
9.977175593376159668e-01
9.970229268074035645e-01
9.980348944664001465e-01
9.926779270172119141e-01
9.920405745506286621e-01
9.851111769676208496e-01
9.988012313842773438e-01
9.981018900871276855e-01
9.985222816467285156e-01
9.892457723617553711e-01
9.947210550308227539e-01
9.991864562034606934e-01
9.949494600296020508e-01
9.985864758491516113e-01
9.936935305595397949e-01
9.946508407592773438e-01
9.973712563514709473e-01
9.933835268020629883e-01
9.997336268424987793e-01
9.875770211219787598e-01
9.971173405647277832e-01
9.999074339866638184e-01
9.984935522079467773e-01
9.968917965888977051e-01
9.987027049064636230e-01
9.984486103057861328e-01
9.980086684226989746e-01
9.821873903274536133e-01
9.959722161293029785e-01
9.999029636383056641e-01
9.979094862937927246e-01
9.971024990081787109e-01
9.990490078926086426e-01
9.974583387374877930e-01
9.780496954917907715e-01
9.891048669815063477e-01
9.952000379562377930e-01
9.887372851371765137e-01
9.970558881759643555e-01
9.888106584548950195e-01
9.953666329383850098e-01
9.950392246246337891e-01
9.960958361625671387e-01
9.939227700233459473e-01
9.963542222976684570e-01
9.870065450668334961e-01
9.422577023506164551e-01
9.967647194862365723e-01
9.984135627746582031e-01
9.943414926528930664e-01
9.958866238594055176e-01
9.987938404083251953e-01
9.958911538124084473e-01
9.943782091140747070e-01
9.992443323135375977e-01
9.916816949844360352e-01
9.979478716850280762e-01
9.999970197677612305e-01
9.948808550834655762e-01
9.770483970642089844e-01
9.921106100082397461e-01
9.998403787612915039e-01
9.981402158737182617e-01
9.971312284469604492e-01
9.977793693542480469e-01
9.985950589179992676e-01
9.987511038780212402e-01
9.974474310874938965e-01
9.901331067085266113e-01
9.667505621910095215e-01
9.879725575447082520e-01
9.811209440231323242e-01
9.996515512466430664e-01
9.872583150863647461e-01
9.941242337226867676e-01
9.972279667854309082e-01
1.000000000000000000e+00
9.931302666664123535e-01
9.845658540725708008e-01
9.997841715812683105e-01
