0.000000000000000000e+00
0.000000000000000000e+00
0.000000000000000000e+00
1.604278074866310327e-02
0.000000000000000000e+00
0.000000000000000000e+00
3.401360544217686948e-03
2.364066193853427839e-03
4.237288135593220324e-03
0.000000000000000000e+00
0.000000000000000000e+00
0.000000000000000000e+00
0.000000000000000000e+00
0.000000000000000000e+00
3.194888178913737886e-02
0.000000000000000000e+00
2.577319587628865843e-02
0.000000000000000000e+00
0.000000000000000000e+00
1.574803149606299191e-02
0.000000000000000000e+00
4.639175257731958935e-02
0.000000000000000000e+00
0.000000000000000000e+00
0.000000000000000000e+00
1.391304347826087008e-02
0.000000000000000000e+00
0.000000000000000000e+00
0.000000000000000000e+00
0.000000000000000000e+00
0.000000000000000000e+00
0.000000000000000000e+00
7.142857142857142461e-02
0.000000000000000000e+00
0.000000000000000000e+00
0.000000000000000000e+00
0.000000000000000000e+00
0.000000000000000000e+00
0.000000000000000000e+00
0.000000000000000000e+00
9.090909090909091161e-02
0.000000000000000000e+00
0.000000000000000000e+00
7.827788649706457491e-03
0.000000000000000000e+00
6.896551724137930939e-02
1.831501831501831500e-03
0.000000000000000000e+00
0.000000000000000000e+00
0.000000000000000000e+00
0.000000000000000000e+00
0.000000000000000000e+00
2.395209580838323499e-02
0.000000000000000000e+00
0.000000000000000000e+00
3.378378378378378566e-02
0.000000000000000000e+00
0.000000000000000000e+00
0.000000000000000000e+00
0.000000000000000000e+00
0.000000000000000000e+00
7.633587786259541687e-03
3.745318352059925134e-03
0.000000000000000000e+00
0.000000000000000000e+00
1.010101010101010187e-02
0.000000000000000000e+00
1.428571428571428492e-01
0.000000000000000000e+00
8.888888888888889228e-02
5.555555555555555247e-02
0.000000000000000000e+00
1.428571428571428492e-01
0.000000000000000000e+00
0.000000000000000000e+00
7.414272474513438488e-03
0.000000000000000000e+00
9.633911368015413493e-03
0.000000000000000000e+00
6.449532408900354339e-04
0.000000000000000000e+00
0.000000000000000000e+00
2.439024390243902524e-02
2.222222222222222307e-02
0.000000000000000000e+00
0.000000000000000000e+00
0.000000000000000000e+00
0.000000000000000000e+00
0.000000000000000000e+00
1.445086705202312111e-02
0.000000000000000000e+00
0.000000000000000000e+00
0.000000000000000000e+00
9.708737864077669061e-03
0.000000000000000000e+00
0.000000000000000000e+00
1.666666666666666574e-01
3.200731595793324027e-03
1.333333333333333315e-01
0.000000000000000000e+00
1.785714285714285615e-02
2.197802197802197974e-02
0.000000000000000000e+00
0.000000000000000000e+00
0.000000000000000000e+00
8.333333333333333218e-03
0.000000000000000000e+00
0.000000000000000000e+00
0.000000000000000000e+00
0.000000000000000000e+00
0.000000000000000000e+00
0.000000000000000000e+00
0.000000000000000000e+00
3.553299492385787045e-02
0.000000000000000000e+00
0.000000000000000000e+00
3.262642740619902271e-03
0.000000000000000000e+00
0.000000000000000000e+00
0.000000000000000000e+00
0.000000000000000000e+00
0.000000000000000000e+00
0.000000000000000000e+00
0.000000000000000000e+00
0.000000000000000000e+00
9.819967266775777442e-03
2.312138728323699568e-03
5.882352941176470507e-02
0.000000000000000000e+00
0.000000000000000000e+00
0.000000000000000000e+00
0.000000000000000000e+00
0.000000000000000000e+00
3.558718861209964231e-03
3.487358326068003625e-03
5.952380952380952051e-02
0.000000000000000000e+00
0.000000000000000000e+00
0.000000000000000000e+00
0.000000000000000000e+00
0.000000000000000000e+00
0.000000000000000000e+00
0.000000000000000000e+00
0.000000000000000000e+00
0.000000000000000000e+00
4.347826086956521618e-02
0.000000000000000000e+00
0.000000000000000000e+00
7.610350076103500339e-03
0.000000000000000000e+00
2.777777777777777624e-02
1.604621309370988548e-03
7.847533632286995617e-03
0.000000000000000000e+00
1.875468867216804154e-03
1.428571428571428492e-01
0.000000000000000000e+00
0.000000000000000000e+00
0.000000000000000000e+00
0.000000000000000000e+00
0.000000000000000000e+00
0.000000000000000000e+00
0.000000000000000000e+00
0.000000000000000000e+00
0.000000000000000000e+00
6.250000000000000347e-03
0.000000000000000000e+00
2.222222222222222099e-01
7.092198581560283516e-03
3.112840466926070082e-02
0.000000000000000000e+00
0.000000000000000000e+00
0.000000000000000000e+00
8.250825082508250058e-03
1.538461538461538547e-02
2.777777777777777624e-02
0.000000000000000000e+00
0.000000000000000000e+00
0.000000000000000000e+00
1.617250673854447526e-02
0.000000000000000000e+00
0.000000000000000000e+00
0.000000000000000000e+00
2.013422818791946178e-02
3.296703296703296787e-02
0.000000000000000000e+00
0.000000000000000000e+00
2.459016393442622905e-02
0.000000000000000000e+00
0.000000000000000000e+00
0.000000000000000000e+00
0.000000000000000000e+00
2.439024390243902524e-02
0.000000000000000000e+00
0.000000000000000000e+00
0.000000000000000000e+00
0.000000000000000000e+00
7.194244604316547137e-03
6.818181818181817677e-02
0.000000000000000000e+00
1.785714285714285754e-01
0.000000000000000000e+00
0.000000000000000000e+00
0.000000000000000000e+00
0.000000000000000000e+00
0.000000000000000000e+00
3.787878787878787984e-03
0.000000000000000000e+00
0.000000000000000000e+00
4.160887656033286988e-03
0.000000000000000000e+00
0.000000000000000000e+00
0.000000000000000000e+00
0.000000000000000000e+00
0.000000000000000000e+00
0.000000000000000000e+00
0.000000000000000000e+00
0.000000000000000000e+00
4.608294930875576033e-03
7.317073170731706877e-02
0.000000000000000000e+00
0.000000000000000000e+00
0.000000000000000000e+00
7.165890361877462738e-04
0.000000000000000000e+00
0.000000000000000000e+00
2.942258183155571985e-03
0.000000000000000000e+00
0.000000000000000000e+00
0.000000000000000000e+00
0.000000000000000000e+00
8.333333333333332871e-02
1.515151515151515194e-02
4.317789291882556148e-03
3.684210526315789130e-02
0.000000000000000000e+00
0.000000000000000000e+00
0.000000000000000000e+00
0.000000000000000000e+00
0.000000000000000000e+00
0.000000000000000000e+00
0.000000000000000000e+00
3.809523809523809867e-02
1.215805471124620056e-02
1.375515818431911983e-03
0.000000000000000000e+00
0.000000000000000000e+00
0.000000000000000000e+00
0.000000000000000000e+00
0.000000000000000000e+00
0.000000000000000000e+00
0.000000000000000000e+00
0.000000000000000000e+00
0.000000000000000000e+00
0.000000000000000000e+00
0.000000000000000000e+00
0.000000000000000000e+00
0.000000000000000000e+00
2.380952380952380820e-02
3.162055335968379233e-02
2.020202020202020200e-03
2.000000000000000111e-01
0.000000000000000000e+00
0.000000000000000000e+00
3.239390994493035209e-03
0.000000000000000000e+00
2.142857142857142738e-01
3.797468354430379861e-02
3.968253968253968034e-03
0.000000000000000000e+00
0.000000000000000000e+00
1.057401812688821795e-02
9.090909090909091161e-02
1.408450704225352144e-02
2.162162162162162195e-03
1.615508885298869244e-03
0.000000000000000000e+00
0.000000000000000000e+00
3.252032520325203596e-02
2.219755826859045548e-03
0.000000000000000000e+00
0.000000000000000000e+00
6.006006006006005954e-03
0.000000000000000000e+00
2.849002849002849145e-03
0.000000000000000000e+00
4.484304932735425943e-03
1.298701298701298787e-02
5.000000000000000278e-02
4.846526655896607298e-03
0.000000000000000000e+00
2.832861189801699851e-03
3.007016371533578151e-03
0.000000000000000000e+00
6.349206349206349201e-03
4.955401387512388400e-03
2.892960462873674261e-03
0.000000000000000000e+00
0.000000000000000000e+00
0.000000000000000000e+00
3.428571428571428742e-02
2.222222222222222307e-02
0.000000000000000000e+00
0.000000000000000000e+00
0.000000000000000000e+00
0.000000000000000000e+00
2.418964683115626575e-03
4.878048780487804874e-03
0.000000000000000000e+00
0.000000000000000000e+00
0.000000000000000000e+00
0.000000000000000000e+00
0.000000000000000000e+00
8.064516129032258058e-04
8.474576271186440649e-03
0.000000000000000000e+00
5.119453924914675602e-03
0.000000000000000000e+00
5.288207297726070857e-03
0.000000000000000000e+00
0.000000000000000000e+00
3.185727938834023720e-03
0.000000000000000000e+00
0.000000000000000000e+00
0.000000000000000000e+00
0.000000000000000000e+00
0.000000000000000000e+00
4.255319148936170283e-03
0.000000000000000000e+00
1.351351351351351426e-02
0.000000000000000000e+00
0.000000000000000000e+00
0.000000000000000000e+00
2.232142857142857192e-02
5.172413793103448204e-02
9.836065573770492662e-03
0.000000000000000000e+00
8.254716981132075374e-03
0.000000000000000000e+00
1.408450704225352144e-02
0.000000000000000000e+00
0.000000000000000000e+00
5.500550055005500906e-03
0.000000000000000000e+00
9.836065573770492662e-03
0.000000000000000000e+00
0.000000000000000000e+00
0.000000000000000000e+00
0.000000000000000000e+00
3.270645952575633800e-03
0.000000000000000000e+00
0.000000000000000000e+00
1.268115942028985588e-02
1.242236024844720543e-03
0.000000000000000000e+00
0.000000000000000000e+00
0.000000000000000000e+00
8.884501480750246413e-03
0.000000000000000000e+00
0.000000000000000000e+00
0.000000000000000000e+00
2.127659574468085055e-02
0.000000000000000000e+00
3.058103975535168221e-03
0.000000000000000000e+00
0.000000000000000000e+00
0.000000000000000000e+00
2.234636871508379960e-02
4.988913525498891131e-03
2.597402597402597574e-02
2.325581395348837177e-02
0.000000000000000000e+00
0.000000000000000000e+00
8.695652173913043237e-02
0.000000000000000000e+00
0.000000000000000000e+00
0.000000000000000000e+00
0.000000000000000000e+00
1.092896174863387977e-02
0.000000000000000000e+00
0.000000000000000000e+00
0.000000000000000000e+00
0.000000000000000000e+00
0.000000000000000000e+00
2.884615384615384776e-02
0.000000000000000000e+00
0.000000000000000000e+00
0.000000000000000000e+00
0.000000000000000000e+00
4.687500000000000000e-02
0.000000000000000000e+00
0.000000000000000000e+00
0.000000000000000000e+00
0.000000000000000000e+00
0.000000000000000000e+00
1.428571428571428492e-01
2.816901408450704289e-02
0.000000000000000000e+00
1.685393258426966245e-02
8.683068017366136690e-03
0.000000000000000000e+00
0.000000000000000000e+00
6.717850287907869457e-03
0.000000000000000000e+00
0.000000000000000000e+00
0.000000000000000000e+00
1.724137931034482735e-02
0.000000000000000000e+00
7.448789571694599361e-04
1.052631578947368363e-01
2.952755905511810983e-03
2.380952380952380820e-02
0.000000000000000000e+00
5.882352941176470507e-02
2.249999999999999917e-02
0.000000000000000000e+00
0.000000000000000000e+00
0.000000000000000000e+00
0.000000000000000000e+00
1.239669421487603340e-02
3.571428571428571230e-02
0.000000000000000000e+00
0.000000000000000000e+00
2.040816326530612082e-02
7.323026851098453707e-03
6.517690875232774739e-03
3.878474466709760926e-03
0.000000000000000000e+00
0.000000000000000000e+00
0.000000000000000000e+00
0.000000000000000000e+00
0.000000000000000000e+00
0.000000000000000000e+00
0.000000000000000000e+00
8.583690987124463490e-03
0.000000000000000000e+00
0.000000000000000000e+00
5.376344086021505805e-03
0.000000000000000000e+00
2.688172043010752729e-02
0.000000000000000000e+00
0.000000000000000000e+00
0.000000000000000000e+00
1.574183392365210467e-03
1.098901098901098987e-02
0.000000000000000000e+00
0.000000000000000000e+00
0.000000000000000000e+00
1.121076233183856486e-03
0.000000000000000000e+00
1.687763713080168808e-03
0.000000000000000000e+00
0.000000000000000000e+00
3.301886792452830149e-02
1.960784313725490169e-02
3.614457831325301306e-03
2.564102564102564014e-02
0.000000000000000000e+00
0.000000000000000000e+00
0.000000000000000000e+00
0.000000000000000000e+00
0.000000000000000000e+00
0.000000000000000000e+00
0.000000000000000000e+00
0.000000000000000000e+00
0.000000000000000000e+00
5.952380952380952051e-03
0.000000000000000000e+00
0.000000000000000000e+00
0.000000000000000000e+00
0.000000000000000000e+00
0.000000000000000000e+00
1.657458563535911533e-02
1.111111111111111154e-02
0.000000000000000000e+00
0.000000000000000000e+00
2.500000000000000139e-02
0.000000000000000000e+00
0.000000000000000000e+00
0.000000000000000000e+00
0.000000000000000000e+00
4.672897196261681894e-03
0.000000000000000000e+00
0.000000000000000000e+00
0.000000000000000000e+00
0.000000000000000000e+00
0.000000000000000000e+00
2.230483271375464753e-03
0.000000000000000000e+00
0.000000000000000000e+00
0.000000000000000000e+00
8.333333333333332871e-02
0.000000000000000000e+00
0.000000000000000000e+00
0.000000000000000000e+00
2.380952380952380820e-02
1.319261213720316576e-03
0.000000000000000000e+00
0.000000000000000000e+00
0.000000000000000000e+00
0.000000000000000000e+00
0.000000000000000000e+00
0.000000000000000000e+00
0.000000000000000000e+00
0.000000000000000000e+00
0.000000000000000000e+00
2.290076335877862593e-02
8.547008547008547868e-03
0.000000000000000000e+00
0.000000000000000000e+00
0.000000000000000000e+00
2.999999999999999889e-02
8.645533141210375375e-03
0.000000000000000000e+00
0.000000000000000000e+00
0.000000000000000000e+00
0.000000000000000000e+00
0.000000000000000000e+00
2.528089887640449368e-02
4.219409282700421586e-03
0.000000000000000000e+00
1.324503311258278145e-02
0.000000000000000000e+00
7.915567282321900322e-03
4.166666666666666435e-02
0.000000000000000000e+00
1.643192488262910922e-02
6.079027355623100280e-03
0.000000000000000000e+00
1.149425287356321823e-02
0.000000000000000000e+00
0.000000000000000000e+00
0.000000000000000000e+00
0.000000000000000000e+00
0.000000000000000000e+00
0.000000000000000000e+00
0.000000000000000000e+00
9.389671361502347630e-03
0.000000000000000000e+00
4.022988505747126381e-03
0.000000000000000000e+00
0.000000000000000000e+00
0.000000000000000000e+00
0.000000000000000000e+00
1.876675603217158039e-02
0.000000000000000000e+00
0.000000000000000000e+00
0.000000000000000000e+00
0.000000000000000000e+00
0.000000000000000000e+00
5.882352941176470507e-02
1.052631578947368397e-02
0.000000000000000000e+00
0.000000000000000000e+00
2.604166666666666782e-02
0.000000000000000000e+00
3.271537622682660785e-03
0.000000000000000000e+00
0.000000000000000000e+00
0.000000000000000000e+00
1.851851851851851749e-02
0.000000000000000000e+00
0.000000000000000000e+00
0.000000000000000000e+00
0.000000000000000000e+00
0.000000000000000000e+00
2.000000000000000111e-01
0.000000000000000000e+00
0.000000000000000000e+00
0.000000000000000000e+00
0.000000000000000000e+00
0.000000000000000000e+00
3.610108303249097601e-03
0.000000000000000000e+00
6.965174129353234045e-03
0.000000000000000000e+00
0.000000000000000000e+00
2.412868632707774671e-02
0.000000000000000000e+00
0.000000000000000000e+00
4.593175853018372640e-03
0.000000000000000000e+00
5.952380952380952051e-03
0.000000000000000000e+00
0.000000000000000000e+00
0.000000000000000000e+00
0.000000000000000000e+00
0.000000000000000000e+00
2.409638554216867595e-02
2.610966057441253124e-02
2.469135802469135665e-02
0.000000000000000000e+00
0.000000000000000000e+00
1.262626262626262734e-03
0.000000000000000000e+00
0.000000000000000000e+00
0.000000000000000000e+00
0.000000000000000000e+00
0.000000000000000000e+00
0.000000000000000000e+00
5.263157894736841813e-02
3.154574132492113468e-03
0.000000000000000000e+00
5.717916137229986893e-03
1.152073732718894052e-02
0.000000000000000000e+00
0.000000000000000000e+00
1.058201058201058142e-02
0.000000000000000000e+00
2.754820936639118534e-03
0.000000000000000000e+00
5.076142131979695035e-03
0.000000000000000000e+00
4.301075268817204297e-03
0.000000000000000000e+00
0.000000000000000000e+00
2.538071065989847518e-03
0.000000000000000000e+00
3.150598613736610041e-04
0.000000000000000000e+00
0.000000000000000000e+00
0.000000000000000000e+00
0.000000000000000000e+00
3.846153846153846367e-02
0.000000000000000000e+00
0.000000000000000000e+00
0.000000000000000000e+00
0.000000000000000000e+00
0.000000000000000000e+00
0.000000000000000000e+00
0.000000000000000000e+00
0.000000000000000000e+00
0.000000000000000000e+00
0.000000000000000000e+00
0.000000000000000000e+00
0.000000000000000000e+00
0.000000000000000000e+00
0.000000000000000000e+00
0.000000000000000000e+00
1.111111111111111049e-01
2.280130293159609006e-03
0.000000000000000000e+00
0.000000000000000000e+00
0.000000000000000000e+00
6.259780907668231753e-03
4.335260115606935985e-03
0.000000000000000000e+00
0.000000000000000000e+00
0.000000000000000000e+00
0.000000000000000000e+00
0.000000000000000000e+00
0.000000000000000000e+00
1.000000000000000056e-01
3.225806451612903223e-03
1.576576576576576433e-02
7.415254237288135784e-03
3.149055283414975513e-03
3.629032258064516375e-02
0.000000000000000000e+00
2.083333333333333304e-03
0.000000000000000000e+00
0.000000000000000000e+00
0.000000000000000000e+00
0.000000000000000000e+00
0.000000000000000000e+00
0.000000000000000000e+00
0.000000000000000000e+00
0.000000000000000000e+00
0.000000000000000000e+00
0.000000000000000000e+00
0.000000000000000000e+00
0.000000000000000000e+00
0.000000000000000000e+00
5.524861878453038444e-03
3.448275862068965469e-02
0.000000000000000000e+00
0.000000000000000000e+00
2.500000000000000000e-01
7.125890736342043071e-03
0.000000000000000000e+00
0.000000000000000000e+00
0.000000000000000000e+00
0.000000000000000000e+00
2.881844380403458025e-03
0.000000000000000000e+00
0.000000000000000000e+00
4.016064257028112081e-03
0.000000000000000000e+00
0.000000000000000000e+00
3.349282296650717833e-02
0.000000000000000000e+00
0.000000000000000000e+00
0.000000000000000000e+00
1.593625498007968100e-02
0.000000000000000000e+00
8.298755186721991708e-03
0.000000000000000000e+00
2.469135802469135665e-02
6.250000000000000347e-03
0.000000000000000000e+00
0.000000000000000000e+00
2.314814814814814686e-03
0.000000000000000000e+00
0.000000000000000000e+00
0.000000000000000000e+00
0.000000000000000000e+00
0.000000000000000000e+00
0.000000000000000000e+00
0.000000000000000000e+00
2.000000000000000042e-02
2.325581395348837177e-02
0.000000000000000000e+00
0.000000000000000000e+00
0.000000000000000000e+00
4.166666666666666435e-02
0.000000000000000000e+00
0.000000000000000000e+00
0.000000000000000000e+00
0.000000000000000000e+00
2.439024390243902524e-02
3.227541689080150582e-03
0.000000000000000000e+00
0.000000000000000000e+00
0.000000000000000000e+00
3.145643284051588724e-03
0.000000000000000000e+00
0.000000000000000000e+00
0.000000000000000000e+00
0.000000000000000000e+00
0.000000000000000000e+00
0.000000000000000000e+00
8.620689655172413673e-03
3.156787092248333846e-03
0.000000000000000000e+00
0.000000000000000000e+00
6.024096385542168988e-03
2.459016393442622905e-02
1.472995090016366616e-02
4.719454640797063512e-03
0.000000000000000000e+00
0.000000000000000000e+00
0.000000000000000000e+00
0.000000000000000000e+00
0.000000000000000000e+00
1.245330012453300115e-03
0.000000000000000000e+00
0.000000000000000000e+00
0.000000000000000000e+00
0.000000000000000000e+00
0.000000000000000000e+00
0.000000000000000000e+00
2.307692307692307820e-02
2.325581395348837177e-02
0.000000000000000000e+00
2.122015915119363286e-02
0.000000000000000000e+00
0.000000000000000000e+00
0.000000000000000000e+00
4.658385093167701982e-03
0.000000000000000000e+00
0.000000000000000000e+00
0.000000000000000000e+00
0.000000000000000000e+00
0.000000000000000000e+00
0.000000000000000000e+00
0.000000000000000000e+00
0.000000000000000000e+00
0.000000000000000000e+00
0.000000000000000000e+00
0.000000000000000000e+00
0.000000000000000000e+00
0.000000000000000000e+00
0.000000000000000000e+00
3.816793893129770843e-03
0.000000000000000000e+00
0.000000000000000000e+00
7.142857142857142461e-02
1.089324618736383504e-02
0.000000000000000000e+00
2.000000000000000042e-02
0.000000000000000000e+00
0.000000000000000000e+00
0.000000000000000000e+00
0.000000000000000000e+00
0.000000000000000000e+00
0.000000000000000000e+00
6.784260515603798662e-04
1.798561151079136784e-03
0.000000000000000000e+00
1.226158038147139029e-02
0.000000000000000000e+00
8.460236886632825420e-04
2.985074626865671585e-02
0.000000000000000000e+00
0.000000000000000000e+00
0.000000000000000000e+00
0.000000000000000000e+00
5.414185165132647751e-04
2.267573696145124777e-03
0.000000000000000000e+00
0.000000000000000000e+00
4.000000000000000083e-02
1.393728222996515678e-03
1.526717557251908337e-02
0.000000000000000000e+00
2.857142857142857054e-02
0.000000000000000000e+00
0.000000000000000000e+00
0.000000000000000000e+00
2.185792349726775954e-02
0.000000000000000000e+00
1.428571428571428492e-01
1.851851851851851749e-02
3.030303030303030387e-02
7.894736842105262720e-02
7.800312012480499491e-04
0.000000000000000000e+00
0.000000000000000000e+00
0.000000000000000000e+00
3.567787971457696185e-03
2.727272727272727071e-01
2.839116719242902251e-02
0.000000000000000000e+00
3.802281368821292754e-03
0.000000000000000000e+00
0.000000000000000000e+00
3.225806451612903136e-02
0.000000000000000000e+00
0.000000000000000000e+00
0.000000000000000000e+00
0.000000000000000000e+00
0.000000000000000000e+00
5.445881552076241999e-03
0.000000000000000000e+00
0.000000000000000000e+00
0.000000000000000000e+00
2.263906856403622055e-03
0.000000000000000000e+00
1.417434443656980913e-03
0.000000000000000000e+00
1.650709805216243062e-03
0.000000000000000000e+00
0.000000000000000000e+00
0.000000000000000000e+00
2.031602708803611698e-02
0.000000000000000000e+00
0.000000000000000000e+00
1.355932203389830469e-02
0.000000000000000000e+00
6.666666666666666574e-02
0.000000000000000000e+00
5.000000000000000104e-03
9.090909090909091161e-02
2.272727272727272790e-02
1.063829787234042527e-02
0.000000000000000000e+00
0.000000000000000000e+00
0.000000000000000000e+00
0.000000000000000000e+00
0.000000000000000000e+00
3.365384615384615224e-02
0.000000000000000000e+00
0.000000000000000000e+00
0.000000000000000000e+00
2.374670184696569750e-02
0.000000000000000000e+00
0.000000000000000000e+00
0.000000000000000000e+00
0.000000000000000000e+00
0.000000000000000000e+00
0.000000000000000000e+00
0.000000000000000000e+00
0.000000000000000000e+00
4.535147392290249553e-03
0.000000000000000000e+00
0.000000000000000000e+00
0.000000000000000000e+00
5.882352941176470507e-02
3.763440860215053890e-02
0.000000000000000000e+00
0.000000000000000000e+00
0.000000000000000000e+00
0.000000000000000000e+00
0.000000000000000000e+00
0.000000000000000000e+00
5.091649694501018501e-03
0.000000000000000000e+00
0.000000000000000000e+00
3.030303030303030387e-02
0.000000000000000000e+00
0.000000000000000000e+00
4.812834224598930288e-02
0.000000000000000000e+00
2.475247524752475364e-02
0.000000000000000000e+00
6.902502157031924386e-03
0.000000000000000000e+00
0.000000000000000000e+00
0.000000000000000000e+00
0.000000000000000000e+00
3.743315508021390070e-02
2.777777777777777624e-02
0.000000000000000000e+00
0.000000000000000000e+00
0.000000000000000000e+00
7.007007007007006946e-03
0.000000000000000000e+00
0.000000000000000000e+00
1.127819548872180389e-02
0.000000000000000000e+00
0.000000000000000000e+00
0.000000000000000000e+00
0.000000000000000000e+00
0.000000000000000000e+00
1.265822784810126563e-02
3.247924936845903929e-03
5.000000000000000000e-01
0.000000000000000000e+00
0.000000000000000000e+00
2.040816326530612082e-02
0.000000000000000000e+00
7.812500000000000000e-03
0.000000000000000000e+00
0.000000000000000000e+00
0.000000000000000000e+00
0.000000000000000000e+00
0.000000000000000000e+00
0.000000000000000000e+00
3.048780487804877981e-02
0.000000000000000000e+00
0.000000000000000000e+00
0.000000000000000000e+00
0.000000000000000000e+00
8.333333333333332871e-02
0.000000000000000000e+00
0.000000000000000000e+00
0.000000000000000000e+00
0.000000000000000000e+00
0.000000000000000000e+00
2.083333333333333218e-02
0.000000000000000000e+00
0.000000000000000000e+00
0.000000000000000000e+00
3.559985760056959964e-03
1.643835616438356004e-02
0.000000000000000000e+00
2.577319587628865843e-02
0.000000000000000000e+00
0.000000000000000000e+00
0.000000000000000000e+00
3.703703703703703498e-02
1.333333333333333419e-02
0.000000000000000000e+00
0.000000000000000000e+00
4.504504504504504465e-03
0.000000000000000000e+00
0.000000000000000000e+00
0.000000000000000000e+00
0.000000000000000000e+00
3.558718861209964231e-03
2.000000000000000111e-01
0.000000000000000000e+00
0.000000000000000000e+00
0.000000000000000000e+00
0.000000000000000000e+00
0.000000000000000000e+00
0.000000000000000000e+00
0.000000000000000000e+00
0.000000000000000000e+00
0.000000000000000000e+00
0.000000000000000000e+00
0.000000000000000000e+00
0.000000000000000000e+00
1.470588235294117627e-02
0.000000000000000000e+00
3.129890453834115877e-03
0.000000000000000000e+00
5.516154452324665246e-03
0.000000000000000000e+00
0.000000000000000000e+00
0.000000000000000000e+00
0.000000000000000000e+00
3.846153846153846367e-02
0.000000000000000000e+00
2.752293577981651529e-02
0.000000000000000000e+00
0.000000000000000000e+00
3.298153034300791656e-03
4.587155963302752548e-03
2.168021680216802166e-02
0.000000000000000000e+00
7.849293563579278323e-04
3.125000000000000000e-02
0.000000000000000000e+00
6.535947712418300852e-03
1.281640499839794894e-03
0.000000000000000000e+00
0.000000000000000000e+00
0.000000000000000000e+00
0.000000000000000000e+00
2.629272567922874733e-03
0.000000000000000000e+00
0.000000000000000000e+00
2.956830277942046250e-03
0.000000000000000000e+00
0.000000000000000000e+00
0.000000000000000000e+00
1.818181818181818232e-01
0.000000000000000000e+00
9.472259810554804066e-03
0.000000000000000000e+00
0.000000000000000000e+00
0.000000000000000000e+00
3.125000000000000000e-02
0.000000000000000000e+00
2.288329519450800920e-03
2.322880371660859464e-03
0.000000000000000000e+00
0.000000000000000000e+00
2.941176470588235253e-02
0.000000000000000000e+00
9.846827133479212762e-03
0.000000000000000000e+00
0.000000000000000000e+00
0.000000000000000000e+00
0.000000000000000000e+00
1.063829787234042527e-02
0.000000000000000000e+00
0.000000000000000000e+00
1.166180758017492693e-03
0.000000000000000000e+00
4.566210045662100203e-03
6.079027355623100280e-03
0.000000000000000000e+00
1.388888888888888812e-02
0.000000000000000000e+00
0.000000000000000000e+00
2.156334231805930035e-02
9.090909090909091161e-02
0.000000000000000000e+00
0.000000000000000000e+00
1.333333333333333315e-01
0.000000000000000000e+00
1.923076923076923184e-02
0.000000000000000000e+00
0.000000000000000000e+00
1.026694045174538026e-03
0.000000000000000000e+00
0.000000000000000000e+00
0.000000000000000000e+00
0.000000000000000000e+00
0.000000000000000000e+00
0.000000000000000000e+00
0.000000000000000000e+00
0.000000000000000000e+00
0.000000000000000000e+00
0.000000000000000000e+00
3.777657852131678391e-03
0.000000000000000000e+00
9.374999999999999653e-03
8.746355685131195629e-03
0.000000000000000000e+00
0.000000000000000000e+00
0.000000000000000000e+00
2.272727272727272790e-02
1.574803149606299191e-02
0.000000000000000000e+00
0.000000000000000000e+00
0.000000000000000000e+00
1.562500000000000000e-02
1.721170395869191109e-03
0.000000000000000000e+00
2.724795640326975379e-03
3.317850033178500538e-03
0.000000000000000000e+00
8.686210640608035133e-03
1.208459214501510573e-02
0.000000000000000000e+00
2.156334231805930035e-02
1.666666666666666574e-01
8.421052631578947179e-03
1.398601398601398600e-02
6.868131868131868017e-03
0.000000000000000000e+00
0.000000000000000000e+00
0.000000000000000000e+00
1.490312965722801787e-03
6.451612903225806446e-03
0.000000000000000000e+00
1.397949673811742840e-03
0.000000000000000000e+00
8.823529411764706454e-02
0.000000000000000000e+00
0.000000000000000000e+00
7.567567567567567467e-03
0.000000000000000000e+00
0.000000000000000000e+00
0.000000000000000000e+00
1.059602649006622516e-02
1.020408163265306041e-02
1.428571428571428492e-01
0.000000000000000000e+00
1.311475409836065573e-02
5.000000000000000000e-01
3.048780487804877981e-02
0.000000000000000000e+00
1.123595505617977497e-02
0.000000000000000000e+00
0.000000000000000000e+00
6.211180124223602064e-03
0.000000000000000000e+00
0.000000000000000000e+00
8.756567425569176943e-04
0.000000000000000000e+00
0.000000000000000000e+00
1.079136690647482071e-02
0.000000000000000000e+00
1.250000000000000069e-02
0.000000000000000000e+00
6.343165239454487707e-04
0.000000000000000000e+00
0.000000000000000000e+00
5.714285714285714281e-03
0.000000000000000000e+00
0.000000000000000000e+00
0.000000000000000000e+00
2.803738317757009310e-02
0.000000000000000000e+00
0.000000000000000000e+00
0.000000000000000000e+00
2.011263073209975955e-03
0.000000000000000000e+00
2.332361516034985385e-02
0.000000000000000000e+00
3.244120032441200410e-03
0.000000000000000000e+00
1.827676240208877395e-02
1.162790697674418589e-02
0.000000000000000000e+00
4.598875830352580629e-03
0.000000000000000000e+00
4.545454545454545581e-02
0.000000000000000000e+00
3.723404255319148759e-02
0.000000000000000000e+00
0.000000000000000000e+00
0.000000000000000000e+00
0.000000000000000000e+00
0.000000000000000000e+00
1.546391752577319645e-02
0.000000000000000000e+00
0.000000000000000000e+00
1.612903225806451568e-02
4.000000000000000083e-02
1.783590963139120153e-03
3.125000000000000000e-02
1.869158878504672758e-02
1.285347043701799523e-02
0.000000000000000000e+00
0.000000000000000000e+00
0.000000000000000000e+00
2.890173410404624221e-02
0.000000000000000000e+00
2.439024390243902524e-02
0.000000000000000000e+00
0.000000000000000000e+00
0.000000000000000000e+00
0.000000000000000000e+00
0.000000000000000000e+00
0.000000000000000000e+00
0.000000000000000000e+00
0.000000000000000000e+00
7.476635514018691248e-04
0.000000000000000000e+00
0.000000000000000000e+00
0.000000000000000000e+00
0.000000000000000000e+00
0.000000000000000000e+00
0.000000000000000000e+00
0.000000000000000000e+00
2.751031636863823966e-03
5.882352941176470507e-02
7.092198581560283516e-03
1.006711409395973089e-02
7.692307692307692735e-03
0.000000000000000000e+00
2.380952380952380820e-02
4.571428571428571772e-03
2.325581395348837177e-02
4.000000000000000222e-01
4.761904761904762334e-03
0.000000000000000000e+00
2.873563218390804558e-03
0.000000000000000000e+00
8.578431372549020356e-03
0.000000000000000000e+00
0.000000000000000000e+00
0.000000000000000000e+00
0.000000000000000000e+00
0.000000000000000000e+00
5.555555555555555247e-02
3.649635036496350245e-03
0.000000000000000000e+00
6.289308176100629269e-03
0.000000000000000000e+00
2.083333333333333218e-02
0.000000000000000000e+00
2.818489289740698858e-03
0.000000000000000000e+00
0.000000000000000000e+00
0.000000000000000000e+00
0.000000000000000000e+00
0.000000000000000000e+00
5.440696409140370095e-04
0.000000000000000000e+00
0.000000000000000000e+00
0.000000000000000000e+00
0.000000000000000000e+00
0.000000000000000000e+00
0.000000000000000000e+00
2.631578947368420907e-02
2.325581395348837177e-02
3.215434083601286137e-03
0.000000000000000000e+00
1.200000000000000025e-02
3.296703296703296787e-02
0.000000000000000000e+00
6.060606060606060601e-03
3.338898163606010116e-03
3.984063745019920250e-03
0.000000000000000000e+00
1.250000000000000069e-02
9.708737864077669061e-03
0.000000000000000000e+00
1.250000000000000000e-01
2.225755166931637618e-03
0.000000000000000000e+00
1.535836177474402681e-02
0.000000000000000000e+00
1.560062402496099898e-02
0.000000000000000000e+00
0.000000000000000000e+00
2.162162162162162282e-02
2.631578947368420907e-02
0.000000000000000000e+00
0.000000000000000000e+00
0.000000000000000000e+00
0.000000000000000000e+00
7.874015748031495954e-03
1.265822784810126563e-02
0.000000000000000000e+00
7.499999999999999722e-02
0.000000000000000000e+00
1.764705882352941291e-01
0.000000000000000000e+00
3.883495145631067624e-02
1.116427432216905886e-02
0.000000000000000000e+00
0.000000000000000000e+00
0.000000000000000000e+00
0.000000000000000000e+00
0.000000000000000000e+00
0.000000000000000000e+00
1.935483870967742021e-02
2.760736196319018426e-02
1.791044776119403090e-02
0.000000000000000000e+00
0.000000000000000000e+00
0.000000000000000000e+00
0.000000000000000000e+00
0.000000000000000000e+00
0.000000000000000000e+00
1.255886970172684532e-02
0.000000000000000000e+00
0.000000000000000000e+00
1.127214170692431537e-02
8.363201911589008067e-03
0.000000000000000000e+00
0.000000000000000000e+00
6.993006993006993001e-03
0.000000000000000000e+00
1.972386587771203167e-02
0.000000000000000000e+00
0.000000000000000000e+00
0.000000000000000000e+00
7.220216606498195203e-03
2.500000000000000000e-01
1.754385964912280604e-02
0.000000000000000000e+00
0.000000000000000000e+00
0.000000000000000000e+00
0.000000000000000000e+00
0.000000000000000000e+00
0.000000000000000000e+00
0.000000000000000000e+00
0.000000000000000000e+00
0.000000000000000000e+00
7.194244604316547137e-03
0.000000000000000000e+00
2.777777777777777624e-02
0.000000000000000000e+00
0.000000000000000000e+00
1.000000000000000021e-02
