0.000000000000000000e+00
0.000000000000000000e+00
0.000000000000000000e+00
1.886792452830188607e-02
0.000000000000000000e+00
6.493506493506493935e-03
1.499999999999999944e-01
5.524861878453038444e-03
0.000000000000000000e+00
0.000000000000000000e+00
0.000000000000000000e+00
0.000000000000000000e+00
0.000000000000000000e+00
1.686340640809443417e-03
0.000000000000000000e+00
0.000000000000000000e+00
0.000000000000000000e+00
2.801120448179271732e-03
9.980039920159679799e-04
0.000000000000000000e+00
0.000000000000000000e+00
1.084337349397590383e-01
7.633587786259541687e-03
0.000000000000000000e+00
0.000000000000000000e+00
3.717472118959107633e-03
0.000000000000000000e+00
2.702702702702702853e-02
0.000000000000000000e+00
0.000000000000000000e+00
0.000000000000000000e+00
0.000000000000000000e+00
4.555808656036446254e-03
0.000000000000000000e+00
0.000000000000000000e+00
0.000000000000000000e+00
0.000000000000000000e+00
1.666666666666666574e-01
0.000000000000000000e+00
0.000000000000000000e+00
0.000000000000000000e+00
0.000000000000000000e+00
2.656042496679946689e-03
0.000000000000000000e+00
3.120124804992199796e-03
0.000000000000000000e+00
8.064516129032257841e-03
0.000000000000000000e+00
2.460024600246002533e-03
8.447729672650474558e-03
0.000000000000000000e+00
0.000000000000000000e+00
7.142857142857142461e-02
5.000000000000000000e-01
7.874015748031495954e-03
0.000000000000000000e+00
0.000000000000000000e+00
0.000000000000000000e+00
7.499999999999999722e-03
0.000000000000000000e+00
7.797270955165691575e-03
0.000000000000000000e+00
7.462686567164178962e-03
1.449275362318840597e-02
2.506963788300835619e-02
0.000000000000000000e+00
0.000000000000000000e+00
0.000000000000000000e+00
2.747252747252747467e-03
0.000000000000000000e+00
0.000000000000000000e+00
0.000000000000000000e+00
0.000000000000000000e+00
0.000000000000000000e+00
0.000000000000000000e+00
3.267973856209150426e-03
4.642525533890435978e-03
2.564102564102564014e-02
0.000000000000000000e+00
0.000000000000000000e+00
0.000000000000000000e+00
0.000000000000000000e+00
2.212389380530973421e-03
7.692307692307692735e-02
0.000000000000000000e+00
0.000000000000000000e+00
2.541296060991105575e-03
1.282051282051282007e-02
0.000000000000000000e+00
1.515151515151515194e-02
0.000000000000000000e+00
0.000000000000000000e+00
5.208333333333333044e-03
0.000000000000000000e+00
2.631578947368420907e-02
0.000000000000000000e+00
0.000000000000000000e+00
0.000000000000000000e+00
0.000000000000000000e+00
0.000000000000000000e+00
0.000000000000000000e+00
0.000000000000000000e+00
0.000000000000000000e+00
0.000000000000000000e+00
0.000000000000000000e+00
0.000000000000000000e+00
0.000000000000000000e+00
0.000000000000000000e+00
0.000000000000000000e+00
1.111111111111111049e-01
2.428026361429067026e-03
0.000000000000000000e+00
2.057613168724280010e-03
1.071428571428571438e-02
0.000000000000000000e+00
0.000000000000000000e+00
0.000000000000000000e+00
0.000000000000000000e+00
0.000000000000000000e+00
2.668445630420279973e-03
0.000000000000000000e+00
0.000000000000000000e+00
5.263157894736841813e-02
0.000000000000000000e+00
0.000000000000000000e+00
0.000000000000000000e+00
0.000000000000000000e+00
2.500000000000000000e-01
3.076923076923077094e-02
1.265822784810126563e-02
0.000000000000000000e+00
1.818181818181818180e-03
0.000000000000000000e+00
2.366863905325443732e-02
2.926829268292683098e-02
0.000000000000000000e+00
0.000000000000000000e+00
1.428571428571428492e-01
0.000000000000000000e+00
0.000000000000000000e+00
0.000000000000000000e+00
1.764705882352941291e-01
2.500000000000000139e-02
0.000000000000000000e+00
0.000000000000000000e+00
0.000000000000000000e+00
0.000000000000000000e+00
8.382229673093042829e-04
0.000000000000000000e+00
2.272727272727272617e-03
0.000000000000000000e+00
0.000000000000000000e+00
0.000000000000000000e+00
0.000000000000000000e+00
1.616379310344827564e-03
0.000000000000000000e+00
0.000000000000000000e+00
3.666841278156102862e-03
0.000000000000000000e+00
0.000000000000000000e+00
0.000000000000000000e+00
0.000000000000000000e+00
0.000000000000000000e+00
0.000000000000000000e+00
3.846153846153846367e-03
0.000000000000000000e+00
1.253132832080200432e-03
0.000000000000000000e+00
0.000000000000000000e+00
1.333333333333333419e-02
4.761904761904761640e-02
8.181818181818181768e-02
0.000000000000000000e+00
0.000000000000000000e+00
0.000000000000000000e+00
2.147239263803681075e-02
0.000000000000000000e+00
0.000000000000000000e+00
0.000000000000000000e+00
1.250000000000000069e-02
0.000000000000000000e+00
0.000000000000000000e+00
0.000000000000000000e+00
1.428061406640485607e-03
0.000000000000000000e+00
4.291845493562231745e-03
0.000000000000000000e+00
2.857142857142856984e-01
5.747126436781609116e-03
0.000000000000000000e+00
1.176470588235294101e-01
0.000000000000000000e+00
0.000000000000000000e+00
3.003003003003002977e-03
5.000000000000000000e-01
1.176470588235294101e-01
2.439024390243902524e-02
0.000000000000000000e+00
0.000000000000000000e+00
8.431703204047217085e-04
2.538876547127895747e-03
0.000000000000000000e+00
0.000000000000000000e+00
0.000000000000000000e+00
4.228329809725158740e-03
5.025125628140703592e-03
2.298850574712643646e-02
0.000000000000000000e+00
0.000000000000000000e+00
0.000000000000000000e+00
0.000000000000000000e+00
1.470588235294117627e-02
0.000000000000000000e+00
0.000000000000000000e+00
0.000000000000000000e+00
0.000000000000000000e+00
1.267828843106180714e-02
1.612903225806451612e-03
0.000000000000000000e+00
2.143622722400857425e-03
5.190311418685120831e-03
0.000000000000000000e+00
0.000000000000000000e+00
6.702412868632707903e-03
0.000000000000000000e+00
0.000000000000000000e+00
4.796163069544364180e-03
3.533568904593639530e-03
0.000000000000000000e+00
0.000000000000000000e+00
0.000000000000000000e+00
1.265822784810126563e-02
0.000000000000000000e+00
6.451612903225806446e-03
0.000000000000000000e+00
1.715265866209262410e-03
0.000000000000000000e+00
1.683501683501683428e-03
0.000000000000000000e+00
5.555555555555555768e-03
2.564102564102564014e-02
0.000000000000000000e+00
0.000000000000000000e+00
6.116207951070336442e-03
0.000000000000000000e+00
0.000000000000000000e+00
2.930402930402930400e-03
0.000000000000000000e+00
0.000000000000000000e+00
0.000000000000000000e+00
2.000000000000000111e-01
0.000000000000000000e+00
0.000000000000000000e+00
0.000000000000000000e+00
0.000000000000000000e+00
4.347826086956521618e-02
0.000000000000000000e+00
9.404388714733542820e-03
0.000000000000000000e+00
0.000000000000000000e+00
0.000000000000000000e+00
4.223864836325237279e-03
2.150537634408602322e-02
0.000000000000000000e+00
0.000000000000000000e+00
2.500000000000000000e-01
5.000000000000000000e-01
0.000000000000000000e+00
0.000000000000000000e+00
6.896551724137930939e-02
8.045977011494252762e-03
0.000000000000000000e+00
3.389830508474576173e-03
0.000000000000000000e+00
1.298701298701298787e-02
9.813542688910696036e-04
4.651162790697674354e-03
1.875000000000000000e-01
0.000000000000000000e+00
0.000000000000000000e+00
0.000000000000000000e+00
0.000000000000000000e+00
0.000000000000000000e+00
0.000000000000000000e+00
0.000000000000000000e+00
2.491103202846975048e-02
1.250000000000000000e-01
0.000000000000000000e+00
0.000000000000000000e+00
0.000000000000000000e+00
0.000000000000000000e+00
8.695652173913043237e-02
2.202643171806167605e-03
1.048218029350104878e-02
0.000000000000000000e+00
0.000000000000000000e+00
0.000000000000000000e+00
5.000000000000000000e-01
1.639344262295082053e-02
0.000000000000000000e+00
0.000000000000000000e+00
0.000000000000000000e+00
0.000000000000000000e+00
7.037297677691766286e-04
1.631321370309951136e-03
0.000000000000000000e+00
0.000000000000000000e+00
0.000000000000000000e+00
7.812500000000000000e-03
8.219178082191780366e-02
0.000000000000000000e+00
5.000000000000000000e-01
0.000000000000000000e+00
8.196721311475410263e-03
0.000000000000000000e+00
2.590673575129533515e-02
0.000000000000000000e+00
0.000000000000000000e+00
0.000000000000000000e+00
4.158004158004158235e-03
0.000000000000000000e+00
5.128205128205128027e-02
0.000000000000000000e+00
1.761804087385482808e-03
0.000000000000000000e+00
0.000000000000000000e+00
0.000000000000000000e+00
0.000000000000000000e+00
0.000000000000000000e+00
0.000000000000000000e+00
0.000000000000000000e+00
2.847380410022779234e-03
6.920415224913495020e-03
2.072538860103627020e-02
2.695417789757412544e-03
0.000000000000000000e+00
2.337662337662337747e-02
0.000000000000000000e+00
0.000000000000000000e+00
0.000000000000000000e+00
2.272727272727272790e-02
4.025301897642323545e-03
0.000000000000000000e+00
0.000000000000000000e+00
0.000000000000000000e+00
4.237288135593220151e-02
0.000000000000000000e+00
0.000000000000000000e+00
0.000000000000000000e+00
0.000000000000000000e+00
0.000000000000000000e+00
0.000000000000000000e+00
0.000000000000000000e+00
0.000000000000000000e+00
0.000000000000000000e+00
1.219512195121951262e-02
0.000000000000000000e+00
0.000000000000000000e+00
0.000000000000000000e+00
0.000000000000000000e+00
0.000000000000000000e+00
5.875440658049353726e-03
5.263157894736841813e-02
5.586592178770949900e-03
0.000000000000000000e+00
0.000000000000000000e+00
2.150537634408602322e-02
0.000000000000000000e+00
1.515151515151515194e-02
1.172332942555685733e-03
0.000000000000000000e+00
0.000000000000000000e+00
1.395348837209302306e-02
0.000000000000000000e+00
0.000000000000000000e+00
3.508771929824561209e-02
0.000000000000000000e+00
0.000000000000000000e+00
1.428571428571428527e-02
1.876675603217158039e-02
7.142857142857142634e-03
4.545454545454545581e-02
0.000000000000000000e+00
7.751937984496123923e-03
0.000000000000000000e+00
0.000000000000000000e+00
0.000000000000000000e+00
0.000000000000000000e+00
0.000000000000000000e+00
0.000000000000000000e+00
1.886792452830188607e-02
0.000000000000000000e+00
1.960784313725490169e-02
0.000000000000000000e+00
0.000000000000000000e+00
0.000000000000000000e+00
0.000000000000000000e+00
2.182214948172394794e-03
0.000000000000000000e+00
4.411116012351124762e-04
1.666666666666666574e-01
5.633802816901408578e-02
0.000000000000000000e+00
1.507537688442210991e-02
0.000000000000000000e+00
1.666666666666666574e-01
0.000000000000000000e+00
0.000000000000000000e+00
0.000000000000000000e+00
0.000000000000000000e+00
0.000000000000000000e+00
3.348961821835231070e-03
0.000000000000000000e+00
0.000000000000000000e+00
0.000000000000000000e+00
0.000000000000000000e+00
0.000000000000000000e+00
1.829268292682926719e-02
0.000000000000000000e+00
0.000000000000000000e+00
1.574803149606299191e-02
0.000000000000000000e+00
5.000000000000000000e-01
0.000000000000000000e+00
0.000000000000000000e+00
0.000000000000000000e+00
1.829268292682926719e-02
2.325581395348837177e-02
1.470588235294117696e-01
3.333333333333333148e-01
0.000000000000000000e+00
1.785714285714285615e-02
0.000000000000000000e+00
7.142857142857142461e-02
4.629629629629629373e-03
0.000000000000000000e+00
1.902173913043478382e-02
5.476451259583789595e-03
1.602564102564102509e-03
4.000000000000000222e-01
0.000000000000000000e+00
0.000000000000000000e+00
3.907776475185619110e-03
0.000000000000000000e+00
1.953125000000000000e-03
0.000000000000000000e+00
0.000000000000000000e+00
0.000000000000000000e+00
0.000000000000000000e+00
0.000000000000000000e+00
0.000000000000000000e+00
4.535147392290249553e-03
0.000000000000000000e+00
0.000000000000000000e+00
0.000000000000000000e+00
2.089552238805970213e-02
0.000000000000000000e+00
3.757380568974772080e-03
0.000000000000000000e+00
6.234413965087282072e-03
5.263157894736841813e-02
0.000000000000000000e+00
0.000000000000000000e+00
0.000000000000000000e+00
0.000000000000000000e+00
2.000000000000000111e-01
0.000000000000000000e+00
0.000000000000000000e+00
3.940886699507389207e-02
2.298850574712643646e-02
0.000000000000000000e+00
1.785714285714285615e-02
0.000000000000000000e+00
0.000000000000000000e+00
2.000000000000000111e-01
0.000000000000000000e+00
0.000000000000000000e+00
0.000000000000000000e+00
2.222927913623372678e-03
0.000000000000000000e+00
4.617414248021108232e-03
0.000000000000000000e+00
0.000000000000000000e+00
2.000000000000000111e-01
0.000000000000000000e+00
0.000000000000000000e+00
5.952380952380952051e-03
4.644990046449900233e-03
0.000000000000000000e+00
3.300330033003300370e-03
0.000000000000000000e+00
0.000000000000000000e+00
0.000000000000000000e+00
4.854368932038834530e-03
0.000000000000000000e+00
0.000000000000000000e+00
0.000000000000000000e+00
9.633911368015413493e-03
0.000000000000000000e+00
6.172839506172839164e-03
0.000000000000000000e+00
0.000000000000000000e+00
0.000000000000000000e+00
0.000000000000000000e+00
3.074558032282859350e-03
0.000000000000000000e+00
0.000000000000000000e+00
0.000000000000000000e+00
0.000000000000000000e+00
0.000000000000000000e+00
1.822916666666666782e-02
1.449275362318840597e-02
2.189781021897810320e-02
2.602230483271375516e-02
0.000000000000000000e+00
0.000000000000000000e+00
0.000000000000000000e+00
0.000000000000000000e+00
0.000000000000000000e+00
3.204101249599487235e-04
0.000000000000000000e+00
9.090909090909091161e-02
0.000000000000000000e+00
2.403846153846153980e-03
0.000000000000000000e+00
8.064516129032257841e-03
2.804262478968031543e-03
0.000000000000000000e+00
1.886792452830188607e-02
0.000000000000000000e+00
4.838709677419354704e-02
2.000000000000000111e-01
0.000000000000000000e+00
0.000000000000000000e+00
1.891551071878940730e-03
1.666666666666666644e-02
0.000000000000000000e+00
2.500000000000000000e-01
0.000000000000000000e+00
0.000000000000000000e+00
2.387267904509283653e-02
2.000000000000000111e-01
0.000000000000000000e+00
0.000000000000000000e+00
0.000000000000000000e+00
0.000000000000000000e+00
0.000000000000000000e+00
5.660377358490566169e-02
0.000000000000000000e+00
0.000000000000000000e+00
1.754385964912280604e-02
0.000000000000000000e+00
1.697792869269949042e-03
7.220216606498195203e-03
0.000000000000000000e+00
7.874015748031495954e-03
0.000000000000000000e+00
0.000000000000000000e+00
1.597444089456868943e-03
0.000000000000000000e+00
0.000000000000000000e+00
1.610305958132045084e-03
3.988603988603988890e-03
1.666666666666666574e-01
0.000000000000000000e+00
1.018329938900203570e-03
4.284490145672665076e-03
0.000000000000000000e+00
1.428571428571428492e-01
4.784688995215310818e-03
3.935458480913026601e-03
1.424501424501424529e-02
0.000000000000000000e+00
1.315789473684210453e-02
0.000000000000000000e+00
0.000000000000000000e+00
0.000000000000000000e+00
3.125000000000000000e-02
5.813953488372092943e-03
4.329004329004329001e-03
0.000000000000000000e+00
1.339136257114161444e-03
0.000000000000000000e+00
0.000000000000000000e+00
0.000000000000000000e+00
6.685768863419293447e-03
0.000000000000000000e+00
4.651162790697674354e-02
3.846153846153846367e-02
2.272727272727272790e-02
0.000000000000000000e+00
0.000000000000000000e+00
0.000000000000000000e+00
0.000000000000000000e+00
3.968253968253968034e-02
0.000000000000000000e+00
0.000000000000000000e+00
0.000000000000000000e+00
2.793296089385474950e-03
2.777777777777777624e-02
0.000000000000000000e+00
0.000000000000000000e+00
4.103967168262653842e-03
0.000000000000000000e+00
0.000000000000000000e+00
6.493506493506493935e-03
0.000000000000000000e+00
2.587800369685767151e-03
1.000000000000000000e+00
0.000000000000000000e+00
2.994011976047904373e-03
0.000000000000000000e+00
0.000000000000000000e+00
0.000000000000000000e+00
1.876675603217158039e-02
1.666666666666666574e-01
0.000000000000000000e+00
0.000000000000000000e+00
0.000000000000000000e+00
0.000000000000000000e+00
0.000000000000000000e+00
0.000000000000000000e+00
1.960784313725490169e-02
0.000000000000000000e+00
0.000000000000000000e+00
2.070393374741200977e-03
3.111111111111111022e-02
0.000000000000000000e+00
0.000000000000000000e+00
7.692307692307692735e-02
2.169197396963123709e-03
0.000000000000000000e+00
0.000000000000000000e+00
0.000000000000000000e+00
3.252788104089219395e-03
1.307189542483660170e-02
0.000000000000000000e+00
0.000000000000000000e+00
0.000000000000000000e+00
0.000000000000000000e+00
0.000000000000000000e+00
8.350730688935281004e-03
2.645502645502645356e-03
1.631321370309951136e-03
0.000000000000000000e+00
0.000000000000000000e+00
0.000000000000000000e+00
0.000000000000000000e+00
0.000000000000000000e+00
0.000000000000000000e+00
0.000000000000000000e+00
3.723404255319148759e-02
9.090909090909091161e-02
0.000000000000000000e+00
0.000000000000000000e+00
0.000000000000000000e+00
3.001876172607879922e-03
0.000000000000000000e+00
0.000000000000000000e+00
4.255319148936170283e-03
0.000000000000000000e+00
0.000000000000000000e+00
0.000000000000000000e+00
1.428571428571428492e-01
0.000000000000000000e+00
0.000000000000000000e+00
1.801801801801801786e-02
0.000000000000000000e+00
0.000000000000000000e+00
2.191780821917808236e-02
1.649257833974711448e-03
0.000000000000000000e+00
1.291155584247901788e-03
0.000000000000000000e+00
4.143646408839778833e-03
7.672634271099744441e-03
1.869158878504672975e-03
0.000000000000000000e+00
8.333333333333333218e-03
4.000000000000000222e-01
0.000000000000000000e+00
0.000000000000000000e+00
7.371007371007371259e-03
1.818181818181818094e-02
1.875586120662707090e-03
0.000000000000000000e+00
4.640371229698375677e-03
0.000000000000000000e+00
0.000000000000000000e+00
0.000000000000000000e+00
2.577319587628865843e-02
0.000000000000000000e+00
1.052631578947368397e-02
0.000000000000000000e+00
0.000000000000000000e+00
0.000000000000000000e+00
0.000000000000000000e+00
0.000000000000000000e+00
0.000000000000000000e+00
0.000000000000000000e+00
0.000000000000000000e+00
0.000000000000000000e+00
2.000000000000000111e-01
0.000000000000000000e+00
0.000000000000000000e+00
0.000000000000000000e+00
0.000000000000000000e+00
1.363636363636363570e-02
4.950495049504950555e-03
0.000000000000000000e+00
2.751031636863823966e-03
0.000000000000000000e+00
1.934235976789168291e-03
1.042209484106305277e-03
0.000000000000000000e+00
4.405286343612335211e-03
0.000000000000000000e+00
8.465608465608466179e-03
2.392344497607655409e-03
8.571428571428571855e-03
0.000000000000000000e+00
0.000000000000000000e+00
2.388059701492537337e-02
0.000000000000000000e+00
0.000000000000000000e+00
0.000000000000000000e+00
2.000000000000000111e-01
0.000000000000000000e+00
0.000000000000000000e+00
5.208333333333333044e-03
0.000000000000000000e+00
0.000000000000000000e+00
0.000000000000000000e+00
0.000000000000000000e+00
5.882352941176470507e-02
3.548895899053627814e-03
1.589825119236884044e-03
0.000000000000000000e+00
0.000000000000000000e+00
0.000000000000000000e+00
1.000000000000000056e-01
0.000000000000000000e+00
0.000000000000000000e+00
0.000000000000000000e+00
0.000000000000000000e+00
0.000000000000000000e+00
0.000000000000000000e+00
1.820167455405897377e-03
0.000000000000000000e+00
7.575757575757575968e-03
0.000000000000000000e+00
0.000000000000000000e+00
1.665278934221482146e-03
0.000000000000000000e+00
0.000000000000000000e+00
0.000000000000000000e+00
0.000000000000000000e+00
0.000000000000000000e+00
0.000000000000000000e+00
0.000000000000000000e+00
6.420545746388442963e-03
1.152073732718894008e-03
1.428571428571428527e-02
6.818181818181817677e-02
0.000000000000000000e+00
2.500000000000000139e-02
0.000000000000000000e+00
6.250000000000000000e-02
0.000000000000000000e+00
0.000000000000000000e+00
0.000000000000000000e+00
1.170960187353630062e-02
1.415094339622641542e-02
3.846153846153846367e-02
0.000000000000000000e+00
0.000000000000000000e+00
0.000000000000000000e+00
0.000000000000000000e+00
2.197802197802197974e-02
1.111111111111111049e-01
0.000000000000000000e+00
0.000000000000000000e+00
2.197802197802197800e-03
0.000000000000000000e+00
0.000000000000000000e+00
0.000000000000000000e+00
1.111111111111111049e-01
0.000000000000000000e+00
0.000000000000000000e+00
0.000000000000000000e+00
0.000000000000000000e+00
0.000000000000000000e+00
8.333333333333332871e-02
8.695652173913043237e-02
0.000000000000000000e+00
0.000000000000000000e+00
0.000000000000000000e+00
0.000000000000000000e+00
1.223776223776223797e-02
0.000000000000000000e+00
1.322751322751322678e-02
0.000000000000000000e+00
2.222222222222222307e-02
6.250000000000000000e-02
0.000000000000000000e+00
0.000000000000000000e+00
0.000000000000000000e+00
0.000000000000000000e+00
2.380952380952380820e-02
4.835589941972921052e-03
1.200000000000000025e-02
1.111111111111111049e-01
0.000000000000000000e+00
1.666666666666666774e-03
3.105590062111801206e-02
0.000000000000000000e+00
6.166495375128468355e-03
0.000000000000000000e+00
0.000000000000000000e+00
0.000000000000000000e+00
9.302325581395348708e-02
0.000000000000000000e+00
5.000000000000000000e-01
1.287553648068669523e-02
0.000000000000000000e+00
6.849315068493150738e-04
0.000000000000000000e+00
0.000000000000000000e+00
0.000000000000000000e+00
0.000000000000000000e+00
0.000000000000000000e+00
0.000000000000000000e+00
1.015228426395939007e-02
5.524861878453038444e-03
6.250000000000000000e-02
0.000000000000000000e+00
2.190580503833515838e-03
0.000000000000000000e+00
2.222222222222222099e-01
0.000000000000000000e+00
1.257071024512885007e-03
0.000000000000000000e+00
0.000000000000000000e+00
0.000000000000000000e+00
0.000000000000000000e+00
0.000000000000000000e+00
1.086956521739130405e-02
0.000000000000000000e+00
5.000000000000000000e-01
0.000000000000000000e+00
3.825136612021858007e-02
0.000000000000000000e+00
5.000000000000000000e-01
1.436265709156193992e-03
0.000000000000000000e+00
0.000000000000000000e+00
0.000000000000000000e+00
4.687500000000000000e-02
1.145662847790507310e-02
0.000000000000000000e+00
0.000000000000000000e+00
0.000000000000000000e+00
2.272727272727272790e-02
3.386004514672686164e-03
0.000000000000000000e+00
3.703703703703703498e-02
2.222222222222222307e-02
0.000000000000000000e+00
0.000000000000000000e+00
9.250693802035153072e-04
4.957858205255329977e-03
2.139037433155080090e-02
1.319696469811943232e-03
0.000000000000000000e+00
0.000000000000000000e+00
0.000000000000000000e+00
0.000000000000000000e+00
0.000000000000000000e+00
2.840909090909090814e-02
1.834862385321101019e-03
2.500000000000000000e-01
0.000000000000000000e+00
1.000000000000000000e+00
0.000000000000000000e+00
5.000000000000000000e-01
0.000000000000000000e+00
2.500000000000000000e-01
0.000000000000000000e+00
1.000000000000000021e-02
0.000000000000000000e+00
4.847645429362880572e-03
0.000000000000000000e+00
0.000000000000000000e+00
2.185792349726775954e-02
1.476014760147601433e-02
0.000000000000000000e+00
2.205882352941176613e-02
0.000000000000000000e+00
0.000000000000000000e+00
0.000000000000000000e+00
0.000000000000000000e+00
4.901960784313725422e-03
1.474926253687315614e-03
0.000000000000000000e+00
0.000000000000000000e+00
0.000000000000000000e+00
0.000000000000000000e+00
1.886792452830188607e-02
0.000000000000000000e+00
1.616814874696847126e-03
1.000000000000000056e-01
1.603077909586405822e-03
0.000000000000000000e+00
1.250000000000000000e-01
2.816901408450704289e-02
0.000000000000000000e+00
0.000000000000000000e+00
1.117318435754189980e-02
1.818181818181818232e-01
0.000000000000000000e+00
0.000000000000000000e+00
4.042037186742118357e-03
0.000000000000000000e+00
0.000000000000000000e+00
0.000000000000000000e+00
0.000000000000000000e+00
0.000000000000000000e+00
7.692307692307692735e-02
6.329113924050632813e-03
1.675041876046901197e-03
0.000000000000000000e+00
1.704545454545454419e-02
0.000000000000000000e+00
0.000000000000000000e+00
0.000000000000000000e+00
9.523809523809523281e-02
0.000000000000000000e+00
6.951340615690168416e-03
0.000000000000000000e+00
0.000000000000000000e+00
0.000000000000000000e+00
1.149425287356321823e-02
0.000000000000000000e+00
6.060606060606060774e-02
0.000000000000000000e+00
3.351206434316353951e-04
0.000000000000000000e+00
1.604278074866310327e-02
0.000000000000000000e+00
0.000000000000000000e+00
0.000000000000000000e+00
0.000000000000000000e+00
0.000000000000000000e+00
0.000000000000000000e+00
0.000000000000000000e+00
0.000000000000000000e+00
0.000000000000000000e+00
4.761904761904762334e-03
1.250000000000000000e-01
0.000000000000000000e+00
1.000000000000000021e-02
0.000000000000000000e+00
2.222222222222222099e-01
0.000000000000000000e+00
0.000000000000000000e+00
0.000000000000000000e+00
0.000000000000000000e+00
0.000000000000000000e+00
1.666666666666666574e-01
0.000000000000000000e+00
0.000000000000000000e+00
0.000000000000000000e+00
4.000000000000000222e-01
2.976190476190476025e-02
0.000000000000000000e+00
0.000000000000000000e+00
0.000000000000000000e+00
2.978723404255319285e-02
3.875968992248061962e-03
0.000000000000000000e+00
0.000000000000000000e+00
9.791921664626682120e-03
3.180212014134275750e-03
1.315789473684210453e-02
0.000000000000000000e+00
1.650943396226415075e-02
2.777777777777777624e-02
0.000000000000000000e+00
0.000000000000000000e+00
2.139037433155080263e-03
9.132420091324200406e-03
8.333333333333332871e-02
1.406250000000000000e-01
2.127659574468085055e-02
0.000000000000000000e+00
0.000000000000000000e+00
1.239669421487603340e-02
0.000000000000000000e+00
9.900990099009901110e-04
1.025641025641025640e-02
0.000000000000000000e+00
0.000000000000000000e+00
1.285714285714285587e-01
0.000000000000000000e+00
0.000000000000000000e+00
8.272058823529411867e-03
6.097560975609756092e-04
2.500000000000000000e-01
3.686150605581885002e-03
3.259098316132536585e-03
0.000000000000000000e+00
0.000000000000000000e+00
1.324503311258278145e-02
7.518796992481202590e-03
0.000000000000000000e+00
5.952380952380952051e-02
2.179836512261580303e-02
1.866666666666666821e-02
0.000000000000000000e+00
5.000000000000000000e-01
0.000000000000000000e+00
4.055150040551500079e-03
7.407407407407407690e-03
0.000000000000000000e+00
0.000000000000000000e+00
0.000000000000000000e+00
0.000000000000000000e+00
0.000000000000000000e+00
1.265822784810126563e-02
7.575757575757575968e-03
1.290322580645161289e-02
0.000000000000000000e+00
0.000000000000000000e+00
3.333333333333333148e-01
1.063829787234042527e-02
0.000000000000000000e+00
0.000000000000000000e+00
2.978160158835208536e-03
0.000000000000000000e+00
2.043944813490035980e-03
0.000000000000000000e+00
2.331002331002331000e-03
0.000000000000000000e+00
0.000000000000000000e+00
0.000000000000000000e+00
2.575660012878300004e-03
0.000000000000000000e+00
0.000000000000000000e+00
1.011122345803842307e-03
0.000000000000000000e+00
7.425742574257425399e-03
0.000000000000000000e+00
1.499999999999999944e-02
0.000000000000000000e+00
8.264462809917355601e-03
5.803830528148578097e-03
0.000000000000000000e+00
4.761904761904762334e-03
0.000000000000000000e+00
7.339449541284404077e-02
0.000000000000000000e+00
1.960784313725490169e-02
0.000000000000000000e+00
1.914893617021276584e-01
8.333333333333332871e-02
0.000000000000000000e+00
0.000000000000000000e+00
1.190476190476190410e-02
0.000000000000000000e+00
0.000000000000000000e+00
0.000000000000000000e+00
0.000000000000000000e+00
0.000000000000000000e+00
0.000000000000000000e+00
2.857142857142857054e-02
7.751937984496123923e-03
7.142857142857142461e-02
0.000000000000000000e+00
7.092198581560283516e-03
2.352941176470588203e-02
3.846153846153846367e-02
0.000000000000000000e+00
0.000000000000000000e+00
1.687763713080168808e-03
1.428571428571428492e-01
0.000000000000000000e+00
0.000000000000000000e+00
0.000000000000000000e+00
0.000000000000000000e+00
0.000000000000000000e+00
0.000000000000000000e+00
0.000000000000000000e+00
5.941770647653000972e-04
5.934718100890207931e-03
0.000000000000000000e+00
0.000000000000000000e+00
0.000000000000000000e+00
0.000000000000000000e+00
0.000000000000000000e+00
1.145038167938931296e-02
0.000000000000000000e+00
0.000000000000000000e+00
0.000000000000000000e+00
0.000000000000000000e+00
0.000000000000000000e+00
5.970149253731343343e-03
4.026845637583893051e-03
4.950495049504950555e-03
2.173913043478260809e-01
1.754385964912280604e-02
6.877579092159559482e-03
1.116427432216905886e-02
0.000000000000000000e+00
6.220839813374805585e-03
0.000000000000000000e+00
3.076923076923077094e-02
1.075268817204301161e-02
0.000000000000000000e+00
0.000000000000000000e+00
5.882352941176470507e-02
0.000000000000000000e+00
8.196721311475410263e-03
0.000000000000000000e+00
0.000000000000000000e+00
0.000000000000000000e+00
0.000000000000000000e+00
0.000000000000000000e+00
0.000000000000000000e+00
0.000000000000000000e+00
2.980625931445603574e-03
0.000000000000000000e+00
6.329113924050632813e-03
0.000000000000000000e+00
0.000000000000000000e+00
2.631578947368420907e-02
3.129346314325451815e-03
1.886792452830188607e-02
0.000000000000000000e+00
0.000000000000000000e+00
2.020202020202020374e-02
0.000000000000000000e+00
3.278688524590164105e-02
0.000000000000000000e+00
0.000000000000000000e+00
0.000000000000000000e+00
1.980198019801980222e-02
0.000000000000000000e+00
2.197802197802197800e-03
0.000000000000000000e+00
0.000000000000000000e+00
1.923076923076923184e-02
0.000000000000000000e+00
1.298701298701298787e-02
0.000000000000000000e+00
3.448275862068965469e-02
2.632733655111891332e-03
0.000000000000000000e+00
0.000000000000000000e+00
1.593371574251115303e-03
0.000000000000000000e+00
0.000000000000000000e+00
3.067484662576687102e-02
0.000000000000000000e+00
2.837326607818411311e-03
0.000000000000000000e+00
0.000000000000000000e+00
2.020202020202020374e-02
0.000000000000000000e+00
3.105590062111801032e-03
0.000000000000000000e+00
0.000000000000000000e+00
0.000000000000000000e+00
0.000000000000000000e+00
1.363636363636363535e-01
0.000000000000000000e+00
4.347826086956521618e-02
0.000000000000000000e+00
0.000000000000000000e+00
1.119402985074626931e-03
3.998400639744102356e-04
1.129943502824858797e-03
0.000000000000000000e+00
4.930966469428007919e-03
5.000000000000000000e-01
4.201680672268907381e-03
0.000000000000000000e+00
0.000000000000000000e+00
2.553191489361701996e-02
0.000000000000000000e+00
0.000000000000000000e+00
1.319648093841642271e-02
1.941747572815533899e-03
0.000000000000000000e+00
0.000000000000000000e+00
0.000000000000000000e+00
8.474576271186440649e-03
0.000000000000000000e+00
2.208898706216471958e-03
0.000000000000000000e+00
0.000000000000000000e+00
0.000000000000000000e+00
0.000000000000000000e+00
0.000000000000000000e+00
1.652892561983471034e-03
0.000000000000000000e+00
0.000000000000000000e+00
0.000000000000000000e+00
0.000000000000000000e+00
3.822264691829909029e-03
0.000000000000000000e+00
0.000000000000000000e+00
2.000000000000000111e-01
0.000000000000000000e+00
7.142857142857142461e-02
1.111111111111111049e-01
0.000000000000000000e+00
0.000000000000000000e+00
5.694760820045558468e-03
0.000000000000000000e+00
3.039513677811550140e-03
0.000000000000000000e+00
0.000000000000000000e+00
5.154639175257731860e-03
2.553191489361701996e-03
1.153846153846153910e-01
0.000000000000000000e+00
0.000000000000000000e+00
0.000000000000000000e+00
0.000000000000000000e+00
2.615518744551002719e-03
6.493506493506492894e-02
4.385964912280701511e-03
0.000000000000000000e+00
0.000000000000000000e+00
9.446693657219973686e-03
0.000000000000000000e+00
0.000000000000000000e+00
0.000000000000000000e+00
1.142857142857142821e-01
7.109004739336492566e-03
1.600000000000000033e-02
0.000000000000000000e+00
8.264462809917355601e-03
0.000000000000000000e+00
0.000000000000000000e+00
1.351351351351351426e-02
0.000000000000000000e+00
0.000000000000000000e+00
3.786444528587655988e-04
0.000000000000000000e+00
2.162162162162162282e-02
7.758620689655172653e-02
0.000000000000000000e+00
3.875968992248061962e-03
2.325581395348837177e-02
0.000000000000000000e+00
6.976744186046511531e-02
8.385744234800839025e-03
8.908685968819599369e-04
1.097178683385579938e-02
5.208333333333333044e-03
0.000000000000000000e+00
1.060445387062566381e-03
1.818181818181818094e-02
0.000000000000000000e+00
0.000000000000000000e+00
0.000000000000000000e+00
0.000000000000000000e+00
0.000000000000000000e+00
0.000000000000000000e+00
4.444444444444444441e-03
0.000000000000000000e+00
2.226463104325699695e-03
0.000000000000000000e+00
3.333333333333333148e-01
0.000000000000000000e+00
0.000000000000000000e+00
0.000000000000000000e+00
0.000000000000000000e+00
1.666666666666666644e-02
0.000000000000000000e+00
0.000000000000000000e+00
0.000000000000000000e+00
0.000000000000000000e+00
0.000000000000000000e+00
0.000000000000000000e+00
0.000000000000000000e+00
0.000000000000000000e+00
0.000000000000000000e+00
1.451378809869375902e-03
3.673769287288758227e-03
1.388888888888888812e-02
0.000000000000000000e+00
1.413094677343382059e-03
0.000000000000000000e+00
0.000000000000000000e+00
0.000000000000000000e+00
0.000000000000000000e+00
1.075268817204301161e-02
8.571428571428571508e-02
0.000000000000000000e+00
0.000000000000000000e+00
