9.874122738838195801e-01
9.362646937370300293e-01
8.343799710273742676e-01
8.067426085472106934e-01
9.458341598510742188e-01
9.889070391654968262e-01
9.956871271133422852e-01
9.618328809738159180e-01
9.838245511054992676e-01
9.029421210289001465e-01
9.955307841300964355e-01
9.019832611083984375e-01
9.974674582481384277e-01
9.860878586769104004e-01
9.944471716880798340e-01
9.979428052902221680e-01
9.944643974304199219e-01
9.744881391525268555e-01
9.616239070892333984e-01
9.733282923698425293e-01
9.546650052070617676e-01
9.709533452987670898e-01
9.794505238533020020e-01
9.942778944969177246e-01
9.724448323249816895e-01
9.674551486968994141e-01
9.929468035697937012e-01
9.550767540931701660e-01
9.942892789840698242e-01
9.995575547218322754e-01
9.995155930519104004e-01
9.887812137603759766e-01
9.799250364303588867e-01
9.532432556152343750e-01
9.739952087402343750e-01
9.927397370338439941e-01
8.944698572158813477e-01
9.831305742263793945e-01
9.905504584312438965e-01
9.853770136833190918e-01
9.899232983589172363e-01
9.810348153114318848e-01
9.951446056365966797e-01
9.282093048095703125e-01
9.823191165924072266e-01
9.943012595176696777e-01
4.976685941219329834e-01
9.818773269653320312e-01
9.872447252273559570e-01
9.926319718360900879e-01
9.809713363647460938e-01
9.835752248764038086e-01
9.844132065773010254e-01
9.853852987289428711e-01
9.979237914085388184e-01
9.702634811401367188e-01
9.935069680213928223e-01
9.639822244644165039e-01
9.959546327590942383e-01
9.356710910797119141e-01
9.967969059944152832e-01
9.103053212165832520e-01
9.765608906745910645e-01
9.812685847282409668e-01
6.353822350502014160e-01
9.351294040679931641e-01
9.938753843307495117e-01
9.735017418861389160e-01
9.660905599594116211e-01
9.830935597419738770e-01
8.654600977897644043e-01
9.888741970062255859e-01
9.522501826286315918e-01
9.889788627624511719e-01
9.637400507926940918e-01
9.915354251861572266e-01
9.897583723068237305e-01
9.044203758239746094e-01
9.703489542007446289e-01
9.848741292953491211e-01
9.792374372482299805e-01
9.551008343696594238e-01
9.501758813858032227e-01
9.494290947914123535e-01
9.046878218650817871e-01
9.413324594497680664e-01
9.878242611885070801e-01
9.412829279899597168e-01
9.986602067947387695e-01
9.737312793731689453e-01
9.952030181884765625e-01
9.559231996536254883e-01
9.684394001960754395e-01
9.958665370941162109e-01
9.989030361175537109e-01
9.833478927612304688e-01
9.890677928924560547e-01
9.217706322669982910e-01
9.859803915023803711e-01
9.887766838073730469e-01
9.524471163749694824e-01
9.920381903648376465e-01
9.536939263343811035e-01
9.860162734985351562e-01
9.779429435729980469e-01
9.908372163772583008e-01
9.727048277854919434e-01
9.296255707740783691e-01
9.632660746574401855e-01
9.890911579132080078e-01
9.334478378295898438e-01
9.873831272125244141e-01
9.562162160873413086e-01
9.934911131858825684e-01
9.911561608314514160e-01
9.224478006362915039e-01
9.835658669471740723e-01
9.941482543945312500e-01
9.542286396026611328e-01
9.431046843528747559e-01
9.953309893608093262e-01
9.929226636886596680e-01
9.854736328125000000e-01
9.959384202957153320e-01
9.863846302032470703e-01
9.939785599708557129e-01
9.224147200584411621e-01
9.992199540138244629e-01
9.947724938392639160e-01
9.359967112541198730e-01
9.567412734031677246e-01
9.549369215965270996e-01
9.455153346061706543e-01
9.835462570190429688e-01
9.865606427192687988e-01
9.266734719276428223e-01
9.618858098983764648e-01
9.929975271224975586e-01
9.904389381408691406e-01
9.531269073486328125e-01
9.956522583961486816e-01
9.326064586639404297e-01
9.952341318130493164e-01
9.728962779045104980e-01
9.849617481231689453e-01
9.911312460899353027e-01
9.637490510940551758e-01
9.999333024024963379e-01
9.532087445259094238e-01
9.894578456878662109e-01
9.930995106697082520e-01
9.252603054046630859e-01
9.748912453651428223e-01
9.979577660560607910e-01
9.474896192550659180e-01
9.328736662864685059e-01
9.436930418014526367e-01
9.446328282356262207e-01
9.427137970924377441e-01
9.785950183868408203e-01
9.813509583473205566e-01
8.554138541221618652e-01
9.054404497146606445e-01
9.956679940223693848e-01
9.942575693130493164e-01
9.422960877418518066e-01
9.947032332420349121e-01
8.513475656509399414e-01
9.942685365676879883e-01
9.857548475265502930e-01
9.672520160675048828e-01
9.722113013267517090e-01
9.927183389663696289e-01
9.702786207199096680e-01
9.587062001228332520e-01
9.323945641517639160e-01
9.828746914863586426e-01
9.869551062583923340e-01
9.795246124267578125e-01
9.379426240921020508e-01
9.841555356979370117e-01
9.960235953330993652e-01
9.852765798568725586e-01
9.791365265846252441e-01
9.919398427009582520e-01
9.417395591735839844e-01
9.900205731391906738e-01
9.598019719123840332e-01
9.406217336654663086e-01
9.584280252456665039e-01
9.396232962608337402e-01
9.248892664909362793e-01
9.616634249687194824e-01
9.578757882118225098e-01
9.964141845703125000e-01
9.738674759864807129e-01
9.524948000907897949e-01
9.666448831558227539e-01
9.970220327377319336e-01
9.577354192733764648e-01
9.945376515388488770e-01
9.940827488899230957e-01
9.757905006408691406e-01
9.906975030899047852e-01
9.460060000419616699e-01
9.897570013999938965e-01
9.868709444999694824e-01
8.840510845184326172e-01
8.572627305984497070e-01
9.393121004104614258e-01
9.887056350708007812e-01
9.540503621101379395e-01
9.430397152900695801e-01
9.900649785995483398e-01
9.293195605278015137e-01
9.361937642097473145e-01
9.701660871505737305e-01
9.405174255371093750e-01
8.681857585906982422e-01
9.860295057296752930e-01
8.800621032714843750e-01
9.873532056808471680e-01
9.857002496719360352e-01
9.072946310043334961e-01
9.645010232925415039e-01
8.914967179298400879e-01
9.791203737258911133e-01
9.851390123367309570e-01
9.764617085456848145e-01
9.574050307273864746e-01
9.299195408821105957e-01
9.509762525558471680e-01
9.129111170768737793e-01
9.827057719230651855e-01
9.788373708724975586e-01
9.929194450378417969e-01
9.338657855987548828e-01
9.987656474113464355e-01
9.913796782493591309e-01
9.704184532165527344e-01
9.984185099601745605e-01
9.524024128913879395e-01
9.792122244834899902e-01
9.888216257095336914e-01
9.808263778686523438e-01
9.930750131607055664e-01
9.956709742546081543e-01
9.828559160232543945e-01
9.840225577354431152e-01
9.961512684822082520e-01
9.865885972976684570e-01
9.303961992263793945e-01
9.908968806266784668e-01
9.826157093048095703e-01
9.462255239486694336e-01
9.766907691955566406e-01
9.934415221214294434e-01
9.920748472213745117e-01
9.727875590324401855e-01
9.783117771148681641e-01
9.920543432235717773e-01
9.912377595901489258e-01
9.536896944046020508e-01
9.905936717987060547e-01
9.721832871437072754e-01
9.912861585617065430e-01
9.859776496887207031e-01
9.470359086990356445e-01
9.128413200378417969e-01
9.127718806266784668e-01
9.859150648117065430e-01
9.951333403587341309e-01
9.914919734001159668e-01
9.791707396507263184e-01
9.997091293334960938e-01
9.793027043342590332e-01
9.809781312942504883e-01
9.861273765563964844e-01
9.664763212203979492e-01
9.881010055541992188e-01
9.630009531974792480e-01
9.087957143783569336e-01
9.932804107666015625e-01
9.952911138534545898e-01
8.905248641967773438e-01
9.992570281028747559e-01
9.781154394149780273e-01
9.964951276779174805e-01
9.065423607826232910e-01
9.946160912513732910e-01
9.809032082557678223e-01
9.736140370368957520e-01
9.806789159774780273e-01
9.790703654289245605e-01
9.805364012718200684e-01
9.791705012321472168e-01
9.863794445991516113e-01
9.932338595390319824e-01
9.926798939704895020e-01
9.365414381027221680e-01
9.728710651397705078e-01
9.970359206199645996e-01
9.423872828483581543e-01
9.937556385993957520e-01
9.720717668533325195e-01
9.928803443908691406e-01
9.540832638740539551e-01
9.424629211425781250e-01
9.459725022315979004e-01
8.510490059852600098e-01
9.986992478370666504e-01
9.804495573043823242e-01
9.499319195747375488e-01
9.841808080673217773e-01
9.922679662704467773e-01
9.546192884445190430e-01
9.382129311561584473e-01
9.935333728790283203e-01
8.947232365608215332e-01
9.330060482025146484e-01
9.198862910270690918e-01
9.900055527687072754e-01
9.824063777923583984e-01
9.648941159248352051e-01
9.507520198822021484e-01
9.391643404960632324e-01
9.648297429084777832e-01
9.490917921066284180e-01
9.873614311218261719e-01
9.955079555511474609e-01
9.830264449119567871e-01
9.545075893402099609e-01
9.831286072731018066e-01
9.914428591728210449e-01
9.426310658454895020e-01
9.889613986015319824e-01
9.610525965690612793e-01
8.979458808898925781e-01
8.374651074409484863e-01
9.066956639289855957e-01
9.823979139328002930e-01
9.536020755767822266e-01
9.809640645980834961e-01
8.482346534729003906e-01
9.994429349899291992e-01
9.807533025741577148e-01
9.879580140113830566e-01
9.538647532463073730e-01
9.933528304100036621e-01
9.785910248756408691e-01
9.407774209976196289e-01
9.944331645965576172e-01
9.995756149291992188e-01
8.703442215919494629e-01
9.863986968994140625e-01
9.384605288505554199e-01
9.918199181556701660e-01
9.847173094749450684e-01
9.691205024719238281e-01
9.813729524612426758e-01
8.687726855278015137e-01
9.707876443862915039e-01
9.808229207992553711e-01
8.972187638282775879e-01
9.797355532646179199e-01
9.767723083496093750e-01
9.994024038314819336e-01
9.993743896484375000e-01
7.816291451454162598e-01
9.450674057006835938e-01
9.655713438987731934e-01
9.979203343391418457e-01
9.829469919204711914e-01
9.932139515876770020e-01
9.832743406295776367e-01
9.781317114830017090e-01
9.258238077163696289e-01
9.885996580123901367e-01
7.711116075515747070e-01
9.862041473388671875e-01
9.492215514183044434e-01
9.740893244743347168e-01
9.982005357742309570e-01
9.465969800949096680e-01
9.986257553100585938e-01
9.831309318542480469e-01
9.792633056640625000e-01
9.301093816757202148e-01
9.854992032051086426e-01
9.852758049964904785e-01
9.965380430221557617e-01
9.894753098487854004e-01
9.825683236122131348e-01
9.911968111991882324e-01
9.811329245567321777e-01
9.867977499961853027e-01
9.490372538566589355e-01
9.967508912086486816e-01
9.876743555068969727e-01
9.723208546638488770e-01
9.897135496139526367e-01
8.947681784629821777e-01
8.688499927520751953e-01
9.763380885124206543e-01
9.146987795829772949e-01
9.879932999610900879e-01
9.671860337257385254e-01
9.994167685508728027e-01
9.897084236145019531e-01
9.761098623275756836e-01
9.936454892158508301e-01
9.858863353729248047e-01
9.543862342834472656e-01
9.786325693130493164e-01
9.517590403556823730e-01
9.545286297798156738e-01
9.765447378158569336e-01
9.911672472953796387e-01
9.854422807693481445e-01
9.931274056434631348e-01
9.943720102310180664e-01
9.713213443756103516e-01
9.430480599403381348e-01
9.806805253028869629e-01
9.818397164344787598e-01
9.646207094192504883e-01
9.358726143836975098e-01
9.558973908424377441e-01
9.968649148941040039e-01
9.903396964073181152e-01
9.983962178230285645e-01
9.838030934333801270e-01
9.858641028404235840e-01
9.979203343391418457e-01
9.924136400222778320e-01
9.582380652427673340e-01
9.709010720252990723e-01
9.240912199020385742e-01
9.726033806800842285e-01
9.514954686164855957e-01
9.319183230400085449e-01
9.749087691307067871e-01
9.889843463897705078e-01
9.914541244506835938e-01
9.849655032157897949e-01
9.791834354400634766e-01
9.816805124282836914e-01
9.670222401618957520e-01
9.865624904632568359e-01
9.499216675758361816e-01
9.398477077484130859e-01
9.450650215148925781e-01
9.809510707855224609e-01
9.168561697006225586e-01
9.761195182800292969e-01
9.956724047660827637e-01
8.880383968353271484e-01
9.600304365158081055e-01
9.751090407371520996e-01
9.607626795768737793e-01
9.956260919570922852e-01
9.789938330650329590e-01
9.636029601097106934e-01
9.317943453788757324e-01
9.518178701400756836e-01
9.716928601264953613e-01
9.982110261917114258e-01
9.899951815605163574e-01
8.433238863945007324e-01
9.810122251510620117e-01
9.878806471824645996e-01
9.951699376106262207e-01
9.925156831741333008e-01
9.057585597038269043e-01
9.305464029312133789e-01
9.619523882865905762e-01
9.920871853828430176e-01
9.831740260124206543e-01
9.915046691894531250e-01
9.901031255722045898e-01
9.825812578201293945e-01
9.899167418479919434e-01
9.319944381713867188e-01
9.071102142333984375e-01
9.182960987091064453e-01
9.908516407012939453e-01
9.610112309455871582e-01
9.804942607879638672e-01
9.656654596328735352e-01
9.550263285636901855e-01
8.103389739990234375e-01
9.923483729362487793e-01
9.399480223655700684e-01
7.960388660430908203e-01
9.950109720230102539e-01
9.686407446861267090e-01
9.393551349639892578e-01
9.966287016868591309e-01
9.610525965690612793e-01
9.896940588951110840e-01
9.826766848564147949e-01
8.999231457710266113e-01
8.644282221794128418e-01
9.519887566566467285e-01
9.818260073661804199e-01
9.942962527275085449e-01
9.969518780708312988e-01
9.920094013214111328e-01
9.915990829467773438e-01
9.883367419242858887e-01
9.407367110252380371e-01
9.287055730819702148e-01
9.811209440231323242e-01
9.776743650436401367e-01
9.930242300033569336e-01
9.948834180831909180e-01
9.995028376579284668e-01
9.893286824226379395e-01
9.260978102684020996e-01
9.712775349617004395e-01
9.464071989059448242e-01
9.804648756980895996e-01
9.824629426002502441e-01
9.274858832359313965e-01
9.899309873580932617e-01
9.430020451545715332e-01
9.804482460021972656e-01
9.397309422492980957e-01
9.736664891242980957e-01
9.678246378898620605e-01
9.840371608734130859e-01
9.887676835060119629e-01
9.986203312873840332e-01
9.537917971611022949e-01
9.637324213981628418e-01
9.797874093055725098e-01
9.271621704101562500e-01
9.939217567443847656e-01
9.349942207336425781e-01
9.851264357566833496e-01
9.662128686904907227e-01
9.869052767753601074e-01
9.655975699424743652e-01
9.461300373077392578e-01
9.845231175422668457e-01
9.674233198165893555e-01
9.616342186927795410e-01
9.905597567558288574e-01
9.829604625701904297e-01
9.648181796073913574e-01
9.966858029365539551e-01
9.624589085578918457e-01
9.959433674812316895e-01
8.482770919799804688e-01
9.892673492431640625e-01
9.841117262840270996e-01
9.439324140548706055e-01
9.850608110427856445e-01
9.868076443672180176e-01
9.905657768249511719e-01
9.691103696823120117e-01
9.710196852684020996e-01
9.899026155471801758e-01
9.666749835014343262e-01
9.878045320510864258e-01
9.995575547218322754e-01
9.914743900299072266e-01
9.601546525955200195e-01
9.950010180473327637e-01
9.911102056503295898e-01
9.698867797851562500e-01
9.448246359825134277e-01
9.801793098449707031e-01
9.875368475914001465e-01
9.848474264144897461e-01
9.015362262725830078e-01
8.894584178924560547e-01
9.945062398910522461e-01
9.853893518447875977e-01
9.785634279251098633e-01
9.356824159622192383e-01
9.835631251335144043e-01
9.753592610359191895e-01
9.767753481864929199e-01
9.743337631225585938e-01
9.821622967720031738e-01
9.889295101165771484e-01
9.925995469093322754e-01
9.907701015472412109e-01
9.711025357246398926e-01
9.996399283409118652e-01
9.885519742965698242e-01
9.870012998580932617e-01
9.881458878517150879e-01
9.321354031562805176e-01
9.719086289405822754e-01
9.424203038215637207e-01
9.906607270240783691e-01
9.167789816856384277e-01
9.238501191139221191e-01
9.940128922462463379e-01
9.502252936363220215e-01
9.842705726623535156e-01
9.857303500175476074e-01
9.887210130691528320e-01
9.712929129600524902e-01
9.641509056091308594e-01
9.641460776329040527e-01
9.845393896102905273e-01
9.946871399879455566e-01
9.907602667808532715e-01
9.888733029365539551e-01
9.858143925666809082e-01
8.760930895805358887e-01
9.048226475715637207e-01
9.751175642013549805e-01
9.690401554107666016e-01
9.381644129753112793e-01
9.993027448654174805e-01
9.888705015182495117e-01
9.960722327232360840e-01
9.512521624565124512e-01
9.238957762718200684e-01
9.804557561874389648e-01
9.837273359298706055e-01
9.862686395645141602e-01
9.985170960426330566e-01
9.846624135971069336e-01
9.445913434028625488e-01
9.667876362800598145e-01
9.599510431289672852e-01
9.705653190612792969e-01
9.678837060928344727e-01
9.896283745765686035e-01
9.413018226623535156e-01
9.575931429862976074e-01
9.741416573524475098e-01
9.505396485328674316e-01
9.712355732917785645e-01
9.883747100830078125e-01
9.207785725593566895e-01
9.857981801033020020e-01
9.990767240524291992e-01
9.332301020622253418e-01
9.840044975280761719e-01
9.484757781028747559e-01
9.812623858451843262e-01
9.979225993156433105e-01
7.965743541717529297e-01
9.872097373008728027e-01
9.754521250724792480e-01
9.766073822975158691e-01
9.448823332786560059e-01
9.738861322402954102e-01
9.801854491233825684e-01
9.805099964141845703e-01
9.622658491134643555e-01
9.708458185195922852e-01
9.406912326812744141e-01
9.524350166320800781e-01
9.984421133995056152e-01
9.733797311782836914e-01
9.416340589523315430e-01
9.926342964172363281e-01
9.523294568061828613e-01
9.513986706733703613e-01
9.890902042388916016e-01
9.267881512641906738e-01
9.869399070739746094e-01
9.441738128662109375e-01
9.869034886360168457e-01
9.972654581069946289e-01
9.821385145187377930e-01
9.975161552429199219e-01
9.895758628845214844e-01
9.729346632957458496e-01
9.913929104804992676e-01
9.600276350975036621e-01
9.901297688484191895e-01
9.795212149620056152e-01
9.565999507904052734e-01
9.384074211120605469e-01
9.875294566154479980e-01
9.715623259544372559e-01
9.113977551460266113e-01
9.767403602600097656e-01
9.551703333854675293e-01
9.403467774391174316e-01
9.909554123878479004e-01
9.911670684814453125e-01
9.809678196907043457e-01
9.804615378379821777e-01
7.381632924079895020e-01
9.848731756210327148e-01
9.801923632621765137e-01
9.817010760307312012e-01
9.510371685028076172e-01
9.911578893661499023e-01
9.995571970939636230e-01
9.857487082481384277e-01
9.980132579803466797e-01
9.557347893714904785e-01
9.756175875663757324e-01
9.442414641380310059e-01
9.949398040771484375e-01
9.458553791046142578e-01
9.430327415466308594e-01
9.541075229644775391e-01
9.657070636749267578e-01
9.915422201156616211e-01
9.728001356124877930e-01
9.463486075401306152e-01
9.670773744583129883e-01
9.898755550384521484e-01
9.793119430541992188e-01
9.795912504196166992e-01
9.715391397476196289e-01
9.732148647308349609e-01
9.724978208541870117e-01
9.910726547241210938e-01
9.971271157264709473e-01
9.504852890968322754e-01
9.897786974906921387e-01
9.271222352981567383e-01
9.839990735054016113e-01
9.683570861816406250e-01
9.684919714927673340e-01
9.434570670127868652e-01
9.946515560150146484e-01
9.964845776557922363e-01
9.605150818824768066e-01
9.921350479125976562e-01
9.806129336357116699e-01
9.814375042915344238e-01
9.882045388221740723e-01
9.491399526596069336e-01
9.368755817413330078e-01
8.653843998908996582e-01
9.937272071838378906e-01
9.688998460769653320e-01
9.942892789840698242e-01
9.800551533699035645e-01
9.681241512298583984e-01
8.869209885597229004e-01
9.968520998954772949e-01
9.790119528770446777e-01
9.826476573944091797e-01
9.888292551040649414e-01
9.555203318595886230e-01
9.833837151527404785e-01
9.709656238555908203e-01
9.790548682212829590e-01
8.355191349983215332e-01
9.698795080184936523e-01
9.824525117874145508e-01
9.475797414779663086e-01
9.916299581527709961e-01
9.834459424018859863e-01
9.799287319183349609e-01
9.923133850097656250e-01
9.821384549140930176e-01
9.942080378532409668e-01
9.812966585159301758e-01
9.886588454246520996e-01
9.845044612884521484e-01
9.900042414665222168e-01
9.995202422142028809e-01
9.965214133262634277e-01
9.697784185409545898e-01
9.281955361366271973e-01
9.838927388191223145e-01
9.868755340576171875e-01
9.806619286537170410e-01
9.184846878051757812e-01
9.977427124977111816e-01
9.871826171875000000e-01
7.413882017135620117e-01
9.965265989303588867e-01
9.256485700607299805e-01
8.807973265647888184e-01
9.559149146080017090e-01
9.743626117706298828e-01
9.858013391494750977e-01
9.491858482360839844e-01
9.099047183990478516e-01
9.818368554115295410e-01
9.953117370605468750e-01
9.597386717796325684e-01
9.920921921730041504e-01
9.575291872024536133e-01
9.906327724456787109e-01
9.826009869575500488e-01
9.466022253036499023e-01
9.756574034690856934e-01
9.668471217155456543e-01
9.792314171791076660e-01
8.650916218757629395e-01
9.355544447898864746e-01
9.403873085975646973e-01
9.166399240493774414e-01
9.502025246620178223e-01
9.685349464416503906e-01
9.635684490203857422e-01
9.635427594184875488e-01
9.586173295974731445e-01
9.730789065361022949e-01
9.804927706718444824e-01
9.144229292869567871e-01
9.201706647872924805e-01
9.888662099838256836e-01
9.976240992546081543e-01
9.945414066314697266e-01
9.876606464385986328e-01
9.977701306343078613e-01
9.256548285484313965e-01
9.833555221557617188e-01
9.242433905601501465e-01
9.808278679847717285e-01
9.807884693145751953e-01
9.919532537460327148e-01
9.630875587463378906e-01
9.620983600616455078e-01
9.889023900032043457e-01
9.225317239761352539e-01
9.963179826736450195e-01
8.708076477050781250e-01
9.764655232429504395e-01
9.873095154762268066e-01
9.803017377853393555e-01
9.422650337219238281e-01
9.702548980712890625e-01
9.444154500961303711e-01
9.507946968078613281e-01
9.969791173934936523e-01
8.198653459548950195e-01
9.676505327224731445e-01
9.944792389869689941e-01
9.948204159736633301e-01
9.979199767112731934e-01
9.730096459388732910e-01
9.965867996215820312e-01
9.995575547218322754e-01
9.969800114631652832e-01
9.795411229133605957e-01
8.866357803344726562e-01
9.888411760330200195e-01
9.703566431999206543e-01
9.897484779357910156e-01
9.880417585372924805e-01
9.586346149444580078e-01
9.935715794563293457e-01
9.748495817184448242e-01
9.805220365524291992e-01
9.716330766677856445e-01
9.966282248497009277e-01
8.996361494064331055e-01
9.632577300071716309e-01
9.548223018646240234e-01
9.937175512313842773e-01
9.609832167625427246e-01
9.896046519279479980e-01
9.850398302078247070e-01
9.954543113708496094e-01
9.969537258148193359e-01
9.438384771347045898e-01
9.353485107421875000e-01
9.827051758766174316e-01
9.916447997093200684e-01
9.653146862983703613e-01
9.792802333831787109e-01
9.836392998695373535e-01
9.535091519355773926e-01
9.646868109703063965e-01
9.913223385810852051e-01
9.623423814773559570e-01
9.668870568275451660e-01
9.715730547904968262e-01
9.829895496368408203e-01
9.719583392143249512e-01
9.856789112091064453e-01
9.908515214920043945e-01
9.881531000137329102e-01
9.165579080581665039e-01
9.892085194587707520e-01
9.888461828231811523e-01
9.281978607177734375e-01
9.984197616577148438e-01
9.923844933509826660e-01
9.737122058868408203e-01
9.768385291099548340e-01
9.669655561447143555e-01
9.912937283515930176e-01
9.551797509193420410e-01
9.917492270469665527e-01
9.602237939834594727e-01
9.566090106964111328e-01
9.873353838920593262e-01
9.794854521751403809e-01
9.952986836433410645e-01
9.865399003028869629e-01
9.321924448013305664e-01
9.742263555526733398e-01
9.794879555702209473e-01
9.730553030967712402e-01
9.145433902740478516e-01
9.951524734497070312e-01
9.841836094856262207e-01
8.309671878814697266e-01
9.905819296836853027e-01
9.971987605094909668e-01
9.590072035789489746e-01
9.924239516258239746e-01
9.321145415306091309e-01
9.928038120269775391e-01
8.737606406211853027e-01
9.715059399604797363e-01
9.470480084419250488e-01
9.933351278305053711e-01
9.829110503196716309e-01
9.952337741851806641e-01
9.432783722877502441e-01
9.665142893791198730e-01
9.944229722023010254e-01
9.903964996337890625e-01
9.945354461669921875e-01
9.664037823677062988e-01
9.950081110000610352e-01
9.550026059150695801e-01
9.848240017890930176e-01
9.877127408981323242e-01
9.291294813156127930e-01
9.577668905258178711e-01
9.972280859947204590e-01
9.737309813499450684e-01
9.954656362533569336e-01
9.819425344467163086e-01
9.763509631156921387e-01
9.864712953567504883e-01
9.615067839622497559e-01
8.935396671295166016e-01
9.842981696128845215e-01
9.996441006660461426e-01
9.706091284751892090e-01
9.989435076713562012e-01
9.931598901748657227e-01
9.775725603103637695e-01
9.809693098068237305e-01
9.891933202743530273e-01
9.964365959167480469e-01
9.951075315475463867e-01
9.662397503852844238e-01
9.931739568710327148e-01
9.873467087745666504e-01
9.462721347808837891e-01
9.892045259475708008e-01
9.374299049377441406e-01
9.979816675186157227e-01
9.829443693161010742e-01
9.718903303146362305e-01
9.776673913002014160e-01
8.571093082427978516e-01
9.703060388565063477e-01
9.959973692893981934e-01
9.525924324989318848e-01
9.826491475105285645e-01
9.962927103042602539e-01
9.631415009498596191e-01
9.755128622055053711e-01
9.802410602569580078e-01
9.947385191917419434e-01
9.918168783187866211e-01
9.931967258453369141e-01
8.933278918266296387e-01
9.998396039009094238e-01
9.901940822601318359e-01
9.784872531890869141e-01
9.777653813362121582e-01
9.799990653991699219e-01
9.803436398506164551e-01
9.837335944175720215e-01
9.783437848091125488e-01
9.905846714973449707e-01
9.312663078308105469e-01
9.628360867500305176e-01
9.758134484291076660e-01
9.889189600944519043e-01
9.405384063720703125e-01
9.797984361648559570e-01
9.717304706573486328e-01
9.326028823852539062e-01
9.991905093193054199e-01
9.777321219444274902e-01
9.979274272918701172e-01
9.321989417076110840e-01
9.155695438385009766e-01
9.560252428054809570e-01
9.940279126167297363e-01
9.940478801727294922e-01
9.623060226440429688e-01
9.962546825408935547e-01
9.991809725761413574e-01
9.884651899337768555e-01
9.725447297096252441e-01
9.860155582427978516e-01
9.123000502586364746e-01
9.835503101348876953e-01
9.514314532279968262e-01
9.496231079101562500e-01
9.881545901298522949e-01
9.731031656265258789e-01
9.318376779556274414e-01
9.826868772506713867e-01
9.941181540489196777e-01
9.846721887588500977e-01
9.869350194931030273e-01
9.789392352104187012e-01
9.881384968757629395e-01
9.834076762199401855e-01
9.415737390518188477e-01
9.970527291297912598e-01
9.220684766769409180e-01
9.386342167854309082e-01
9.964331984519958496e-01
9.178652763366699219e-01
9.886820912361145020e-01
9.397628903388977051e-01
9.610757827758789062e-01
9.338410496711730957e-01
9.966382384300231934e-01
9.780073761940002441e-01
9.830031394958496094e-01
9.842973947525024414e-01
9.978654384613037109e-01
9.857194423675537109e-01
9.952769875526428223e-01
9.897588491439819336e-01
9.640366435050964355e-01
9.864597320556640625e-01
9.919593930244445801e-01
9.932927489280700684e-01
9.395369291305541992e-01
9.888466596603393555e-01
9.913952946662902832e-01
9.986617565155029297e-01
9.811825156211853027e-01
9.078474640846252441e-01
9.834365844726562500e-01
9.529131054878234863e-01
9.785528182983398438e-01
9.837906360626220703e-01
9.891097545623779297e-01
9.729309082031250000e-01
9.489894509315490723e-01
9.631901979446411133e-01
9.764581918716430664e-01
9.740550518035888672e-01
9.523071646690368652e-01
8.847938776016235352e-01
8.992063999176025391e-01
9.818598628044128418e-01
9.444097876548767090e-01
9.825224280357360840e-01
9.915964007377624512e-01
9.749376773834228516e-01
9.819074273109436035e-01
9.528700709342956543e-01
9.818572998046875000e-01
9.790852665901184082e-01
9.910160303115844727e-01
9.841399192810058594e-01
9.992762207984924316e-01
9.851807951927185059e-01
9.161071777343750000e-01
9.602685570716857910e-01
9.876521825790405273e-01
9.728116393089294434e-01
9.795994758605957031e-01
9.651567339897155762e-01
9.589768052101135254e-01
9.679872989654541016e-01
8.960158228874206543e-01
9.696277379989624023e-01
9.503971934318542480e-01
9.997710585594177246e-01
9.839944839477539062e-01
9.757886528968811035e-01
8.840115070343017578e-01
9.873827099800109863e-01
9.265184998512268066e-01
9.989371299743652344e-01
9.818480610847473145e-01
9.849019050598144531e-01
9.914960265159606934e-01
9.758505821228027344e-01
9.008195996284484863e-01
9.529536366462707520e-01
9.837472438812255859e-01
9.280167222023010254e-01
9.653352499008178711e-01
9.729244709014892578e-01
9.935310482978820801e-01
9.654562473297119141e-01
9.745437502861022949e-01
9.769111275672912598e-01
9.932729601860046387e-01
9.685397744178771973e-01
9.947406649589538574e-01
9.856755137443542480e-01
9.707658290863037109e-01
8.075023889541625977e-01
9.692403078079223633e-01
9.893914461135864258e-01
9.990296363830566406e-01
9.872342944145202637e-01
9.752220511436462402e-01
9.812960624694824219e-01
9.574516415596008301e-01
9.695218205451965332e-01
9.936471581459045410e-01
9.807275533676147461e-01
9.879209399223327637e-01
9.961153268814086914e-01
9.765100479125976562e-01
9.516586065292358398e-01
9.878777265548706055e-01
9.623017907142639160e-01
9.881160855293273926e-01
9.953828454017639160e-01
9.922122955322265625e-01
8.042544126510620117e-01
9.803454279899597168e-01
9.552593827247619629e-01
9.702863097190856934e-01
9.858636260032653809e-01
9.283900260925292969e-01
9.781286120414733887e-01
9.890778064727783203e-01
8.998840451240539551e-01
9.857033491134643555e-01
9.404125809669494629e-01
9.824873805046081543e-01
9.770893454551696777e-01
9.954732060432434082e-01
9.358253479003906250e-01
9.971323013305664062e-01
9.829701781272888184e-01
9.964563846588134766e-01
8.881268501281738281e-01
9.544607400894165039e-01
9.553065299987792969e-01
9.957208037376403809e-01
9.983669519424438477e-01
9.220345020294189453e-01
9.977803826332092285e-01
9.948137998580932617e-01
9.842972159385681152e-01
9.568996429443359375e-01
9.869322180747985840e-01
9.560854434967041016e-01
9.759092330932617188e-01
9.977176785469055176e-01
9.001840353012084961e-01
9.988889098167419434e-01
9.919252395629882812e-01
9.621640443801879883e-01
9.664846062660217285e-01
9.844131469726562500e-01
9.888694882392883301e-01
9.911577105522155762e-01
9.958083629608154297e-01
9.952348470687866211e-01
9.763742089271545410e-01
9.807195067405700684e-01
9.839004278182983398e-01
9.524514675140380859e-01
9.805754423141479492e-01
9.811384081840515137e-01
9.983801245689392090e-01
9.837712049484252930e-01
9.944784641265869141e-01
9.793072342872619629e-01
9.779568314552307129e-01
9.642699956893920898e-01
9.874937534332275391e-01
9.683606028556823730e-01
9.932864904403686523e-01
9.695348143577575684e-01
9.735506772994995117e-01
9.834601879119873047e-01
9.963489770889282227e-01
9.490610957145690918e-01
9.875493645668029785e-01
9.857253432273864746e-01
9.605825543403625488e-01
9.797791242599487305e-01
9.835744500160217285e-01
9.659830927848815918e-01
9.878664612770080566e-01
8.637431859970092773e-01
8.751845359802246094e-01
9.891066551208496094e-01
9.076918363571166992e-01
9.928757548332214355e-01
9.603689312934875488e-01
9.534646868705749512e-01
9.660670757293701172e-01
9.843009114265441895e-01
9.764888882637023926e-01
9.884499907493591309e-01
9.915639162063598633e-01
9.797855019569396973e-01
9.539607763290405273e-01
9.863277077674865723e-01
9.826597571372985840e-01
9.713122844696044922e-01
9.931843280792236328e-01
9.607738852500915527e-01
9.625141620635986328e-01
9.952691793441772461e-01
9.921814203262329102e-01
9.581213593482971191e-01
9.418601393699645996e-01
9.953414201736450195e-01
9.812359213829040527e-01
9.843929409980773926e-01
9.541722536087036133e-01
9.757781624794006348e-01
9.464583992958068848e-01
9.790062308311462402e-01
9.884632229804992676e-01
9.449523687362670898e-01
9.982960820198059082e-01
9.278162121772766113e-01
9.469593167304992676e-01
9.716150760650634766e-01
9.597772359848022461e-01
9.254637360572814941e-01
9.972535371780395508e-01
9.639515876770019531e-01
9.331169724464416504e-01
9.810766577720642090e-01
9.691404104232788086e-01
9.991979002952575684e-01
9.902229905128479004e-01
9.750056266784667969e-01
9.947997927665710449e-01
9.851408600807189941e-01
9.949730038642883301e-01
9.374397993087768555e-01
9.297716021537780762e-01
9.944456815719604492e-01
9.709587097167968750e-01
9.939376711845397949e-01
9.814530014991760254e-01
9.601053595542907715e-01
9.702184200286865234e-01
9.646540880203247070e-01
9.862623810768127441e-01
9.664400219917297363e-01
9.344124197959899902e-01
9.492576718330383301e-01
9.168540835380554199e-01
9.983320832252502441e-01
9.748431444168090820e-01
9.792654514312744141e-01
9.829575419425964355e-01
9.798384904861450195e-01
9.936549663543701172e-01
9.637192487716674805e-01
9.993840456008911133e-01
9.312112331390380859e-01
9.993285536766052246e-01
9.894917011260986328e-01
9.447456598281860352e-01
9.831264615058898926e-01
9.937170147895812988e-01
9.029220342636108398e-01
7.580077648162841797e-01
9.975037574768066406e-01
9.595474004745483398e-01
9.347240924835205078e-01
9.962881803512573242e-01
9.819126725196838379e-01
9.914699196815490723e-01
9.979797601699829102e-01
9.714884161949157715e-01
9.328522086143493652e-01
9.933922290802001953e-01
9.650555253028869629e-01
9.757391810417175293e-01
9.095515012741088867e-01
9.778096675872802734e-01
9.940806031227111816e-01
9.981930851936340332e-01
9.648187160491943359e-01
9.558806419372558594e-01
9.838653206825256348e-01
9.995571970939636230e-01
9.839804768562316895e-01
9.889296293258666992e-01
9.792519211769104004e-01
