9.675602912902832031e-01
9.979252219200134277e-01
9.896463155746459961e-01
9.921855330467224121e-01
9.460209012031555176e-01
9.983398318290710449e-01
9.872506260871887207e-01
8.874204158782958984e-01
9.775819778442382812e-01
9.824221730232238770e-01
9.797833561897277832e-01
9.805415868759155273e-01
9.691632390022277832e-01
9.899588823318481445e-01
9.930776953697204590e-01
9.995575547218322754e-01
9.522269964218139648e-01
9.904204607009887695e-01
9.849961400032043457e-01
9.830005764961242676e-01
9.845364689826965332e-01
9.954196810722351074e-01
9.444600939750671387e-01
9.952049255371093750e-01
9.943770170211791992e-01
9.537981748580932617e-01
9.668073654174804688e-01
9.981461763381958008e-01
8.104652762413024902e-01
9.801284670829772949e-01
9.000399708747863770e-01
9.219170808792114258e-01
9.782586097717285156e-01
9.906109571456909180e-01
9.936838746070861816e-01
9.143364429473876953e-01
9.962566494941711426e-01
9.767689108848571777e-01
8.701025843620300293e-01
9.940854907035827637e-01
9.568310379981994629e-01
9.994444847106933594e-01
9.990146756172180176e-01
9.932335615158081055e-01
9.743564128875732422e-01
9.813131690025329590e-01
9.499388933181762695e-01
9.781531691551208496e-01
9.954065084457397461e-01
9.650691151618957520e-01
9.991133213043212891e-01
9.941692948341369629e-01
9.969922304153442383e-01
9.928682446479797363e-01
9.949375987052917480e-01
9.734867811203002930e-01
9.953967332839965820e-01
9.957421422004699707e-01
9.940778017044067383e-01
9.924317598342895508e-01
9.883199334144592285e-01
9.604294896125793457e-01
9.444602131843566895e-01
9.510286450386047363e-01
9.644412994384765625e-01
9.724049568176269531e-01
9.912297129631042480e-01
9.990300536155700684e-01
9.843179583549499512e-01
9.788550734519958496e-01
9.299146533012390137e-01
9.876708388328552246e-01
9.728479385375976562e-01
9.827299118041992188e-01
9.888617992401123047e-01
9.807799458503723145e-01
9.468811750411987305e-01
7.592828273773193359e-01
9.543915987014770508e-01
9.788885116577148438e-01
9.524978995323181152e-01
9.493904113769531250e-01
9.697418808937072754e-01
9.767459630966186523e-01
9.692691564559936523e-01
8.935969471931457520e-01
9.229956865310668945e-01
9.811940193176269531e-01
9.589465260505676270e-01
9.414457082748413086e-01
9.452297687530517578e-01
9.983818531036376953e-01
9.888493418693542480e-01
9.786316156387329102e-01
9.694239497184753418e-01
9.959737658500671387e-01
9.574233293533325195e-01
9.855520725250244141e-01
8.393650650978088379e-01
9.963300228118896484e-01
9.895623326301574707e-01
9.790731668472290039e-01
9.774212241172790527e-01
9.793032407760620117e-01
9.837529063224792480e-01
9.605790972709655762e-01
9.926494359970092773e-01
9.717558026313781738e-01
9.871069192886352539e-01
9.704648256301879883e-01
9.238587021827697754e-01
9.905411601066589355e-01
9.826157093048095703e-01
9.025042057037353516e-01
9.681412577629089355e-01
9.838477969169616699e-01
9.389822483062744141e-01
9.529039859771728516e-01
9.962003827095031738e-01
9.503836035728454590e-01
9.811964035034179688e-01
9.955287575721740723e-01
9.971112608909606934e-01
9.800282120704650879e-01
9.873822331428527832e-01
9.881880879402160645e-01
9.931725859642028809e-01
9.648013114929199219e-01
9.761340618133544922e-01
9.772230386734008789e-01
9.656909108161926270e-01
9.681066870689392090e-01
9.401671886444091797e-01
9.437682628631591797e-01
9.822016358375549316e-01
9.854552745819091797e-01
9.840695858001708984e-01
9.883728027343750000e-01
9.986374378204345703e-01
8.291847705841064453e-01
9.851500988006591797e-01
9.775070548057556152e-01
9.992649555206298828e-01
9.805307984352111816e-01
9.786601066589355469e-01
9.787780046463012695e-01
9.802651405334472656e-01
9.817107915878295898e-01
9.781540036201477051e-01
9.937853217124938965e-01
9.058682918548583984e-01
9.830880165100097656e-01
9.825190901756286621e-01
9.937289357185363770e-01
9.856979250907897949e-01
9.657370448112487793e-01
9.745164513587951660e-01
9.444208145141601562e-01
9.748923182487487793e-01
9.997553825378417969e-01
9.875631332397460938e-01
9.782279133796691895e-01
9.790743589401245117e-01
9.339584112167358398e-01
9.898386001586914062e-01
9.466247558593750000e-01
9.837344288825988770e-01
9.176943898200988770e-01
9.789564013481140137e-01
9.299203753471374512e-01
9.320250153541564941e-01
9.500384926795959473e-01
9.736278057098388672e-01
9.861621856689453125e-01
9.583284854888916016e-01
9.743946790695190430e-01
9.618220329284667969e-01
9.772996902465820312e-01
9.549641609191894531e-01
8.552770018577575684e-01
9.808716773986816406e-01
9.294131994247436523e-01
9.903062582015991211e-01
9.592157602310180664e-01
9.602305293083190918e-01
9.963080286979675293e-01
9.545013308525085449e-01
9.975954890251159668e-01
9.963086247444152832e-01
9.763692021369934082e-01
9.915742874145507812e-01
9.385361671447753906e-01
9.835670590400695801e-01
9.845743775367736816e-01
9.840592741966247559e-01
9.945358037948608398e-01
9.759190678596496582e-01
9.886593818664550781e-01
8.629386425018310547e-01
9.976022243499755859e-01
9.907075762748718262e-01
9.772170782089233398e-01
9.161725044250488281e-01
9.270308017730712891e-01
8.996499180793762207e-01
9.629975557327270508e-01
9.537760019302368164e-01
9.830781221389770508e-01
9.742485880851745605e-01
9.990037679672241211e-01
9.627543091773986816e-01
9.930476546287536621e-01
9.679728746414184570e-01
9.990636706352233887e-01
9.923765063285827637e-01
9.994168281555175781e-01
9.808880090713500977e-01
9.787541627883911133e-01
9.604442119598388672e-01
9.913120269775390625e-01
9.833672046661376953e-01
9.770188927650451660e-01
8.652282357215881348e-01
9.956485033035278320e-01
9.994593858718872070e-01
9.028311967849731445e-01
9.627693295478820801e-01
9.900646805763244629e-01
9.753361344337463379e-01
9.742370247840881348e-01
9.642586708068847656e-01
9.778127074241638184e-01
9.304557442665100098e-01
9.817031621932983398e-01
9.959440827369689941e-01
9.734986424446105957e-01
9.364390373229980469e-01
9.860709905624389648e-01
9.899642467498779297e-01
9.979203343391418457e-01
9.814397692680358887e-01
9.834393858909606934e-01
9.384770989418029785e-01
8.170700669288635254e-01
8.887277841567993164e-01
9.943141937255859375e-01
9.993704557418823242e-01
9.874866008758544922e-01
9.993900656700134277e-01
9.973182678222656250e-01
9.870024919509887695e-01
9.939987659454345703e-01
9.904911518096923828e-01
9.360387921333312988e-01
9.972565174102783203e-01
9.349077343940734863e-01
9.829164147377014160e-01
9.413260817527770996e-01
9.804034829139709473e-01
9.386121630668640137e-01
9.843907356262207031e-01
9.842685461044311523e-01
9.561592936515808105e-01
9.540950059890747070e-01
9.971146583557128906e-01
9.826835989952087402e-01
9.798887372016906738e-01
9.163998365402221680e-01
9.837363958358764648e-01
9.831768274307250977e-01
9.773315191268920898e-01
9.879807829856872559e-01
9.894655346870422363e-01
9.881589412689208984e-01
9.334787130355834961e-01
9.621694684028625488e-01
9.997329711914062500e-01
9.877643585205078125e-01
9.652939438819885254e-01
9.908483624458312988e-01
9.922674894332885742e-01
9.904571175575256348e-01
8.890363574028015137e-01
9.149239659309387207e-01
9.713131189346313477e-01
9.584428668022155762e-01
9.743406772613525391e-01
9.608359336853027344e-01
9.393182992935180664e-01
9.924499392509460449e-01
9.538188576698303223e-01
9.314665198326110840e-01
9.641830921173095703e-01
9.810345172882080078e-01
9.929521679878234863e-01
9.255750775337219238e-01
9.904759526252746582e-01
8.373017311096191406e-01
9.913954138755798340e-01
9.806078076362609863e-01
9.967882037162780762e-01
9.913791418075561523e-01
9.600418210029602051e-01
9.515196681022644043e-01
9.810447096824645996e-01
9.552057981491088867e-01
9.418879151344299316e-01
9.918578863143920898e-01
9.763582348823547363e-01
9.866643548011779785e-01
9.531470537185668945e-01
9.939458966255187988e-01
9.478344917297363281e-01
9.784581065177917480e-01
9.920395016670227051e-01
9.716031551361083984e-01
9.880692362785339355e-01
9.705008864402770996e-01
9.993569254875183105e-01
9.688034057617187500e-01
9.649841189384460449e-01
9.748086929321289062e-01
8.931627869606018066e-01
9.415115118026733398e-01
9.760615229606628418e-01
8.851038813591003418e-01
9.907485246658325195e-01
9.868203997611999512e-01
9.508565068244934082e-01
9.925854206085205078e-01
9.475556015968322754e-01
9.342512488365173340e-01
9.881784319877624512e-01
9.731222391128540039e-01
9.909451007843017578e-01
9.387601613998413086e-01
9.918260574340820312e-01
9.995571970939636230e-01
9.558251500129699707e-01
9.776988625526428223e-01
9.931545257568359375e-01
9.244940876960754395e-01
9.613295793533325195e-01
8.989523649215698242e-01
9.908111095428466797e-01
9.894922375679016113e-01
9.600728750228881836e-01
9.604063034057617188e-01
9.970712065696716309e-01
9.779695272445678711e-01
9.662294983863830566e-01
9.805019497871398926e-01
9.911899566650390625e-01
9.860634803771972656e-01
9.388148784637451172e-01
8.488504290580749512e-01
9.814252257347106934e-01
9.125824570655822754e-01
9.707974791526794434e-01
9.871180057525634766e-01
9.841858744621276855e-01
9.727864265441894531e-01
9.910951852798461914e-01
9.923347234725952148e-01
9.457941651344299316e-01
9.713739156723022461e-01
9.465501904487609863e-01
9.748170375823974609e-01
9.549845457077026367e-01
9.805216193199157715e-01
9.897136092185974121e-01
9.990376830101013184e-01
9.829353690147399902e-01
9.733298420906066895e-01
9.239492416381835938e-01
9.616939425468444824e-01
9.442692995071411133e-01
9.906237721443176270e-01
9.822281002998352051e-01
9.677433371543884277e-01
9.834622740745544434e-01
9.722561240196228027e-01
9.964187145233154297e-01
9.914726018905639648e-01
9.521599411964416504e-01
9.714165925979614258e-01
9.536058306694030762e-01
9.930513501167297363e-01
9.745631814002990723e-01
9.922682046890258789e-01
9.977124333381652832e-01
9.952337741851806641e-01
9.925500154495239258e-01
9.992846250534057617e-01
9.979214668273925781e-01
9.943239688873291016e-01
9.505312442779541016e-01
9.553826451301574707e-01
9.491130709648132324e-01
9.848586916923522949e-01
9.861998558044433594e-01
9.536329507827758789e-01
9.595002532005310059e-01
9.260067939758300781e-01
9.758861064910888672e-01
9.988386034965515137e-01
9.365039467811584473e-01
9.678730964660644531e-01
9.959495067596435547e-01
9.293096661567687988e-01
9.865555167198181152e-01
9.506862759590148926e-01
9.837586283683776855e-01
9.963871836662292480e-01
9.773240089416503906e-01
9.969514012336730957e-01
9.869731664657592773e-01
9.858942031860351562e-01
9.941170215606689453e-01
9.933827519416809082e-01
9.830555915832519531e-01
9.734794497489929199e-01
9.976347684860229492e-01
9.738456606864929199e-01
9.382113814353942871e-01
9.694553613662719727e-01
9.992339611053466797e-01
9.769973754882812500e-01
9.931408166885375977e-01
9.354203939437866211e-01
7.787236571311950684e-01
9.983431100845336914e-01
9.969084262847900391e-01
8.888525962829589844e-01
9.954172372817993164e-01
9.909070730209350586e-01
9.523387551307678223e-01
9.856157898902893066e-01
9.814780950546264648e-01
9.749785065650939941e-01
9.499527215957641602e-01
9.682140350341796875e-01
9.568167924880981445e-01
9.300924539566040039e-01
9.355278015136718750e-01
9.471591711044311523e-01
9.844431877136230469e-01
9.375123977661132812e-01
9.972482919692993164e-01
9.918490052223205566e-01
9.862950444221496582e-01
9.864605665206909180e-01
9.773916602134704590e-01
9.585849642753601074e-01
9.430952072143554688e-01
9.961490631103515625e-01
9.235440492630004883e-01
8.157471418380737305e-01
9.791612029075622559e-01
9.850671887397766113e-01
9.945361614227294922e-01
9.977046847343444824e-01
9.721449017524719238e-01
9.395735263824462891e-01
9.156275391578674316e-01
9.833852648735046387e-01
9.956116080284118652e-01
9.279900193214416504e-01
9.535946846008300781e-01
9.901581406593322754e-01
9.632764458656311035e-01
9.830842614173889160e-01
9.394179582595825195e-01
9.867465496063232422e-01
9.399678111076354980e-01
9.541510343551635742e-01
9.843350648880004883e-01
9.622956514358520508e-01
9.477247595787048340e-01
9.712453484535217285e-01
9.944700598716735840e-01
9.694877862930297852e-01
9.046829938888549805e-01
9.514203667640686035e-01
9.759766459465026855e-01
9.633142948150634766e-01
9.731675982475280762e-01
9.814732670783996582e-01
9.211266040802001953e-01
9.498524665832519531e-01
9.772513508796691895e-01
9.932074546813964844e-01
9.695605039596557617e-01
9.729284644126892090e-01
9.967643022537231445e-01
9.292080998420715332e-01
9.366372823715209961e-01
9.588562846183776855e-01
9.897498488426208496e-01
9.466106295585632324e-01
9.941431879997253418e-01
9.779331088066101074e-01
9.416111111640930176e-01
9.405705332756042480e-01
9.939532279968261719e-01
9.535627365112304688e-01
9.738379716873168945e-01
9.785300493240356445e-01
9.908868074417114258e-01
9.995702505111694336e-01
9.538439512252807617e-01
9.866178631782531738e-01
9.849036335945129395e-01
9.909099340438842773e-01
9.996358752250671387e-01
9.789695739746093750e-01
9.799513220787048340e-01
9.580222368240356445e-01
9.639188647270202637e-01
9.759390354156494141e-01
9.899236559867858887e-01
9.785968661308288574e-01
9.929741024971008301e-01
9.969602227210998535e-01
9.896511435508728027e-01
9.894619584083557129e-01
9.765993952751159668e-01
9.822076559066772461e-01
9.662879705429077148e-01
9.952191114425659180e-01
9.390997886657714844e-01
9.783025383949279785e-01
9.903926253318786621e-01
9.896845221519470215e-01
8.973421454429626465e-01
9.891521930694580078e-01
9.883498549461364746e-01
9.942138195037841797e-01
9.856879115104675293e-01
8.880767822265625000e-01
9.940191507339477539e-01
9.948804378509521484e-01
9.858980178833007812e-01
9.520012736320495605e-01
9.846358299255371094e-01
9.405350089073181152e-01
9.703653454780578613e-01
9.953835010528564453e-01
9.022395610809326172e-01
9.773464798927307129e-01
9.473514556884765625e-01
9.924028515815734863e-01
9.861024022102355957e-01
9.793181419372558594e-01
9.534612298011779785e-01
9.938752055168151855e-01
9.439823627471923828e-01
9.884831905364990234e-01
9.703917503356933594e-01
9.918852448463439941e-01
9.953503012657165527e-01
9.757528305053710938e-01
9.671449065208435059e-01
9.482656717300415039e-01
9.832241535186767578e-01
9.870044589042663574e-01
9.654664993286132812e-01
9.821090102195739746e-01
9.848453402519226074e-01
9.825659394264221191e-01
9.596633911132812500e-01
8.580816984176635742e-01
9.771360754966735840e-01
9.849023818969726562e-01
9.849473834037780762e-01
9.537080526351928711e-01
9.997364282608032227e-01
9.585736393928527832e-01
9.824002981185913086e-01
9.903808236122131348e-01
9.907594919204711914e-01
9.957208037376403809e-01
9.632470607757568359e-01
9.940382838249206543e-01
9.763627648353576660e-01
9.949290752410888672e-01
9.786263108253479004e-01
9.495378732681274414e-01
9.498268365859985352e-01
9.666904807090759277e-01
9.459425806999206543e-01
8.827202916145324707e-01
9.802222847938537598e-01
9.894644021987915039e-01
9.568219184875488281e-01
9.944872856140136719e-01
9.874728918075561523e-01
9.795854091644287109e-01
9.820290803909301758e-01
9.653030037879943848e-01
9.984944462776184082e-01
9.746549129486083984e-01
9.901669025421142578e-01
9.989202618598937988e-01
9.695938825607299805e-01
9.889306426048278809e-01
9.995238184928894043e-01
9.388661384582519531e-01
9.713258147239685059e-01
9.840722084045410156e-01
9.907318353652954102e-01
9.899340271949768066e-01
9.689826965332031250e-01
9.721432328224182129e-01
9.914064407348632812e-01
9.144529700279235840e-01
9.720504283905029297e-01
9.763039946556091309e-01
9.730864167213439941e-01
9.738464355468750000e-01
9.840996861457824707e-01
9.119096398353576660e-01
9.685875177383422852e-01
9.296233057975769043e-01
9.837549924850463867e-01
8.918409347534179688e-01
9.620006680488586426e-01
9.339156150817871094e-01
9.987260699272155762e-01
9.640548229217529297e-01
9.511520862579345703e-01
9.188228249549865723e-01
8.747689127922058105e-01
9.748445153236389160e-01
9.977622032165527344e-01
9.804494976997375488e-01
9.330761432647705078e-01
9.629974365234375000e-01
9.897934198379516602e-01
9.743072390556335449e-01
9.724029898643493652e-01
9.928836226463317871e-01
9.753363132476806641e-01
9.335265755653381348e-01
9.730513691902160645e-01
9.313853979110717773e-01
9.622684121131896973e-01
9.382897615432739258e-01
9.676921963691711426e-01
9.723412394523620605e-01
9.831054806709289551e-01
9.902630448341369629e-01
9.987301826477050781e-01
9.807726144790649414e-01
9.379443526268005371e-01
9.810420870780944824e-01
8.545795083045959473e-01
9.881624579429626465e-01
9.815031290054321289e-01
9.912483096122741699e-01
9.840617179870605469e-01
9.816219210624694824e-01
9.673616290092468262e-01
9.852252006530761719e-01
9.923896789550781250e-01
9.879076480865478516e-01
8.969624042510986328e-01
9.975748062133789062e-01
9.713422060012817383e-01
9.319725632667541504e-01
9.858573079109191895e-01
9.788782000541687012e-01
9.503366351127624512e-01
9.331569075584411621e-01
9.650419354438781738e-01
9.931834340095520020e-01
9.735748767852783203e-01
9.259583950042724609e-01
9.535373449325561523e-01
9.945751428604125977e-01
9.968085289001464844e-01
9.335996508598327637e-01
9.808418750762939453e-01
9.733815193176269531e-01
9.564759135246276855e-01
9.912211298942565918e-01
9.914026856422424316e-01
9.912913441658020020e-01
9.950890541076660156e-01
9.674008488655090332e-01
9.918256402015686035e-01
9.803306460380554199e-01
9.563648700714111328e-01
9.433826804161071777e-01
9.740782380104064941e-01
9.844070672988891602e-01
9.538208842277526855e-01
9.419948458671569824e-01
9.725263714790344238e-01
9.390884637832641602e-01
9.143486618995666504e-01
9.741963148117065430e-01
9.942057132720947266e-01
9.900280833244323730e-01
9.935314059257507324e-01
9.669623374938964844e-01
9.675399661064147949e-01
9.787981510162353516e-01
9.791889190673828125e-01
9.804186820983886719e-01
9.914869666099548340e-01
8.710008859634399414e-01
9.943590164184570312e-01
9.902497529983520508e-01
9.843904376029968262e-01
9.811636209487915039e-01
9.834875464439392090e-01
9.839560389518737793e-01
9.955676198005676270e-01
9.972955584526062012e-01
9.739372134208679199e-01
9.933080077171325684e-01
9.914561510086059570e-01
9.362914562225341797e-01
9.988135099411010742e-01
9.686465263366699219e-01
9.702066183090209961e-01
9.787635803222656250e-01
9.851462244987487793e-01
9.503685832023620605e-01
9.173747301101684570e-01
9.923000931739807129e-01
9.939712285995483398e-01
9.845124483108520508e-01
9.514271020889282227e-01
9.902011156082153320e-01
9.724856615066528320e-01
9.925714731216430664e-01
9.970412850379943848e-01
9.780332446098327637e-01
9.729102849960327148e-01
9.882493615150451660e-01
9.863207340240478516e-01
9.373539686203002930e-01
9.993945956230163574e-01
9.945616722106933594e-01
9.824565052986145020e-01
9.086406230926513672e-01
9.916537404060363770e-01
9.765560030937194824e-01
9.903639554977416992e-01
9.933876991271972656e-01
9.528164863586425781e-01
9.866516590118408203e-01
9.065958857536315918e-01
9.941446781158447266e-01
9.710860252380371094e-01
9.906846880912780762e-01
9.241108298301696777e-01
9.765806198120117188e-01
9.959976077079772949e-01
9.619858264923095703e-01
9.869990348815917969e-01
9.983935356140136719e-01
9.944776296615600586e-01
9.857743978500366211e-01
9.531024694442749023e-01
9.835056662559509277e-01
9.733979701995849609e-01
9.919009208679199219e-01
9.536262750625610352e-01
9.333451390266418457e-01
9.132205247879028320e-01
9.290130138397216797e-01
9.930970072746276855e-01
9.827167391777038574e-01
9.855040311813354492e-01
9.812340140342712402e-01
9.905794262886047363e-01
9.984188079833984375e-01
8.701532483100891113e-01
9.945508241653442383e-01
9.848517775535583496e-01
9.106455445289611816e-01
9.850300550460815430e-01
9.577152132987976074e-01
9.705422520637512207e-01
9.885345697402954102e-01
9.867818355560302734e-01
9.928871393203735352e-01
9.916040897369384766e-01
9.912037253379821777e-01
9.808922410011291504e-01
9.891262650489807129e-01
9.956399202346801758e-01
9.894767403602600098e-01
9.933632612228393555e-01
8.934699296951293945e-01
8.897083997726440430e-01
9.845962524414062500e-01
8.965234756469726562e-01
9.403489828109741211e-01
9.855425357818603516e-01
9.885479211807250977e-01
9.634502530097961426e-01
9.831605553627014160e-01
9.251763820648193359e-01
9.552248120307922363e-01
9.897210001945495605e-01
9.979225993156433105e-01
9.629949331283569336e-01
9.894384741783142090e-01
9.646217823028564453e-01
8.378629684448242188e-01
9.203937053680419922e-01
9.890335798263549805e-01
9.856352210044860840e-01
9.845513105392456055e-01
9.889946579933166504e-01
9.922400712966918945e-01
9.561740756034851074e-01
9.738512635231018066e-01
9.731818437576293945e-01
9.913074374198913574e-01
9.923831820487976074e-01
9.945182204246520996e-01
8.762035965919494629e-01
9.299594163894653320e-01
9.663239717483520508e-01
9.848924279212951660e-01
9.721533656120300293e-01
9.331076145172119141e-01
9.401093125343322754e-01
9.273401498794555664e-01
9.104718565940856934e-01
9.772885441780090332e-01
9.873325824737548828e-01
7.974942922592163086e-01
9.446774125099182129e-01
9.949881434440612793e-01
9.241079688072204590e-01
9.233875274658203125e-01
9.715196490287780762e-01
9.866197109222412109e-01
9.674150347709655762e-01
9.951743483543395996e-01
9.787019491195678711e-01
9.610913395881652832e-01
9.974344372749328613e-01
9.762502908706665039e-01
9.832946062088012695e-01
9.551084041595458984e-01
9.802629947662353516e-01
9.995484948158264160e-01
9.706962108612060547e-01
9.821609854698181152e-01
9.987761974334716797e-01
9.842652082443237305e-01
9.860703945159912109e-01
9.824070334434509277e-01
9.873329401016235352e-01
9.903359413146972656e-01
9.543511867523193359e-01
9.985613822937011719e-01
9.846225380897521973e-01
9.504653215408325195e-01
9.522825479507446289e-01
9.177761077880859375e-01
9.437609910964965820e-01
9.816583395004272461e-01
9.947613477706909180e-01
9.984884262084960938e-01
8.558673262596130371e-01
9.955337643623352051e-01
9.949962496757507324e-01
9.554712176322937012e-01
9.929033517837524414e-01
9.769778847694396973e-01
8.956673145294189453e-01
9.968822002410888672e-01
9.652775526046752930e-01
9.973555207252502441e-01
9.721550941467285156e-01
9.644988179206848145e-01
9.933836460113525391e-01
9.992097020149230957e-01
9.746930003166198730e-01
9.968512058258056641e-01
9.597724080085754395e-01
9.842434525489807129e-01
9.803435206413269043e-01
9.790985584259033203e-01
9.969121813774108887e-01
9.408406615257263184e-01
9.714365005493164062e-01
9.202659130096435547e-01
9.941431879997253418e-01
9.478302001953125000e-01
9.886499047279357910e-01
9.791786670684814453e-01
9.631829857826232910e-01
9.972995519638061523e-01
9.233399033546447754e-01
9.754771590232849121e-01
9.828198552131652832e-01
9.932461977005004883e-01
9.939407706260681152e-01
9.583277702331542969e-01
9.410279393196105957e-01
9.820139408111572266e-01
9.994298219680786133e-01
9.221829175949096680e-01
9.505947232246398926e-01
9.781684875488281250e-01
9.818978309631347656e-01
9.987804293632507324e-01
9.804147481918334961e-01
9.682386517524719238e-01
9.827750921249389648e-01
9.898605942726135254e-01
9.782074093818664551e-01
9.098262786865234375e-01
9.817366003990173340e-01
9.941678643226623535e-01
9.750850796699523926e-01
9.130951762199401855e-01
9.616754651069641113e-01
9.856777191162109375e-01
6.820229291915893555e-01
9.930348992347717285e-01
9.991443157196044922e-01
9.637317657470703125e-01
9.888917207717895508e-01
9.848019480705261230e-01
9.791860580444335938e-01
9.782577157020568848e-01
9.969584345817565918e-01
9.960979819297790527e-01
9.960550069808959961e-01
9.742441773414611816e-01
9.499898552894592285e-01
9.971830844879150391e-01
9.829667806625366211e-01
9.574068188667297363e-01
9.135345220565795898e-01
9.542199373245239258e-01
9.670439362525939941e-01
9.916353821754455566e-01
9.884109497070312500e-01
9.775097966194152832e-01
9.540949463844299316e-01
9.933011531829833984e-01
9.948117733001708984e-01
9.924671053886413574e-01
9.849313497543334961e-01
9.584600925445556641e-01
9.969238042831420898e-01
9.703549742698669434e-01
9.881777167320251465e-01
9.852733612060546875e-01
9.872574806213378906e-01
9.450340867042541504e-01
9.848129153251647949e-01
9.612967371940612793e-01
9.843176007270812988e-01
9.955369830131530762e-01
9.780144691467285156e-01
9.881455898284912109e-01
9.820499420166015625e-01
9.886009097099304199e-01
9.584629535675048828e-01
9.324445128440856934e-01
9.984696507453918457e-01
9.953444600105285645e-01
9.902272224426269531e-01
9.685598015785217285e-01
9.765071868896484375e-01
9.440262317657470703e-01
9.883373379707336426e-01
9.968275427818298340e-01
9.536933302879333496e-01
9.719963669776916504e-01
9.961587786674499512e-01
9.806708097457885742e-01
9.858663082122802734e-01
9.983217120170593262e-01
9.907628893852233887e-01
9.750604033470153809e-01
9.519435167312622070e-01
9.464940428733825684e-01
8.102570772171020508e-01
9.728766679763793945e-01
9.420909285545349121e-01
9.862834811210632324e-01
9.848077893257141113e-01
9.829871654510498047e-01
9.882275462150573730e-01
9.933840632438659668e-01
9.695502519607543945e-01
9.298979640007019043e-01
8.727419972419738770e-01
9.985898733139038086e-01
9.274517893791198730e-01
9.923887848854064941e-01
9.309861660003662109e-01
9.518739581108093262e-01
9.975701570510864258e-01
9.512415528297424316e-01
9.916322231292724609e-01
9.958665370941162109e-01
9.923338890075683594e-01
9.607917070388793945e-01
9.906616806983947754e-01
9.963846802711486816e-01
9.030549526214599609e-01
9.857337474822998047e-01
9.702205657958984375e-01
9.989644885063171387e-01
9.307956695556640625e-01
9.553756117820739746e-01
9.822405576705932617e-01
9.996520876884460449e-01
9.815463423728942871e-01
9.935873150825500488e-01
9.249809384346008301e-01
9.685965180397033691e-01
9.948847293853759766e-01
9.966223239898681641e-01
9.270741939544677734e-01
9.684406518936157227e-01
9.759410023689270020e-01
9.305047392845153809e-01
9.347184300422668457e-01
9.710708260536193848e-01
9.544610381126403809e-01
9.902365207672119141e-01
9.918400645256042480e-01
9.854508042335510254e-01
9.910004734992980957e-01
8.999889492988586426e-01
9.796660542488098145e-01
9.738579988479614258e-01
9.777215719223022461e-01
9.951022863388061523e-01
9.396576881408691406e-01
9.852954745292663574e-01
8.855471611022949219e-01
9.978424310684204102e-01
9.108543395996093750e-01
9.678723216056823730e-01
9.897351861000061035e-01
9.867569804191589355e-01
9.962494373321533203e-01
9.955150485038757324e-01
9.943855404853820801e-01
9.694630503654479980e-01
9.871273040771484375e-01
9.945159554481506348e-01
9.712330102920532227e-01
9.844866394996643066e-01
9.955994486808776855e-01
9.887413978576660156e-01
9.848594665527343750e-01
9.881756305694580078e-01
9.792016148567199707e-01
9.986808896064758301e-01
9.593085646629333496e-01
9.171439409255981445e-01
9.899522662162780762e-01
9.248484373092651367e-01
9.942405819892883301e-01
9.917299747467041016e-01
9.357936382293701172e-01
9.229847192764282227e-01
9.812217354774475098e-01
9.743335843086242676e-01
9.608181715011596680e-01
9.538992047309875488e-01
9.709452986717224121e-01
9.633632302284240723e-01
9.192637205123901367e-01
9.825544357299804688e-01
9.838839173316955566e-01
9.969232082366943359e-01
9.864404201507568359e-01
9.148507118225097656e-01
9.861634969711303711e-01
9.961247444152832031e-01
9.209064841270446777e-01
9.979612231254577637e-01
9.657429456710815430e-01
9.776714444160461426e-01
8.903060555458068848e-01
9.816427230834960938e-01
9.727903008460998535e-01
9.612946510314941406e-01
9.801171422004699707e-01
9.916459918022155762e-01
9.886686205863952637e-01
9.683999419212341309e-01
9.777806401252746582e-01
9.364984631538391113e-01
9.417494535446166992e-01
9.928088784217834473e-01
8.902281522750854492e-01
9.736768603324890137e-01
9.592691659927368164e-01
9.851277470588684082e-01
9.572227001190185547e-01
9.830011129379272461e-01
9.929516911506652832e-01
8.709918260574340820e-01
9.718031883239746094e-01
9.811497330665588379e-01
9.731104969978332520e-01
9.806928038597106934e-01
9.736204743385314941e-01
9.908186793327331543e-01
9.335604310035705566e-01
9.850271940231323242e-01
9.844343066215515137e-01
9.880735874176025391e-01
9.511798024177551270e-01
9.906461238861083984e-01
9.819751977920532227e-01
9.629018306732177734e-01
9.674688577651977539e-01
9.742637872695922852e-01
9.958665370941162109e-01
9.600130915641784668e-01
9.645970463752746582e-01
9.587883949279785156e-01
9.463031888008117676e-01
9.033385515213012695e-01
9.942541718482971191e-01
9.829872846603393555e-01
8.845172524452209473e-01
9.913893342018127441e-01
9.855149984359741211e-01
9.976615309715270996e-01
9.902494549751281738e-01
9.579039216041564941e-01
9.807230830192565918e-01
8.712307810783386230e-01
9.936963319778442383e-01
9.682976603507995605e-01
9.960469603538513184e-01
9.846270680427551270e-01
9.503767490386962891e-01
9.948747754096984863e-01
9.165566563606262207e-01
9.668228626251220703e-01
9.795475602149963379e-01
9.738948345184326172e-01
9.828993082046508789e-01
9.850274920463562012e-01
9.611662030220031738e-01
9.837089776992797852e-01
9.868513941764831543e-01
9.874234795570373535e-01
9.778417944908142090e-01
9.998393058776855469e-01
9.516769051551818848e-01
9.781821370124816895e-01
9.669298529624938965e-01
9.856342673301696777e-01
7.989240884780883789e-01
9.486325383186340332e-01
8.817349672317504883e-01
9.941909313201904297e-01
8.959466218948364258e-01
9.991413950920104980e-01
9.726520180702209473e-01
9.934574961662292480e-01
9.990386366844177246e-01
9.795755147933959961e-01
9.778591990470886230e-01
9.869188070297241211e-01
9.804629683494567871e-01
9.441877603530883789e-01
9.908774495124816895e-01
9.905859231948852539e-01
9.756652712821960449e-01
9.432852268218994141e-01
9.972108602523803711e-01
9.488909840583801270e-01
9.915381073951721191e-01
9.757636189460754395e-01
9.888588190078735352e-01
9.359061717987060547e-01
9.394912719726562500e-01
8.479266166687011719e-01
9.756846427917480469e-01
9.765623807907104492e-01
9.735019803047180176e-01
9.621098637580871582e-01
9.906244277954101562e-01
9.745145440101623535e-01
9.967487454414367676e-01
9.974563717842102051e-01
9.918444752693176270e-01
9.461808800697326660e-01
9.461314082145690918e-01
9.253473281860351562e-01
9.954912066459655762e-01
9.333708286285400391e-01
9.971622228622436523e-01
9.706131815910339355e-01
9.819328188896179199e-01
9.963883757591247559e-01
9.853654503822326660e-01
8.674343824386596680e-01
9.984647035598754883e-01
9.818009138107299805e-01
9.658944010734558105e-01
9.729863405227661133e-01
9.872905611991882324e-01
9.833672642707824707e-01
9.949438571929931641e-01
9.964345693588256836e-01
9.388986229896545410e-01
9.752625823020935059e-01
9.906401634216308594e-01
9.954686760902404785e-01
9.829810261726379395e-01
9.743862748146057129e-01
9.913836121559143066e-01
9.286708831787109375e-01
9.882640838623046875e-01
9.890009164810180664e-01
9.963732957839965820e-01
9.183173775672912598e-01
9.824510812759399414e-01
9.074790477752685547e-01
9.716724753379821777e-01
9.794548749923706055e-01
9.884824156761169434e-01
9.913365244865417480e-01
9.982668161392211914e-01
9.814929366111755371e-01
9.529531002044677734e-01
9.888736605644226074e-01
9.731492996215820312e-01
9.910063147544860840e-01
9.771974682807922363e-01
9.233671426773071289e-01
9.837796092033386230e-01
9.683083295822143555e-01
9.491582512855529785e-01
9.823994636535644531e-01
9.986793994903564453e-01
9.925606846809387207e-01
8.063546419143676758e-01
9.890061616897583008e-01
9.789786934852600098e-01
9.667095541954040527e-01
9.888954758644104004e-01
8.250467777252197266e-01
9.557017683982849121e-01
9.736059308052062988e-01
9.913457036018371582e-01
9.840336441993713379e-01
9.814752340316772461e-01
9.869806766510009766e-01
9.896893501281738281e-01
9.963456988334655762e-01
9.972746372222900391e-01
9.652541279792785645e-01
9.698274135589599609e-01
9.950138926506042480e-01
9.376726150512695312e-01
9.965088367462158203e-01
9.938116669654846191e-01
9.974827170372009277e-01
9.943332076072692871e-01
9.898511767387390137e-01
9.917070865631103516e-01
9.207993745803833008e-01
9.995661973953247070e-01
9.926256537437438965e-01
9.979882836341857910e-01
9.610895514488220215e-01
8.888700008392333984e-01
9.520426988601684570e-01
9.895266890525817871e-01
9.653861522674560547e-01
9.454187750816345215e-01
9.925101399421691895e-01
9.831037521362304688e-01
9.985939860343933105e-01
9.979465603828430176e-01
9.561114311218261719e-01
9.981626272201538086e-01
9.743999838829040527e-01
9.462170004844665527e-01
9.899390935897827148e-01
9.761133193969726562e-01
9.922056794166564941e-01
9.455465078353881836e-01
9.690176248550415039e-01
9.318637251853942871e-01
