6.993006914854049683e-03
4.115226212888956070e-03
5.452562472783029079e-04
1.000000000000000000e+00
6.321112741716206074e-04
5.405405536293983459e-03
3.333333432674407959e-01
5.000000000000000000e-01
3.999999910593032837e-02
2.127659507095813751e-02
1.066098106093704700e-03
1.960784383118152618e-02
1.680672285147011280e-03
1.000000014901161194e-01
1.000000000000000000e+00
3.333333507180213928e-02
4.651162773370742798e-03
1.000000000000000000e+00
2.325581386685371399e-02
2.531645586714148521e-03
1.515151560306549072e-02
2.083333395421504974e-02
2.500000000000000000e-01
5.376344081014394760e-03
8.620689623057842255e-03
3.030303120613098145e-02
2.785515272989869118e-03
1.666666716337203979e-01
6.443298771046102047e-04
1.111111119389533997e-01
7.692307978868484497e-02
1.666666716337203979e-01
4.347826167941093445e-02
2.941176481544971466e-02
3.300330135971307755e-03
3.571428731083869934e-02
2.500000037252902985e-02
6.666667014360427856e-02
7.692307699471712112e-03
2.702702768146991730e-02
5.000000074505805969e-02
9.259259328246116638e-03
1.000000000000000000e+00
1.010101009160280228e-02
3.225806355476379395e-02
2.293577883392572403e-03
3.333333432674407959e-01
6.523157353512942791e-04
5.000000000000000000e-01
1.000000000000000000e+00
4.999999888241291046e-03
8.857395732775330544e-04
2.849002834409475327e-03
3.333333432674407959e-01
1.000000000000000000e+00
5.263158120214939117e-03
7.067137630656361580e-04
1.000000000000000000e+00
1.000000000000000000e+00
3.333333432674407959e-01
1.000000000000000000e+00
4.065040498971939087e-03
1.000000000000000000e+00
3.333333432674407959e-01
1.000000000000000000e+00
1.908396952785551548e-03
9.433962404727935791e-03
5.882352963089942932e-02
1.000000014901161194e-01
7.462686393409967422e-03
1.075268839485943317e-03
8.849557489156723022e-03
6.250000000000000000e-02
6.622516550123691559e-03
2.000000029802322388e-01
2.000000029802322388e-01
5.555555596947669983e-02
1.428571492433547974e-01
2.702702768146991730e-02
2.777777798473834991e-02
7.142857462167739868e-02
4.098360426723957062e-03
8.333333581686019897e-02
3.846153989434242249e-02
3.382949798833578825e-04
1.851851865649223328e-02
3.333333432674407959e-01
3.333333432674407959e-01
3.333333432674407959e-01
3.333333432674407959e-01
3.134796163067221642e-03
1.265822816640138626e-02
1.000000000000000000e+00
6.666667014360427856e-02
1.000000000000000000e+00
1.109877950511872768e-03
9.704969124868512154e-05
7.142857462167739868e-02
1.742160296998918056e-03
1.851851865649223328e-02
2.358490601181983948e-03
5.934718064963817596e-04
5.260389298200607300e-04
8.333333581686019897e-02
3.690036945044994354e-03
5.681818351149559021e-03
6.535947788506746292e-03
6.548788514919579029e-04
1.187648507766425610e-03
2.000000029802322388e-01
1.000000000000000000e+00
3.125000046566128731e-03
2.500000000000000000e-01
3.333333432674407959e-01
5.263157933950424194e-02
1.176470611244440079e-02
1.831501867854967713e-04
1.428571492433547974e-01
7.874015718698501587e-03
5.000000000000000000e-01
2.506265649572014809e-03
9.505703346803784370e-04
1.111111119389533997e-01
1.000000000000000000e+00
5.000000000000000000e-01
4.784688819199800491e-03
5.263157933950424194e-02
7.142857462167739868e-02
1.428571492433547974e-01
7.142857462167739868e-02
2.506265649572014809e-03
1.000000000000000000e+00
1.369863003492355347e-02
1.000000000000000000e+00
1.666666716337203979e-01
1.111111119389533997e-01
1.098901126533746719e-02
3.030303120613098145e-02
1.785714365541934967e-02
1.250000018626451492e-02
4.486316756810992956e-04
1.000000000000000000e+00
1.428571492433547974e-01
1.463914522901177406e-04
1.449275389313697815e-02
7.385524222627282143e-04
5.882353056222200394e-03
5.000000000000000000e-01
4.761904850602149963e-02
1.000000000000000000e+00
2.222222276031970978e-02
4.239084373693913221e-04
3.115264698863029480e-03
3.125000000000000000e-02
2.500000000000000000e-01
8.333333581686019897e-02
2.066115615889430046e-03
3.333333432674407959e-01
9.803921915590763092e-03
9.746588766574859619e-04
3.134796279482543468e-04
2.380952425301074982e-02
1.250000000000000000e-01
1.908396952785551548e-03
6.578947417438030243e-03
3.623188473284244537e-03
2.500000000000000000e-01
1.818181760609149933e-02
7.587253348901867867e-04
1.666666716337203979e-01
1.960784383118152618e-02
1.666666716337203979e-01
2.380952471867203712e-03
2.000000029802322388e-01
1.000000000000000000e+00
1.000000000000000000e+00
1.666666716337203979e-01
1.481481478549540043e-03
1.191895105876028538e-03
1.250000000000000000e-01
2.604166744276881218e-03
1.000000000000000000e+00
2.127659507095813751e-02
1.666666716337203979e-01
2.590673509985208511e-03
2.857142873108386993e-02
1.388888899236917496e-02
3.333333432674407959e-01
1.111111119389533997e-01
7.518797181546688080e-03
5.555555596947669983e-02
8.333333581686019897e-02
8.857395732775330544e-04
3.125000000000000000e-02
1.000000000000000000e+00
2.386634936556220055e-03
5.000000000000000000e-01
1.818181760609149933e-02
3.717472078278660774e-03
1.000000000000000000e+00
2.500000000000000000e-01
4.761904850602149963e-02
4.201680887490510941e-03
1.007049344480037689e-03
1.111111119389533997e-01
6.666667014360427856e-02
1.666666716337203979e-01
1.250000000000000000e-01
2.977963013108819723e-04
1.612903177738189697e-02
1.886792480945587158e-02
2.000000029802322388e-01
5.000000000000000000e-01
1.010101009160280228e-02
7.142857462167739868e-02
1.587301678955554962e-02
3.333333432674407959e-01
3.333333432674407959e-01
6.666666828095912933e-03
4.166666790843009949e-02
3.333333432674407959e-01
1.396648003719747066e-03
2.631578966975212097e-02
3.333333432674407959e-01
1.111111119389533997e-01
1.587301678955554962e-02
4.545454680919647217e-02
2.000000029802322388e-01
1.960784383118152618e-02
8.333333581686019897e-02
2.544529270380735397e-03
1.428571492433547974e-01
1.000000000000000000e+00
1.000000000000000000e+00
1.430615200661122799e-03
1.000000000000000000e+00
1.111111119389533997e-01
1.000000000000000000e+00
3.225806355476379395e-02
4.504504613578319550e-03
2.500000000000000000e-01
5.060728872194886208e-04
3.571428731083869934e-02
1.428571492433547974e-01
2.222222276031970978e-02
1.694915257394313812e-02
5.000000000000000000e-01
1.860811316873878241e-04
3.401360474526882172e-03
3.550379915395751595e-05
1.298701297491788864e-02
3.484320593997836113e-03
4.545454401522874832e-03
9.090909152291715145e-04
6.369426846504211426e-03
4.166666790843009949e-02
4.761904850602149963e-02
2.127659507095813751e-02
2.450980478897690773e-03
5.000000074505805969e-02
4.999999888241291046e-03
2.500000000000000000e-01
1.000000000000000000e+00
3.333333507180213928e-02
2.000000029802322388e-01
8.928571827709674835e-03
3.628447011578828096e-04
1.282051298767328262e-02
1.428571492433547974e-01
1.000000014901161194e-01
2.500000000000000000e-01
1.086956541985273361e-02
1.000000000000000000e+00
5.376344081014394760e-03
5.000000000000000000e-01
3.333333432674407959e-01
1.000000000000000000e+00
2.500000000000000000e-01
1.092896214686334133e-03
5.882352963089942932e-02
1.579778851009905338e-03
6.172839552164077759e-03
2.777777845039963722e-03
2.016128972172737122e-03
2.500000000000000000e-01
6.211180239915847778e-03
2.000000029802322388e-01
4.201680887490510941e-03
1.481481478549540043e-03
2.288329415023326874e-03
8.928571827709674835e-03
5.000000000000000000e-01
3.333333432674407959e-01
1.000000000000000000e+00
4.761904850602149963e-02
6.250000093132257462e-03
1.428571492433547974e-01
3.333333507180213928e-02
2.040816284716129303e-02
3.030303120613098145e-02
7.407407276332378387e-03
1.000000000000000000e+00
1.000000000000000000e+00
1.428571492433547974e-01
5.882352963089942932e-02
5.076142027974128723e-03
3.906250000000000000e-03
3.333333432674407959e-01
1.562500000000000000e-02
6.666667014360427856e-02
2.000000029802322388e-01
4.385964944958686829e-03
1.886792480945587158e-02
6.963788182474672794e-04
1.666666716337203979e-01
2.040816284716129303e-02
2.967359032481908798e-03
1.000000000000000000e+00
1.000000000000000000e+00
5.988024175167083740e-03
1.785714365541934967e-02
1.111111119389533997e-01
3.333333432674407959e-01
2.466091245878487825e-04
1.999999955296516418e-02
1.111111119389533997e-01
1.470588240772485733e-02
7.142857462167739868e-02
8.403361774981021881e-03
3.067484591156244278e-03
5.000000000000000000e-01
5.263157933950424194e-02
7.692307978868484497e-02
8.333333581686019897e-02
3.225806355476379395e-02
1.000000000000000000e+00
4.347825888544321060e-03
7.042253389954566956e-03
5.263157933950424194e-02
1.250000000000000000e-01
2.500000000000000000e-01
1.219512149691581726e-02
1.538461539894342422e-02
3.718854568433016539e-04
5.000000000000000000e-01
2.493765670806169510e-03
6.578947417438030243e-03
6.250000000000000000e-02
2.000000029802322388e-01
3.968254197388887405e-03
1.351351384073495865e-02
6.250000000000000000e-02
2.598752616904675961e-04
1.960784383118152618e-02
1.000000000000000000e+00
1.297016860917210579e-03
6.410256493836641312e-03
6.250000000000000000e-02
1.250000000000000000e-01
6.666667014360427856e-02
1.000000000000000000e+00
2.941176481544971466e-02
1.000000000000000000e+00
1.250000018626451492e-02
1.250000000000000000e-01
1.000000000000000000e+00
3.333333507180213928e-02
2.000000029802322388e-01
4.166666790843009949e-02
1.449275412596762180e-03
3.333333432674407959e-01
3.703703731298446655e-02
2.518891589716076851e-03
6.211180239915847778e-03
8.333333581686019897e-02
7.209805189631879330e-04
4.830917809158563614e-03
8.333333581686019897e-02
3.333333432674407959e-01
1.111111119389533997e-01
3.333333432674407959e-01
3.215434029698371887e-03
2.500000000000000000e-01
1.580527896294370294e-04
2.173913083970546722e-02
2.506265649572014809e-03
2.469135913997888565e-03
8.474576286971569061e-03
1.666666716337203979e-01
1.000000000000000000e+00
3.999999910593032837e-02
2.500000000000000000e-01
5.780681021860800683e-05
5.263157933950424194e-02
6.756756920367479324e-03
1.250000000000000000e-01
1.000000000000000000e+00
5.263157933950424194e-02
4.177109512966126204e-04
2.500000000000000000e-01
5.000000000000000000e-01
3.333333432674407959e-01
5.252101109363138676e-04
1.000000014901161194e-01
4.065040498971939087e-03
7.299270015209913254e-03
6.309148157015442848e-04
2.693965507205575705e-04
2.173913083970546722e-02
5.000000074505805969e-02
5.000000000000000000e-01
1.000000000000000000e+00
2.500000000000000000e-01
1.250000000000000000e-01
8.196720853447914124e-03
8.403361425735056400e-04
2.777777798473834991e-02
3.333333432674407959e-01
6.329114083200693130e-03
7.776049897074699402e-04
2.500000000000000000e-01
2.040816284716129303e-02
1.000000000000000000e+00
1.166861155070364475e-03
3.703703731298446655e-02
1.862197415903210640e-03
1.000000000000000000e+00
2.500000000000000000e-01
1.785714365541934967e-02
5.263157933950424194e-02
1.428571492433547974e-01
1.250000000000000000e-01
1.057082437910139561e-03
9.009009227156639099e-03
2.000000029802322388e-01
3.952569328248500824e-03
1.000000000000000000e+00
1.000000000000000000e+00
3.333333432674407959e-01
1.666666716337203979e-01
1.000000000000000000e+00
3.508772002533078194e-03
1.000000000000000000e+00
1.111111119389533997e-01
2.500000000000000000e-01
1.000000000000000000e+00
1.265822816640138626e-02
2.702702768146991730e-03
3.571428731083869934e-02
1.123595517128705978e-02
1.225490239448845387e-03
2.500000000000000000e-01
3.333333432674407959e-01
6.835269741714000702e-04
5.882352963089942932e-02
6.909894727868959308e-05
1.000000000000000000e+00
2.631578966975212097e-02
1.666666716337203979e-01
1.122334506362676620e-03
1.000000000000000000e+00
5.000000000000000000e-01
4.466279642656445503e-04
9.823183063417673111e-04
3.105590119957923889e-03
9.090909361839294434e-02
3.333333432674407959e-01
1.776198972947895527e-03
3.448275849223136902e-02
1.250000000000000000e-01
3.333333432674407959e-01
3.445899346843361855e-04
5.000000000000000000e-01
4.943153471685945988e-04
1.449275389313697815e-02
3.333333432674407959e-01
8.264462463557720184e-03
8.045052527450025082e-04
3.906250000000000000e-03
3.333333432674407959e-01
9.615384973585605621e-03
3.333333432674407959e-01
8.695651777088642120e-03
1.259445794858038425e-03
2.777777798473834991e-02
1.000000000000000000e+00
3.333333432674407959e-01
6.666667014360427856e-02
1.000000000000000000e+00
1.000000000000000000e+00
3.030303120613098145e-02
2.564102597534656525e-02
2.555584069341421127e-04
5.154639016836881638e-03
1.136363670229911804e-02
6.493506487458944321e-03
4.672897048294544220e-03
1.282051298767328262e-02
5.000000000000000000e-01
1.250000000000000000e-01
2.500000000000000000e-01
3.344481578096747398e-03
2.836879575625061989e-04
3.703703638166189194e-03
8.833922329358756542e-04
1.250000000000000000e-01
7.142857462167739868e-02
8.333333581686019897e-02
3.571428731083869934e-02
1.333333365619182587e-02
1.706484588794410229e-03
3.333333432674407959e-01
8.333333581686019897e-02
1.428571492433547974e-01
1.000000000000000000e+00
1.694915257394313812e-02
2.258355962112545967e-04
6.666667014360427856e-02
1.428571492433547974e-01
5.263157933950424194e-02
1.000000014901161194e-01
1.094091916456818581e-03
2.857142873108386993e-02
3.846153989434242249e-02
1.000000000000000000e+00
1.443001441657543182e-03
1.000000000000000000e+00
1.000000000000000000e+00
3.703703731298446655e-02
2.500000000000000000e-01
1.851851865649223328e-02
1.666666716337203979e-01
4.166666790843009949e-02
6.666667014360427856e-02
6.666667014360427856e-02
1.111111119389533997e-01
3.333333432674407959e-01
2.747252816334366798e-03
1.000000000000000000e+00
4.277160041965544224e-04
9.259259328246116638e-03
1.000000000000000000e+00
1.250000000000000000e-01
2.439024299383163452e-02
2.500000000000000000e-01
2.871912729460746050e-04
1.683501643128693104e-03
8.000000379979610443e-03
2.127659507095813751e-02
5.000000000000000000e-01
1.876172609627246857e-03
1.000000014901161194e-01
5.813953466713428497e-03
5.000000000000000000e-01
2.500000000000000000e-01
2.380952425301074982e-02
1.000000000000000000e+00
6.993006914854049683e-03
2.659574383869767189e-03
1.000000000000000000e+00
3.846153989434242249e-02
1.000000000000000000e+00
1.000000000000000000e+00
5.000000000000000000e-01
2.040816284716129303e-02
1.428571436554193497e-02
1.250000000000000000e-01
5.000000000000000000e-01
9.980039903894066811e-04
1.000000000000000000e+00
3.333333432674407959e-01
1.000000000000000000e+00
1.000000000000000000e+00
6.666667014360427856e-02
1.000000000000000000e+00
6.211180239915847778e-03
2.857142873108386993e-02
9.433962404727935791e-03
9.803921915590763092e-03
2.500000000000000000e-01
1.000000000000000000e+00
3.484320593997836113e-03
5.000000000000000000e-01
1.457726000808179379e-03
5.000000000000000000e-01
4.746084450744092464e-04
1.000000000000000000e+00
1.666666753590106964e-02
2.500000000000000000e-01
1.000000000000000000e+00
1.964636612683534622e-03
5.714285653084516525e-03
6.451612804085016251e-03
1.204819232225418091e-02
9.900989942252635956e-03
1.000000000000000000e+00
3.344481578096747398e-03
2.500000000000000000e-01
1.949317811522632837e-04
5.000000000000000000e-01
3.125000000000000000e-02
6.211180239915847778e-03
1.000000000000000000e+00
1.250000000000000000e-01
4.761904850602149963e-02
2.493765670806169510e-03
3.344481578096747398e-03
4.048583097755908966e-03
5.000000000000000000e-01
5.000000000000000000e-01
7.692307978868484497e-02
1.000000000000000000e+00
6.747638108208775520e-04
4.081632476300001144e-03
8.333333581686019897e-02
1.000000000000000000e+00
1.000000000000000000e+00
3.401360474526882172e-03
1.062699244357645512e-03
9.090909361839294434e-02
1.010101009160280228e-02
1.428571492433547974e-01
1.526717562228441238e-03
1.666666716337203979e-01
2.500000000000000000e-01
2.500000000000000000e-01
5.000000000000000000e-01
2.500000000000000000e-01
3.205128246918320656e-03
1.250000000000000000e-01
7.142857462167739868e-02
1.250000000000000000e-01
9.090908803045749664e-03
3.410641220398247242e-04
4.424778744578361511e-03
5.000000000000000000e-01
5.000000000000000000e-01
1.923076994717121124e-02
1.538461539894342422e-02
1.845018472522497177e-03
2.702702768146991730e-02
8.547008968889713287e-03
4.545454680919647217e-02
1.000000000000000000e+00
5.000000000000000000e-01
9.433962404727935791e-03
6.060605868697166443e-03
5.000000074505805969e-02
1.111111119389533997e-01
5.000000000000000000e-01
3.762227133847773075e-04
3.278688527643680573e-03
1.000000000000000000e+00
1.298701297491788864e-02
3.999999910593032837e-02
1.000000000000000000e+00
2.000000029802322388e-01
1.000000000000000000e+00
4.206983721815049648e-04
1.754385977983474731e-02
1.000000000000000000e+00
3.571428731083869934e-02
1.470588240772485733e-02
1.754385977983474731e-02
1.428571492433547974e-01
9.433962404727935791e-03
4.166666790843009949e-02
5.000000000000000000e-01
2.325581386685371399e-02
3.355704713612794876e-03
1.000000000000000000e+00
5.000000000000000000e-01
7.142857462167739868e-02
6.666667014360427856e-02
2.777777798473834991e-02
3.333333432674407959e-01
5.000000000000000000e-01
2.941176481544971466e-02
2.932551316916942596e-03
5.000000000000000000e-01
1.000000014901161194e-01
9.999999776482582092e-03
1.047120429575443268e-03
1.000000000000000000e+00
1.000000000000000000e+00
1.250000000000000000e-01
5.000000000000000000e-01
1.000000000000000000e+00
4.347825888544321060e-03
7.235889788717031479e-04
4.854368977248668671e-03
5.000000000000000000e-01
1.136363670229911804e-02
1.960784383118152618e-02
3.125000000000000000e-02
1.000000000000000000e+00
1.219512149691581726e-02
5.000000074505805969e-02
7.710100035183131695e-04
6.535947788506746292e-03
1.557632349431514740e-03
4.291845485568046570e-03
1.000000000000000000e+00
9.090909361839294434e-02
1.428571492433547974e-01
5.461496184580028057e-04
3.125000000000000000e-02
1.000000000000000000e+00
7.142857462167739868e-02
1.075268816202878952e-02
3.333333432674407959e-01
4.837929445784538984e-04
5.555555596947669983e-02
1.000000000000000000e+00
1.204819232225418091e-02
3.333333432674407959e-01
1.250000018626451492e-02
1.000000000000000000e+00
1.000000000000000000e+00
2.000000029802322388e-01
8.771929889917373657e-03
3.012048080563545227e-03
1.000000000000000000e+00
2.341920277103781700e-03
4.098360426723957062e-03
2.500000000000000000e-01
5.000000000000000000e-01
4.780114686582237482e-04
1.059322035871446133e-03
2.941176481544971466e-02
1.388888899236917496e-02
1.666666716337203979e-01
8.090615156106650829e-04
8.503401186317205429e-04
2.500000000000000000e-01
1.000000000000000000e+00
1.000000000000000000e+00
4.184100311249494553e-03
2.500000000000000000e-01
5.000000000000000000e-01
5.102040711790323257e-03
1.468428759835660458e-03
5.988024175167083740e-03
9.090909361839294434e-02
1.000000000000000000e+00
6.410256493836641312e-03
4.761904850602149963e-02
1.000000000000000000e+00
9.090909361839294434e-02
1.000000000000000000e+00
2.000000029802322388e-01
3.215434029698371887e-03
1.000000000000000000e+00
3.495281271170824766e-04
2.538071013987064362e-03
1.123595517128705978e-02
5.555555596947669983e-02
2.415458904579281807e-03
6.497725844383239746e-04
2.500000000000000000e-01
3.333333432674407959e-01
3.333333432674407959e-01
1.000000000000000000e+00
3.333333432674407959e-01
2.304147463291883469e-03
2.500000000000000000e-01
5.847953259944915771e-03
1.886792480945587158e-02
5.263157933950424194e-02
5.988024175167083740e-03
4.184100311249494553e-03
5.000000000000000000e-01
5.882352963089942932e-02
1.666666716337203979e-01
6.250000000000000000e-02
1.607200247235596180e-04
7.142857462167739868e-02
2.040816284716129303e-02
2.500000000000000000e-01
9.090909361839294434e-02
3.846153989434242249e-02
8.077544625848531723e-04
5.000000000000000000e-01
3.257328877225518227e-03
6.172839552164077759e-03
2.127659507095813751e-02
8.620689623057842255e-03
1.587301678955554962e-02
1.497006043791770935e-03
6.250000000000000000e-02
1.000000000000000000e+00
6.250000000000000000e-02
2.040816284716129303e-02
1.250000000000000000e-01
1.915708766318857670e-03
7.692307978868484497e-02
1.709401723928749561e-03
5.000000000000000000e-01
6.289307959377765656e-03
3.333333432674407959e-01
2.055921067949384451e-04
1.111111119389533997e-01
3.333333432674407959e-01
7.692307978868484497e-02
1.203369465656578541e-03
1.000000000000000000e+00
2.500000000000000000e-01
3.225806355476379395e-02
1.000000000000000000e+00
2.500000000000000000e-01
1.298701297491788864e-02
6.666667014360427856e-02
1.000000000000000000e+00
1.000000000000000000e+00
9.433962404727935791e-03
1.000000000000000000e+00
6.622516550123691559e-03
1.666666716337203979e-01
4.464285913854837418e-03
6.666667014360427856e-02
2.247191034257411957e-03
8.333333581686019897e-02
5.000000000000000000e-01
1.000000000000000000e+00
3.333333432674407959e-01
1.050420221872627735e-03
3.875968977808952332e-03
4.291845485568046570e-03
1.000000014901161194e-01
1.388888899236917496e-02
2.325581386685371399e-02
1.666666716337203979e-01
1.428571492433547974e-01
2.500000000000000000e-01
4.016064107418060303e-03
5.263157933950424194e-02
1.388888899236917496e-02
1.428571436554193497e-02
3.333333432674407959e-01
1.000000000000000000e+00
7.407407276332378387e-03
1.658374792896211147e-03
5.000000000000000000e-01
2.222222276031970978e-02
1.639344170689582825e-02
7.142857462167739868e-02
6.666667014360427856e-02
1.000000000000000000e+00
1.428571492433547974e-01
1.428571492433547974e-01
1.561767858220264316e-04
1.000000000000000000e+00
3.333333432674407959e-01
5.257623270153999329e-04
2.000000029802322388e-01
3.846153989434242249e-02
2.127659507095813751e-02
3.333333432674407959e-01
3.906250000000000000e-03
1.449275412596762180e-03
3.921568859368562698e-03
1.000000000000000000e+00
1.000000000000000000e+00
3.378378460183739662e-03
9.090909361839294434e-02
5.000000000000000000e-01
1.000000000000000000e+00
4.566209856420755386e-03
2.500000000000000000e-01
1.000000000000000000e+00
5.000000000000000000e-01
1.000000000000000000e+00
3.125000000000000000e-02
1.000000014901161194e-01
2.702702768146991730e-02
2.272727340459823608e-02
3.846153989434242249e-02
1.666666716337203979e-01
5.000000000000000000e-01
7.936508394777774811e-03
1.666666716337203979e-01
1.639344170689582825e-02
5.000000074505805969e-02
2.000000029802322388e-01
1.818181760609149933e-02
5.555555596947669983e-02
3.649635007604956627e-03
2.000000029802322388e-01
1.000000000000000000e+00
1.000000000000000000e+00
9.090909361839294434e-02
1.000000000000000000e+00
2.500000000000000000e-01
3.333333432674407959e-01
3.333333432674407959e-01
1.000000000000000000e+00
6.250000000000000000e-02
1.243781065568327904e-03
1.811594236642122269e-03
2.500000000000000000e-01
3.333333432674407959e-01
2.000000029802322388e-01
5.000000074505805969e-02
1.782531151548027992e-03
1.219512149691581726e-02
1.000000014901161194e-01
1.000000000000000000e+00
5.847953259944915771e-03
2.857142873108386993e-02
1.562500000000000000e-02
5.000000000000000000e-01
4.672897048294544220e-03
7.692307978868484497e-02
3.333333432674407959e-01
1.000000000000000000e+00
1.964636612683534622e-04
1.000000000000000000e+00
6.211180239915847778e-03
8.849557489156723022e-03
5.263157933950424194e-02
1.000000000000000000e+00
3.333333432674407959e-01
1.666666716337203979e-01
2.631578966975212097e-02
2.380952425301074982e-02
3.300330135971307755e-03
1.000000000000000000e+00
1.052631624042987823e-02
1.000000000000000000e+00
1.351351384073495865e-02
1.428571492433547974e-01
9.259259328246116638e-03
6.369426846504211426e-04
6.666667014360427856e-02
4.545454680919647217e-02
1.000000000000000000e+00
1.000000000000000000e+00
5.882352963089942932e-02
2.127659507095813751e-02
7.745933253318071365e-04
1.111111119389533997e-01
1.470588240772485733e-02
5.000000000000000000e-01
4.504504613578319550e-03
1.250000000000000000e-01
2.929973707068711519e-04
1.000000000000000000e+00
2.500000000000000000e-01
8.333333581686019897e-02
3.389830468222498894e-03
7.692307978868484497e-02
1.805054140277206898e-03
3.533568931743502617e-03
3.144653979688882828e-03
7.692307978868484497e-02
2.040816284716129303e-02
3.999999910593032837e-02
1.000000000000000000e+00
3.225806355476379395e-02
2.500000000000000000e-01
8.849557489156723022e-03
1.123595517128705978e-02
1.111111119389533997e-01
3.333333414047956467e-03
1.426533563062548637e-03
2.105263061821460724e-03
1.620745519176125526e-03
3.703703638166189194e-03
3.558718832209706306e-03
2.857142873108386993e-02
3.952569328248500824e-03
7.633587811142206192e-03
5.000000000000000000e-01
2.178649185225367546e-03
2.040816284716129303e-02
5.882352963089942932e-02
1.000000000000000000e+00
1.000000000000000000e+00
3.846153989434242249e-02
4.484305158257484436e-03
1.000000000000000000e+00
1.000000000000000000e+00
5.000000000000000000e-01
1.233045593835413456e-03
5.000000000000000000e-01
4.545454680919647217e-02
2.369668334722518921e-03
1.492537278681993484e-02
2.500000037252902985e-02
3.333333432674407959e-01
2.325581386685371399e-02
1.000000000000000000e+00
1.000000000000000000e+00
4.545454680919647217e-02
5.524862091988325119e-03
5.000000000000000000e-01
8.333333581686019897e-02
2.000000029802322388e-01
5.000000000000000000e-01
7.936508394777774811e-03
2.558199048507958651e-04
1.000000000000000000e+00
2.923976571764796972e-04
2.500000037252902985e-02
1.000000000000000000e+00
2.500000000000000000e-01
7.518797181546688080e-03
1.000000000000000000e+00
1.000000000000000000e+00
2.380952425301074982e-02
5.555555596947669983e-02
1.111111119389533997e-01
7.142857462167739868e-02
7.824726053513586521e-04
3.225806355476379395e-02
1.000000000000000000e+00
1.000000000000000000e+00
1.052631530910730362e-03
4.347826167941093445e-02
3.508772002533078194e-03
1.000000000000000000e+00
3.333333432674407959e-01
1.923076994717121124e-02
7.142857462167739868e-02
1.190476212650537491e-02
2.173913083970546722e-02
1.351351384073495865e-02
2.500000000000000000e-01
1.000000000000000000e+00
1.886792480945587158e-02
3.300330135971307755e-03
2.570694079622626305e-03
1.428571492433547974e-01
9.090909361839294434e-02
2.036659978330135345e-03
3.802281338721513748e-03
1.000000000000000000e+00
7.407407276332378387e-03
4.166666790843009949e-02
2.380952425301074982e-02
3.448275849223136902e-02
6.250000000000000000e-02
1.111111119389533997e-01
1.111111119389533997e-01
5.000000000000000000e-01
8.000000379979610443e-03
5.555555596947669983e-02
1.000000000000000000e+00
4.000000189989805222e-03
2.500000000000000000e-01
9.090909361839294434e-02
1.000000000000000000e+00
3.448275849223136902e-02
2.380952425301074982e-02
1.428571492433547974e-01
3.239391080569475889e-04
1.000000000000000000e+00
6.211180007085204124e-04
1.250000000000000000e-01
2.499375259503722191e-04
1.000000000000000000e+00
4.672897048294544220e-03
1.000000000000000000e+00
1.923076994717121124e-02
1.428571492433547974e-01
9.523809887468814850e-03
1.666666716337203979e-01
3.225806355476379395e-02
1.724137924611568451e-02
1.694915257394313812e-02
2.262443536892533302e-03
1.136363670229911804e-02
2.000000029802322388e-01
2.000000029802322388e-01
1.666666716337203979e-01
1.234567910432815552e-02
7.692307699471712112e-03
9.090909361839294434e-02
1.000000000000000000e+00
5.952381063252687454e-03
2.512562787160277367e-03
1.666666716337203979e-01
8.333333581686019897e-02
9.451796067878603935e-04
3.378378460183739662e-03
1.562500000000000000e-02
6.250000000000000000e-02
2.500000037252902985e-02
1.121076289564371109e-03
3.513703413773328066e-04
1.250000000000000000e-01
5.000000000000000000e-01
1.000000000000000000e+00
2.380952425301074982e-02
7.593014161102473736e-04
3.333333432674407959e-01
3.623188473284244537e-03
1.846040249802172184e-04
2.500000000000000000e-01
7.092198356986045837e-03
8.771929889917373657e-03
1.351351384073495865e-03
2.457002410665154457e-03
1.000000014901161194e-01
1.666666716337203979e-01
1.000000000000000000e+00
1.666666716337203979e-01
1.000000000000000000e+00
2.500000000000000000e-01
2.500000000000000000e-01
3.333333432674407959e-01
1.063038143911398947e-04
4.166666883975267410e-03
3.333333432674407959e-01
1.111111119389533997e-01
1.000000000000000000e+00
1.538461539894342422e-02
2.500000000000000000e-01
6.250000000000000000e-02
8.403361774981021881e-03
3.999999910593032837e-02
5.000000000000000000e-01
4.166666790843009949e-02
9.635768219595775008e-05
2.777777798473834991e-02
3.125000046566128731e-03
1.751313451677560806e-03
5.263157933950424194e-02
1.666666716337203979e-01
3.030303120613098145e-02
4.235493543092161417e-04
2.000000029802322388e-01
1.751313451677560806e-03
9.615384973585605621e-03
1.000000000000000000e+00
5.000000000000000000e-01
6.250000000000000000e-02
3.111387777607887983e-04
1.960784383118152618e-02
5.000000000000000000e-01
4.133939510211348534e-04
2.000000029802322388e-01
6.997900782153010368e-04
2.500000000000000000e-01
6.250000000000000000e-02
5.000000000000000000e-01
7.299270015209913254e-03
5.000000000000000000e-01
2.000000094994902611e-03
1.086956541985273361e-02
5.000000000000000000e-01
8.928571827709674835e-03
3.333333432674407959e-01
1.538461539894342422e-02
3.030303120613098145e-02
3.333333432674407959e-01
2.380952425301074982e-02
1.183852291433140635e-04
1.000000000000000000e+00
1.492537278681993484e-02
1.752848329488188028e-04
2.500000000000000000e-01
5.555555596947669983e-02
1.000000000000000000e+00
5.128204938955605030e-04
7.246376946568489075e-03
5.000000000000000000e-01
1.182033098302781582e-03
1.000000000000000000e+00
1.851851865649223328e-02
8.237232104875147343e-04
3.759398590773344040e-03
2.346866967855021358e-04
8.333333581686019897e-02
5.263157933950424194e-02
1.470588240772485733e-02
6.119951140135526657e-04
1.639344170689582825e-02
1.000000000000000000e+00
1.000000000000000000e+00
1.000000000000000000e+00
9.425070602446794510e-04
1.000000000000000000e+00
9.090909361839294434e-02
2.000000029802322388e-01
4.132231231778860092e-03
5.780346691608428955e-03
5.000000000000000000e-01
5.830903537571430206e-04
2.945508167613297701e-04
5.000000000000000000e-01
2.500000000000000000e-01
1.428571492433547974e-01
1.000000000000000000e+00
1.388888899236917496e-02
2.631578966975212097e-02
7.142857462167739868e-02
1.111111119389533997e-01
1.669449033215641975e-03
8.917424565879628062e-05
1.587301678955554962e-02
2.197802299633622169e-03
4.878048785030841827e-03
1.000000000000000000e+00
3.846153989434242249e-02
3.759398590773344040e-03
6.134969182312488556e-03
5.555555596947669983e-02
1.000000000000000000e+00
5.382131203077733517e-04
1.724137924611568451e-02
5.000000000000000000e-01
1.002004020847380161e-03
5.000000000000000000e-01
1.111111119389533997e-01
3.257328877225518227e-03
5.000000000000000000e-01
5.000000000000000000e-01
3.333333432674407959e-01
1.250000000000000000e-01
3.333333432674407959e-01
1.960784383118152618e-02
5.000000000000000000e-01
2.500000000000000000e-01
2.500000000000000000e-01
2.004008041694760323e-03
3.058104077354073524e-03
5.515719531103968620e-04
3.571428731083869934e-02
5.000000000000000000e-01
1.923076994717121124e-02
4.166666790843009949e-02
3.333333414047956467e-03
1.562500000000000000e-02
1.000000000000000000e+00
5.882352963089942932e-02
2.525252522900700569e-03
5.747126415371894836e-03
1.000000000000000000e+00
6.250000000000000000e-02
5.000000000000000000e-01
2.500000000000000000e-01
6.134969182312488556e-03
7.692307978868484497e-02
4.545454680919647217e-02
3.333333432674407959e-01
5.045408615842461586e-04
2.105263061821460724e-03
2.500000000000000000e-01
3.984063863754272461e-03
2.000000029802322388e-01
2.000000029802322388e-01
2.398081589490175247e-03
1.000000000000000000e+00
2.500000000000000000e-01
6.939625018276274204e-04
1.999999955296516418e-02
1.000000000000000000e+00
1.000000000000000000e+00
5.000000000000000000e-01
2.040816284716129303e-02
5.235602147877216339e-03
2.000000029802322388e-01
3.333333432674407959e-01
8.333333581686019897e-02
1.190476212650537491e-02
2.427184488624334335e-03
2.890173345804214478e-03
3.076923079788684845e-03
7.692307978868484497e-02
1.000000014901161194e-01
1.041666697710752487e-02
1.000000000000000000e+00
6.666667014360427856e-02
3.846153989434242249e-02
2.881844295188784599e-03
1.351351384073495865e-02
4.545454680919647217e-02
8.333333767950534821e-03
2.439024299383163452e-02
3.278688527643680573e-03
7.575757801532745361e-03
4.887585528194904327e-04
5.347593687474727631e-03
7.299270015209913254e-03
1.000000000000000000e+00
6.666667014360427856e-02
6.451612804085016251e-03
3.154574194923043251e-03
1.666666716337203979e-01
1.000000000000000000e+00
1.250000000000000000e-01
2.732240362092852592e-03
5.000000000000000000e-01
1.000000014901161194e-01
1.305483048781752586e-03
2.631578966975212097e-02
3.544842184055596590e-04
1.999999955296516418e-02
5.000000000000000000e-01
1.538461539894342422e-02
8.285004296340048313e-04
