9.727626456879079342e-04
3.601008211262524128e-04
5.579422941082157195e-05
4.405286163091659546e-03
1.222643331857398152e-04
2.857142873108386993e-02
4.048583097755908966e-03
8.695651777088642120e-03
2.242152579128742218e-03
3.287311119493097067e-04
6.313131307251751423e-04
1.190476212650537491e-02
6.756756920367479324e-04
6.615944585064426064e-05
1.019367948174476624e-03
1.689189230091869831e-03
3.042287717107683420e-04
2.859593951143324375e-04
1.190476212650537491e-02
8.553588122595101595e-05
2.876869984902441502e-04
5.000000074505805969e-02
6.250000000000000000e-02
6.112469709478318691e-04
4.405286163091659546e-03
1.785714365541934967e-02
1.190476212650537491e-02
6.211180007085204124e-04
1.039393027895130217e-04
1.259763230336830020e-04
3.125976945739239454e-04
1.015228452160954475e-03
1.689189230091869831e-03
2.308402617927640676e-04
1.468644477427005768e-04
1.035196706652641296e-03
3.194888122379779816e-03
1.571832690387964249e-04
1.360544236376881599e-03
1.812250848161056638e-04
6.447453051805496216e-04
8.403361774981021881e-03
2.551020355895161629e-03
1.041666697710752487e-02
1.010101009160280228e-02
1.812250848161056638e-04
1.703577465377748013e-03
1.480384962633252144e-04
3.164556983392685652e-04
5.885122300242073834e-05
1.190476212650537491e-02
1.118568237870931625e-03
1.234567910432815552e-02
1.333333365619182587e-02
4.405286163091659546e-03
5.000000074505805969e-02
5.181347019970417023e-03
9.722803042677696794e-06
1.492537278681993484e-02
1.518141798442229629e-04
1.492537278681993484e-02
1.315789483487606049e-02
8.000000379979610443e-03
6.603274960070848465e-05
7.404664938803762197e-05
3.042287717107683420e-04
1.483459491282701492e-04
2.012072363868355751e-03
5.462689659907482564e-05
2.865329617634415627e-03
7.230658084154129028e-04
1.370989921269938350e-04
7.230658084154129028e-04
1.061345756170339882e-04
2.876869984902441502e-04
2.487562131136655807e-03
1.666666707023978233e-03
1.785714365541934967e-02
5.049485116614960134e-05
6.198474875418469310e-05
6.615944585064426064e-05
9.920635493472218513e-04
1.370989921269938350e-04
5.583472666330635548e-04
4.395604482851922512e-04
3.042287717107683420e-04
3.760812396649271250e-04
1.785714365541934967e-02
9.920635493472218513e-04
1.785714365541934967e-02
9.349289757665246725e-05
4.030632844660431147e-04
2.512562787160277367e-03
1.612903201021254063e-03
2.040816284716129303e-02
4.030632844660431147e-04
4.184100311249494553e-03
2.232142956927418709e-03
1.512859249487519264e-03
4.819509194931015372e-05
1.333333365619182587e-02
1.370989921269938350e-04
3.042287717107683420e-04
1.428571436554193497e-02
1.812250848161056638e-04
2.487562131136655807e-03
1.766784407664090395e-04
1.035196706652641296e-03
2.908667956944555044e-04
1.571832690387964249e-04
2.487562131136655807e-03
3.042287717107683420e-04
5.272037014947272837e-05
1.812250848161056638e-04
3.042287717107683420e-04
9.975062130251899362e-05
1.351351384073495865e-02
1.449275412596762180e-03
3.042287717107683420e-04
1.305142213823273778e-04
5.780346691608428955e-04
9.409993072040379047e-05
2.971503272419795394e-05
6.855888932477682829e-05
1.571832690387964249e-04
1.733102253638207912e-03
2.487562131136655807e-03
1.769911497831344604e-03
1.035196706652641296e-03
1.086956541985273361e-02
2.638522535562515259e-03
3.623188473284244537e-03
3.412969235796481371e-04
1.785714365541934967e-02
1.571832690387964249e-04
1.370989921269938350e-04
4.911591531708836555e-04
5.659309681504964828e-04
1.333333365619182587e-02
2.857142873108386993e-02
3.125976945739239454e-04
1.571832690387964249e-04
1.562500023283064365e-03
4.395604482851922512e-04
2.242152579128742218e-03
1.370989921269938350e-04
1.812250848161056638e-04
4.025764937978237867e-04
8.327088289661332965e-05
2.702702768146991730e-02
1.812250848161056638e-04
7.352941203862428665e-03
5.181347019970417023e-03
6.134969182312488556e-03
6.134969182312488556e-03
3.042287717107683420e-04
6.305170245468616486e-04
1.141552464105188847e-03
1.748251728713512421e-03
1.562500023283064365e-03
6.451612804085016251e-03
5.917860107729211450e-05
1.562500023283064365e-03
2.242152404505759478e-04
3.080619717366062105e-05
2.347417874261736870e-03
5.572272493736818433e-05
1.370989921269938350e-04
9.478672873228788376e-04
8.333333581686019897e-02
3.357281821081414819e-05
6.097560748457908630e-03
3.038959403056651354e-05
1.011122367344796658e-03
1.019367948174476624e-03
1.785714365541934967e-02
5.376344081014394760e-03
1.190476212650537491e-02
1.620745519176125526e-03
1.785714365541934967e-02
1.102535868994891644e-03
8.553588122595101595e-05
9.813542710617184639e-04
4.405286163091659546e-03
1.785714365541934967e-02
1.190476212650537491e-02
3.472222248092293739e-03
3.042287717107683420e-04
1.666666716337203979e-01
5.753408913733437657e-05
1.556178031023591757e-04
4.649000475183129311e-04
8.764241938479244709e-04
2.248201490147039294e-04
1.812250848161056638e-04
2.762431045994162560e-03
1.606425648787990212e-04
4.629629664123058319e-03
7.299270015209913254e-03
7.013606227701529860e-05
3.601008211262524128e-04
4.539264773484319448e-04
9.473285172134637833e-05
1.390820601955056190e-03
2.673796843737363815e-03
6.009615608491003513e-04
4.142502148170024157e-04
1.318391587119549513e-04
2.487562131136655807e-03
2.380952471867203712e-03
1.333333365619182587e-02
2.538071013987064362e-03
2.127659507095813751e-02
3.042287717107683420e-04
1.618123031221330166e-03
5.882352963089942932e-02
3.787878900766372681e-03
1.035196706652641296e-03
1.620745519176125526e-03
7.733951788395643234e-04
1.852194836828857660e-04
8.327088289661332965e-05
4.286326584406197071e-04
9.433962404727935791e-03
3.813882649410516024e-04
3.694126207847148180e-04
1.912045874632894993e-03
8.510638144798576832e-04
1.270647975616157055e-03
4.419889592099934816e-05
1.370989921269938350e-04
3.773584961891174316e-03
1.538461539894342422e-02
1.250000000000000000e-01
1.145213027484714985e-04
8.650519303046166897e-04
1.785714365541934967e-02
8.605851908214390278e-04
1.388888899236917496e-02
1.357404689770191908e-04
1.113833786803297698e-04
7.299270015209913254e-03
1.333333365619182587e-02
2.140410942956805229e-04
5.235602147877216339e-03
6.587615353055298328e-04
1.333333365619182587e-02
1.779676094884052873e-04
4.621072148438543081e-04
2.941176353488117456e-04
1.571832690387964249e-04
1.399580069119110703e-04
1.571832690387964249e-04
8.726003579795360565e-04
6.172839552164077759e-03
3.357281821081414819e-05
4.587155766785144806e-03
1.418439671397209167e-03
1.111111119389533997e-01
2.991325163748115301e-04
3.030303120613098145e-02
1.035196706652641296e-03
5.750431446358561516e-04
4.142502148170024157e-04
2.739726100116968155e-03
1.550387591123580933e-03
4.098360426723957062e-03
2.267573727294802666e-03
3.178639453835785389e-04
9.920635493472218513e-04
1.061345756170339882e-04
4.310344811528921127e-03
3.125000046566128731e-03
1.351351384073495865e-02
3.042287717107683420e-04
4.030632844660431147e-04
4.405286163091659546e-03
2.487562131136655807e-03
9.920635493472218513e-04
2.232142956927418709e-03
1.370989921269938350e-04
4.273504484444856644e-03
2.066115615889430046e-03
4.142502148170024157e-04
5.524862091988325119e-03
2.232142956927418709e-03
1.812250848161056638e-04
1.428979740012437105e-04
1.620745519176125526e-03
9.680542279966175556e-04
1.492537278681993484e-02
1.250000000000000000e-01
3.449465439189225435e-04
5.583472666330635548e-04
6.134969182312488556e-03
4.347826167941093445e-02
3.042287717107683420e-04
4.143360274611040950e-05
1.019367948174476624e-03
1.812250848161056638e-04
3.601008211262524128e-04
3.231017908547073603e-04
3.657644556369632483e-04
1.041666697710752487e-02
8.849557489156723022e-03
1.912045845529064536e-04
3.469812509138137102e-04
3.042287717107683420e-04
2.369668334722518921e-03
3.042287717107683420e-04
7.544322579633444548e-05
6.925207562744617462e-04
1.011122367344796658e-03
1.370989921269938350e-04
1.557147334096953273e-04
6.250000000000000000e-02
7.092198356986045837e-03
2.380952471867203712e-03
1.988071482628583908e-03
7.554011244792491198e-05
8.912655757740139961e-04
5.963029107078909874e-04
2.745065830822568387e-05
2.840102242771536112e-04
7.623694546055048704e-05
1.682651927694678307e-04
2.768549311440438032e-04
9.579461766406893730e-05
3.042287717107683420e-04
1.351351384073495865e-04
1.422717923560412601e-05
4.426737432368099689e-04
1.190476212650537491e-02
1.812250848161056638e-04
1.041666697710752487e-02
3.042287717107683420e-04
8.000000379979610443e-03
5.980861023999750614e-04
9.615384973585605621e-03
3.790894334088079631e-05
1.058201072737574577e-03
3.344481578096747398e-03
3.012048255186527967e-04
4.065371103934012353e-05
1.689189230091869831e-03
1.037344452925026417e-03
2.777777798473834991e-02
1.620745519176125526e-03
8.000000379979610443e-03
2.865329617634415627e-03
9.920635493472218513e-04
5.847953259944915771e-03
1.370989921269938350e-04
1.370989921269938350e-04
3.357281821081414819e-05
1.146000431617721915e-04
1.315789483487606049e-02
1.144164707511663437e-03
6.925207562744617462e-04
1.602564123459160328e-03
7.299270015209913254e-03
1.019367948174476624e-03
1.035196706652641296e-03
2.426595456199720502e-04
7.200979598565027118e-05
1.096731721190735698e-04
6.925207562744617462e-04
1.037344452925026417e-03
3.042287717107683420e-04
9.920635493472218513e-04
2.347417874261736870e-03
1.190476212650537491e-02
3.717472078278660774e-03
1.292490633204579353e-04
5.991611978970468044e-04
2.221580507466569543e-05
3.601008211262524128e-04
2.325581386685371399e-02
7.017051393631845713e-05
6.920415326021611691e-04
4.601932887453585863e-04
1.698658015811815858e-04
3.639010246843099594e-04
2.487562131136655807e-03
9.833808871917426586e-05
8.695651777088642120e-03
2.876869984902441502e-04
1.480384962633252144e-04
1.370989921269938350e-04
1.274209935218095779e-04
3.601008211262524128e-04
1.571832690387964249e-04
6.615944585064426064e-05
4.106776323169469833e-04
3.099814057350158691e-04
1.812250848161056638e-04
3.042287717107683420e-04
1.785714365541934967e-02
7.692307978868484497e-02
3.030302934348583221e-03
3.225806355476379395e-02
5.181347019970417023e-03
1.876172609627246857e-03
2.178649301640689373e-04
1.812250848161056638e-04
1.333333365619182587e-02
1.748251728713512421e-03
6.763154669897630811e-05
4.405286163091659546e-03
1.785714365541934967e-02
1.370989921269938350e-04
1.438848907127976418e-03
1.480384962633252144e-04
1.333333365619182587e-02
3.333333414047956467e-03
9.587727836333215237e-04
1.190476212650537491e-02
9.576709271641448140e-05
6.211180239915847778e-03
6.369426846504211426e-03
1.190476212650537491e-02
4.426737432368099689e-04
1.333333365619182587e-02
5.583472666330635548e-04
4.166666883975267410e-03
9.920635493472218513e-04
8.103727595880627632e-04
2.242152579128742218e-03
3.601008211262524128e-04
8.196720853447914124e-03
2.183406148105859756e-03
1.333333365619182587e-02
6.040106381988152862e-05
3.694126207847148180e-04
3.178639453835785389e-04
1.190476212650537491e-02
1.204819232225418091e-02
3.042287717107683420e-04
3.039513714611530304e-03
3.184713423252105713e-03
2.183406148105859756e-03
8.134049130603671074e-05
1.795332180336117744e-03
4.166666883975267410e-03
8.830022125039249659e-05
1.061345756170339882e-04
5.608525243587791920e-04
2.173913083970546722e-02
1.208605244755744934e-04
1.370989921269938350e-04
8.553588122595101595e-05
1.812250848161056638e-04
3.125000000000000000e-02
1.785714365541934967e-02
5.263157933950424194e-02
2.044989727437496185e-03
1.795332180336117744e-03
3.073140687774866819e-04
2.113718073815107346e-04
1.480384962633252144e-04
1.106561903725378215e-04
1.250000000000000000e-01
1.908396952785551548e-03
8.695651777088642120e-03
1.157943479483947158e-04
8.553588122595101595e-05
3.333333414047956467e-03
4.347826167941093445e-02
4.030632844660431147e-04
1.686340663582086563e-03
6.816632812842726707e-04
1.812250848161056638e-04
3.067484591156244278e-03
1.212709175888448954e-04
3.042287717107683420e-04
3.012048255186527967e-04
8.055421494645997882e-05
2.242152579128742218e-03
4.030632844660431147e-04
3.698224900290369987e-04
1.812250848161056638e-04
9.107468213187530637e-05
2.183406148105859756e-03
5.740527994930744171e-04
9.546539513394236565e-05
1.333333365619182587e-02
4.405286163091659546e-03
7.874015718698501587e-03
1.759014994604513049e-04
1.201489867526106536e-04
1.923076924867928028e-03
4.545454680919647217e-02
8.316699677379801869e-05
5.948840043856762350e-05
1.333333365619182587e-02
3.042287717107683420e-04
6.666666595265269279e-04
1.925669203046709299e-04
1.190476212650537491e-02
1.422717923560412601e-05
1.410835247952491045e-04
4.184100311249494553e-03
1.838235330069437623e-04
5.372877785703167319e-05
3.042287717107683420e-04
7.621950935572385788e-04
1.061345756170339882e-04
3.042287717107683420e-04
3.623188473284244537e-03
2.044989727437496185e-03
1.351351384073495865e-02
1.184834167361259460e-03
1.190476212650537491e-02
2.341920277103781700e-03
1.394116843584924936e-04
5.583472666330635548e-04
3.042287717107683420e-04
1.333333365619182587e-02
1.933114253915846348e-04
7.299270015209913254e-03
7.336757262237370014e-04
1.041666697710752487e-02
3.601008211262524128e-04
5.617977585643529892e-03
3.125000046566128731e-03
8.510638144798576832e-04
2.242152579128742218e-03
1.562500023283064365e-03
1.332800165982916951e-04
4.065371103934012353e-05
1.315789483487606049e-02
3.639010246843099594e-04
1.119194203056395054e-04
2.469135913997888565e-03
3.039513714611530304e-03
7.299270015209913254e-03
2.083333395421504974e-02
5.583472666330635548e-04
5.146680632606148720e-04
1.282051298767328262e-02
1.176470611244440079e-02
2.531645586714148521e-03
3.042287717107683420e-04
1.315789483487606049e-02
1.927525008795782924e-04
1.278118579648435116e-04
3.042287717107683420e-04
6.208364993653958663e-06
7.299270015209913254e-03
4.065371103934012353e-05
7.623694546055048704e-05
3.787878900766372681e-03
1.812250848161056638e-04
1.148237424786202610e-04
3.601008211262524128e-04
9.920635493472218513e-04
3.334444772917777300e-04
1.562500023283064365e-03
4.405286163091659546e-03
5.468664676300249994e-05
9.900989942252635956e-03
1.562500023283064365e-03
3.694126207847148180e-04
2.237136475741863251e-03
9.203018271364271641e-05
1.236552488990128040e-04
6.925207562744617462e-04
4.098360426723957062e-03
1.562500023283064365e-03
5.743825458921492100e-04
5.988024175167083740e-03
5.780346691608428955e-03
8.510638144798576832e-04
8.458090451313182712e-05
1.315789483487606049e-02
3.042287717107683420e-04
3.194888122379779816e-03
1.571832690387964249e-04
5.181347019970417023e-03
1.556178031023591757e-04
1.315789483487606049e-02
7.255841046571731567e-05
1.219512149691581726e-02
1.019367948174476624e-03
6.847439362900331616e-05
1.812250848161056638e-04
7.692307978868484497e-02
3.042287717107683420e-04
6.925207562744617462e-04
1.353179919533431530e-03
1.312766653427388519e-05
5.319148767739534378e-03
1.061345756170339882e-04
1.399580069119110703e-04
4.347826167941093445e-02
6.211180239915847778e-03
1.639344170689582825e-02
1.562500023283064365e-03
1.315789483487606049e-02
8.912655757740139961e-04
1.333333365619182587e-02
1.037344452925026417e-03
3.125000046566128731e-03
1.333333365619182587e-02
4.434589936863631010e-04
2.325581386685371399e-02
1.020408142358064651e-02
9.920635493472218513e-04
2.158894640160724521e-04
4.405286163091659546e-03
1.571832690387964249e-04
7.299270015209913254e-03
3.437252962612546980e-05
2.066115615889430046e-03
6.134969182312488556e-03
4.640586485038511455e-05
2.127659507095813751e-03
9.124920325120911002e-05
2.012072363868355751e-04
7.299270015209913254e-03
1.053074956871569157e-04
1.017294009216129780e-03
2.183406148105859756e-03
3.042287717107683420e-04
3.891050582751631737e-03
6.097560748457908630e-03
1.562500023283064365e-03
4.030632844660431147e-04
1.333333365619182587e-02
9.894133108900859952e-05
5.740527994930744171e-04
5.607581624644808471e-05
1.633986947126686573e-03
1.562500023283064365e-03
3.639010246843099594e-04
9.903931641019880772e-05
3.734130004886537790e-04
2.777777845039963722e-03
2.487562131136655807e-03
1.123595517128705978e-02
1.620745519176125526e-03
7.698821718804538250e-05
2.074688905850052834e-03
1.666666716337203979e-01
1.785714365541934967e-02
1.450957643100991845e-04
8.130080997943878174e-03
9.813542710617184639e-04
9.041591547429561615e-04
3.042287717107683420e-04
1.061345756170339882e-04
1.315789483487606049e-02
1.333333365619182587e-02
5.583472666330635548e-04
1.571832690387964249e-04
1.010101009160280228e-02
1.976675230253022164e-05
1.492537278681993484e-02
3.448275849223136902e-02
9.514747653156518936e-04
5.159958964213728905e-04
1.795332180336117744e-03
1.795332180336117744e-03
2.352387673454359174e-04
2.277904422953724861e-03
1.190476212650537491e-02
2.469135913997888565e-03
1.275510177947580814e-03
7.299270015209913254e-03
2.367984852753579617e-04
2.242152579128742218e-03
1.612903201021254063e-03
1.850481057772412896e-04
4.241547685523983091e-06
8.510638144798576832e-04
3.601008211262524128e-04
5.988024175167083740e-03
2.594706893432885408e-04
2.936857636086642742e-04
2.777777798473834991e-02
6.706008571200072765e-05
1.795332180336117744e-03
5.896573929931037128e-05
1.571832690387964249e-04
7.194244768470525742e-03
3.787878900766372681e-03
3.639010246843099594e-04
1.370989921269938350e-04
3.178639453835785389e-04
5.807538036606274545e-05
5.151983350515365601e-04
9.920635493472218513e-04
1.953125000000000000e-03
1.785714365541934967e-02
1.812250848161056638e-04
1.812250848161056638e-04
2.840909175574779510e-03
2.891008916776627302e-04
1.620745519176125526e-03
1.422717923560412601e-05
1.865149715740699321e-05
3.030302934348583221e-03
9.140768088400363922e-04
9.503896581009030342e-05
2.282062923768535256e-04
8.650519303046166897e-04
9.124087519012391567e-04
1.280409749597311020e-03
1.812250848161056638e-04
5.376344081014394760e-03
9.174311533570289612e-03
6.693440373055636883e-04
3.759398590773344040e-03
6.302785914158448577e-05
1.612903201021254063e-03
1.174950084532611072e-04
8.327088289661332965e-05
2.840909175574779510e-03
6.211180239915847778e-03
1.042752875946462154e-03
9.920635493472218513e-04
1.666666716337203979e-01
2.232142956927418709e-03
1.282001994695747271e-05
1.341741590294986963e-04
1.562500023283064365e-03
3.601008211262524128e-04
8.510638144798576832e-04
2.857142873108386993e-02
1.785714365541934967e-02
2.173913083970546722e-02
2.455795765854418278e-04
4.895960955764167011e-05
9.615384624339640141e-04
3.042287717107683420e-04
2.487562131136655807e-03
1.218026853166520596e-03
3.194888122379779816e-03
1.089324592612683773e-03
7.246376946568489075e-03
1.812250848161056638e-04
3.601008211262524128e-04
8.553588122595101595e-05
1.422717923560412601e-05
5.780346691608428955e-03
8.525149314664304256e-04
3.042287717107683420e-04
2.963841252494603395e-04
3.999999910593032837e-02
1.315789483487606049e-02
2.487562131136655807e-03
2.500000037252902985e-02
2.991325163748115301e-04
1.190476212650537491e-02
4.048583097755908966e-03
2.687449741642922163e-04
9.718172950670123100e-04
6.802720949053764343e-03
2.660281897988170385e-04
7.230658084154129028e-04
3.194888122379779816e-03
1.141552464105188847e-03
6.615944585064426064e-05
1.525320258224382997e-04
4.539264773484319448e-04
3.500175080262124538e-04
5.777007318101823330e-04
1.007150785881094635e-04
9.203018271364271641e-05
5.017561488784849644e-04
4.065371103934012353e-05
3.178639453835785389e-04
5.485463771037757397e-04
1.238390104845166206e-04
8.333333581686019897e-02
1.666666716337203979e-01
1.061345756170339882e-04
3.125976945739239454e-04
1.908396952785551548e-03
2.532928192522376776e-04
1.492537278681993484e-02
2.487562131136655807e-03
3.757985832635313272e-04
1.480384962633252144e-04
1.190476212650537491e-02
1.571832690387964249e-04
2.487562131136655807e-03
8.330348464369308203e-06
1.785714365541934967e-02
1.812250848161056638e-04
1.881998650787863880e-05
2.941176528111100197e-03
9.041591547429561615e-04
4.444839578354731202e-05
3.030302934348583221e-03
1.219512149691581726e-02
7.692307699471712112e-03
2.732240362092852592e-03
5.988024175167083740e-03
6.493506487458944321e-03
1.785714365541934967e-02
7.138268119888380170e-05
1.035196706652641296e-03
8.695651777088642120e-03
3.225806355476379395e-02
3.429355274420231581e-04
3.042287717107683420e-04
1.212709175888448954e-04
3.601008211262524128e-04
1.315789483487606049e-02
1.812250848161056638e-04
1.370989921269938350e-04
6.788866012357175350e-04
9.514747653156518936e-04
1.351351384073495865e-02
3.891050582751631737e-03
1.315789483487606049e-02
1.370989921269938350e-04
2.487562131136655807e-03
3.662332892417907715e-05
2.380952471867203712e-03
7.209805189631879330e-04
9.487665956839919090e-04
3.030303120613098145e-02
8.830022125039249659e-05
2.369668334722518921e-03
4.142502148170024157e-04
3.852970621665008366e-05
3.635041939560323954e-04
3.042287717107683420e-04
2.242152579128742218e-03
1.219512149691581726e-02
2.487562131136655807e-03
7.352941203862428665e-03
1.480384962633252144e-04
5.583472666330635548e-04
8.594018436269834638e-05
4.426737432368099689e-04
1.333333365619182587e-02
1.317523128818720579e-04
2.288329415023326874e-03
5.583472666330635548e-04
7.869058754295110703e-05
9.208103292621672153e-04
4.405286163091659546e-03
4.545454401522874832e-03
4.761904943734407425e-03
1.190476212650537491e-02
1.237623742781579494e-03
1.736111124046146870e-03
1.785714365541934967e-02
1.351351384073495865e-02
1.689189230091869831e-03
2.163097524316981435e-04
1.190192779176868498e-04
7.874015718698501587e-03
3.376097301952540874e-04
1.812250848161056638e-04
4.840973997488617897e-05
3.731343196704983711e-03
1.812250848161056638e-04
3.042287717107683420e-04
1.198178797494620085e-04
9.891196386888623238e-04
1.019367948174476624e-03
3.042287717107683420e-04
1.874414301710203290e-04
1.422717923560412601e-05
1.650165067985653877e-03
2.012072363868355751e-04
1.333333365619182587e-02
8.403361774981021881e-03
3.042287717107683420e-04
1.556178031023591757e-04
4.030632844660431147e-04
4.911591531708836555e-04
7.142857182770967484e-03
6.925207562744617462e-04
5.385029726312495768e-05
1.571832690387964249e-04
1.151675678556784987e-04
3.546099178493022919e-04
1.287498453166335821e-04
6.134969182312488556e-03
6.802720949053764343e-03
8.565310417907312512e-05
1.333333365619182587e-02
7.183908019214868546e-04
3.042287717107683420e-04
1.408450677990913391e-02
8.822231757221743464e-05
6.211180239915847778e-03
1.785714365541934967e-02
1.011122367344796658e-03
1.306165067944675684e-04
6.353240314638242126e-05
1.571832690387964249e-04
9.624639060348272324e-04
1.812250848161056638e-04
8.510638144798576832e-04
4.238186011207289994e-05
5.740527994930744171e-04
1.021450501866638660e-03
8.333333581686019897e-02
4.032257944345474243e-03
1.190476212650537491e-02
6.925207562744617462e-04
1.273885369300842285e-03
2.369668334722518921e-03
4.743832978419959545e-04
1.324257755186408758e-05
4.454342997632920742e-04
2.197802299633622169e-03
5.847953259944915771e-03
2.242152579128742218e-03
1.571832690387964249e-04
1.442169013898819685e-04
3.601008211262524128e-04
1.190476212650537491e-02
1.315789483487606049e-02
4.802843250217847526e-05
5.524862091988325119e-03
1.061345756170339882e-04
5.938242538832128048e-04
1.004016026854515076e-03
1.105338815250433981e-04
1.812250848161056638e-04
8.413966861553490162e-05
2.127659507095813751e-02
4.184100311249494553e-03
8.196720853447914124e-03
4.975124262273311615e-03
8.553588122595101595e-05
1.231527072377502918e-03
1.571832690387964249e-04
3.334444772917777300e-04
1.785714365541934967e-02
1.550387591123580933e-03
1.571832690387964249e-04
9.920635493472218513e-04
3.042287717107683420e-04
5.847953259944915771e-03
1.785714365541934967e-02
4.539264773484319448e-04
3.042287717107683420e-04
2.232142956927418709e-03
4.512635350693017244e-04
4.187604645267128944e-04
1.812250848161056638e-04
3.042287717107683420e-04
3.389830468222498894e-03
1.666666716337203979e-01
1.102535868994891644e-03
1.581027609063312411e-04
3.745318390429019928e-03
3.056234854739159346e-04
7.874015718698501587e-03
7.299270015209913254e-03
1.370989921269938350e-04
1.061345756170339882e-04
7.771819218760356307e-05
1.812250848161056638e-04
1.209189882501959801e-03
3.171582648064941168e-04
3.039513714611530304e-03
2.424242411507293582e-04
1.252975780516862869e-04
1.020408142358064651e-02
1.190476212650537491e-02
1.480384962633252144e-04
7.299270015209913254e-03
1.333333365619182587e-02
4.317789280321449041e-04
2.487562131136655807e-03
4.065371103934012353e-05
2.074688905850052834e-03
1.388310465699760243e-05
1.142204419011250138e-04
5.000000074505805969e-02
2.696144510991871357e-04
7.462686393409967422e-03
3.042287717107683420e-04
3.125000000000000000e-02
1.571832690387964249e-04
1.333333365619182587e-02
2.487562131136655807e-03
1.571832690387964249e-04
1.785714365541934967e-02
3.042287717107683420e-04
3.125976945739239454e-04
4.492363077588379383e-04
1.785714365541934967e-02
4.098360426723957062e-03
8.553588122595101595e-05
3.042287717107683420e-04
1.190476212650537491e-02
1.886792480945587158e-02
1.821493613533675671e-03
3.030303120613098145e-02
8.002176400623284280e-06
1.923076924867928028e-03
9.090909361839294434e-02
3.125976945739239454e-04
3.897723581758327782e-05
2.369668334722518921e-03
1.107419724576175213e-03
2.012072363868355751e-03
7.299270015209913254e-03
1.556178031023591757e-04
4.666355671361088753e-04
3.860258584609255195e-05
3.030303120613098145e-02
1.082016897271387279e-04
4.065371103934012353e-05
3.363605646882206202e-04
3.313562410767190158e-05
1.904761884361505508e-03
1.785714365541934967e-02
2.367984852753579617e-04
8.333333581686019897e-02
1.912045874632894993e-03
1.571832690387964249e-04
2.168256760342046618e-04
8.583691087551414967e-04
1.480384962633252144e-04
3.681885136757045984e-04
2.325581386685371399e-02
1.748251728713512421e-03
1.190476212650537491e-02
6.250000000000000000e-02
1.305483048781752586e-03
9.920635493472218513e-04
3.745318390429019928e-03
4.065371103934012353e-05
1.571832690387964249e-04
4.405286163091659546e-03
4.184100311249494553e-03
3.907776554115116596e-04
2.439024299383163452e-02
1.370989921269938350e-04
1.141552464105188847e-03
4.098360426723957062e-03
9.928514919010922313e-05
4.030632844660431147e-04
2.310536074219271541e-04
8.874689228832721710e-05
2.155172405764460564e-03
2.741979842539876699e-04
7.407407276332378387e-03
1.999999955296516418e-02
2.822466776706278324e-04
1.689189230091869831e-03
6.578947417438030243e-03
6.341154221445322037e-04
6.345177534967660904e-04
3.125000046566128731e-03
1.571832690387964249e-04
6.925207562744617462e-04
2.380952425301074982e-02
4.405286163091659546e-03
1.061345756170339882e-04
7.230658084154129028e-04
1.612903201021254063e-03
2.325581386685371399e-02
2.439024299383163452e-02
5.277880336507223547e-05
1.742160296998918056e-03
1.333333365619182587e-02
1.666666753590106964e-02
3.978199310950003564e-05
1.571832690387964249e-04
1.785714365541934967e-02
3.178639453835785389e-04
5.583472666330635548e-04
2.380952471867203712e-03
6.478781870100647211e-05
1.785714365541934967e-02
1.015228408505208790e-04
2.347417874261736870e-03
4.166666883975267410e-03
6.666667014360427856e-02
4.426737432368099689e-04
3.225806355476379395e-02
5.000000074505805969e-02
1.748251728713512421e-03
2.325581386685371399e-02
3.194888122379779816e-03
3.333333507180213928e-02
3.703703731298446655e-02
1.238390104845166206e-04
7.299270015209913254e-03
4.539264773484319448e-04
5.583472666330635548e-04
4.504504613578319550e-04
1.812250848161056638e-04
8.333333581686019897e-02
7.194244768470525742e-03
1.612903201021254063e-03
1.370989921269938350e-04
7.246376946568489075e-03
4.166666883975267410e-03
1.750087540131062269e-04
1.515151560306549072e-02
1.043841359205543995e-03
1.035196706652641296e-03
3.831417532637715340e-03
1.571832690387964249e-04
8.510638144798576832e-04
4.424778744578361511e-03
4.405286163091659546e-03
3.787878900766372681e-03
9.920635493472218513e-04
2.603488683234900236e-04
1.370989921269938350e-04
4.434589936863631010e-04
1.812250848161056638e-04
1.370989921269938350e-04
1.146000431617721915e-04
3.451846714597195387e-04
1.620745519176125526e-03
1.492537278681993484e-02
1.839215838117524981e-05
5.473453784361481667e-04
1.311475352849811316e-04
3.030303120613098145e-02
2.235136344097554684e-04
1.209189882501959801e-03
8.814455941319465637e-05
2.232142956927418709e-03
1.061345756170339882e-04
1.785714365541934967e-02
1.422717923560412601e-05
2.188183832913637161e-03
2.093802322633564472e-04
1.812250848161056638e-04
2.078569959849119186e-04
6.493506487458944321e-03
5.181347019970417023e-03
1.999999955296516418e-02
1.689189230091869831e-03
1.562500000000000000e-02
1.812250848161056638e-04
3.831417532637715340e-03
6.134969182312488556e-03
4.812319530174136162e-04
2.577319508418440819e-03
1.689189230091869831e-04
3.042287717107683420e-04
1.556178031023591757e-04
1.717327832011505961e-04
2.113718073815107346e-04
1.492537278681993484e-02
2.380952471867203712e-03
1.190476212650537491e-02
1.754386001266539097e-03
1.785714365541934967e-02
4.524887073785066605e-03
1.146000431617721915e-04
8.278145687654614449e-04
3.039513714611530304e-03
3.225806355476379395e-02
3.042287717107683420e-04
7.440476329065859318e-04
1.334222761215642095e-04
4.030632844660431147e-04
5.747787145082838833e-05
2.183406148105859756e-03
1.188354144687764347e-04
5.235602147877216339e-03
4.166666883975267410e-03
2.564102644100785255e-03
1.333333365619182587e-02
3.042287717107683420e-04
2.207992947660386562e-04
3.408316406421363354e-04
2.396931959083303809e-04
9.057971183210611343e-04
2.642007893882691860e-04
6.788866012357175350e-04
3.533568931743502617e-03
7.230658084154129028e-04
7.299270015209913254e-03
1.408450654707849026e-03
3.042287717107683420e-04
1.102778987842611969e-04
3.601008211262524128e-04
4.329004324972629547e-03
1.812250848161056638e-04
1.370989921269938350e-04
2.487562131136655807e-03
1.689189230091869831e-03
3.787878900766372681e-03
6.220452632987871766e-05
7.692307978868484497e-02
2.127659507095813751e-02
2.242152579128742218e-03
1.927525008795782924e-04
1.538935030112043023e-04
1.453488366678357124e-03
2.610966097563505173e-03
1.102535868994891644e-03
3.787878900766372681e-03
1.785714365541934967e-02
1.035196706652641296e-03
4.166666883975267410e-03
3.178639453835785389e-04
1.795332180336117744e-03
6.944444496184587479e-03
1.218026853166520596e-03
8.510638144798576832e-04
3.344481578096747398e-03
4.784688819199800491e-03
5.740527994930744171e-04
1.815541036194190383e-04
8.196720853447914124e-03
1.571832690387964249e-04
7.407407276332378387e-03
4.464285913854837418e-03
1.052631624042987823e-02
1.098901126533746719e-02
4.761904850602149963e-02
3.571428731083869934e-02
1.812250848161056638e-04
1.515151560306549072e-02
2.290950797032564878e-04
1.480384962633252144e-04
2.232142956927418709e-03
3.042287717107683420e-04
1.428571492433547974e-01
1.123595517128705978e-02
2.232142956927418709e-03
3.639010246843099594e-04
2.865329617634415627e-03
6.535947788506746292e-03
1.620745519176125526e-03
8.333333581686019897e-02
2.105263061821460724e-03
7.299270015209913254e-03
6.666667014360427856e-02
1.612903201021254063e-03
3.042287717107683420e-04
1.812250848161056638e-04
3.639010246843099594e-04
1.061345756170339882e-04
7.106310658855363727e-05
1.620745519176125526e-03
1.612903201021254063e-03
2.487562131136655807e-03
4.883527799393050373e-05
1.061345756170339882e-04
8.695651777088642120e-03
2.865329617634415627e-03
2.361275110160931945e-04
1.250000000000000000e-01
8.327088289661332965e-05
4.030632844660431147e-04
3.365870215930044651e-04
2.701293624340905808e-06
1.912045874632894993e-03
9.203018271364271641e-05
6.697923527099192142e-04
4.405286163091659546e-03
1.812250848161056638e-04
6.211180239915847778e-03
4.329004324972629547e-03
1.035196706652641296e-03
1.102535868994891644e-03
1.141552464105188847e-03
1.571832690387964249e-04
1.332800165982916951e-04
1.785714365541934967e-02
1.234567910432815552e-02
3.115264698863029480e-03
1.333333365619182587e-02
1.041666697710752487e-02
5.376344081014394760e-03
1.190476212650537491e-02
4.166666883975267410e-03
2.500000037252902985e-02
4.405286163091659546e-03
1.333333365619182587e-02
4.132231231778860092e-03
5.959475674899294972e-05
1.689189230091869831e-03
4.184100311249494553e-03
1.035196706652641296e-03
4.341031308285892010e-05
2.323744047316722572e-05
1.238696859218180180e-04
3.787878900766372681e-03
9.920635493472218513e-04
9.920635493472218513e-04
1.041666697710752487e-02
1.370989921269938350e-04
4.065371103934012353e-05
1.041666697710752487e-02
5.977286491543054581e-04
1.812250848161056638e-04
2.040816284716129303e-02
2.247696102131158113e-04
3.042287717107683420e-04
