9.797099828720092773e-01
9.979256391525268555e-01
9.724205732345581055e-01
9.876062870025634766e-01
8.788534998893737793e-01
9.927499294281005859e-01
9.856826066970825195e-01
5.056985616683959961e-01
9.407472014427185059e-01
9.163453578948974609e-01
9.414731264114379883e-01
9.054197669029235840e-01
9.768176078796386719e-01
9.793941378593444824e-01
9.913250803947448730e-01
9.995575547218322754e-01
9.174759387969970703e-01
9.734417200088500977e-01
9.365737438201904297e-01
9.714123606681823730e-01
9.956666231155395508e-01
9.952271580696105957e-01
9.224885702133178711e-01
9.987748861312866211e-01
9.915593862533569336e-01
9.255189895629882812e-01
9.153370261192321777e-01
9.977846741676330566e-01
6.676176786422729492e-01
9.904589056968688965e-01
7.259263992309570312e-01
7.410554289817810059e-01
9.579761624336242676e-01
9.608809947967529297e-01
9.924606680870056152e-01
9.595010280609130859e-01
9.892174601554870605e-01
9.661136269569396973e-01
5.785945653915405273e-01
9.835392236709594727e-01
9.786177277565002441e-01
9.984433054924011230e-01
9.738364219665527344e-01
9.750984311103820801e-01
9.892688393592834473e-01
9.881221055984497070e-01
8.964714407920837402e-01
9.743567705154418945e-01
9.955684542655944824e-01
9.815498590469360352e-01
9.161350727081298828e-01
9.990044236183166504e-01
9.870161414146423340e-01
9.994655847549438477e-01
9.914764761924743652e-01
9.944636225700378418e-01
9.812101721763610840e-01
9.229357242584228516e-01
9.899771809577941895e-01
9.919709563255310059e-01
9.922764301300048828e-01
9.917635917663574219e-01
9.392814040184020996e-01
9.091612100601196289e-01
9.802473783493041992e-01
9.300088286399841309e-01
9.643598794937133789e-01
9.843027591705322266e-01
9.862842559814453125e-01
9.829148650169372559e-01
9.781864285469055176e-01
8.894371390342712402e-01
9.915595650672912598e-01
9.734555482864379883e-01
9.676225185394287109e-01
9.850028753280639648e-01
9.912422895431518555e-01
9.177695512771606445e-01
9.586120247840881348e-01
9.406522512435913086e-01
9.763117432594299316e-01
9.728635549545288086e-01
9.290325641632080078e-01
9.570830464363098145e-01
9.875596761703491211e-01
9.617643952369689941e-01
6.888366937637329102e-01
9.398023486137390137e-01
9.662081003189086914e-01
9.353229403495788574e-01
9.517124295234680176e-01
9.127855300903320312e-01
9.673886895179748535e-01
9.874510169029235840e-01
9.349682331085205078e-01
9.414364695549011230e-01
9.918327331542968750e-01
8.769527077674865723e-01
9.850699901580810547e-01
5.743496417999267578e-01
9.861116409301757812e-01
9.887773394584655762e-01
9.791393280029296875e-01
9.845141768455505371e-01
9.860210418701171875e-01
9.755552411079406738e-01
9.795352220535278320e-01
9.952885508537292480e-01
9.441921114921569824e-01
9.872067570686340332e-01
9.552088379859924316e-01
8.812458515167236328e-01
9.791502952575683594e-01
9.749426245689392090e-01
8.751330375671386719e-01
9.790871739387512207e-01
9.848049283027648926e-01
9.248360991477966309e-01
8.899612426757812500e-01
9.942608475685119629e-01
9.786629080772399902e-01
9.889898896217346191e-01
9.663628935813903809e-01
9.592334628105163574e-01
9.837953448295593262e-01
9.853672385215759277e-01
9.854346513748168945e-01
9.417361021041870117e-01
9.587363004684448242e-01
9.987096786499023438e-01
9.856433272361755371e-01
9.282016754150390625e-01
9.577055573463439941e-01
9.215537309646606445e-01
8.948901295661926270e-01
9.890007376670837402e-01
9.755918979644775391e-01
9.959424138069152832e-01
9.929174780845642090e-01
9.991483092308044434e-01
4.963182806968688965e-01
9.743981361389160156e-01
9.902588129043579102e-01
9.957642555236816406e-01
9.668408632278442383e-01
9.653156995773315430e-01
9.869804382324218750e-01
8.342148661613464355e-01
9.704746603965759277e-01
9.880101084709167480e-01
9.942854642868041992e-01
8.254232406616210938e-01
9.679537415504455566e-01
8.889960050582885742e-01
9.916749596595764160e-01
9.836501479148864746e-01
8.795311450958251953e-01
9.633739590644836426e-01
8.933510184288024902e-01
9.363717436790466309e-01
9.988692998886108398e-01
9.751304388046264648e-01
9.487934112548828125e-01
9.495402574539184570e-01
9.462285041809082031e-01
9.798202514648437500e-01
8.404573798179626465e-01
9.849504828453063965e-01
8.797295093536376953e-01
9.709705710411071777e-01
9.126811027526855469e-01
8.650256395339965820e-01
8.848238587379455566e-01
9.559329152107238770e-01
9.844339489936828613e-01
9.326357245445251465e-01
9.709579348564147949e-01
9.168025255203247070e-01
9.803591370582580566e-01
9.235657453536987305e-01
9.629542231559753418e-01
9.738903045654296875e-01
7.330338954925537109e-01
9.892760515213012695e-01
9.456500411033630371e-01
8.537505865097045898e-01
9.997331500053405762e-01
9.259674549102783203e-01
9.951752424240112305e-01
9.855544567108154297e-01
9.873320460319519043e-01
9.936977028846740723e-01
9.227013587951660156e-01
8.943330645561218262e-01
9.910618066787719727e-01
9.612222313880920410e-01
9.908489584922790527e-01
9.688628911972045898e-01
9.894017577171325684e-01
4.903718233108520508e-01
9.932679533958435059e-01
9.806072711944580078e-01
7.265864610671997070e-01
8.503212332725524902e-01
8.852456212043762207e-01
9.059156179428100586e-01
9.535266160964965820e-01
9.872558116912841797e-01
9.708532094955444336e-01
9.630795717239379883e-01
9.993982911109924316e-01
9.347376227378845215e-01
9.972134232521057129e-01
9.600524902343750000e-01
9.698407053947448730e-01
8.889425992965698242e-01
9.978520870208740234e-01
9.934723377227783203e-01
9.765319824218750000e-01
9.400705099105834961e-01
9.888889193534851074e-01
9.825007915496826172e-01
9.795962572097778320e-01
5.107499361038208008e-01
9.980360865592956543e-01
7.733257412910461426e-01
9.942327141761779785e-01
9.574055671691894531e-01
9.767968058586120605e-01
9.211616516113281250e-01
9.516928791999816895e-01
9.788253903388977051e-01
8.992416858673095703e-01
9.754289388656616211e-01
9.934579730033874512e-01
9.848653078079223633e-01
9.335534572601318359e-01
9.684344530105590820e-01
9.894125461578369141e-01
9.906124472618103027e-01
9.905137419700622559e-01
9.870392084121704102e-01
9.063789248466491699e-01
3.471913039684295654e-01
7.558907866477966309e-01
9.237258434295654297e-01
9.950067996978759766e-01
9.779099822044372559e-01
9.969541430473327637e-01
9.926798939704895020e-01
9.853412508964538574e-01
9.946470856666564941e-01
9.768812656402587891e-01
9.434815049171447754e-01
9.798328876495361328e-01
8.857529163360595703e-01
9.919441342353820801e-01
8.872647285461425781e-01
9.701078534126281738e-01
8.899852633476257324e-01
9.903239607810974121e-01
9.659518003463745117e-01
9.635300636291503906e-01
9.289227128028869629e-01
9.972959756851196289e-01
9.822072982788085938e-01
9.816761016845703125e-01
7.128260731697082520e-01
9.949754476547241211e-01
9.959905147552490234e-01
9.626065492630004883e-01
9.897579550743103027e-01
9.890887141227722168e-01
9.844655394554138184e-01
8.954470753669738770e-01
9.647009968757629395e-01
9.998425841331481934e-01
9.847377538681030273e-01
9.573093652725219727e-01
9.841911196708679199e-01
9.924938678741455078e-01
9.785143733024597168e-01
7.623715400695800781e-01
8.187728524208068848e-01
9.558603763580322266e-01
8.746829628944396973e-01
9.635341167449951172e-01
9.570685029029846191e-01
8.253586292266845703e-01
9.904820919036865234e-01
9.091501235961914062e-01
9.028572440147399902e-01
9.676460027694702148e-01
9.786140322685241699e-01
9.882579445838928223e-01
8.962095975875854492e-01
9.942496418952941895e-01
9.552921652793884277e-01
9.861968159675598145e-01
9.792208075523376465e-01
9.971736669540405273e-01
9.906814694404602051e-01
9.545465707778930664e-01
9.345477223396301270e-01
9.845490455627441406e-01
8.568726181983947754e-01
8.923869729042053223e-01
9.825521707534790039e-01
9.360027909278869629e-01
9.851311445236206055e-01
9.821712374687194824e-01
9.943503141403198242e-01
9.237084984779357910e-01
9.664610624313354492e-01
9.871975183486938477e-01
9.649829864501953125e-01
9.775190949440002441e-01
9.552075862884521484e-01
9.989469647407531738e-01
8.808332085609436035e-01
9.494265317916870117e-01
9.720202684402465820e-01
9.355401992797851562e-01
9.361727833747863770e-01
9.718389511108398438e-01
8.946748375892639160e-01
9.868935346603393555e-01
9.745069742202758789e-01
8.850887417793273926e-01
9.912269711494445801e-01
8.436833620071411133e-01
9.304255843162536621e-01
9.853292703628540039e-01
9.769659042358398438e-01
9.748147130012512207e-01
9.023532867431640625e-01
9.719479680061340332e-01
9.987483024597167969e-01
9.215739965438842773e-01
9.783728122711181641e-01
9.886335134506225586e-01
8.404089212417602539e-01
9.476560950279235840e-01
7.924639582633972168e-01
9.995575547218322754e-01
9.816240668296813965e-01
8.369109034538269043e-01
9.127188324928283691e-01
9.952995777130126953e-01
9.777966141700744629e-01
9.919998049736022949e-01
9.653664231300354004e-01
9.905133843421936035e-01
9.877858161926269531e-01
9.570051431655883789e-01
4.491320848464965820e-01
9.768553972244262695e-01
8.293941617012023926e-01
9.948089122772216797e-01
9.853926301002502441e-01
9.812433719635009766e-01
9.782428741455078125e-01
9.846802949905395508e-01
9.937326908111572266e-01
9.035179018974304199e-01
9.558692574501037598e-01
9.190366268157958984e-01
8.951942324638366699e-01
9.202499389648437500e-01
9.753527045249938965e-01
9.922959804534912109e-01
9.986203908920288086e-01
9.850120544433593750e-01
9.829349517822265625e-01
9.778466224670410156e-01
9.172471165657043457e-01
9.943218827247619629e-01
9.695450663566589355e-01
9.788417816162109375e-01
9.561812877655029297e-01
9.886126518249511719e-01
9.553321003913879395e-01
9.967307448387145996e-01
9.928974509239196777e-01
8.042296767234802246e-01
8.922336697578430176e-01
9.500007629394531250e-01
9.863377213478088379e-01
9.574609398841857910e-01
9.813927412033081055e-01
9.979230165481567383e-01
9.952341318130493164e-01
9.851705431938171387e-01
9.972082376480102539e-01
9.975864887237548828e-01
9.940791726112365723e-01
9.748481512069702148e-01
9.441108107566833496e-01
9.049609899520874023e-01
9.669978022575378418e-01
9.396125078201293945e-01
8.536700010299682617e-01
9.498058557510375977e-01
7.934365868568420410e-01
9.713800549507141113e-01
9.994795322418212891e-01
8.857253193855285645e-01
9.645547270774841309e-01
9.957748055458068848e-01
8.940268158912658691e-01
9.872327446937561035e-01
9.370298385620117188e-01
9.920669794082641602e-01
9.870626330375671387e-01
9.459096789360046387e-01
9.982163310050964355e-01
9.465914368629455566e-01
9.921770095825195312e-01
9.906864166259765625e-01
9.814963340759277344e-01
9.378204345703125000e-01
9.555938839912414551e-01
9.905472397804260254e-01
9.575504660606384277e-01
8.676269650459289551e-01
9.633327722549438477e-01
9.979612231254577637e-01
9.534890651702880859e-01
9.818846583366394043e-01
7.832455039024353027e-01
6.791723370552062988e-01
9.994027018547058105e-01
9.517422318458557129e-01
7.631986737251281738e-01
9.951505064964294434e-01
9.829699397087097168e-01
9.501217007637023926e-01
9.697097539901733398e-01
9.662912487983703613e-01
9.594700932502746582e-01
7.242734432220458984e-01
9.684873223304748535e-01
8.779942393302917480e-01
8.934282064437866211e-01
9.773052334785461426e-01
9.304845929145812988e-01
8.659021258354187012e-01
8.791121244430541992e-01
9.753471016883850098e-01
9.906416535377502441e-01
9.794257283210754395e-01
9.769108891487121582e-01
9.712020754814147949e-01
9.327710866928100586e-01
9.212543368339538574e-01
9.941769838333129883e-01
8.507272005081176758e-01
3.540667593479156494e-01
9.922590851783752441e-01
9.620441198348999023e-01
9.932298064231872559e-01
9.999426603317260742e-01
9.632229208946228027e-01
9.146659374237060547e-01
8.977144956588745117e-01
9.602423906326293945e-01
9.875862598419189453e-01
8.523781299591064453e-01
9.177165627479553223e-01
9.895371198654174805e-01
9.071684479713439941e-01
9.756832122802734375e-01
8.928865790367126465e-01
9.763421416282653809e-01
9.883726835250854492e-01
9.272939562797546387e-01
9.838380813598632812e-01
9.505144953727722168e-01
9.151232242584228516e-01
9.518635869026184082e-01
9.940952658653259277e-01
9.306504726409912109e-01
7.438308596611022949e-01
9.262737631797790527e-01
9.699954986572265625e-01
9.075759053230285645e-01
9.590617418289184570e-01
9.199587106704711914e-01
8.555066585540771484e-01
7.098696231842041016e-01
9.839295148849487305e-01
9.944205284118652344e-01
9.103140830993652344e-01
9.756146073341369629e-01
9.901311397552490234e-01
8.857660293579101562e-01
9.844788908958435059e-01
9.489026069641113281e-01
9.459057450294494629e-01
8.230944871902465820e-01
9.134195446968078613e-01
9.023309946060180664e-01
9.852916002273559570e-01
9.860550165176391602e-01
9.231914877891540527e-01
9.588244557380676270e-01
9.837027788162231445e-01
9.658805131912231445e-01
9.997962117195129395e-01
9.441867470741271973e-01
9.881981015205383301e-01
8.991377949714660645e-01
9.838885068893432617e-01
9.996811747550964355e-01
9.795076251029968262e-01
9.775040149688720703e-01
9.281042218208312988e-01
9.440385699272155762e-01
9.839936494827270508e-01
9.903356432914733887e-01
9.128386378288269043e-01
9.767788648605346680e-01
9.962113499641418457e-01
9.870907664299011230e-01
9.876729249954223633e-01
9.696038365364074707e-01
9.652729034423828125e-01
9.383077025413513184e-01
9.943795800209045410e-01
8.551579713821411133e-01
9.740892052650451660e-01
9.949970245361328125e-01
9.901266098022460938e-01
7.113360762596130371e-01
9.841268658638000488e-01
9.852352738380432129e-01
9.807710647583007812e-01
9.785381555557250977e-01
8.138604164123535156e-01
9.947373867034912109e-01
9.954848885536193848e-01
9.479641914367675781e-01
9.268022775650024414e-01
9.639812111854553223e-01
8.570141792297363281e-01
9.653981924057006836e-01
9.962970614433288574e-01
8.793106675148010254e-01
9.806804060935974121e-01
8.989203572273254395e-01
9.883909225463867188e-01
9.851250648498535156e-01
9.766649007797241211e-01
9.373669028282165527e-01
9.885082840919494629e-01
9.865586757659912109e-01
9.917346239089965820e-01
9.587703347206115723e-01
9.864876866340637207e-01
9.862996339797973633e-01
9.725961089134216309e-01
9.565803408622741699e-01
9.164746999740600586e-01
9.801847934722900391e-01
9.828400015830993652e-01
9.706621170043945312e-01
9.989191293716430664e-01
9.997062683105468750e-01
9.703486561775207520e-01
9.770548939704895020e-01
8.090055584907531738e-01
4.859178960323333740e-01
9.669297337532043457e-01
9.841557145118713379e-01
9.703208208084106445e-01
9.197679162025451660e-01
9.995151162147521973e-01
9.856761693954467773e-01
9.676362872123718262e-01
9.938216209411621094e-01
9.860559105873107910e-01
9.859013557434082031e-01
8.152067065238952637e-01
9.962712526321411133e-01
9.347661137580871582e-01
9.919295907020568848e-01
9.731811881065368652e-01
9.177579283714294434e-01
9.500553011894226074e-01
9.725292921066284180e-01
9.429240226745605469e-01
6.481412649154663086e-01
9.782285690307617188e-01
9.545778632164001465e-01
9.984079599380493164e-01
9.887800812721252441e-01
9.798216223716735840e-01
9.548369646072387695e-01
9.753098487854003906e-01
9.510911703109741211e-01
9.873784780502319336e-01
8.949610590934753418e-01
9.869786500930786133e-01
9.894143342971801758e-01
9.460111260414123535e-01
9.774081707000732422e-01
9.995839595794677734e-01
8.875530362129211426e-01
9.965300559997558594e-01
9.887790083885192871e-01
9.711769223213195801e-01
9.873350858688354492e-01
9.782016873359680176e-01
9.681484103202819824e-01
9.886969923973083496e-01
9.838543534278869629e-01
9.665752053260803223e-01
9.917892813682556152e-01
9.359043836593627930e-01
9.869130849838256836e-01
9.928855299949645996e-01
9.341738820075988770e-01
7.149852514266967773e-01
8.487012386322021484e-01
9.793064594268798828e-01
9.322835206985473633e-01
9.372591376304626465e-01
8.605851531028747559e-01
9.928359389305114746e-01
9.465259909629821777e-01
9.310451745986938477e-01
9.153394699096679688e-01
5.011208057403564453e-01
9.771586656570434570e-01
9.954310059547424316e-01
9.841987490653991699e-01
8.430114388465881348e-01
9.904521703720092773e-01
9.818248748779296875e-01
9.713141322135925293e-01
9.723885655403137207e-01
9.902682304382324219e-01
9.712743163108825684e-01
8.883948922157287598e-01
9.600849747657775879e-01
9.847364425659179688e-01
9.669291973114013672e-01
8.237624168395996094e-01
8.913686871528625488e-01
9.892778992652893066e-01
9.366969466209411621e-01
9.787777662277221680e-01
9.944134950637817383e-01
9.775965809822082520e-01
8.823408484458923340e-01
9.742049574851989746e-01
3.350595533847808838e-01
9.799481034278869629e-01
9.225773215293884277e-01
9.889698624610900879e-01
9.678995013236999512e-01
9.244406819343566895e-01
8.660469651222229004e-01
9.883231520652770996e-01
9.893047213554382324e-01
9.686174392700195312e-01
7.453629970550537109e-01
9.951680302619934082e-01
9.643275141716003418e-01
8.936371207237243652e-01
9.920316338539123535e-01
9.732459783554077148e-01
9.533202648162841797e-01
7.986543774604797363e-01
9.902001619338989258e-01
9.896726012229919434e-01
9.687671661376953125e-01
9.754760265350341797e-01
9.814209938049316406e-01
9.867191910743713379e-01
9.837674498558044434e-01
8.111268281936645508e-01
9.590007066726684570e-01
9.888780117034912109e-01
9.362143278121948242e-01
9.806371927261352539e-01
9.923464655876159668e-01
9.899206757545471191e-01
9.961424469947814941e-01
9.500315189361572266e-01
9.838543534278869629e-01
9.753538370132446289e-01
9.279111027717590332e-01
9.063155651092529297e-01
9.609076380729675293e-01
9.770086407661437988e-01
9.291925430297851562e-01
9.464100003242492676e-01
9.645749330520629883e-01
8.045625686645507812e-01
7.007185816764831543e-01
9.553412199020385742e-01
9.810532927513122559e-01
9.831054806709289551e-01
9.963157773017883301e-01
9.781647920608520508e-01
9.680853486061096191e-01
9.680515527725219727e-01
9.774095416069030762e-01
9.698302745819091797e-01
9.929401278495788574e-01
6.569539308547973633e-01
9.932305216789245605e-01
9.108493328094482422e-01
9.785850048065185547e-01
9.936239123344421387e-01
9.810518622398376465e-01
9.388054609298706055e-01
9.943148493766784668e-01
9.953531026840209961e-01
9.877842664718627930e-01
9.954242110252380371e-01
9.863473176956176758e-01
8.498773574829101562e-01
9.944162964820861816e-01
9.233546853065490723e-01
9.801137447357177734e-01
9.737293124198913574e-01
9.995005726814270020e-01
9.354041218757629395e-01
8.666596412658691406e-01
9.764479994773864746e-01
9.474151134490966797e-01
9.608271121978759766e-01
9.207708835601806641e-01
9.882977604866027832e-01
9.618991017341613770e-01
9.709753990173339844e-01
9.993132352828979492e-01
9.753399491310119629e-01
9.589345455169677734e-01
9.957702755928039551e-01
9.834546446800231934e-01
9.032488465309143066e-01
9.996308684349060059e-01
9.983549714088439941e-01
9.748899340629577637e-01
7.163816690444946289e-01
9.499617218971252441e-01
9.666270613670349121e-01
9.885405302047729492e-01
9.644507765769958496e-01
9.259444475173950195e-01
9.564113020896911621e-01
8.559544086456298828e-01
9.865924119949340820e-01
9.614306688308715820e-01
9.638366699218750000e-01
8.696082234382629395e-01
9.799722433090209961e-01
9.856731295585632324e-01
9.452335238456726074e-01
9.863714575767517090e-01
9.889236092567443848e-01
9.922046065330505371e-01
9.365573525428771973e-01
9.896984696388244629e-01
9.571619629859924316e-01
9.857408404350280762e-01
9.719790816307067871e-01
8.514822721481323242e-01
9.391897916793823242e-01
6.650057435035705566e-01
9.785452485084533691e-01
9.769638180732727051e-01
9.775927662849426270e-01
9.731999635696411133e-01
9.592648148536682129e-01
9.841474890708923340e-01
4.839175641536712646e-01
9.889574050903320312e-01
9.825343489646911621e-01
7.982870936393737793e-01
9.755452871322631836e-01
9.100641012191772461e-01
9.798482060432434082e-01
9.847808480262756348e-01
8.921949267387390137e-01
9.928631186485290527e-01
9.943538308143615723e-01
9.601873159408569336e-01
9.667013287544250488e-01
9.831370711326599121e-01
9.831432700157165527e-01
9.823806285858154297e-01
9.871756434440612793e-01
9.485592842102050781e-01
9.251921772956848145e-01
9.908529520034790039e-01
7.789129018783569336e-01
8.987475037574768066e-01
7.417591810226440430e-01
9.898408651351928711e-01
9.873368740081787109e-01
9.483441710472106934e-01
8.695090413093566895e-01
9.218165278434753418e-01
9.913428425788879395e-01
9.979222416877746582e-01
9.608584046363830566e-01
9.908556938171386719e-01
9.525902271270751953e-01
3.246445059776306152e-01
9.504599571228027344e-01
9.907995462417602539e-01
9.737029075622558594e-01
9.789037108421325684e-01
9.930871129035949707e-01
9.911895394325256348e-01
9.685533046722412109e-01
9.639587998390197754e-01
9.989615082740783691e-01
9.988600015640258789e-01
9.922344088554382324e-01
9.843882918357849121e-01
6.777385473251342773e-01
8.702840805053710938e-01
9.805537462234497070e-01
9.979394674301147461e-01
9.621577262878417969e-01
9.559441208839416504e-01
8.238450288772583008e-01
9.869649410247802734e-01
8.358188867568969727e-01
9.547486305236816406e-01
9.782807826995849609e-01
8.470495343208312988e-01
9.284585714340209961e-01
9.805873036384582520e-01
9.159746766090393066e-01
9.620911478996276855e-01
9.596125483512878418e-01
9.788245558738708496e-01
9.600558876991271973e-01
9.922134876251220703e-01
9.469869136810302734e-01
9.734386205673217773e-01
9.928014278411865234e-01
9.606005549430847168e-01
9.859186410903930664e-01
9.215666055679321289e-01
9.878623485565185547e-01
9.995504021644592285e-01
9.742431640625000000e-01
9.643418192863464355e-01
9.918205142021179199e-01
9.495888948440551758e-01
9.813170433044433594e-01
9.501887559890747070e-01
9.860170483589172363e-01
9.697213172912597656e-01
9.302321672439575195e-01
9.903604388236999512e-01
9.826905131340026855e-01
9.402443170547485352e-01
9.456166625022888184e-01
9.867417216300964355e-01
8.384361863136291504e-01
9.683195948600769043e-01
9.939258694648742676e-01
9.992692470550537109e-01
4.867360591888427734e-01
9.731196165084838867e-01
9.942326545715332031e-01
9.368031620979309082e-01
9.925006628036499023e-01
9.613003730773925781e-01
9.378057718276977539e-01
9.860864877700805664e-01
9.918615818023681641e-01
9.915326833724975586e-01
9.754344224929809570e-01
9.458188414573669434e-01
9.899328351020812988e-01
9.959816336631774902e-01
9.689670801162719727e-01
9.849313497543334961e-01
9.721815586090087891e-01
9.840153455734252930e-01
9.786841869354248047e-01
9.910797476768493652e-01
9.968820810317993164e-01
9.182391762733459473e-01
9.575629234313964844e-01
9.942645430564880371e-01
9.882069826126098633e-01
9.766726493835449219e-01
9.859699606895446777e-01
9.747395515441894531e-01
9.701686501502990723e-01
9.525654911994934082e-01
8.420781493186950684e-01
9.409859776496887207e-01
9.724648594856262207e-01
9.748146533966064453e-01
9.808161854743957520e-01
9.378119111061096191e-01
6.811177730560302734e-01
9.588704705238342285e-01
9.972150921821594238e-01
5.683259963989257812e-01
9.386153221130371094e-01
9.870145320892333984e-01
9.741628766059875488e-01
9.993398785591125488e-01
9.602450132369995117e-01
9.762773513793945312e-01
9.844818711280822754e-01
9.768184423446655273e-01
9.606748223304748535e-01
9.393610358238220215e-01
9.957879185676574707e-01
9.886006116867065430e-01
9.368838667869567871e-01
9.857660531997680664e-01
9.424221515655517578e-01
9.832333326339721680e-01
9.800696372985839844e-01
9.859837889671325684e-01
9.998220205307006836e-01
9.647793173789978027e-01
9.710791110992431641e-01
9.817000031471252441e-01
9.793195724487304688e-01
9.839249253273010254e-01
9.957959651947021484e-01
9.873306751251220703e-01
9.953551888465881348e-01
9.710154533386230469e-01
9.357863664627075195e-01
9.952386617660522461e-01
9.768702387809753418e-01
9.404875040054321289e-01
8.357886672019958496e-01
9.332199096679687500e-01
9.322910308837890625e-01
9.919568896293640137e-01
9.651558995246887207e-01
9.722291827201843262e-01
9.219099283218383789e-01
9.794634580612182617e-01
9.905551671981811523e-01
9.895462989807128906e-01
9.454590678215026855e-01
9.532816410064697266e-01
9.975497722625732422e-01
9.200795292854309082e-01
9.898062348365783691e-01
9.867354631423950195e-01
9.802793860435485840e-01
9.757906794548034668e-01
9.698305726051330566e-01
9.762642383575439453e-01
8.940695524215698242e-01
9.846652746200561523e-01
9.567651748657226562e-01
9.863080978393554688e-01
9.859063029289245605e-01
9.715902209281921387e-01
9.557849764823913574e-01
9.593654274940490723e-01
9.944134950637817383e-01
9.956707954406738281e-01
9.861430525779724121e-01
9.707970023155212402e-01
9.660652279853820801e-01
9.460309147834777832e-01
9.894518852233886719e-01
9.994901418685913086e-01
6.946305036544799805e-01
9.710961580276489258e-01
9.969356656074523926e-01
9.733094573020935059e-01
9.802268743515014648e-01
9.922227859497070312e-01
9.878240823745727539e-01
9.642547965049743652e-01
9.309951663017272949e-01
9.738606810569763184e-01
3.680750131607055664e-01
9.729187488555908203e-01
9.194768667221069336e-01
9.887508749961853027e-01
9.796985983848571777e-01
9.664968848228454590e-01
9.736614227294921875e-01
9.587874412536621094e-01
9.532825350761413574e-01
8.687698245048522949e-01
7.437264323234558105e-01
9.929267168045043945e-01
8.755486607551574707e-01
9.608840942382812500e-01
9.186810255050659180e-01
9.174488782882690430e-01
9.953100085258483887e-01
9.411802291870117188e-01
9.910081624984741211e-01
9.951862096786499023e-01
9.780518412590026855e-01
9.287074804306030273e-01
9.910735487937927246e-01
9.930762052536010742e-01
8.056008219718933105e-01
9.860500693321228027e-01
9.679307341575622559e-01
9.882299304008483887e-01
9.397358894348144531e-01
9.291025400161743164e-01
9.768753647804260254e-01
9.995082616806030273e-01
9.860675334930419922e-01
9.848750233650207520e-01
6.948210597038269043e-01
9.524105191230773926e-01
9.935132861137390137e-01
9.864395856857299805e-01
8.879811763763427734e-01
9.225189089775085449e-01
9.499922990798950195e-01
8.899052143096923828e-01
8.922037482261657715e-01
9.669753909111022949e-01
9.377942085266113281e-01
9.946191310882568359e-01
9.919947981834411621e-01
9.805580377578735352e-01
9.934123754501342773e-01
8.141363859176635742e-01
9.644380807876586914e-01
9.753892421722412109e-01
9.830973744392395020e-01
9.534813761711120605e-01
9.080150127410888672e-01
9.789003133773803711e-01
8.335019350051879883e-01
9.996534585952758789e-01
9.817129969596862793e-01
9.948720335960388184e-01
9.901593327522277832e-01
9.522359967231750488e-01
9.995571970939636230e-01
9.871397018432617188e-01
9.928802251815795898e-01
9.579854607582092285e-01
9.829046130180358887e-01
9.952341318130493164e-01
9.580873250961303711e-01
9.782560467720031738e-01
9.959473609924316406e-01
9.921783804893493652e-01
9.873488545417785645e-01
9.839702844619750977e-01
9.701425433158874512e-01
9.875783920288085938e-01
9.730660319328308105e-01
6.707870364189147949e-01
9.749876856803894043e-01
8.596975207328796387e-01
9.699381589889526367e-01
9.910473227500915527e-01
9.051980972290039062e-01
9.171118140220642090e-01
9.764627814292907715e-01
9.699138402938842773e-01
9.217130541801452637e-01
9.285808205604553223e-01
9.621245265007019043e-01
9.490894079208374023e-01
8.332370519638061523e-01
9.784571528434753418e-01
9.727072119712829590e-01
9.678671956062316895e-01
9.798820614814758301e-01
7.670025825500488281e-01
9.800947308540344238e-01
9.889420270919799805e-01
8.596671223640441895e-01
9.960855245590209961e-01
9.463305473327636719e-01
9.743672013282775879e-01
8.547410368919372559e-01
9.779478907585144043e-01
9.983373284339904785e-01
9.683045148849487305e-01
9.697690606117248535e-01
9.900702834129333496e-01
9.876629114151000977e-01
9.907502532005310059e-01
9.992967844009399414e-01
8.374066352844238281e-01
9.957204461097717285e-01
9.864886403083801270e-01
6.302532553672790527e-01
9.468940496444702148e-01
7.782331705093383789e-01
9.697725176811218262e-01
9.512874484062194824e-01
9.837546944618225098e-01
9.914428591728210449e-01
6.150417923927307129e-01
9.563964605331420898e-01
9.373061656951904297e-01
9.700814485549926758e-01
9.533030986785888672e-01
9.515213370323181152e-01
9.894236922264099121e-01
9.116362929344177246e-01
9.198241829872131348e-01
9.702361226081848145e-01
9.833667278289794922e-01
9.400374293327331543e-01
9.872412681579589844e-01
9.813739657402038574e-01
9.506019949913024902e-01
9.877748489379882812e-01
9.682971835136413574e-01
9.915000796318054199e-01
8.779782056808471680e-01
9.711557626724243164e-01
9.375702142715454102e-01
8.177456259727478027e-01
7.599449753761291504e-01
9.939644932746887207e-01
9.762709140777587891e-01
6.584550142288208008e-01
9.876606464385986328e-01
9.733833074569702148e-01
9.950567483901977539e-01
9.876390695571899414e-01
9.249008297920227051e-01
9.758840203285217285e-01
6.858618855476379395e-01
9.881311058998107910e-01
9.800001978874206543e-01
9.947530031204223633e-01
9.775630235671997070e-01
8.927322626113891602e-01
9.891994595527648926e-01
8.224895000457763672e-01
9.319878816604614258e-01
9.683728218078613281e-01
9.637106657028198242e-01
9.779427051544189453e-01
9.784796833992004395e-01
9.394112825393676758e-01
9.992426037788391113e-01
9.824017882347106934e-01
9.725717306137084961e-01
9.552482366561889648e-01
9.999775290489196777e-01
9.173477292060852051e-01
9.886215329170227051e-01
9.943851828575134277e-01
9.596808552742004395e-01
9.774928689002990723e-01
6.819360256195068359e-01
9.893161654472351074e-01
7.590624690055847168e-01
9.924736022949218750e-01
7.781325578689575195e-01
9.991846084594726562e-01
9.478597044944763184e-01
9.962044358253479004e-01
9.978023171424865723e-01
9.889468550682067871e-01
9.757364392280578613e-01
9.945778846740722656e-01
8.618476390838623047e-01
9.008762836456298828e-01
9.871562123298645020e-01
9.944247007369995117e-01
9.687931537628173828e-01
9.087709188461303711e-01
9.903956055641174316e-01
9.964088201522827148e-01
9.287678003311157227e-01
9.921039938926696777e-01
9.848842620849609375e-01
9.843070507049560547e-01
8.879991769790649414e-01
8.655156493186950684e-01
9.107316136360168457e-01
9.716583490371704102e-01
9.586775302886962891e-01
9.252657890319824219e-01
9.572212100028991699e-01
9.885640740394592285e-01
9.798858761787414551e-01
9.948078989982604980e-01
9.969332218170166016e-01
9.767199754714965820e-01
9.191232323646545410e-01
9.627031087875366211e-01
8.639373183250427246e-01
9.958326816558837891e-01
8.063292503356933594e-01
9.950551986694335938e-01
9.604461193084716797e-01
9.842190742492675781e-01
9.899651408195495605e-01
9.669370055198669434e-01
6.277741193771362305e-01
9.958736896514892578e-01
9.446403980255126953e-01
9.584261775016784668e-01
9.026815891265869141e-01
9.766101241111755371e-01
9.916247725486755371e-01
9.910829067230224609e-01
9.086502194404602051e-01
9.540616273880004883e-01
9.904254078865051270e-01
9.949560761451721191e-01
9.888997077941894531e-01
9.562322497367858887e-01
9.858914613723754883e-01
8.870795369148254395e-01
9.693059325218200684e-01
9.896749258041381836e-01
9.919082522392272949e-01
9.393991231918334961e-01
9.842851161956787109e-01
8.419437408447265625e-01
9.841597080230712891e-01
9.741963148117065430e-01
8.247364759445190430e-01
9.889968037605285645e-01
9.971218109130859375e-01
9.857759475708007812e-01
9.227133393287658691e-01
9.912618398666381836e-01
9.875031709671020508e-01
9.863779544830322266e-01
9.466314911842346191e-01
6.986383795738220215e-01
9.785662889480590820e-01
9.638871550559997559e-01
9.388605952262878418e-01
9.788025021553039551e-01
9.990037679672241211e-01
9.868801832199096680e-01
5.979886651039123535e-01
9.859862923622131348e-01
9.537956714630126953e-01
9.535796046257019043e-01
9.663715362548828125e-01
6.117585897445678711e-01
9.434906244277954102e-01
9.556332826614379883e-01
9.881617426872253418e-01
9.780660867691040039e-01
9.787188172340393066e-01
9.812783002853393555e-01
9.933340549468994141e-01
9.769901633262634277e-01
9.985378980636596680e-01
9.547740817070007324e-01
9.753052592277526855e-01
9.862219095230102539e-01
9.179576635360717773e-01
9.940578937530517578e-01
9.771318435668945312e-01
9.871776700019836426e-01
9.779044985771179199e-01
9.823803901672363281e-01
9.818340539932250977e-01
8.459724187850952148e-01
9.955623745918273926e-01
9.840416312217712402e-01
9.964712858200073242e-01
8.725229501724243164e-01
9.275068044662475586e-01
8.912370800971984863e-01
9.994617104530334473e-01
9.545774459838867188e-01
9.157750606536865234e-01
9.660812020301818848e-01
9.858722090721130371e-01
9.995065927505493164e-01
9.992458224296569824e-01
9.349815845489501953e-01
9.984207153320312500e-01
9.867700338363647461e-01
9.338512420654296875e-01
9.760589003562927246e-01
9.936282038688659668e-01
9.887247681617736816e-01
9.531854391098022461e-01
9.959804415702819824e-01
8.882271647453308105e-01
