7.739937864243984222e-04
2.922267594840377569e-04
3.154474688926711679e-05
2.526528551243245602e-04
6.215812754817306995e-05
2.439024299383163452e-02
1.666666753590106964e-02
7.770007941871881485e-04
1.204819302074611187e-03
3.412969235796481371e-04
2.325581386685371399e-02
3.125000046566128731e-03
3.236245829612016678e-04
4.761904710903763771e-04
4.424778744578361511e-03
3.834355738945305347e-04
3.042287717107683420e-04
2.182453026762232184e-04
1.098901126533746719e-02
1.610305975191295147e-03
2.876869984902441502e-04
1.282051298767328262e-02
1.538461539894342422e-02
9.794319339562207460e-05
1.550387591123580933e-03
1.785714365541934967e-02
8.333333581686019897e-02
4.464285913854837418e-03
2.953860712295863777e-05
1.234110823133960366e-04
4.539264773484319448e-04
3.831417532637715340e-03
3.042287717107683420e-04
1.798237790353596210e-04
1.539645891170948744e-04
1.752234093146398664e-04
1.562500000000000000e-02
5.672149709425866604e-04
1.098901149816811085e-03
1.556178031023591757e-04
5.232862313278019428e-04
1.724137924611568451e-02
6.042296299710869789e-04
1.111111138015985489e-02
1.086956541985273361e-02
1.812250848161056638e-04
3.891050582751631737e-03
1.571832690387964249e-04
1.550387591123580933e-03
3.825115709332749248e-05
8.333333581686019897e-02
1.007049344480037689e-03
1.136363670229911804e-02
3.448275849223136902e-02
1.550387591123580933e-03
1.315789483487606049e-02
5.181347019970417023e-03
5.086470046080648899e-04
5.988024175167083740e-03
1.397819432895630598e-04
6.493506487458944321e-03
1.315789483487606049e-02
1.851851865649223328e-02
4.989024091628380120e-05
3.178639453835785389e-04
1.785714365541934967e-02
6.649378337897360325e-05
1.347708865068852901e-03
1.689189230091869831e-03
1.550387591123580933e-03
1.812250848161056638e-04
1.603592099854722619e-04
1.019367948174476624e-03
4.142502148170024157e-04
2.876869984902441502e-04
1.818181760609149933e-02
2.105263061821460724e-03
1.785714365541934967e-02
1.058985508279874921e-04
6.198474875418469310e-05
1.540832017781212926e-04
9.920635493472218513e-04
1.370989921269938350e-04
1.011122367344796658e-03
3.396739193703979254e-04
3.042287717107683420e-04
6.925207562744617462e-04
3.030302934348583221e-03
9.920635493472218513e-04
1.785714365541934967e-02
4.269490091246552765e-05
2.247696102131158113e-04
3.115264698863029480e-03
1.436781603842973709e-03
1.422475092113018036e-03
5.740527994930744171e-04
4.184100311249494553e-03
2.232142956927418709e-03
3.105590119957923889e-03
6.154603761387988925e-05
1.754386001266539097e-03
1.370989921269938350e-04
3.042287717107683420e-04
1.272264635190367699e-03
1.812250848161056638e-04
1.812250848161056638e-04
9.575792500982061028e-05
2.562788431532680988e-04
2.908667956944555044e-04
1.571832690387964249e-04
1.657824905123561621e-04
2.113718073815107346e-04
9.048136416822671890e-05
1.812250848161056638e-04
3.300439129816368222e-05
2.817695203702896833e-04
3.125000046566128731e-03
2.469135913997888565e-03
3.042287717107683420e-04
1.175502547994256020e-04
2.957267497549764812e-05
1.101321540772914886e-03
4.302370507502928376e-05
1.453488366678357124e-03
1.571832690387964249e-04
1.315789483487606049e-02
8.264462463557720184e-03
8.547008968889713287e-03
1.453488366678357124e-03
6.622516550123691559e-03
3.125000046566128731e-03
8.333333581686019897e-02
4.618937673512846231e-04
3.030303120613098145e-02
1.571832690387964249e-04
1.370989921269938350e-04
1.336898421868681908e-03
4.625346919056028128e-04
3.448275849223136902e-02
1.176470611244440079e-02
3.590535197872668505e-05
1.571832690387964249e-04
2.197802299633622169e-03
4.572473699226975441e-04
1.204819302074611187e-03
5.952381179668009281e-04
1.812250848161056638e-04
4.347826167941093445e-02
8.598452550359070301e-04
4.095004114788025618e-04
1.812250848161056638e-04
9.523809887468814850e-03
1.162790693342685699e-02
5.882352963089942932e-02
1.550387591123580933e-03
1.061345756170339882e-04
2.355157776037231088e-04
2.072109346045181155e-04
1.748251728713512421e-03
1.204819302074611187e-03
3.577817406039685011e-04
2.870263997465372086e-04
1.204819302074611187e-03
2.478929236531257629e-04
4.822530900128185749e-05
2.347417874261736870e-03
1.387347438139840961e-04
1.279099524253979325e-04
5.555555690079927444e-03
8.333333581686019897e-02
4.065371103934012353e-05
4.000000189989805222e-03
3.021056727448012680e-05
2.183406148105859756e-03
3.558718832209706306e-03
1.785714365541934967e-02
2.222222276031970978e-02
1.098901126533746719e-02
1.620745519176125526e-03
1.785714365541934967e-02
5.574136157520115376e-04
1.610305975191295147e-03
4.814636486116796732e-04
1.550387591123580933e-03
1.785714365541934967e-02
1.190476212650537491e-02
3.448275849223136902e-02
1.785714365541934967e-02
1.000000000000000000e+00
2.136752242222428322e-03
1.556178031023591757e-04
6.180469790706411004e-05
9.398496476933360100e-04
6.222775555215775967e-04
1.812250848161056638e-04
2.762431045994162560e-03
9.773260535439476371e-05
2.500000037252902985e-02
1.315789483487606049e-02
3.879321866406826302e-06
3.601008211262524128e-04
4.539264773484319448e-04
1.982160611078143120e-04
7.892659632489085197e-04
1.992031931877136230e-03
6.009615608491003513e-04
3.178639453835785389e-04
1.480384962633252144e-04
1.812250848161056638e-04
1.650165067985653877e-03
1.020408142358064651e-02
1.453488366678357124e-03
2.500000037252902985e-02
4.184100311249494553e-03
9.624639060348272324e-04
5.882352963089942932e-02
1.449275389313697815e-02
2.027986192842945457e-04
1.620745519176125526e-03
2.212389372289180756e-03
3.326679870951920748e-04
7.001330232014879584e-05
1.129943528212606907e-03
3.921568859368562698e-03
7.710100035183131695e-04
3.512469411361962557e-04
4.065371103934012353e-05
1.912045874632894993e-03
6.981777551118284464e-05
2.631579060107469559e-03
3.711814861162565649e-05
1.370989921269938350e-04
1.785714365541934967e-02
6.250000000000000000e-02
3.703703731298446655e-02
3.542330814525485039e-04
8.650519303046166897e-04
9.398496476933360100e-04
1.808318309485912323e-03
1.123595517128705978e-02
7.530120637966319919e-05
7.575757801532745361e-03
4.115226212888956070e-03
3.030303120613098145e-02
2.012072363868355751e-03
3.225806402042508125e-03
6.414368399418890476e-04
3.448275849223136902e-02
2.263980131829157472e-04
4.184100311249494553e-03
1.776830176822841167e-04
1.571832690387964249e-04
1.216544987983070314e-04
1.571832690387964249e-04
4.719207063317298889e-04
2.000000029802322388e-01
1.175060515379300341e-05
6.863417802378535271e-04
1.945525291375815868e-03
8.333333581686019897e-02
3.042287717107683420e-04
3.236246062442660332e-03
7.418397581204771996e-04
6.743088597431778908e-04
9.920635493472218513e-04
2.265005605295300484e-04
3.096933942288160324e-04
1.123595517128705978e-02
3.115264698863029480e-03
3.178639453835785389e-04
9.920635493472218513e-04
8.598452550359070301e-04
2.444987883791327477e-03
3.125000046566128731e-03
3.125000046566128731e-03
4.142502148170024157e-04
5.740527994930744171e-04
1.547029678476974368e-04
1.794365671230480075e-04
9.920635493472218513e-04
2.232142956927418709e-03
1.370989921269938350e-04
2.347417874261736870e-03
6.666666828095912933e-03
1.908396952785551548e-03
2.439024299383163452e-02
2.232142956927418709e-03
1.812250848161056638e-04
3.396739193703979254e-04
8.620689623057842255e-03
1.550387591123580933e-03
1.886792480945587158e-02
1.111111119389533997e-01
1.352265098830685019e-04
1.011122367344796658e-03
2.526528551243245602e-04
5.882352963089942932e-02
3.042287717107683420e-04
1.282709126826375723e-04
9.233610471710562706e-04
1.812250848161056638e-04
3.601008211262524128e-04
6.289307959377765656e-03
2.183406148105859756e-03
9.090908803045749664e-03
5.405405536293983459e-03
1.694915257394313812e-02
4.539264773484319448e-04
4.065371103934012353e-05
2.127659507095813751e-03
3.042287717107683420e-04
1.396648003719747066e-03
4.184100311249494553e-03
2.183406148105859756e-03
1.370989921269938350e-04
2.347417874261736870e-03
7.299270015209913254e-03
2.083333395421504974e-02
1.650165067985653877e-03
7.352941203862428665e-03
9.605225204722955823e-05
2.506265649572014809e-03
3.424657508730888367e-03
8.455229544779285789e-05
4.705882456619292498e-04
1.480384962633252144e-04
1.754078257363289595e-04
3.812428622040897608e-04
2.858449624909553677e-05
2.113718073815107346e-04
9.514747653156518936e-04
5.740527994930744171e-04
2.836074854712933302e-04
8.196720853447914124e-03
1.812250848161056638e-04
8.000000379979610443e-03
1.061345756170339882e-04
1.111111138015985489e-02
4.911591531708836555e-04
1.650165067985653877e-03
5.357334157451987267e-05
2.408477885182946920e-04
4.166666883975267410e-03
1.328197686234489083e-04
4.065371103934012353e-05
7.338910654652863741e-05
6.250000093132257462e-03
2.777777798473834991e-02
3.067484591156244278e-03
1.111111138015985489e-02
2.697599120438098907e-04
9.920635493472218513e-04
8.598452550359070301e-04
1.370989921269938350e-04
1.370989921269938350e-04
4.065371103934012353e-05
5.998800043016672134e-04
1.315789483487606049e-02
3.660322108771651983e-04
4.251700593158602715e-04
2.762431045994162560e-03
7.299270015209913254e-03
3.610108280554413795e-03
2.347417874261736870e-03
1.959247601917013526e-04
1.571832690387964249e-04
4.142502148170024157e-04
1.061345756170339882e-04
8.620689623057842255e-03
4.142502148170024157e-04
9.708738070912659168e-04
2.347417874261736870e-03
1.102535868994891644e-03
4.629629664123058319e-03
1.434720179531723261e-04
4.156276118010282516e-04
9.677731577539816499e-05
8.944543515099212527e-05
1.250000000000000000e-01
4.595799327944405377e-05
7.137758657336235046e-04
6.333122146315872669e-04
2.935995289590209723e-04
3.639010246843099594e-04
4.424778744578361511e-03
1.205981679959222674e-04
2.421307610347867012e-03
2.876869984902441502e-04
7.623694546055048704e-05
1.370989921269938350e-04
9.000900317914783955e-04
3.601008211262524128e-04
1.571832690387964249e-04
6.763154669897630811e-05
1.037344452925026417e-03
2.184360055252909660e-04
1.812250848161056638e-04
3.042287717107683420e-04
1.785714365541934967e-02
2.941176481544971466e-02
3.030302934348583221e-03
8.333333581686019897e-02
1.351351384073495865e-02
3.355704713612794876e-03
4.048583097755908966e-03
1.101321540772914886e-03
7.692307978868484497e-02
1.689189230091869831e-03
6.763154669897630811e-05
1.550387591123580933e-03
6.250000000000000000e-02
1.370989921269938350e-04
1.283202873310074210e-04
1.480384962633252144e-04
3.448275849223136902e-02
4.651162773370742798e-03
1.051524654030799866e-03
2.083333395421504974e-02
3.639010246843099594e-04
1.550387591123580933e-03
6.451612804085016251e-03
3.846153989434242249e-02
3.182686050422489643e-04
7.692307978868484497e-02
2.183406148105859756e-03
4.166666883975267410e-03
9.920635493472218513e-04
1.248439424671232700e-03
1.204819302074611187e-03
3.902591197402216494e-05
3.225806355476379395e-02
3.831417532637715340e-03
2.500000037252902985e-02
4.969931978848762810e-05
4.065371103934012353e-05
3.178639453835785389e-04
1.098901126533746719e-02
1.748251728713512421e-03
3.042287717107683420e-04
5.952381179668009281e-04
1.571832690387964249e-04
2.183406148105859756e-03
1.484119857195764780e-04
1.219512149691581726e-02
3.042287717107683420e-04
1.428979740012437105e-04
1.061345756170339882e-04
3.194888122379779816e-03
1.694915257394313812e-02
1.651800412219017744e-04
1.370989921269938350e-04
1.610305975191295147e-03
1.812250848161056638e-04
1.666666753590106964e-02
1.785714365541934967e-02
1.369863003492355347e-02
1.297016860917210579e-03
2.557544736191630363e-03
3.448275849223136902e-02
5.099439295008778572e-04
4.863813228439539671e-04
5.522116043721325696e-05
1.639344170689582825e-02
1.344086020253598690e-03
8.695651777088642120e-03
5.878894589841365814e-04
1.610305975191295147e-03
5.347593687474727631e-03
7.501875516027212143e-04
5.740527994930744171e-04
4.918838967569172382e-04
2.527805918361991644e-04
1.812250848161056638e-04
1.785714365541934967e-02
8.028259617276489735e-05
3.042287717107683420e-04
3.042287717107683420e-04
2.169056278944481164e-05
1.204819302074611187e-03
5.740527994930744171e-04
9.718172950670123100e-04
1.812250848161056638e-04
6.151953130029141903e-05
2.183406148105859756e-03
5.740527994930744171e-04
1.399580069119110703e-04
2.849002834409475327e-03
8.547008968889713287e-03
8.695651777088642120e-03
7.698229164816439152e-04
2.678093151189386845e-04
1.923076924867928028e-03
2.178649185225367546e-03
6.414368399418890476e-04
3.913128603016957641e-05
7.692307978868484497e-02
4.142502148170024157e-04
8.086035086307674646e-05
2.812939637806266546e-04
2.083333395421504974e-02
5.740527994930744171e-04
1.279099524253979325e-04
2.793296007439494133e-04
4.184100311249494553e-03
1.754078257363289595e-04
5.847953143529593945e-04
3.042287717107683420e-04
3.311258275061845779e-03
1.061345756170339882e-04
4.142502148170024157e-04
1.298701297491788864e-02
1.317523070611059666e-03
3.125000046566128731e-03
1.308900536969304085e-03
2.083333395421504974e-02
1.354096166323870420e-04
1.350621314486488700e-04
4.618937673512846231e-04
1.785714365541934967e-02
7.407407276332378387e-03
3.472222248092293739e-03
1.315789483487606049e-02
6.067961221560835838e-04
8.000000379979610443e-03
1.550387591123580933e-03
1.571832690387964249e-04
1.315789483487606049e-02
8.510638144798576832e-04
1.204819302074611187e-03
1.204819302074611187e-03
1.571832690387964249e-04
1.422717923560412601e-05
1.315789483487606049e-02
1.097694839700125158e-04
4.142502148170024157e-04
1.219512149691581726e-02
5.952381179668009281e-04
1.315789483487606049e-02
1.666666716337203979e-01
2.183406148105859756e-03
1.386597159580560401e-05
4.761904850602149963e-02
2.380952425301074982e-02
1.694915257394313812e-02
1.785714365541934967e-02
1.250000000000000000e-01
6.009615608491003513e-04
3.303600824438035488e-04
3.042287717107683420e-04
2.011263131862506270e-05
1.315789483487606049e-02
3.042287717107683420e-04
7.623694546055048704e-05
1.351351384073495865e-02
1.812250848161056638e-04
8.086689194897189736e-05
3.601008211262524128e-04
9.920635493472218513e-04
1.326611818512901664e-04
8.291873964481055737e-04
1.550387591123580933e-03
1.458151091355830431e-04
8.620689623057842255e-03
1.204819302074611187e-03
5.740527994930744171e-04
1.757469261065125465e-03
1.485001557739451528e-04
1.414627186022698879e-04
6.925207562744617462e-04
5.065856385044753551e-04
1.204819302074611187e-03
1.648532779654487967e-04
2.347417874261736870e-03
1.219512149691581726e-02
1.571832690387964249e-04
1.570598396938294172e-04
1.250000000000000000e-01
1.785714365541934967e-02
2.932551316916942596e-03
1.571832690387964249e-04
1.162790693342685699e-02
6.466214108513668180e-05
1.315789483487606049e-02
1.109139338950626552e-04
1.219512149691581726e-02
5.232862313278019428e-04
8.448800508631393313e-05
1.725625479593873024e-04
8.333333581686019897e-02
1.785714365541934967e-02
6.925207562744617462e-04
1.061345756170339882e-04
1.388310465699760243e-05
9.090908803045749664e-03
4.539264773484319448e-04
2.113718073815107346e-04
1.934610190801322460e-04
2.526528551243245602e-04
2.500000037252902985e-02
1.204819302074611187e-03
3.597122384235262871e-03
2.506265649572014809e-03
7.692307978868484497e-02
8.620689623057842255e-03
1.315789483487606049e-02
3.448275849223136902e-02
3.124023787677288055e-04
1.250000000000000000e-01
1.010101009160280228e-02
9.920635493472218513e-04
1.668335025897249579e-04
1.923076924867928028e-03
5.479752144310623407e-05
1.315789483487606049e-02
6.384065636666491628e-05
1.571832690387964249e-04
8.547008968889713287e-03
9.293680195696651936e-04
9.149130783043801785e-04
1.333280033577466384e-05
1.061345756170339882e-04
4.156276118010282516e-04
3.042287717107683420e-04
3.363605646882206202e-04
2.183406148105859756e-03
3.042287717107683420e-04
2.659574383869767189e-03
1.190476212650537491e-02
1.422475092113018036e-03
5.740527994930744171e-04
3.448275849223136902e-02
1.104606199078261852e-04
5.740527994930744171e-04
5.993766535539180040e-05
1.633986947126686573e-03
4.226542660035192966e-04
3.639010246843099594e-04
1.795009884517639875e-04
5.330490530468523502e-04
2.512562787160277367e-03
8.264462463557720184e-03
3.603603690862655640e-04
3.178639453835785389e-04
1.754078257363289595e-04
1.538461539894342422e-02
9.174311533570289612e-03
2.808988792821764946e-03
1.571832690387964249e-04
4.048583097755908966e-03
2.958579920232295990e-03
3.999999910593032837e-02
3.042287717107683420e-04
6.770480540581047535e-04
1.250000000000000000e-01
3.448275849223136902e-02
1.011122367344796658e-03
1.748251728713512421e-03
2.857142873108386993e-02
5.392870662035420537e-05
9.090909361839294434e-02
6.666667014360427856e-02
5.988024175167083740e-03
3.246753243729472160e-03
2.352941082790493965e-03
1.219512149691581726e-02
6.205398676684126258e-05
2.277904422953724861e-03
2.083333395421504974e-02
2.221235044999048114e-04
1.666666648816317320e-04
7.299270015209913254e-03
1.698658015811815858e-04
1.370426180073991418e-04
1.011122367344796658e-03
1.153003540821373463e-04
4.254504347045440227e-06
1.919385744258761406e-03
1.061345756170339882e-04
7.299270015209913254e-03
1.571832690387964249e-04
3.002101439051330090e-04
1.000000000000000000e+00
7.002801285125315189e-04
1.219512149691581726e-02
2.359770587645471096e-05
1.571832690387964249e-04
9.090909361839294434e-02
1.351351384073495865e-02
3.639010246843099594e-04
1.908396952785551548e-03
3.178639453835785389e-04
1.204819302074611187e-03
8.058017701841890812e-04
1.011122367344796658e-03
7.518797181546688080e-03
1.785714365541934967e-02
1.676726969890296459e-04
1.812250848161056638e-04
8.510638144798576832e-04
3.938558511435985565e-04
3.178639453835785389e-04
5.659309681504964828e-04
1.779992890078574419e-04
3.030302934348583221e-03
2.414292684989050031e-04
1.571832690387964249e-04
4.589261079672724009e-04
4.156276118010282516e-04
3.042287717107683420e-04
5.952381179668009281e-04
1.812250848161056638e-04
2.380952425301074982e-02
4.065040498971939087e-03
1.492537325248122215e-03
3.412969177588820457e-03
1.945903932210057974e-04
1.750700321281328797e-04
9.030160435941070318e-05
1.061345756170339882e-04
6.535947904922068119e-04
1.550387591123580933e-03
3.369839760125614703e-05
9.920635493472218513e-04
9.090909361839294434e-02
2.232142956927418709e-03
9.517464786767959595e-05
5.178663996048271656e-04
8.912655757740139961e-04
4.312203673180192709e-04
1.263743179151788354e-04
1.689189230091869831e-03
1.123595517128705978e-02
9.523809887468814850e-03
4.374453274067491293e-04
6.504911289084702730e-05
6.134969182312488556e-03
1.785714365541934967e-02
4.424778744578361511e-03
1.650165067985653877e-03
1.562500000000000000e-02
1.512859249487519264e-03
2.380952425301074982e-02
1.812250848161056638e-04
6.612444849452003837e-05
1.610305975191295147e-03
5.740527994930744171e-04
1.436781603842973709e-03
2.411963359918445349e-04
3.042287717107683420e-04
3.194888122379779816e-03
5.263157933950424194e-02
1.315789483487606049e-02
1.812250848161056638e-04
3.448275849223136902e-02
3.042287717107683420e-04
1.098901126533746719e-02
2.829654840752482414e-04
1.912045874632894993e-03
9.920635493472218513e-04
8.333333581686019897e-02
9.487665956839919090e-04
1.812250848161056638e-04
1.529052038677036762e-03
1.915708766318857670e-03
5.952381179668009281e-04
8.336111932294443250e-05
4.539264773484319448e-04
6.925207562744617462e-04
3.389830526430159807e-04
5.793742602691054344e-04
1.007150785881094635e-04
6.424258026527240872e-05
6.925207562744617462e-04
4.065371103934012353e-05
2.371916489209979773e-04
3.035822592210024595e-04
1.370989921269938350e-04
1.315789483487606049e-02
9.090909361839294434e-02
8.598452550359070301e-04
4.539264773484319448e-04
1.908396952785551548e-03
2.949852496385574341e-04
4.761904850602149963e-02
1.107419724576175213e-03
4.142502148170024157e-04
1.480384962633252144e-04
1.098901126533746719e-02
1.571832690387964249e-04
1.818181760609149933e-02
1.637760215089656413e-05
3.745318390429019928e-03
1.812250848161056638e-04
1.040582777932286263e-03
4.132231231778860092e-03
6.289307959377765656e-03
1.571832690387964249e-04
3.030302934348583221e-03
1.219512149691581726e-02
1.761183521011844277e-04
1.018122566165402532e-04
7.299270015209913254e-03
1.818181760609149933e-02
3.571428731083869934e-02
3.448275849223136902e-02
8.976660901680588722e-04
6.802721181884407997e-04
8.333333581686019897e-02
2.817695203702896833e-04
3.042287717107683420e-04
8.397010969929397106e-05
1.554001501062884927e-04
5.621135351248085499e-04
1.812250848161056638e-04
5.952381179668009281e-04
5.813953466713428497e-03
1.377410488203167915e-03
3.125000046566128731e-03
1.571832690387964249e-04
1.315789483487606049e-02
1.370989921269938350e-04
4.424778744578361511e-03
3.150300835841335356e-05
1.650165067985653877e-03
1.754078257363289595e-04
9.920635493472218513e-04
1.785714365541934967e-02
1.571832690387964249e-04
2.398081589490175247e-03
4.142502148170024157e-04
5.658348891302011907e-05
2.403846243396401405e-03
3.042287717107683420e-04
4.604051646310836077e-04
1.116071478463709354e-03
1.046025077812373638e-03
9.523809887468814850e-03
1.204819302074611187e-03
5.952381179668009281e-04
1.413627323927357793e-04
4.426737432368099689e-04
2.380952425301074982e-02
3.156366437906399369e-05
8.378016354981809855e-05
1.011122367344796658e-03
3.485534980427473783e-04
1.204819302074611187e-03
1.550387591123580933e-03
2.325581386685371399e-02
1.449275389313697815e-02
1.098901126533746719e-02
2.000000029802322388e-01
1.923076924867928028e-03
1.785714365541934967e-02
3.125000046566128731e-03
1.689189230091869831e-03
9.999000030802562833e-05
3.247807617299258709e-04
8.252663974417373538e-06
3.465003392193466425e-04
1.812250848161056638e-04
1.584786106832325459e-03
1.265822816640138626e-02
1.812250848161056638e-04
3.042287717107683420e-04
5.952381179668009281e-04
7.473841542378067970e-04
7.002801285125315189e-04
3.042287717107683420e-04
2.523086186556611210e-05
5.740527994930744171e-04
5.952381179668009281e-04
2.380952425301074982e-02
1.428571436554193497e-02
2.037074737017974257e-04
1.029866165481507778e-03
3.694126207847148180e-04
4.424778744578361511e-03
1.315789483487606049e-02
4.539264773484319448e-04
6.619885971304029226e-05
1.571832690387964249e-04
1.714383688522502780e-04
6.906077614985406399e-04
2.725538215599954128e-04
1.550387591123580933e-03
3.731343196704983711e-03
5.361930234357714653e-04
3.448275849223136902e-02
2.257846063002943993e-04
3.042287717107683420e-04
1.785714365541934967e-02
4.911591531708836555e-04
1.550387591123580933e-03
1.785714365541934967e-02
2.183406148105859756e-03
9.530162787996232510e-05
1.279099524253979325e-04
1.571832690387964249e-04
5.952381179668009281e-04
1.812250848161056638e-04
1.571832690387964249e-04
4.815795909962616861e-05
5.740527994930744171e-04
1.567398081533610821e-03
2.500000037252902985e-02
6.944444496184587479e-03
8.333333581686019897e-02
6.925207562744617462e-04
1.422475092113018036e-03
2.352941082790493965e-03
3.246753243729472160e-03
5.871990579180419445e-04
2.066115615889430046e-03
3.030302934348583221e-03
8.650519303046166897e-04
1.098901126533746719e-02
1.571832690387964249e-04
3.424657625146210194e-04
1.550387591123580933e-03
1.098901126533746719e-02
1.315789483487606049e-02
1.603592099854722619e-04
8.000000379979610443e-03
1.061345756170339882e-04
6.925207562744617462e-04
7.052186410874128342e-04
3.133813734166324139e-04
4.424778744578361511e-03
6.824960109952371567e-06
6.172839552164077759e-03
4.184100311249494553e-03
2.369668334722518921e-03
5.586592014878988266e-03
1.610305975191295147e-03
1.095290295779705048e-03
8.510638144798576832e-04
1.550387591123580933e-03
1.785714365541934967e-02
1.923076924867928028e-03
4.116412310395389795e-05
9.920635493472218513e-04
7.866582745919004083e-05
8.650519303046166897e-04
1.785714365541934967e-02
4.539264773484319448e-04
3.042287717107683420e-04
3.606202662922441959e-04
2.289377298438921571e-04
1.176470541395246983e-03
1.689189230091869831e-03
3.042287717107683420e-04
1.694915257394313812e-02
9.090909361839294434e-02
1.102535868994891644e-03
5.847953259944915771e-03
9.708737954497337341e-03
5.376344197429716587e-04
1.724137924611568451e-02
1.724137924611568451e-02
1.249531487701460719e-04
1.061345756170339882e-04
1.689189230091869831e-03
1.812250848161056638e-04
4.154549096710979939e-04
2.343566884519532323e-04
3.039513714611530304e-03
2.424242411507293582e-04
1.480384962633252144e-04
1.134558624471537769e-04
2.083333395421504974e-02
1.571832690387964249e-04
8.510638144798576832e-04
3.448275849223136902e-02
8.598452550359070301e-04
8.264462463557720184e-03
4.065371103934012353e-05
1.538461539894342422e-02
1.388310465699760243e-05
4.142502148170024157e-04
2.222222276031970978e-02
5.379235954023897648e-04
7.446016534231603146e-04
3.042287717107683420e-04
5.882352963089942932e-02
1.571832690387964249e-04
3.205128246918320656e-03
8.264462463557720184e-03
1.480384962633252144e-04
1.785714365541934967e-02
1.203369465656578541e-03
3.125976945739239454e-04
2.066115615889430046e-03
1.785714365541934967e-02
7.299270015209913254e-03
1.610305975191295147e-03
3.042287717107683420e-04
2.083333395421504974e-02
1.111111138015985489e-02
5.767012480646371841e-04
1.447177957743406296e-03
6.570647656189976260e-06
1.923076924867928028e-03
3.448275849223136902e-02
1.219512149691581726e-02
2.844140981324017048e-04
1.703577465377748013e-03
7.107320707291364670e-04
9.496675920672714710e-04
1.315789483487606049e-02
1.556178031023591757e-04
7.299270015209913254e-03
9.542894986225292087e-05
1.821493613533675671e-03
2.391200359852518886e-05
4.065371103934012353e-05
1.750700321281328797e-04
4.065371103934012353e-05
1.002104399958625436e-04
3.042287717107683420e-04
1.356962548015872017e-05
1.315789483487606049e-02
7.874015718698501587e-03
1.571832690387964249e-04
3.808073233813047409e-04
2.924831933341920376e-04
3.639010246843099594e-04
4.748337960336357355e-04
2.325581386685371399e-02
1.748251728713512421e-03
4.166666883975267410e-03
2.000000029802322388e-01
1.123595517128705978e-02
9.920635493472218513e-04
7.299270015209913254e-03
4.065371103934012353e-05
1.050530481734313071e-04
1.923076924867928028e-03
4.184100311249494553e-03
3.495281271170824766e-04
1.470588264055550098e-03
1.370989921269938350e-04
1.915708766318857670e-03
4.761904850602149963e-02
1.122334506362676620e-03
5.740527994930744171e-04
1.480384962633252144e-04
5.253756535239517689e-05
5.807200795970857143e-04
4.539264773484319448e-04
1.206272630952298641e-03
5.882352963089942932e-02
1.379310386255383492e-03
2.653223637025803328e-04
8.000000379979610443e-03
1.196172204799950123e-03
6.285355193540453911e-04
1.315789483487606049e-02
1.571832690387964249e-04
4.539264773484319448e-04
6.250000000000000000e-02
1.550387591123580933e-03
1.061345756170339882e-04
1.812250848161056638e-04
1.612903201021254063e-03
1.315789483487606049e-02
2.439024299383163452e-02
3.966679796576499939e-04
1.742160296998918056e-03
3.448275849223136902e-02
4.347826167941093445e-02
4.709428321802988648e-05
1.571832690387964249e-04
1.785714365541934967e-02
4.539264773484319448e-04
1.011122367344796658e-03
1.650165067985653877e-03
3.662332892417907715e-05
1.785714365541934967e-02
1.754078257363289595e-04
2.347417874261736870e-03
6.925207562744617462e-04
8.333333581686019897e-02
1.204819302074611187e-03
1.075268816202878952e-02
8.928571827709674835e-03
4.184100311249494553e-03
1.315789483487606049e-02
2.932551316916942596e-03
6.024096161127090454e-03
7.194244768470525742e-03
1.370989921269938350e-04
1.315789483487606049e-02
4.539264773484319448e-04
1.011122367344796658e-03
4.761904710903763771e-04
1.812250848161056638e-04
2.325581386685371399e-02
1.315789483487606049e-02
4.618937673512846231e-04
1.370989921269938350e-04
2.717391354963183403e-03
4.166666883975267410e-03
7.487832044716924429e-05
1.265822816640138626e-02
5.574136157520115376e-04
1.035196706652641296e-03
3.831417532637715340e-03
1.571832690387964249e-04
2.066115615889430046e-03
3.030302934348583221e-03
1.550387591123580933e-03
3.694126207847148180e-04
9.920635493472218513e-04
1.116071478463709354e-03
1.370989921269938350e-04
1.873360743047669530e-04
1.693766971584409475e-04
1.370989921269938350e-04
1.146000431617721915e-04
4.436557355802506208e-04
2.953337389044463634e-04
4.761904850602149963e-02
4.539264773484319448e-04
2.568053314462304115e-04
4.755111876875162125e-05
1.785714365541934967e-02
6.700167432427406311e-05
1.204819302074611187e-03
6.523157207993790507e-05
2.232142956927418709e-03
4.184100311249494553e-03
1.785714365541934967e-02
5.740527994930744171e-04
6.925207562744617462e-04
1.914242020575329661e-04
1.689189230091869831e-03
4.065371103934012353e-05
8.000000379979610443e-03
1.351351384073495865e-02
2.325581386685371399e-02
1.689189230091869831e-03
6.139112520031630993e-05
1.812250848161056638e-04
3.831417532637715340e-03
8.547008968889713287e-03
4.156276118010282516e-04
1.550387591123580933e-03
1.098901126533746719e-02
3.042287717107683420e-04
4.184100311249494553e-03
3.475842822808772326e-04
1.233045593835413456e-03
1.123595517128705978e-02
6.763154669897630811e-05
1.785714365541934967e-02
1.610305975191295147e-03
1.785714365541934967e-02
9.487665956839919090e-04
2.127659507095813751e-03
6.215040339156985283e-04
5.952381179668009281e-04
3.225806355476379395e-02
3.042287717107683420e-04
2.844140981324017048e-04
2.160433905373793095e-05
5.740527994930744171e-04
6.920415034983307123e-05
2.183406148105859756e-03
4.329004324972629547e-03
5.633803084492683411e-04
4.166666883975267410e-03
1.470588264055550098e-03
1.754385977983474731e-02
3.042287717107683420e-04
4.391743568703532219e-04
1.183431944809854031e-03
6.925207562744617462e-04
2.566208240750711411e-05
5.154639016836881638e-03
4.184100311249494553e-03
3.012048080563545227e-03
1.315789483487606049e-02
5.952381179668009281e-04
3.042287717107683420e-04
7.729169738013297319e-05
3.601008211262524128e-04
9.920635493472218513e-04
1.812250848161056638e-04
1.370989921269938350e-04
2.881844295188784599e-03
4.166666883975267410e-03
7.092198356986045837e-03
1.737015845719724894e-04
2.500000037252902985e-02
3.225806355476379395e-02
4.426737432368099689e-04
2.935995289590209723e-04
1.221299462486058474e-04
1.136234495788812637e-04
7.558579090982675552e-04
1.102535868994891644e-03
1.351351384073495865e-02
1.785714365541934967e-02
1.135073835030198097e-03
3.042287717107683420e-04
3.178639453835785389e-04
1.219512149691581726e-02
1.264222548343241215e-03
6.763154669897630811e-05
1.571832690387964249e-04
3.344481578096747398e-03
4.310344811528921127e-03
6.009615608491003513e-04
2.380952425301074982e-02
2.718869072850793600e-04
1.587301678955554962e-02
1.785714365541934967e-02
7.407407276332378387e-03
4.761904943734407425e-03
3.225806402042508125e-03
8.000000379979610443e-03
1.785714365541934967e-02
4.545454680919647217e-02
1.812250848161056638e-04
1.282051298767328262e-02
3.809523768723011017e-04
6.802721181884407997e-04
2.232142956927418709e-03
4.142502148170024157e-04
1.250000000000000000e-01
3.745318390429019928e-03
2.232142956927418709e-03
5.851375171914696693e-04
4.308487696107476950e-04
9.523809887468814850e-03
3.178639453835785389e-04
8.333333581686019897e-02
1.219512149691581726e-02
1.315789483487606049e-02
2.673796843737363815e-03
1.612903201021254063e-03
3.042287717107683420e-04
1.812250848161056638e-04
1.480384962633252144e-04
2.055498480331152678e-04
1.564455596962943673e-04
8.598452550359070301e-04
4.618937673512846231e-04
1.075268839485943317e-03
7.249003101605921984e-05
1.061345756170339882e-04
3.448275849223136902e-02
1.550387591123580933e-03
3.159357947879470885e-05
1.282051298767328262e-02
8.598452550359070301e-04
5.740527994930744171e-04
6.211180239915847778e-03
1.354848336632130668e-05
4.814636486116796732e-04
1.061345756170339882e-04
2.000000094994902611e-03
1.550387591123580933e-03
1.812250848161056638e-04
8.547008968889713287e-03
1.098901126533746719e-02
2.347417874261736870e-03
1.102535868994891644e-03
1.915708766318857670e-03
6.261740927584469318e-04
1.356852153548970819e-04
7.518797181546688080e-03
6.134969182312488556e-03
8.216926944442093372e-04
3.448275849223136902e-02
1.111111138015985489e-02
3.311258275061845779e-03
3.125000046566128731e-03
1.061345756170339882e-04
3.448275849223136902e-02
1.550387591123580933e-03
3.448275849223136902e-02
1.000000047497451305e-03
8.187325875042006373e-05
1.689189230091869831e-03
4.184100311249494553e-03
1.035196706652641296e-03
1.187084490084089339e-04
1.488892849010881037e-05
1.394116843584924936e-04
9.310987079516053200e-04
9.920635493472218513e-04
9.920635493472218513e-04
6.944444496184587479e-03
1.370989921269938350e-04
4.142502148170024157e-04
8.000000379979610443e-03
8.510638144798576832e-04
1.812250848161056638e-04
5.882352963089942932e-02
6.631299620494246483e-04
4.142502148170024157e-04
