9.987412095069885254e-01
9.969747662544250488e-01
4.401497244834899902e-01
9.998897910118103027e-01
5.907552838325500488e-01
7.292162179946899414e-01
8.068536520004272461e-01
9.979867935180664062e-01
8.335164189338684082e-01
9.982768893241882324e-01
9.858470559120178223e-01
9.996498227119445801e-01
4.540594816207885742e-01
5.517820715904235840e-01
5.864925980567932129e-01
4.524707794189453125e-01
9.972444772720336914e-01
8.492965102195739746e-01
7.564973831176757812e-01
9.233596920967102051e-01
9.681343436241149902e-01
5.815832018852233887e-01
9.777780771255493164e-01
9.988233447074890137e-01
6.663360595703125000e-01
5.503021478652954102e-01
9.819095730781555176e-01
9.998618364334106445e-01
8.199694156646728516e-01
7.210248112678527832e-01
9.919783473014831543e-01
6.292884349822998047e-01
9.168421626091003418e-01
9.989655613899230957e-01
4.747683405876159668e-01
9.989784359931945801e-01
5.230202674865722656e-01
9.993961453437805176e-01
9.957488775253295898e-01
7.564752101898193359e-01
9.979580044746398926e-01
9.973697662353515625e-01
9.996814727783203125e-01
9.943544864654541016e-01
8.430109024047851562e-01
9.953777194023132324e-01
9.996558427810668945e-01
7.395404577255249023e-01
9.847548604011535645e-01
9.922178387641906738e-01
9.982444643974304199e-01
7.176876068115234375e-01
6.142811179161071777e-01
9.996200799942016602e-01
8.223691582679748535e-01
5.793171525001525879e-01
4.949306845664978027e-01
9.839072823524475098e-01
9.990789890289306641e-01
9.988479018211364746e-01
7.176241874694824219e-01
8.281360864639282227e-01
9.988936185836791992e-01
9.995969533920288086e-01
9.999052882194519043e-01
9.942277073860168457e-01
8.268291950225830078e-01
9.996002316474914551e-01
9.320219159126281738e-01
6.584107279777526855e-01
4.979180991649627686e-01
9.991798996925354004e-01
6.948043704032897949e-01
8.659040927886962891e-01
9.978608489036560059e-01
9.980614185333251953e-01
8.684228062629699707e-01
9.920112490653991699e-01
6.552998423576354980e-01
9.940338134765625000e-01
9.992372393608093262e-01
5.700494647026062012e-01
8.167114853858947754e-01
9.920475482940673828e-01
8.227090239524841309e-01
8.659421801567077637e-01
9.696505665779113770e-01
5.905624628067016602e-01
4.902762472629547119e-01
9.996175169944763184e-01
9.860427379608154297e-01
9.993179440498352051e-01
9.912223219871520996e-01
9.999442100524902344e-01
9.793831110000610352e-01
6.700397133827209473e-01
9.581492543220520020e-01
9.781736731529235840e-01
7.476718425750732422e-01
9.984744787216186523e-01
9.903885126113891602e-01
5.918279886245727539e-01
9.842841625213623047e-01
9.994688630104064941e-01
9.595324397087097168e-01
9.940952062606811523e-01
8.741092681884765625e-01
2.273422181606292725e-01
9.942956566810607910e-01
9.402118325233459473e-01
9.258575439453125000e-01
9.772563576698303223e-01
9.992800354957580566e-01
9.919520616531372070e-01
9.272251725196838379e-01
9.575405716896057129e-01
7.874753475189208984e-01
9.986557960510253906e-01
8.965528011322021484e-01
9.906560182571411133e-01
9.332026243209838867e-01
5.095429420471191406e-01
9.988964200019836426e-01
6.657819151878356934e-01
9.962438344955444336e-01
9.991971254348754883e-01
6.526760458946228027e-01
9.088789224624633789e-01
9.951550960540771484e-01
9.260665178298950195e-01
9.898276925086975098e-01
9.984363913536071777e-01
9.349498152732849121e-01
9.998801946640014648e-01
9.920786619186401367e-01
9.995940327644348145e-01
8.035966157913208008e-01
4.374239146709442139e-01
9.557735323905944824e-01
8.983619213104248047e-01
9.804233312606811523e-01
9.983337521553039551e-01
9.224010705947875977e-01
6.374148130416870117e-01
5.954700112342834473e-01
7.827301621437072754e-01
6.635624766349792480e-01
9.674451947212219238e-01
6.424127221107482910e-01
9.992069005966186523e-01
6.562913060188293457e-01
9.806327819824218750e-01
9.425907731056213379e-01
9.996284842491149902e-01
9.723589420318603516e-01
9.988726973533630371e-01
9.849781990051269531e-01
9.656932950019836426e-01
9.803016185760498047e-01
5.216289758682250977e-01
7.425256967544555664e-01
9.967423677444458008e-01
4.212295114994049072e-01
9.172967076301574707e-01
6.824910044670104980e-01
5.633536577224731445e-01
8.623339533805847168e-01
8.180999159812927246e-01
9.909937977790832520e-01
9.995338916778564453e-01
5.760809183120727539e-01
8.160195946693420410e-01
9.968332648277282715e-01
9.954110980033874512e-01
9.853178262710571289e-01
8.576896190643310547e-01
4.720679521560668945e-01
9.978039860725402832e-01
9.915931820869445801e-01
9.930704236030578613e-01
6.737605333328247070e-01
5.209438800811767578e-01
5.886486172676086426e-01
9.371745586395263672e-01
8.827461600303649902e-01
6.660737991333007812e-01
9.923862218856811523e-01
8.508601784706115723e-01
8.221045136451721191e-01
8.654711246490478516e-01
9.994365572929382324e-01
9.366613626480102539e-01
7.697966098785400391e-01
9.901624321937561035e-01
9.998947381973266602e-01
6.050354838371276855e-01
9.829137325286865234e-01
8.111836314201354980e-01
4.975391328334808350e-01
9.981762766838073730e-01
9.082627296447753906e-01
9.335053563117980957e-01
5.723327994346618652e-01
6.919798254966735840e-01
9.731870293617248535e-01
6.587858200073242188e-01
9.978879690170288086e-01
9.986294507980346680e-01
8.406867980957031250e-01
9.914379119873046875e-01
5.802310705184936523e-01
9.995729923248291016e-01
8.474517464637756348e-01
9.909229278564453125e-01
9.998055100440979004e-01
9.999291300773620605e-01
9.994481801986694336e-01
9.652347564697265625e-01
9.846723675727844238e-01
9.702349901199340820e-01
6.723909378051757812e-01
7.435952425003051758e-01
9.166003465652465820e-01
9.987780451774597168e-01
8.973010182380676270e-01
7.775102853775024414e-01
8.365863561630249023e-01
9.988529682159423828e-01
8.957275152206420898e-01
8.207021355628967285e-01
6.595039367675781250e-01
8.743985295295715332e-01
9.586617946624755859e-01
8.188645839691162109e-01
4.624590873718261719e-01
9.109984636306762695e-01
9.984490275382995605e-01
9.692713618278503418e-01
9.990669488906860352e-01
8.213291764259338379e-01
9.998471140861511230e-01
5.121723413467407227e-01
9.990527629852294922e-01
8.518084287643432617e-01
9.985508322715759277e-01
7.844426035881042480e-01
8.020744919776916504e-01
6.688066124916076660e-01
9.727624654769897461e-01
7.988652586936950684e-01
9.996016621589660645e-01
3.471004962921142578e-02
8.290551900863647461e-01
5.489207506179809570e-01
6.932009458541870117e-01
9.997564554214477539e-01
7.025549411773681641e-01
9.953207373619079590e-01
9.971038699150085449e-01
9.986489415168762207e-01
9.502198696136474609e-01
9.963180422782897949e-01
9.997171163558959961e-01
9.987688660621643066e-01
6.529262065887451172e-01
7.321826219558715820e-01
5.143140554428100586e-01
8.397552967071533203e-01
5.891495943069458008e-01
9.990507364273071289e-01
9.657374620437622070e-01
7.802898883819580078e-01
9.062819480895996094e-01
4.026935696601867676e-01
9.099144935607910156e-01
9.803128838539123535e-01
8.571677207946777344e-01
9.946239590644836426e-01
5.719270706176757812e-01
6.397662758827209473e-01
4.715089201927185059e-01
8.555965423583984375e-01
5.029510855674743652e-01
8.876955509185791016e-01
7.692284584045410156e-01
8.431672453880310059e-01
9.957559704780578613e-01
9.712551832199096680e-01
7.482498288154602051e-01
5.780122280120849609e-01
9.837164878845214844e-01
8.597396612167358398e-01
9.959934353828430176e-01
9.781049489974975586e-01
8.761290311813354492e-01
6.696705222129821777e-01
9.990926384925842285e-01
9.476130604743957520e-01
9.992538690567016602e-01
9.982208013534545898e-01
9.942731857299804688e-01
9.964433312416076660e-01
9.017752408981323242e-01
8.429583311080932617e-01
9.881619811058044434e-01
6.803599596023559570e-01
9.756657481193542480e-01
5.523262023925781250e-01
9.766788482666015625e-01
6.186656951904296875e-01
9.077455401420593262e-01
9.990180730819702148e-01
2.149033546447753906e-02
9.975014925003051758e-01
6.411272883415222168e-01
9.994121789932250977e-01
9.990979433059692383e-01
9.979416728019714355e-01
9.989406466484069824e-01
9.990158081054687500e-01
9.988582730293273926e-01
9.816660881042480469e-01
9.992612004280090332e-01
9.865268468856811523e-01
4.885534942150115967e-01
9.993343949317932129e-01
9.759176969528198242e-01
9.997837543487548828e-01
9.976928234100341797e-01
9.989263415336608887e-01
9.983543753623962402e-01
9.982869029045104980e-01
6.907408237457275391e-01
9.981779456138610840e-01
6.492080688476562500e-01
6.890197396278381348e-01
9.999092221260070801e-01
7.941030263900756836e-01
9.752507805824279785e-01
9.987669587135314941e-01
9.996017813682556152e-01
9.609676599502563477e-01
9.959111213684082031e-01
9.066803455352783203e-01
4.789849817752838135e-01
9.998691082000732422e-01
9.351329207420349121e-01
7.052138447761535645e-01
9.990975856781005859e-01
9.977353811264038086e-01
5.071875452995300293e-01
8.581767678260803223e-01
9.992226362228393555e-01
7.748421430587768555e-01
9.974874854087829590e-01
9.892004728317260742e-01
7.360413670539855957e-02
8.726925253868103027e-01
9.994567036628723145e-01
5.127875208854675293e-01
9.734982848167419434e-01
8.471708893775939941e-01
9.981004595756530762e-01
9.997170567512512207e-01
3.327793478965759277e-01
9.942447543144226074e-01
9.998984932899475098e-01
9.988880753517150879e-01
9.820989966392517090e-01
9.371160268783569336e-01
5.728810429573059082e-01
9.837454557418823242e-01
6.062191128730773926e-01
8.033541440963745117e-01
5.496915578842163086e-01
9.981089234352111816e-01
3.396343290805816650e-01
5.425927639007568359e-01
8.044929504394531250e-01
9.999038577079772949e-01
9.804242849349975586e-01
6.427232623100280762e-01
4.336156845092773438e-01
8.494846820831298828e-01
6.618032455444335938e-01
9.812628030776977539e-01
7.790043354034423828e-01
9.403491020202636719e-01
9.890013337135314941e-01
8.927803635597229004e-01
9.995991587638854980e-01
9.954673647880554199e-01
9.998520612716674805e-01
9.999168515205383301e-01
9.993485212326049805e-01
6.010031104087829590e-01
9.582084417343139648e-01
9.024375081062316895e-01
9.642486572265625000e-01
7.825404405593872070e-01
9.987004399299621582e-01
8.343824744224548340e-01
9.948189258575439453e-01
9.979738593101501465e-01
8.139145970344543457e-01
9.887933731079101562e-01
9.989629983901977539e-01
6.627776026725769043e-01
9.995487928390502930e-01
6.931557059288024902e-01
9.182141423225402832e-01
9.993463754653930664e-01
9.731543660163879395e-01
6.965866684913635254e-01
3.511094748973846436e-01
8.280179500579833984e-01
9.955880045890808105e-01
9.998293519020080566e-01
9.474493861198425293e-01
5.015389919281005859e-01
9.997316002845764160e-01
5.581015944480895996e-01
9.996883273124694824e-01
9.553656578063964844e-01
8.320550918579101562e-01
8.623141646385192871e-01
9.996779561042785645e-01
9.997287392616271973e-01
9.994153380393981934e-01
6.525760293006896973e-01
9.988581538200378418e-01
9.983463883399963379e-01
9.842523336410522461e-01
9.980871081352233887e-01
9.859315156936645508e-01
6.690466403961181641e-01
9.999003410339355469e-01
9.997493028640747070e-01
9.690311551094055176e-01
7.998216748237609863e-01
9.978320598602294922e-01
9.792426228523254395e-01
8.540267944335937500e-01
6.873249411582946777e-01
9.143051505088806152e-01
9.999423027038574219e-01
9.985855817794799805e-01
9.014427661895751953e-01
9.930106401443481445e-01
6.949228644371032715e-01
9.347463846206665039e-01
9.869645833969116211e-01
9.834774136543273926e-01
9.994240403175354004e-01
2.877683043479919434e-01
9.998015165328979492e-01
5.460634827613830566e-01
8.345007896423339844e-01
9.820998907089233398e-01
6.937263607978820801e-01
9.997121095657348633e-01
6.606613993644714355e-01
6.186654567718505859e-01
5.228462815284729004e-01
6.122841238975524902e-01
9.994742274284362793e-01
6.670715808868408203e-01
9.808163046836853027e-01
9.998309016227722168e-01
9.991204142570495605e-01
1.234525442123413086e-02
9.993196129798889160e-01
5.232769250869750977e-01
9.454517960548400879e-01
9.983048439025878906e-01
9.977499842643737793e-01
8.473437428474426270e-01
9.977551102638244629e-01
9.354357719421386719e-01
9.403017163276672363e-01
9.799699783325195312e-01
9.945111870765686035e-01
6.842147111892700195e-01
9.894588589668273926e-01
8.026092648506164551e-01
9.953039884567260742e-01
9.911958575248718262e-01
7.522153258323669434e-01
9.994810819625854492e-01
9.994834065437316895e-01
8.868091106414794922e-01
9.958762526512145996e-01
9.981384873390197754e-01
9.079372286796569824e-01
4.903161823749542236e-01
9.937569499015808105e-01
9.995596408843994141e-01
9.997254014015197754e-01
4.267504811286926270e-01
9.995277523994445801e-01
7.442991137504577637e-01
7.881871461868286133e-01
4.322898685932159424e-01
9.985829591751098633e-01
8.031216263771057129e-01
9.998041987419128418e-01
9.694464802742004395e-01
9.873928427696228027e-01
9.971564412117004395e-01
8.746431469917297363e-01
9.998994469642639160e-01
9.984416961669921875e-01
9.741559624671936035e-01
9.998520612716674805e-01
9.262380599975585938e-01
6.554837226867675781e-01
9.003766179084777832e-01
9.978639483451843262e-01
9.988328218460083008e-01
9.722207188606262207e-01
6.613619327545166016e-01
7.330089807510375977e-01
5.618953704833984375e-01
9.993824958801269531e-01
4.301889538764953613e-01
7.316976189613342285e-01
6.861560344696044922e-01
9.988176226615905762e-01
9.999006390571594238e-01
9.641016125679016113e-01
4.135692119598388672e-01
9.999540448188781738e-01
9.961993098258972168e-01
9.759215712547302246e-01
9.790490865707397461e-01
9.563884139060974121e-01
9.474695920944213867e-01
7.527345418930053711e-01
7.663165330886840820e-01
9.975389242172241211e-01
9.999008178710937500e-01
9.992029070854187012e-01
9.977899193763732910e-01
9.991717934608459473e-01
7.234485745429992676e-01
9.837786555290222168e-01
9.993399977684020996e-01
5.902254581451416016e-01
6.527354717254638672e-01
6.074419021606445312e-01
9.994356632232666016e-01
9.905365109443664551e-01
6.153610944747924805e-01
9.993489980697631836e-01
8.565652966499328613e-01
9.657507538795471191e-01
9.791059494018554688e-01
9.061434268951416016e-01
9.993448853492736816e-01
9.924855232238769531e-01
9.882861375808715820e-01
9.990338683128356934e-01
8.851515650749206543e-01
9.987426400184631348e-01
7.197514176368713379e-01
9.882205724716186523e-01
9.867744445800781250e-01
6.634783148765563965e-01
9.218778014183044434e-01
8.193032145500183105e-01
8.802472352981567383e-01
9.998496770858764648e-01
6.646703481674194336e-01
9.937081336975097656e-01
9.972950816154479980e-01
5.762931704521179199e-01
8.574382662773132324e-01
6.714813709259033203e-01
9.881390333175659180e-01
9.548787474632263184e-01
9.771470427513122559e-01
9.986676573753356934e-01
3.216041028499603271e-01
9.459352493286132812e-01
4.094464182853698730e-01
9.996481537818908691e-01
7.669723033905029297e-01
9.888101816177368164e-01
9.994633793830871582e-01
6.535270810127258301e-01
6.837100386619567871e-01
5.136921405792236328e-01
9.985836744308471680e-01
9.991596937179565430e-01
9.101827144622802734e-01
9.818794727325439453e-01
9.259493350982666016e-01
3.438633382320404053e-01
9.932823777198791504e-01
9.993272423744201660e-01
9.963514208793640137e-01
5.557051301002502441e-01
9.989982843399047852e-01
9.705780148506164551e-01
9.734489321708679199e-01
5.415117144584655762e-01
5.047721862792968750e-01
9.074108004570007324e-01
9.939959645271301270e-01
8.816322684288024902e-01
9.489381313323974609e-01
9.997860789299011230e-01
7.358646392822265625e-01
9.956682324409484863e-01
9.998954534530639648e-01
9.985252022743225098e-01
9.967477917671203613e-01
5.110427141189575195e-01
9.907988905906677246e-01
7.957713603973388672e-01
5.836272239685058594e-01
6.754120588302612305e-01
9.574198126792907715e-01
7.178614139556884766e-01
9.985361695289611816e-01
9.455693960189819336e-01
9.998508095741271973e-01
9.534518122673034668e-01
9.976192116737365723e-01
9.999047517776489258e-01
9.295147657394409180e-01
9.692617058753967285e-01
5.088552832603454590e-01
9.973141551017761230e-01
9.748892784118652344e-01
9.648683071136474609e-01
9.983050823211669922e-01
9.971659183502197266e-01
9.583593606948852539e-01
9.318431615829467773e-01
9.926668405532836914e-01
9.788454174995422363e-01
9.711045622825622559e-01
9.949248433113098145e-01
9.371756911277770996e-01
9.952643513679504395e-01
9.990064501762390137e-01
9.762437939643859863e-01
6.410365104675292969e-01
4.024201035499572754e-01
4.246111810207366943e-01
4.939870238304138184e-01
9.080085158348083496e-01
8.710530400276184082e-01
7.732197642326354980e-01
9.995384812355041504e-01
9.297934770584106445e-01
9.883069396018981934e-01
9.875236153602600098e-01
9.992082715034484863e-01
9.004023671150207520e-01
9.995110630989074707e-01
9.984108805656433105e-01
8.532087206840515137e-01
9.858660101890563965e-01
9.568443894386291504e-01
9.986091256141662598e-01
8.918004631996154785e-01
9.982292056083679199e-01
9.998933076858520508e-01
9.975613951683044434e-01
9.971666336059570312e-01
9.937269091606140137e-01
9.928454160690307617e-01
9.718678593635559082e-01
6.013007760047912598e-01
8.242877721786499023e-01
5.944724082946777344e-01
9.991039037704467773e-01
9.995487928390502930e-01
5.151676535606384277e-01
9.968080520629882812e-01
9.971638321876525879e-01
9.999060034751892090e-01
9.886642098426818848e-01
9.983186721801757812e-01
9.965388178825378418e-01
9.997399449348449707e-01
7.449281215667724609e-01
9.993056654930114746e-01
9.998395442962646484e-01
5.087468028068542480e-01
9.782460927963256836e-01
5.725609064102172852e-01
9.969125390052795410e-01
7.352417707443237305e-01
9.887578487396240234e-01
9.976242184638977051e-01
9.902952313423156738e-01
6.599225997924804688e-01
5.788450837135314941e-01
9.175727367401123047e-01
9.968287348747253418e-01
9.999481439590454102e-01
4.546385705471038818e-01
6.733207106590270996e-01
9.916145801544189453e-01
9.995052814483642578e-01
9.650819301605224609e-01
7.245827317237854004e-01
6.627655029296875000e-01
7.111435532569885254e-01
9.266777634620666504e-01
9.910161495208740234e-01
9.381443858146667480e-01
9.887420535087585449e-01
6.961089372634887695e-01
9.994652867317199707e-01
6.958608627319335938e-01
6.063181161880493164e-01
6.923013925552368164e-01
6.161656975746154785e-01
8.435088396072387695e-01
9.946318268775939941e-01
6.306391954421997070e-01
9.923592209815979004e-01
9.990800023078918457e-01
7.755823135375976562e-01
7.903530001640319824e-01
5.747046470642089844e-01
6.052963137626647949e-01
9.993237853050231934e-01
9.214299917221069336e-01
8.694155812263488770e-01
9.998388886451721191e-01
7.578918933868408203e-01
9.994025826454162598e-01
8.406050801277160645e-01
7.130910754203796387e-01
9.757437109947204590e-01
5.604703426361083984e-01
7.309904694557189941e-01
9.638863801956176758e-01
8.647086024284362793e-01
9.988569617271423340e-01
9.957224130630493164e-01
5.283340215682983398e-01
9.735843539237976074e-01
8.941585421562194824e-01
9.689183831214904785e-01
9.982279539108276367e-01
9.992130994796752930e-01
8.858091831207275391e-01
4.532515704631805420e-01
9.989135265350341797e-01
7.702845931053161621e-01
7.852389812469482422e-01
5.438227057456970215e-01
4.072021842002868652e-01
9.993322491645812988e-01
9.992001652717590332e-01
9.794933199882507324e-01
9.744182229042053223e-01
9.997764825820922852e-01
5.081291794776916504e-01
6.389279961585998535e-01
9.987084269523620605e-01
9.987515807151794434e-01
9.723554849624633789e-01
6.940773129463195801e-01
8.973805904388427734e-01
8.243634700775146484e-01
6.683214306831359863e-01
9.924962520599365234e-01
9.849107861518859863e-01
6.174998879432678223e-01
5.754125118255615234e-01
9.171983599662780762e-01
9.850956201553344727e-01
9.990162253379821777e-01
7.708139419555664062e-01
1.908449679613113403e-01
9.970127344131469727e-01
5.888592004776000977e-01
6.061294078826904297e-01
9.296530485153198242e-01
8.884422779083251953e-01
9.790526032447814941e-01
7.404759526252746582e-01
9.974516630172729492e-01
9.992969036102294922e-01
9.717817902565002441e-01
9.998403191566467285e-01
9.993543028831481934e-01
7.423373460769653320e-01
9.800232052803039551e-01
8.162546157836914062e-01
6.625595688819885254e-01
9.996425509452819824e-01
9.921054840087890625e-01
9.997752308845520020e-01
6.037015914916992188e-01
7.957527041435241699e-01
6.686066985130310059e-01
7.868012785911560059e-01
2.386635541915893555e-02
7.722413539886474609e-01
9.982527494430541992e-01
6.199802756309509277e-01
9.984099268913269043e-01
9.995133876800537109e-01
8.824979662895202637e-01
5.567293763160705566e-01
9.751173853874206543e-01
9.997222423553466797e-01
9.984396696090698242e-01
9.925385117530822754e-01
9.845872521400451660e-01
9.646530151367187500e-01
4.329794049263000488e-01
9.994348883628845215e-01
8.021482229232788086e-01
9.946497082710266113e-01
9.994197487831115723e-01
9.970147013664245605e-01
8.640940785408020020e-01
5.651201605796813965e-01
8.745198845863342285e-01
5.659277439117431641e-01
7.349200248718261719e-01
9.596129059791564941e-01
9.985346794128417969e-01
9.740573763847351074e-01
9.373114109039306641e-01
9.995177388191223145e-01
9.246907830238342285e-01
9.927256703376770020e-01
9.630457758903503418e-01
8.886287212371826172e-01
9.935558438301086426e-01
7.965244650840759277e-01
2.188968658447265625e-02
4.480594098567962646e-01
9.991522431373596191e-01
9.961364269256591797e-01
9.821991920471191406e-01
9.946470260620117188e-01
9.993023872375488281e-01
5.027424097061157227e-01
9.330435395240783691e-01
9.998731613159179688e-01
4.322368800640106201e-01
9.998707771301269531e-01
9.349104166030883789e-01
9.954945445060729980e-01
9.994425177574157715e-01
8.655648827552795410e-01
9.850662350654602051e-01
9.991857409477233887e-01
5.090246200561523438e-01
9.822540283203125000e-01
5.054183006286621094e-01
9.998875260353088379e-01
8.748484253883361816e-01
8.883314132690429688e-01
9.340519309043884277e-01
9.505719542503356934e-01
9.977266788482666016e-01
8.476681113243103027e-01
9.640583395957946777e-01
9.178711771965026855e-01
9.994444251060485840e-01
9.902652502059936523e-01
5.451135039329528809e-01
8.950262665748596191e-01
9.724763631820678711e-01
9.978437423706054688e-01
8.997007608413696289e-01
9.998703002929687500e-01
9.572989940643310547e-01
9.996708631515502930e-01
6.718997359275817871e-01
9.780046343803405762e-01
9.995423555374145508e-01
9.996677041053771973e-01
9.311521649360656738e-01
9.999181032180786133e-01
3.631283342838287354e-01
9.839147329330444336e-01
7.991194128990173340e-01
9.929977655410766602e-01
9.272089600563049316e-01
8.164387345314025879e-01
9.998664259910583496e-01
8.662006258964538574e-01
9.934445023536682129e-01
9.746333956718444824e-01
9.994031786918640137e-01
7.405540943145751953e-01
8.217657804489135742e-01
6.761723160743713379e-01
9.992396235466003418e-01
9.539022445678710938e-01
5.938293337821960449e-01
9.985258579254150391e-01
9.846568107604980469e-01
8.397890329360961914e-01
9.998967051506042480e-01
7.145149707794189453e-01
7.675518989562988281e-01
9.971076846122741699e-01
9.966707229614257812e-01
9.994441866874694824e-01
7.833997011184692383e-01
9.823000431060791016e-01
3.723942935466766357e-01
8.130181431770324707e-01
9.998586773872375488e-01
9.982440471649169922e-01
9.981235265731811523e-01
9.987471699714660645e-01
9.673478007316589355e-01
9.983814954757690430e-01
9.982892870903015137e-01
9.492895603179931641e-01
8.086459040641784668e-01
6.582853794097900391e-01
8.494331240653991699e-01
9.982960224151611328e-01
9.994156956672668457e-01
9.998677968978881836e-01
9.996459484100341797e-01
9.914824366569519043e-01
3.370479866862297058e-02
9.571568965911865234e-01
4.437994658946990967e-01
9.994165301322937012e-01
9.996767044067382812e-01
9.004676342010498047e-01
9.662508964538574219e-01
7.777243852615356445e-01
7.537842392921447754e-01
9.987102150917053223e-01
9.787535071372985840e-01
5.804024934768676758e-01
9.534544944763183594e-01
9.809100031852722168e-01
9.999015927314758301e-01
9.984942078590393066e-01
9.156696796417236328e-01
9.759231805801391602e-01
9.982997179031372070e-01
9.941635727882385254e-01
9.150875210762023926e-01
9.925740361213684082e-01
4.531948566436767578e-01
5.573409199714660645e-01
9.145039319992065430e-01
9.787874221801757812e-01
9.987539052963256836e-01
9.995330572128295898e-01
9.985764026641845703e-01
9.992612004280090332e-01
9.794675707817077637e-01
6.186330914497375488e-01
5.071274042129516602e-01
9.053879380226135254e-01
9.959924817085266113e-01
9.975407719612121582e-01
7.880156636238098145e-01
9.988376498222351074e-01
9.982189536094665527e-01
8.050991296768188477e-01
9.998387694358825684e-01
7.827183008193969727e-01
9.962241649627685547e-01
9.528324007987976074e-01
4.716640412807464600e-01
5.147544741630554199e-01
4.080089926719665527e-01
9.383038878440856934e-01
6.992335915565490723e-01
9.568824172019958496e-01
9.995558857917785645e-01
9.967656135559082031e-01
9.998030662536621094e-01
9.991902112960815430e-01
8.470289111137390137e-01
9.744271039962768555e-01
9.897876381874084473e-01
8.904240727424621582e-01
9.996890425682067871e-01
5.911747813224792480e-01
9.994524121284484863e-01
9.243261814117431641e-01
8.100931048393249512e-01
9.853600263595581055e-01
4.680689275264739990e-01
9.893875718116760254e-01
9.997681975364685059e-01
9.614040851593017578e-01
5.126479864120483398e-01
5.142013430595397949e-01
9.788014888763427734e-01
9.954069256782531738e-01
9.986269474029541016e-01
8.133880496025085449e-01
9.771899580955505371e-01
9.985390901565551758e-01
9.960534572601318359e-01
9.100009799003601074e-01
9.738500714302062988e-01
4.908509850502014160e-01
9.549401402473449707e-01
8.702346682548522949e-01
5.815985798835754395e-01
9.999091029167175293e-01
9.999028444290161133e-01
9.876754283905029297e-01
9.976360201835632324e-01
9.601408243179321289e-01
9.215219616889953613e-01
9.996636509895324707e-01
9.951278567314147949e-01
9.987685084342956543e-01
9.801533222198486328e-01
8.050233125686645508e-01
7.987712025642395020e-01
9.929686188697814941e-01
9.898384809494018555e-01
9.861541986465454102e-01
9.991312623023986816e-01
6.097857356071472168e-01
9.988308548927307129e-01
7.764366865158081055e-01
9.972699284553527832e-01
9.375579357147216797e-01
9.974437952041625977e-01
6.799859404563903809e-01
9.935565590858459473e-01
9.930051565170288086e-01
9.071398377418518066e-01
9.974058270454406738e-01
6.426157355308532715e-01
9.846997261047363281e-01
9.435574412345886230e-01
7.090219855308532715e-01
9.848512411117553711e-01
9.980068802833557129e-01
9.991027116775512695e-01
8.582550883293151855e-01
8.155308961868286133e-01
9.641483426094055176e-01
8.858622908592224121e-01
9.369024038314819336e-01
8.494260311126708984e-01
9.938983917236328125e-01
9.407682418823242188e-01
9.785252809524536133e-01
8.278563618659973145e-01
5.113312602043151855e-01
9.997362494468688965e-01
9.970483779907226562e-01
9.981530904769897461e-01
9.987497925758361816e-01
9.982375502586364746e-01
9.973605275154113770e-01
9.988701939582824707e-01
9.991997480392456055e-01
9.379904270172119141e-01
5.789666771888732910e-01
9.833151102066040039e-01
7.211573719978332520e-01
9.300749897956848145e-01
6.122410297393798828e-01
9.994649887084960938e-01
6.844041943550109863e-01
9.345573782920837402e-01
9.978487491607666016e-01
9.790281653404235840e-01
6.133581995964050293e-01
4.922556281089782715e-01
9.987252354621887207e-01
9.706084728240966797e-01
7.788264155387878418e-01
9.968872666358947754e-01
8.672757744789123535e-01
9.900758266448974609e-01
9.996160268783569336e-01
5.518329739570617676e-01
5.681999921798706055e-01
9.916039705276489258e-01
7.746123671531677246e-01
9.995486736297607422e-01
5.488718152046203613e-01
6.721804738044738770e-01
9.913271665573120117e-01
9.097999334335327148e-01
3.747656345367431641e-01
9.147336483001708984e-01
9.970231652259826660e-01
5.247217416763305664e-01
5.768486261367797852e-01
8.039608001708984375e-01
9.565712213516235352e-01
9.423765540122985840e-01
9.996526241302490234e-01
9.983015656471252441e-01
9.736053347587585449e-01
9.681294560432434082e-01
9.988120198249816895e-01
8.027713894844055176e-01
9.372467994689941406e-01
9.989178776741027832e-01
9.965125918388366699e-01
8.782660365104675293e-01
5.955505967140197754e-01
9.994682073593139648e-01
9.996512532234191895e-01
9.383083581924438477e-01
5.903871655464172363e-01
4.457200169563293457e-01
7.227380275726318359e-01
9.032015800476074219e-01
7.374653816223144531e-01
9.938669800758361816e-01
9.905073046684265137e-01
5.904285311698913574e-01
8.311411738395690918e-01
9.925296306610107422e-01
8.760914206504821777e-01
9.992588162422180176e-01
5.159538984298706055e-01
8.758108615875244141e-01
4.448971450328826904e-01
9.143732786178588867e-01
9.980940222740173340e-01
9.954347610473632812e-01
9.990864396095275879e-01
9.992548823356628418e-01
9.898942112922668457e-01
9.978381991386413574e-01
6.970175504684448242e-01
9.996767044067382812e-01
8.403245210647583008e-01
9.994226098060607910e-01
9.974604845046997070e-01
5.998905897140502930e-01
9.811726212501525879e-01
6.369011402130126953e-01
7.288818955421447754e-01
9.842506647109985352e-01
9.987589120864868164e-01
9.536200761795043945e-01
9.996755123138427734e-01
9.910212159156799316e-01
3.675042688846588135e-01
3.526375293731689453e-01
9.542529582977294922e-01
7.953122854232788086e-01
6.886660456657409668e-01
9.998316764831542969e-01
8.523052930831909180e-01
8.861672282218933105e-01
5.966752767562866211e-01
7.085385322570800781e-01
9.814645648002624512e-01
8.445793986320495605e-01
9.996863603591918945e-01
9.889386296272277832e-01
8.127492070198059082e-01
9.986969828605651855e-01
6.787232160568237305e-01
9.996068477630615234e-01
4.615029990673065186e-01
6.627544760704040527e-01
4.848055839538574219e-01
4.450158178806304932e-01
9.767668247222900391e-01
6.883642673492431641e-01
9.820091128349304199e-01
9.788183569908142090e-01
8.502677679061889648e-01
9.998677372932434082e-01
7.860401868820190430e-01
4.040977954864501953e-01
9.688647985458374023e-01
9.998387694358825684e-01
9.888454079627990723e-01
8.451797366142272949e-01
8.688551187515258789e-01
7.449479699134826660e-01
9.994866847991943359e-01
9.972167611122131348e-01
6.727223396301269531e-01
9.940499663352966309e-01
8.386657834053039551e-01
9.753506779670715332e-01
9.938333630561828613e-01
7.986196875572204590e-01
7.482244968414306641e-01
8.334633708000183105e-01
9.983738064765930176e-01
7.661190032958984375e-01
7.497103810310363770e-01
5.069190859794616699e-01
9.954822659492492676e-01
9.993096590042114258e-01
9.773597717285156250e-01
4.874531626701354980e-01
9.983889460563659668e-01
9.930766820907592773e-01
6.302195191383361816e-01
5.853524804115295410e-01
7.450546026229858398e-01
9.998371601104736328e-01
9.882530570030212402e-01
9.870171546936035156e-01
4.697197079658508301e-01
9.502497911453247070e-01
8.594652414321899414e-01
9.703857898712158203e-01
9.738693833351135254e-01
9.040769338607788086e-01
9.583784937858581543e-01
9.476064443588256836e-01
5.830212831497192383e-01
7.930312156677246094e-01
9.716194868087768555e-01
9.273237586021423340e-01
6.391524076461791992e-01
8.109662532806396484e-01
5.012515187263488770e-01
9.354969263076782227e-01
9.968401789665222168e-01
7.055567502975463867e-01
5.542996525764465332e-01
8.041897416114807129e-01
5.125860571861267090e-01
9.208069443702697754e-01
9.029232263565063477e-01
9.974765777587890625e-01
5.741297602653503418e-01
8.879317641258239746e-01
6.905511021614074707e-01
8.930421471595764160e-01
3.636994659900665283e-01
7.902343869209289551e-01
8.605668544769287109e-01
5.982612371444702148e-01
9.997763037681579590e-01
8.033057451248168945e-01
9.212366938591003418e-01
8.328468203544616699e-01
9.998524785041809082e-01
6.605232357978820801e-01
6.214630007743835449e-01
9.905028939247131348e-01
8.797806501388549805e-01
8.591680526733398438e-01
6.221671104431152344e-01
8.966048359870910645e-01
6.453116536140441895e-01
9.955417513847351074e-01
8.320561051368713379e-01
9.974546432495117188e-01
9.737299680709838867e-01
6.832897067070007324e-01
9.575933218002319336e-01
9.987574219703674316e-01
4.052601456642150879e-01
7.229194641113281250e-01
9.722620248794555664e-01
6.444857716560363770e-01
9.999296069145202637e-01
8.702138066291809082e-01
9.986202120780944824e-01
9.976202845573425293e-01
9.053220748901367188e-01
8.653250932693481445e-01
9.945800900459289551e-01
5.728635787963867188e-01
2.785855531692504883e-02
9.983973503112792969e-01
9.994308948516845703e-01
9.806352257728576660e-01
9.997904300689697266e-01
4.683563709259033203e-01
9.969782233238220215e-01
9.540031552314758301e-01
9.453414678573608398e-01
9.929382801055908203e-01
9.988151788711547852e-01
9.785544872283935547e-01
6.882742047309875488e-02
5.969637036323547363e-01
9.785161018371582031e-01
7.970038652420043945e-01
9.980612397193908691e-01
9.987692832946777344e-01
7.344138622283935547e-01
7.970489859580993652e-01
