9.977241158485412598e-01
9.968792796134948730e-01
9.532802104949951172e-01
9.726617336273193359e-01
9.996184706687927246e-01
9.999567866325378418e-01
9.998149275779724121e-01
9.923947453498840332e-01
9.999831318855285645e-01
9.936159849166870117e-01
9.992706179618835449e-01
9.945806264877319336e-01
9.990847110748291016e-01
9.980366826057434082e-01
9.998878240585327148e-01
9.994558691978454590e-01
9.979053139686584473e-01
9.986852407455444336e-01
9.993646144866943359e-01
9.977964758872985840e-01
9.982668757438659668e-01
9.981282949447631836e-01
9.753804206848144531e-01
9.980650544166564941e-01
9.996878504753112793e-01
9.804223775863647461e-01
9.984495043754577637e-01
9.983128905296325684e-01
9.999385476112365723e-01
9.999898672103881836e-01
9.999005198478698730e-01
9.954664707183837891e-01
9.718733429908752441e-01
9.999027252197265625e-01
9.874081611633300781e-01
9.948832988739013672e-01
9.910253286361694336e-01
9.992336034774780273e-01
9.893123507499694824e-01
9.946243166923522949e-01
9.880560636520385742e-01
9.954580664634704590e-01
9.998014569282531738e-01
9.955868721008300781e-01
9.994215965270996094e-01
9.953824877738952637e-01
9.932616353034973145e-01
9.995325803756713867e-01
9.999742507934570312e-01
9.893941283226013184e-01
9.988523721694946289e-01
9.999771714210510254e-01
9.968383908271789551e-01
9.997309446334838867e-01
9.998738765716552734e-01
9.939085245132446289e-01
9.953657984733581543e-01
9.998877048492431641e-01
9.993835091590881348e-01
9.935917258262634277e-01
9.924067258834838867e-01
9.883836507797241211e-01
9.990521669387817383e-01
9.937955141067504883e-01
9.051375985145568848e-01
9.957094788551330566e-01
9.988875389099121094e-01
9.987774491310119629e-01
9.989503622055053711e-01
9.969618320465087891e-01
9.838250279426574707e-01
9.964191317558288574e-01
9.998995661735534668e-01
9.993681311607360840e-01
9.966574907302856445e-01
9.930126667022705078e-01
9.981556534767150879e-01
9.979212284088134766e-01
9.975863099098205566e-01
9.940408468246459961e-01
9.995322823524475098e-01
9.970881938934326172e-01
9.930816292762756348e-01
9.746444225311279297e-01
9.998718500137329102e-01
9.914281368255615234e-01
9.998760819435119629e-01
9.965923428535461426e-01
9.990445375442504883e-01
9.971914887428283691e-01
9.971740245819091797e-01
9.998961091041564941e-01
9.993329644203186035e-01
9.999018311500549316e-01
9.991828799247741699e-01
9.929032325744628906e-01
9.991939067840576172e-01
9.999342560768127441e-01
9.970322251319885254e-01
9.936399459838867188e-01
9.987546801567077637e-01
9.966271519660949707e-01
9.934647679328918457e-01
9.994401335716247559e-01
9.952449798583984375e-01
9.997171163558959961e-01
9.821890592575073242e-01
9.937912821769714355e-01
9.997809529304504395e-01
9.992632269859313965e-01
9.695765376091003418e-01
9.994640946388244629e-01
9.935900568962097168e-01
9.994068145751953125e-01
9.962434172630310059e-01
9.519490599632263184e-01
9.972661137580871582e-01
9.943159222602844238e-01
9.998999238014221191e-01
9.945369362831115723e-01
9.943333268165588379e-01
9.938499331474304199e-01
9.983850717544555664e-01
9.989731907844543457e-01
9.951179027557373047e-01
9.983614683151245117e-01
9.957575201988220215e-01
9.994794726371765137e-01
9.864493608474731445e-01
9.990764260292053223e-01
9.952152967453002930e-01
9.873638749122619629e-01
9.841862916946411133e-01
9.936855435371398926e-01
9.965277314186096191e-01
9.974722862243652344e-01
9.884675741195678711e-01
9.999449253082275391e-01
9.992566108703613281e-01
9.995853304862976074e-01
9.959351420402526855e-01
9.982467889785766602e-01
9.970077276229858398e-01
9.987280368804931641e-01
9.970963597297668457e-01
9.983820915222167969e-01
9.943138957023620605e-01
9.997306466102600098e-01
9.891553521156311035e-01
9.989519119262695312e-01
9.942312240600585938e-01
9.957907199859619141e-01
9.970999360084533691e-01
9.984566569328308105e-01
9.996188282966613770e-01
9.951106309890747070e-01
9.905046224594116211e-01
9.998458623886108398e-01
9.986255168914794922e-01
9.995750188827514648e-01
9.998223781585693359e-01
9.907286763191223145e-01
9.957051873207092285e-01
9.983661770820617676e-01
9.973508119583129883e-01
9.988312721252441406e-01
9.948353767395019531e-01
9.916784167289733887e-01
9.997769594192504883e-01
9.979503154754638672e-01
9.994000792503356934e-01
9.994433522224426270e-01
9.988804459571838379e-01
9.990466833114624023e-01
9.976442456245422363e-01
9.966843128204345703e-01
9.974338412284851074e-01
9.955501556396484375e-01
9.926857948303222656e-01
9.965871572494506836e-01
9.999752640724182129e-01
9.994402527809143066e-01
9.963053464889526367e-01
9.978802800178527832e-01
9.994801282882690430e-01
9.959201812744140625e-01
9.994261860847473145e-01
9.965741038322448730e-01
9.877208471298217773e-01
9.987669587135314941e-01
9.945515990257263184e-01
9.862862825393676758e-01
9.948370456695556641e-01
9.998469948768615723e-01
9.987975358963012695e-01
9.964497685432434082e-01
9.999004006385803223e-01
9.969136118888854980e-01
9.981966614723205566e-01
9.970937371253967285e-01
9.998978376388549805e-01
9.996951222419738770e-01
9.975977540016174316e-01
9.990260601043701172e-01
9.860687851905822754e-01
9.994869232177734375e-01
9.987266659736633301e-01
9.857951998710632324e-01
9.770808815956115723e-01
9.922853112220764160e-01
9.938005208969116211e-01
9.998950362205505371e-01
9.997739791870117188e-01
9.883075952529907227e-01
9.951181411743164062e-01
9.979131221771240234e-01
9.995450377464294434e-01
9.911885261535644531e-01
9.867717027664184570e-01
9.999498128890991211e-01
9.935187697410583496e-01
9.967029094696044922e-01
9.976308941841125488e-01
9.955546855926513672e-01
9.960838556289672852e-01
9.903495311737060547e-01
9.947060346603393555e-01
9.991205930709838867e-01
9.993497729301452637e-01
9.988318681716918945e-01
9.985098838806152344e-01
9.983080625534057617e-01
9.989594817161560059e-01
9.961275458335876465e-01
9.994277954101562500e-01
9.896867871284484863e-01
9.973233938217163086e-01
9.995788931846618652e-01
9.988476037979125977e-01
9.979974031448364258e-01
9.999346733093261719e-01
9.819011688232421875e-01
9.977441430091857910e-01
9.992062449455261230e-01
9.996507763862609863e-01
9.981215596199035645e-01
9.966039061546325684e-01
9.996223449707031250e-01
9.994937777519226074e-01
9.987533688545227051e-01
9.762018918991088867e-01
9.969235062599182129e-01
9.936143755912780762e-01
9.945846796035766602e-01
9.996207952499389648e-01
9.936993718147277832e-01
9.998743534088134766e-01
9.994615316390991211e-01
9.925485253334045410e-01
9.994527697563171387e-01
9.986718297004699707e-01
9.985257983207702637e-01
8.851313591003417969e-01
9.987276196479797363e-01
9.986892342567443848e-01
9.929302334785461426e-01
9.982244372367858887e-01
9.958260655403137207e-01
9.874710440635681152e-01
9.874873757362365723e-01
9.984375238418579102e-01
9.989848136901855469e-01
9.995287060737609863e-01
9.968923330307006836e-01
9.972894191741943359e-01
9.644750356674194336e-01
9.982350468635559082e-01
9.985722899436950684e-01
9.962533116340637207e-01
9.972175359725952148e-01
9.930898547172546387e-01
9.950214624404907227e-01
9.964634776115417480e-01
9.996920228004455566e-01
9.951008558273315430e-01
9.929968714714050293e-01
9.977383017539978027e-01
9.965282082557678223e-01
9.896015524864196777e-01
9.943463802337646484e-01
9.998073577880859375e-01
9.987044930458068848e-01
9.984899759292602539e-01
9.998496174812316895e-01
9.998175501823425293e-01
9.689580798149108887e-01
9.681280851364135742e-01
9.975689053535461426e-01
9.983330368995666504e-01
9.853648543357849121e-01
9.985027909278869629e-01
9.996871352195739746e-01
9.857234954833984375e-01
9.896380901336669922e-01
9.987392425537109375e-01
9.953856468200683594e-01
9.993784427642822266e-01
9.996880888938903809e-01
9.947490096092224121e-01
9.976160526275634766e-01
9.990842342376708984e-01
9.988995194435119629e-01
9.993623495101928711e-01
9.975073933601379395e-01
9.964126944541931152e-01
9.938865303993225098e-01
9.948709011077880859e-01
9.991168379783630371e-01
9.988414645195007324e-01
9.883680939674377441e-01
9.772036075592041016e-01
9.956992864608764648e-01
9.995518922805786133e-01
9.981202483177185059e-01
9.865821599960327148e-01
9.995673894882202148e-01
9.881471991539001465e-01
9.990319013595581055e-01
9.972286820411682129e-01
9.845492243766784668e-01
9.834524989128112793e-01
9.998967647552490234e-01
9.975060820579528809e-01
9.869137406349182129e-01
9.989952445030212402e-01
9.999093413352966309e-01
9.875590801239013672e-01
9.906833171844482422e-01
9.832992553710937500e-01
9.985345602035522461e-01
9.992636442184448242e-01
9.999092817306518555e-01
9.988974928855895996e-01
9.725031256675720215e-01
9.998186826705932617e-01
9.978393316268920898e-01
9.993295073509216309e-01
9.976944923400878906e-01
9.989351630210876465e-01
9.963991045951843262e-01
9.973384737968444824e-01
9.990877509117126465e-01
9.994018077850341797e-01
9.884574413299560547e-01
9.824821949005126953e-01
9.949805140495300293e-01
9.982000589370727539e-01
9.994367361068725586e-01
9.899297356605529785e-01
9.994793534278869629e-01
9.775058031082153320e-01
9.947931766510009766e-01
9.997909665107727051e-01
9.925395250320434570e-01
9.902683496475219727e-01
9.912019371986389160e-01
9.971575736999511719e-01
9.992133378982543945e-01
9.999771714210510254e-01
9.949106574058532715e-01
9.988715648651123047e-01
9.999610185623168945e-01
9.937847852706909180e-01
9.936748147010803223e-01
9.996867179870605469e-01
9.997656345367431641e-01
9.976646900177001953e-01
9.997389912605285645e-01
9.985559582710266113e-01
9.970357418060302734e-01
9.851291775703430176e-01
9.992014169692993164e-01
9.974538683891296387e-01
9.939180016517639160e-01
9.951832890510559082e-01
9.980912208557128906e-01
9.989368319511413574e-01
9.983667731285095215e-01
9.885486960411071777e-01
9.951975941658020020e-01
9.954504370689392090e-01
9.986222982406616211e-01
9.955606460571289062e-01
9.964156150817871094e-01
9.975569844245910645e-01
9.846284389495849609e-01
9.969084262847900391e-01
9.958761930465698242e-01
9.900970458984375000e-01
9.981684088706970215e-01
9.800179004669189453e-01
9.915708303451538086e-01
9.732787013053894043e-01
9.974738359451293945e-01
9.857951998710632324e-01
9.989024996757507324e-01
9.924250841140747070e-01
9.997894763946533203e-01
9.952121376991271973e-01
9.958691000938415527e-01
9.947616457939147949e-01
9.947808384895324707e-01
9.998914599418640137e-01
9.854150414466857910e-01
9.991996288299560547e-01
9.999078512191772461e-01
9.931742548942565918e-01
9.995057582855224609e-01
9.982448220252990723e-01
9.984991550445556641e-01
9.948136210441589355e-01
9.979123473167419434e-01
9.936807751655578613e-01
9.983697533607482910e-01
9.973449707031250000e-01
9.950639009475708008e-01
9.981126189231872559e-01
9.999110102653503418e-01
9.958600401878356934e-01
9.924043416976928711e-01
9.963676929473876953e-01
9.976282715797424316e-01
9.992336630821228027e-01
9.999992251396179199e-01
9.955064654350280762e-01
9.309025406837463379e-01
9.982789158821105957e-01
9.952008128166198730e-01
9.967723488807678223e-01
9.944065213203430176e-01
9.967524409294128418e-01
9.973983764648437500e-01
9.986252188682556152e-01
9.909844994544982910e-01
9.974104166030883789e-01
9.925147294998168945e-01
9.989200234413146973e-01
9.976477026939392090e-01
9.960181117057800293e-01
9.976637363433837891e-01
9.907543063163757324e-01
9.921260476112365723e-01
9.947406649589538574e-01
9.789804220199584961e-01
9.931558370590209961e-01
9.961396455764770508e-01
9.911544919013977051e-01
9.783090949058532715e-01
9.938235878944396973e-01
9.905180335044860840e-01
9.992223381996154785e-01
9.990060925483703613e-01
9.975076913833618164e-01
9.984951615333557129e-01
9.947769641876220703e-01
9.986268281936645508e-01
9.902905821800231934e-01
9.953760504722595215e-01
9.693369865417480469e-01
9.979941844940185547e-01
9.999567866325378418e-01
9.991370439529418945e-01
9.995695948600769043e-01
9.944151043891906738e-01
9.941791296005249023e-01
9.622351527214050293e-01
9.984274506568908691e-01
9.958985447883605957e-01
9.997809529304504395e-01
9.995864033699035645e-01
9.974220991134643555e-01
9.588569402694702148e-01
9.985896348953247070e-01
9.766368865966796875e-01
9.957605600357055664e-01
9.982097744941711426e-01
9.973083138465881348e-01
9.989037513732910156e-01
9.972791671752929688e-01
9.866542816162109375e-01
9.963607192039489746e-01
9.991118907928466797e-01
9.952703118324279785e-01
9.981102943420410156e-01
9.979141354560852051e-01
9.909493327140808105e-01
9.931114315986633301e-01
9.911573529243469238e-01
9.873808622360229492e-01
9.957792162895202637e-01
9.976258873939514160e-01
9.953905940055847168e-01
9.964138865470886230e-01
9.697115421295166016e-01
9.997385144233703613e-01
9.979409575462341309e-01
9.985246658325195312e-01
9.996994137763977051e-01
9.994523525238037109e-01
9.981772303581237793e-01
9.975237250328063965e-01
9.980121254920959473e-01
9.983328580856323242e-01
9.948676824569702148e-01
9.965915083885192871e-01
9.998111128807067871e-01
9.999082088470458984e-01
9.857761859893798828e-01
9.891936182975769043e-01
9.902956485748291016e-01
9.916375875473022461e-01
9.924506545066833496e-01
9.965106248855590820e-01
9.714801907539367676e-01
9.988325238227844238e-01
9.972481131553649902e-01
9.970292448997497559e-01
9.824767708778381348e-01
9.998484253883361816e-01
9.991080164909362793e-01
9.927754998207092285e-01
9.989152550697326660e-01
9.942029118537902832e-01
9.983414411544799805e-01
9.952105879783630371e-01
9.968810081481933594e-01
9.964781403541564941e-01
9.998553991317749023e-01
9.990404248237609863e-01
9.989876151084899902e-01
9.991848468780517578e-01
9.982302784919738770e-01
9.932623505592346191e-01
9.939169883728027344e-01
9.975704550743103027e-01
9.943364858627319336e-01
9.948413372039794922e-01
9.993320703506469727e-01
9.805065393447875977e-01
9.979785680770874023e-01
9.996544718742370605e-01
9.674417972564697266e-01
9.976125359535217285e-01
9.915876984596252441e-01
9.960153698921203613e-01
9.981735348701477051e-01
9.823112487792968750e-01
9.902418851852416992e-01
9.997808337211608887e-01
9.958181977272033691e-01
9.994673132896423340e-01
9.997301101684570312e-01
9.969526529312133789e-01
9.992632865905761719e-01
9.968104362487792969e-01
9.999906420707702637e-01
9.986758232116699219e-01
9.992913603782653809e-01
9.966143965721130371e-01
9.992182850837707520e-01
9.996911287307739258e-01
9.991433024406433105e-01
9.990398287773132324e-01
9.958384633064270020e-01
9.897128939628601074e-01
9.896168112754821777e-01
9.371424913406372070e-01
9.996523857116699219e-01
9.996673464775085449e-01
9.980055093765258789e-01
9.988857507705688477e-01
9.993903636932373047e-01
9.967714548110961914e-01
9.976944327354431152e-01
9.983028173446655273e-01
9.963830709457397461e-01
9.988785982131958008e-01
9.987260699272155762e-01
9.960124492645263672e-01
9.847440719604492188e-01
9.998220205307006836e-01
9.964783787727355957e-01
9.952927231788635254e-01
9.956614375114440918e-01
9.951169490814208984e-01
9.907734990119934082e-01
9.973692893981933594e-01
9.894898533821105957e-01
9.936543107032775879e-01
9.987823367118835449e-01
9.949499368667602539e-01
9.997359514236450195e-01
9.982036352157592773e-01
9.962261915206909180e-01
9.944601655006408691e-01
9.977253675460815430e-01
9.997424483299255371e-01
9.961978793144226074e-01
9.876464605331420898e-01
9.977131485939025879e-01
9.707491993904113770e-01
9.996585845947265625e-01
9.918933510780334473e-01
9.712347984313964844e-01
9.834117889404296875e-01
9.986801743507385254e-01
9.980304241180419922e-01
9.564552903175354004e-01
9.998250603675842285e-01
9.988816380500793457e-01
9.986999630928039551e-01
9.990982413291931152e-01
9.976276159286499023e-01
9.994568824768066406e-01
9.973332285881042480e-01
9.863726496696472168e-01
9.985364079475402832e-01
9.999251961708068848e-01
9.987193346023559570e-01
9.965288043022155762e-01
9.997168779373168945e-01
9.995654225349426270e-01
9.923648834228515625e-01
9.972196817398071289e-01
9.996826648712158203e-01
9.972105622291564941e-01
9.897822737693786621e-01
9.976352453231811523e-01
9.995154142379760742e-01
9.944834709167480469e-01
8.555443882942199707e-01
9.970396757125854492e-01
9.993757009506225586e-01
9.844090938568115234e-01
9.984545111656188965e-01
9.982461929321289062e-01
9.839310050010681152e-01
9.998747706413269043e-01
9.901909828186035156e-01
9.951861500740051270e-01
9.999969601631164551e-01
9.981551766395568848e-01
9.996470212936401367e-01
9.991114735603332520e-01
9.887014627456665039e-01
9.998661279678344727e-01
9.988611340522766113e-01
9.944964051246643066e-01
9.987398982048034668e-01
9.981956481933593750e-01
9.986705183982849121e-01
9.893673062324523926e-01
9.961172938346862793e-01
9.957163333892822266e-01
9.976055026054382324e-01
9.996985197067260742e-01
9.964816570281982422e-01
9.962586760520935059e-01
9.974905848503112793e-01
9.993088245391845703e-01
9.909610152244567871e-01
9.853064417839050293e-01
9.803796410560607910e-01
9.809462428092956543e-01
9.996043443679809570e-01
9.977256655693054199e-01
9.985794425010681152e-01
9.997111558914184570e-01
9.981632232666015625e-01
9.999195933341979980e-01
9.997259378433227539e-01
9.978981018066406250e-01
9.967451691627502441e-01
9.992071390151977539e-01
9.916037321090698242e-01
9.989196062088012695e-01
9.994954466819763184e-01
9.990048408508300781e-01
9.919465780258178711e-01
9.955477714538574219e-01
9.965755939483642578e-01
9.992008805274963379e-01
9.998703598976135254e-01
9.949921965599060059e-01
9.999186396598815918e-01
9.971066117286682129e-01
9.993156790733337402e-01
9.988952279090881348e-01
9.999887347221374512e-01
9.981756806373596191e-01
9.990360140800476074e-01
9.959022998809814453e-01
9.923791289329528809e-01
9.957316517829895020e-01
9.986470341682434082e-01
9.962784051895141602e-01
9.981969594955444336e-01
9.985021352767944336e-01
9.981333017349243164e-01
9.987303018569946289e-01
9.971448183059692383e-01
9.836762547492980957e-01
9.980432391166687012e-01
9.897196888923645020e-01
9.970232248306274414e-01
9.916791319847106934e-01
9.952412247657775879e-01
9.985322952270507812e-01
9.976805448532104492e-01
9.994262456893920898e-01
9.915133714675903320e-01
9.925514459609985352e-01
9.925637841224670410e-01
9.992067217826843262e-01
9.962183833122253418e-01
9.994566440582275391e-01
9.904679656028747559e-01
9.993200898170471191e-01
9.976015090942382812e-01
9.992516040802001953e-01
9.997577071189880371e-01
9.875477552413940430e-01
9.924420118331909180e-01
9.916580915451049805e-01
9.984369277954101562e-01
9.983186721801757812e-01
9.842126369476318359e-01
9.886086583137512207e-01
9.977673888206481934e-01
9.942225217819213867e-01
9.999445676803588867e-01
9.905059337615966797e-01
9.964000582695007324e-01
9.680970907211303711e-01
9.989967942237854004e-01
9.972720742225646973e-01
9.943337440490722656e-01
9.997231364250183105e-01
9.865770339965820312e-01
9.998488426208496094e-01
9.994814395904541016e-01
9.997742176055908203e-01
9.785488247871398926e-01
9.867695569992065430e-01
9.980181455612182617e-01
9.763395190238952637e-01
9.989152550697326660e-01
9.943103790283203125e-01
9.988691210746765137e-01
9.997332692146301270e-01
9.997429847717285156e-01
9.940065741539001465e-01
9.999819993972778320e-01
9.994683861732482910e-01
9.992761611938476562e-01
9.879106879234313965e-01
9.999038577079772949e-01
9.603899717330932617e-01
9.960250854492187500e-01
9.985011816024780273e-01
9.963851571083068848e-01
9.986733198165893555e-01
9.988254308700561523e-01
9.892002344131469727e-01
9.988956451416015625e-01
9.967752099037170410e-01
9.997894763946533203e-01
9.638875722885131836e-01
9.917136430740356445e-01
9.921830296516418457e-01
9.999100565910339355e-01
9.999479651451110840e-01
9.970473647117614746e-01
9.904991984367370605e-01
9.831170439720153809e-01
9.973759651184082031e-01
9.988369345664978027e-01
9.998556375503540039e-01
9.997356534004211426e-01
9.989036917686462402e-01
9.993875026702880859e-01
9.995927214622497559e-01
7.946543097496032715e-01
9.913844466209411621e-01
9.970793724060058594e-01
9.996162652969360352e-01
9.777860641479492188e-01
9.991135001182556152e-01
9.960567951202392578e-01
9.872550368309020996e-01
9.883944392204284668e-01
9.993679523468017578e-01
9.861907362937927246e-01
9.998642206192016602e-01
9.997572898864746094e-01
9.792215228080749512e-01
9.926229715347290039e-01
9.906054139137268066e-01
9.990974068641662598e-01
9.959533214569091797e-01
9.933190941810607910e-01
9.984224438667297363e-01
9.972267150878906250e-01
9.995287060737609863e-01
9.815246462821960449e-01
9.995515942573547363e-01
9.984892606735229492e-01
9.985283613204956055e-01
9.978364109992980957e-01
9.995922446250915527e-01
9.999724626541137695e-01
9.942585229873657227e-01
9.902098774909973145e-01
9.893537759780883789e-01
9.965798258781433105e-01
9.687186479568481445e-01
9.955227971076965332e-01
9.989147186279296875e-01
9.938185811042785645e-01
9.985213875770568848e-01
9.915909171104431152e-01
9.990969300270080566e-01
9.887628555297851562e-01
9.963403344154357910e-01
9.557042121887207031e-01
9.993668198585510254e-01
9.904886484146118164e-01
9.992058873176574707e-01
9.999962449073791504e-01
9.990866184234619141e-01
9.982655644416809082e-01
9.999924898147583008e-01
9.981050491333007812e-01
9.938728809356689453e-01
9.895395040512084961e-01
9.960686564445495605e-01
9.995039701461791992e-01
9.968884587287902832e-01
9.974130392074584961e-01
9.942892789840698242e-01
9.951130747795104980e-01
9.963098168373107910e-01
9.941287040710449219e-01
9.996796846389770508e-01
9.987454414367675781e-01
9.979904294013977051e-01
9.983386397361755371e-01
9.997755885124206543e-01
9.946965575218200684e-01
9.966554045677185059e-01
9.955687522888183594e-01
9.952132105827331543e-01
9.989143610000610352e-01
9.974937438964843750e-01
9.836713075637817383e-01
9.883254766464233398e-01
9.984354376792907715e-01
9.942416548728942871e-01
9.964791536331176758e-01
9.945740103721618652e-01
9.994728565216064453e-01
9.945099353790283203e-01
9.990198016166687012e-01
9.997293353080749512e-01
9.924488067626953125e-01
9.888245463371276855e-01
9.981154799461364746e-01
9.991391301155090332e-01
9.992181062698364258e-01
9.928742647171020508e-01
9.992585778236389160e-01
9.999319911003112793e-01
9.876255393028259277e-01
9.972956776618957520e-01
9.960758090019226074e-01
9.931341409683227539e-01
9.995946288108825684e-01
9.982389807701110840e-01
9.997916817665100098e-01
9.905193448066711426e-01
9.932805299758911133e-01
9.903353452682495117e-01
9.999037981033325195e-01
9.828987121582031250e-01
9.920435547828674316e-01
9.969129562377929688e-01
9.982734918594360352e-01
9.886159300804138184e-01
9.980264902114868164e-01
9.961197972297668457e-01
9.905347228050231934e-01
9.976820945739746094e-01
9.881076216697692871e-01
9.959550499916076660e-01
9.851903915405273438e-01
9.999992251396179199e-01
9.992582201957702637e-01
9.468141794204711914e-01
9.993893504142761230e-01
9.934126138687133789e-01
9.836944937705993652e-01
9.996920228004455566e-01
9.963404536247253418e-01
9.777616262435913086e-01
9.840877056121826172e-01
9.910871982574462891e-01
9.994977712631225586e-01
9.949618577957153320e-01
9.973740577697753906e-01
9.999325871467590332e-01
9.996314644813537598e-01
9.951370954513549805e-01
9.995638728141784668e-01
9.982127547264099121e-01
9.997482299804687500e-01
9.980552196502685547e-01
9.984188079833984375e-01
9.946410059928894043e-01
9.994678497314453125e-01
9.873934388160705566e-01
9.985224604606628418e-01
9.946353435516357422e-01
9.889280200004577637e-01
9.820331931114196777e-01
9.999954700469970703e-01
9.775151610374450684e-01
9.996849298477172852e-01
9.979533553123474121e-01
9.876626729965209961e-01
9.943092465400695801e-01
9.893006086349487305e-01
9.988483190536499023e-01
9.990889430046081543e-01
9.996808171272277832e-01
9.963116645812988281e-01
9.755142331123352051e-01
9.960316419601440430e-01
9.987024664878845215e-01
9.996306896209716797e-01
9.999486804008483887e-01
9.818275570869445801e-01
9.982566237449645996e-01
9.989024400711059570e-01
9.943996667861938477e-01
9.958373308181762695e-01
9.976353645324707031e-01
9.986243844032287598e-01
9.995644688606262207e-01
9.922224283218383789e-01
9.877119064331054688e-01
9.934434890747070312e-01
9.886431694030761719e-01
9.860735535621643066e-01
9.994809627532958984e-01
9.782608747482299805e-01
9.952929615974426270e-01
9.894880056381225586e-01
9.963358640670776367e-01
9.995426535606384277e-01
9.999857544898986816e-01
9.980525374412536621e-01
9.998471140861511230e-01
9.894113540649414062e-01
9.983583688735961914e-01
9.995811581611633301e-01
9.968940615653991699e-01
9.998702406883239746e-01
9.941315650939941406e-01
9.923655390739440918e-01
9.918847680091857910e-01
9.995189905166625977e-01
9.998481869697570801e-01
9.984316825866699219e-01
9.997444748878479004e-01
9.975724816322326660e-01
9.993794560432434082e-01
9.999661445617675781e-01
9.998291134834289551e-01
6.093009710311889648e-01
9.986714124679565430e-01
9.990326762199401855e-01
9.986612200736999512e-01
9.960482120513916016e-01
9.984812736511230469e-01
9.997547268867492676e-01
9.934152364730834961e-01
9.990068078041076660e-01
9.956812858581542969e-01
9.998754858970642090e-01
9.944255352020263672e-01
9.971309900283813477e-01
9.646993875503540039e-01
9.925631880760192871e-01
9.978882074356079102e-01
9.985032081604003906e-01
9.975895881652832031e-01
9.982840418815612793e-01
9.997103810310363770e-01
9.959438443183898926e-01
9.970665574073791504e-01
9.986679553985595703e-01
9.881496429443359375e-01
9.994091391563415527e-01
9.957916140556335449e-01
9.920817613601684570e-01
9.777842164039611816e-01
9.985952377319335938e-01
9.809836149215698242e-01
9.988504648208618164e-01
9.962313771247863770e-01
9.593369364738464355e-01
9.993955492973327637e-01
9.993269443511962891e-01
9.556872844696044922e-01
9.926732778549194336e-01
9.980327486991882324e-01
9.997723698616027832e-01
9.990174174308776855e-01
9.988579154014587402e-01
9.913033843040466309e-01
9.995710253715515137e-01
9.968670010566711426e-01
9.988681077957153320e-01
9.945324659347534180e-01
9.990126490592956543e-01
9.780258536338806152e-01
9.928776621818542480e-01
9.996947050094604492e-01
9.944369196891784668e-01
9.985864758491516113e-01
9.953156709671020508e-01
9.849987030029296875e-01
9.992800951004028320e-01
9.996590614318847656e-01
9.934079647064208984e-01
9.717736244201660156e-01
9.977905750274658203e-01
9.998941421508789062e-01
9.960598945617675781e-01
9.998067021369934082e-01
9.980416893959045410e-01
9.993064999580383301e-01
9.891965389251708984e-01
9.979883432388305664e-01
9.867971539497375488e-01
9.970597624778747559e-01
9.941911101341247559e-01
9.899055957794189453e-01
9.935375452041625977e-01
9.995913505554199219e-01
9.993323683738708496e-01
9.986434578895568848e-01
9.945192337036132812e-01
9.983261227607727051e-01
9.998865723609924316e-01
9.966202974319458008e-01
9.994543194770812988e-01
9.570377469062805176e-01
9.992584586143493652e-01
8.997042775154113770e-01
9.985270500183105469e-01
9.898250102996826172e-01
9.934000372886657715e-01
9.997867941856384277e-01
9.974213838577270508e-01
9.965508580207824707e-01
9.995754957199096680e-01
9.950711131095886230e-01
9.998524188995361328e-01
9.916833639144897461e-01
9.919999837875366211e-01
9.979533553123474121e-01
9.995882511138916016e-01
9.938906431198120117e-01
9.998432993888854980e-01
9.766986370086669922e-01
9.840692877769470215e-01
9.997255206108093262e-01
9.932354092597961426e-01
9.998542666435241699e-01
9.989635348320007324e-01
9.954718947410583496e-01
9.981729984283447266e-01
9.958251714706420898e-01
9.930348396301269531e-01
9.959084987640380859e-01
9.867079257965087891e-01
9.937060475349426270e-01
9.990082979202270508e-01
9.961008429527282715e-01
9.971656799316406250e-01
9.998323917388916016e-01
9.959965348243713379e-01
9.835677146911621094e-01
9.937005639076232910e-01
9.864702224731445312e-01
9.994451403617858887e-01
9.999015331268310547e-01
9.993051290512084961e-01
9.946599006652832031e-01
9.970305562019348145e-01
9.920597672462463379e-01
9.990962743759155273e-01
9.992847442626953125e-01
9.976168870925903320e-01
9.994303584098815918e-01
9.928473234176635742e-01
9.954564571380615234e-01
9.996122121810913086e-01
9.992929100990295410e-01
9.960321784019470215e-01
9.991149306297302246e-01
9.992616772651672363e-01
9.952429533004760742e-01
9.992363452911376953e-01
9.915742874145507812e-01
9.920015931129455566e-01
9.999048113822937012e-01
9.991397261619567871e-01
9.852957129478454590e-01
9.976828694343566895e-01
9.973123669624328613e-01
9.988912343978881836e-01
9.962176084518432617e-01
9.896417260169982910e-01
9.982712268829345703e-01
9.981512427330017090e-01
9.818122386932373047e-01
9.996752738952636719e-01
9.970946311950683594e-01
9.986012578010559082e-01
9.920953512191772461e-01
9.998404979705810547e-01
9.909143447875976562e-01
9.999524354934692383e-01
9.965040087699890137e-01
9.990114569664001465e-01
9.873031973838806152e-01
9.963647127151489258e-01
9.935106635093688965e-01
1.000000000000000000e+00
9.993494153022766113e-01
9.960730671882629395e-01
9.935058355331420898e-01
9.977108240127563477e-01
9.976495504379272461e-01
9.998989701271057129e-01
9.909102916717529297e-01
9.998968839645385742e-01
9.996144771575927734e-01
9.626922011375427246e-01
9.982126355171203613e-01
9.971383810043334961e-01
9.987453222274780273e-01
9.991465210914611816e-01
9.975770115852355957e-01
9.881973266601562500e-01
9.981658458709716797e-01
9.982139468193054199e-01
9.947149157524108887e-01
9.998297095298767090e-01
9.948021769523620605e-01
9.946622848510742188e-01
9.994306564331054688e-01
9.827722311019897461e-01
9.999775290489196777e-01
9.984595179557800293e-01
9.987220764160156250e-01
9.720816016197204590e-01
9.983312487602233887e-01
9.926029443740844727e-01
9.996513128280639648e-01
9.990180730819702148e-01
9.996497035026550293e-01
9.992197751998901367e-01
9.981942176818847656e-01
9.973748922348022461e-01
9.991001486778259277e-01
9.944974780082702637e-01
9.991529583930969238e-01
9.934368729591369629e-01
9.832115173339843750e-01
9.756578803062438965e-01
9.985680580139160156e-01
9.996296763420104980e-01
9.940803050994873047e-01
9.961916208267211914e-01
9.996006488800048828e-01
9.899985790252685547e-01
9.910289049148559570e-01
9.969633221626281738e-01
9.683511257171630859e-01
9.987851977348327637e-01
9.918629527091979980e-01
9.880672693252563477e-01
9.870585203170776367e-01
9.979316592216491699e-01
9.886701107025146484e-01
9.986072182655334473e-01
9.996921420097351074e-01
9.953711032867431641e-01
9.970680475234985352e-01
9.958650469779968262e-01
9.977667927742004395e-01
9.986753463745117188e-01
9.889917373657226562e-01
9.997410774230957031e-01
9.965283870697021484e-01
9.981151819229125977e-01
9.963191747665405273e-01
9.998493194580078125e-01
9.985193610191345215e-01
9.988693594932556152e-01
9.972969293594360352e-01
9.950198531150817871e-01
9.915636181831359863e-01
9.932596683502197266e-01
9.989709854125976562e-01
9.973332285881042480e-01
9.983663558959960938e-01
9.930204153060913086e-01
9.919763207435607910e-01
9.997415542602539062e-01
9.950482249259948730e-01
9.990581870079040527e-01
9.764481186866760254e-01
9.901307821273803711e-01
9.941775798797607422e-01
9.398595690727233887e-01
9.977132081985473633e-01
9.921739697456359863e-01
9.968587756156921387e-01
9.998958706855773926e-01
9.992188215255737305e-01
9.954558610916137695e-01
9.988277554512023926e-01
9.993702173233032227e-01
8.678719401359558105e-01
9.825937151908874512e-01
9.974432587623596191e-01
9.999178051948547363e-01
9.982795119285583496e-01
9.957219362258911133e-01
9.995787143707275391e-01
9.952353239059448242e-01
9.919758439064025879e-01
9.924352765083312988e-01
9.962727427482604980e-01
9.879750609397888184e-01
9.968736767768859863e-01
9.884709119796752930e-01
9.972148537635803223e-01
9.938528537750244141e-01
9.983536601066589355e-01
9.943781495094299316e-01
9.952906370162963867e-01
9.740571379661560059e-01
9.854996800422668457e-01
9.960899353027343750e-01
9.987049102783203125e-01
9.929305315017700195e-01
9.927573204040527344e-01
9.993566274642944336e-01
9.958563446998596191e-01
9.945064187049865723e-01
9.996022582054138184e-01
9.940657019615173340e-01
9.884331822395324707e-01
9.999685287475585938e-01
9.457750916481018066e-01
9.677273631095886230e-01
9.729954004287719727e-01
9.994109272956848145e-01
9.981008768081665039e-01
9.966788291931152344e-01
9.905836582183837891e-01
9.986652135848999023e-01
9.995866417884826660e-01
9.972578287124633789e-01
9.969376325607299805e-01
9.566079974174499512e-01
9.892371892929077148e-01
9.936243295669555664e-01
9.995878934860229492e-01
9.925926923751831055e-01
9.972863197326660156e-01
9.970287680625915527e-01
9.999834895133972168e-01
9.939588904380798340e-01
9.977082610130310059e-01
9.997885823249816895e-01
