0.000000000000000000e+00
6.250000000000000000e-02
0.000000000000000000e+00
4.878048780487804874e-03
0.000000000000000000e+00
3.937007874015747977e-03
3.401360544217686948e-03
2.421307506053268881e-03
1.224489795918367284e-02
2.222222222222222099e-01
0.000000000000000000e+00
4.716981132075471518e-03
4.672897196261681894e-03
0.000000000000000000e+00
3.174603174603174600e-03
1.000000000000000000e+00
2.400000000000000050e-02
0.000000000000000000e+00
0.000000000000000000e+00
0.000000000000000000e+00
0.000000000000000000e+00
4.123711340206185488e-02
0.000000000000000000e+00
1.000000000000000000e+00
4.032258064516128920e-03
1.639344262295082053e-02
0.000000000000000000e+00
0.000000000000000000e+00
0.000000000000000000e+00
0.000000000000000000e+00
3.496503496503496500e-03
0.000000000000000000e+00
1.304347826086956486e-01
0.000000000000000000e+00
0.000000000000000000e+00
0.000000000000000000e+00
3.539823008849557473e-02
0.000000000000000000e+00
0.000000000000000000e+00
0.000000000000000000e+00
0.000000000000000000e+00
0.000000000000000000e+00
0.000000000000000000e+00
1.934235976789168291e-03
0.000000000000000000e+00
3.333333333333333287e-02
0.000000000000000000e+00
0.000000000000000000e+00
0.000000000000000000e+00
0.000000000000000000e+00
0.000000000000000000e+00
0.000000000000000000e+00
2.547770700636942803e-02
0.000000000000000000e+00
1.476014760147601433e-02
2.597402597402597574e-02
0.000000000000000000e+00
0.000000000000000000e+00
6.802721088435373896e-03
0.000000000000000000e+00
0.000000000000000000e+00
2.362204724409448786e-02
2.915451895043731732e-03
0.000000000000000000e+00
0.000000000000000000e+00
7.368421052631578261e-02
0.000000000000000000e+00
1.666666666666666574e-01
1.000000000000000000e+00
1.199999999999999956e-01
3.921568627450980338e-02
0.000000000000000000e+00
0.000000000000000000e+00
0.000000000000000000e+00
0.000000000000000000e+00
0.000000000000000000e+00
0.000000000000000000e+00
6.711409395973154217e-03
0.000000000000000000e+00
2.895752895752895604e-03
0.000000000000000000e+00
0.000000000000000000e+00
0.000000000000000000e+00
0.000000000000000000e+00
0.000000000000000000e+00
0.000000000000000000e+00
0.000000000000000000e+00
0.000000000000000000e+00
0.000000000000000000e+00
2.535211267605633895e-02
0.000000000000000000e+00
1.675977653631284883e-02
0.000000000000000000e+00
2.105263157894736795e-02
0.000000000000000000e+00
1.707317073170731836e-01
3.333333333333333148e-01
4.539264639128461304e-04
0.000000000000000000e+00
0.000000000000000000e+00
1.587301587301587213e-02
1.612903225806451568e-02
0.000000000000000000e+00
0.000000000000000000e+00
0.000000000000000000e+00
4.273504273504273934e-03
0.000000000000000000e+00
0.000000000000000000e+00
0.000000000000000000e+00
1.111111111111111049e-01
0.000000000000000000e+00
0.000000000000000000e+00
0.000000000000000000e+00
2.020202020202020374e-02
0.000000000000000000e+00
0.000000000000000000e+00
3.407155025553662737e-03
0.000000000000000000e+00
1.333333333333333419e-02
0.000000000000000000e+00
0.000000000000000000e+00
0.000000000000000000e+00
3.333333333333333148e-01
0.000000000000000000e+00
0.000000000000000000e+00
1.623376623376623484e-03
0.000000000000000000e+00
0.000000000000000000e+00
0.000000000000000000e+00
0.000000000000000000e+00
0.000000000000000000e+00
0.000000000000000000e+00
0.000000000000000000e+00
7.042253521126760722e-03
1.752848378615249822e-03
2.631578947368420907e-02
5.000000000000000000e-01
2.000000000000000111e-01
4.878048780487805047e-02
0.000000000000000000e+00
0.000000000000000000e+00
0.000000000000000000e+00
0.000000000000000000e+00
5.000000000000000000e-01
0.000000000000000000e+00
2.521008403361344602e-02
0.000000000000000000e+00
0.000000000000000000e+00
4.497751124437780745e-03
0.000000000000000000e+00
2.777777777777777624e-02
1.617076326002587399e-03
3.351955307262569767e-03
0.000000000000000000e+00
2.256487401278676249e-03
5.714285714285713969e-01
0.000000000000000000e+00
0.000000000000000000e+00
3.164556962025316406e-03
0.000000000000000000e+00
0.000000000000000000e+00
0.000000000000000000e+00
0.000000000000000000e+00
0.000000000000000000e+00
0.000000000000000000e+00
0.000000000000000000e+00
0.000000000000000000e+00
9.090909090909091161e-02
0.000000000000000000e+00
3.076923076923077094e-02
0.000000000000000000e+00
0.000000000000000000e+00
1.002004008016031981e-03
3.319502074688796597e-03
3.149606299212598381e-02
1.977401129943502991e-02
0.000000000000000000e+00
0.000000000000000000e+00
0.000000000000000000e+00
2.425876010781671116e-02
0.000000000000000000e+00
0.000000000000000000e+00
0.000000000000000000e+00
4.444444444444444441e-03
1.492537313432835792e-02
1.636661211129296313e-03
0.000000000000000000e+00
2.133333333333333262e-02
1.298701298701298787e-02
0.000000000000000000e+00
0.000000000000000000e+00
0.000000000000000000e+00
0.000000000000000000e+00
0.000000000000000000e+00
0.000000000000000000e+00
6.896551724137930939e-02
6.666666666666666297e-01
3.262642740619902271e-03
0.000000000000000000e+00
0.000000000000000000e+00
7.692307692307692735e-02
0.000000000000000000e+00
0.000000000000000000e+00
0.000000000000000000e+00
0.000000000000000000e+00
0.000000000000000000e+00
0.000000000000000000e+00
0.000000000000000000e+00
0.000000000000000000e+00
3.236245954692556787e-03
1.818181818181818232e-01
0.000000000000000000e+00
0.000000000000000000e+00
2.564102564102564014e-02
0.000000000000000000e+00
7.692307692307692735e-03
0.000000000000000000e+00
0.000000000000000000e+00
0.000000000000000000e+00
5.263157894736841813e-02
0.000000000000000000e+00
0.000000000000000000e+00
0.000000000000000000e+00
1.832844574780058758e-03
0.000000000000000000e+00
2.262443438914027351e-03
0.000000000000000000e+00
0.000000000000000000e+00
0.000000000000000000e+00
0.000000000000000000e+00
9.523809523809523281e-02
1.845018450184501835e-02
8.598452278589854012e-04
2.955665024630541732e-02
0.000000000000000000e+00
0.000000000000000000e+00
0.000000000000000000e+00
1.384615384615384692e-01
2.439024390243902524e-02
0.000000000000000000e+00
0.000000000000000000e+00
0.000000000000000000e+00
2.873563218390804558e-03
1.402524544179523103e-03
0.000000000000000000e+00
0.000000000000000000e+00
4.514672686230247929e-03
0.000000000000000000e+00
5.000000000000000000e-01
0.000000000000000000e+00
0.000000000000000000e+00
1.000000000000000000e+00
0.000000000000000000e+00
0.000000000000000000e+00
1.428571428571428527e-02
0.000000000000000000e+00
0.000000000000000000e+00
0.000000000000000000e+00
2.996254681647940107e-02
1.992031872509960125e-03
0.000000000000000000e+00
0.000000000000000000e+00
0.000000000000000000e+00
2.259522272433828454e-03
0.000000000000000000e+00
3.333333333333333148e-01
2.409638554216867595e-02
4.000000000000000083e-03
0.000000000000000000e+00
0.000000000000000000e+00
2.994011976047904373e-03
0.000000000000000000e+00
6.802721088435373896e-03
3.161222339304531077e-03
6.535947712418300852e-03
1.860465116279069742e-01
0.000000000000000000e+00
2.469135802469135665e-02
1.102535832414553493e-03
0.000000000000000000e+00
4.608294930875576033e-03
0.000000000000000000e+00
0.000000000000000000e+00
3.857280617164898871e-03
0.000000000000000000e+00
0.000000000000000000e+00
0.000000000000000000e+00
4.545454545454545581e-02
1.066666666666666718e-03
5.882352941176470507e-02
0.000000000000000000e+00
1.342281879194630800e-03
0.000000000000000000e+00
5.341880341880341984e-03
2.527805864509605552e-03
3.795066413662239162e-03
0.000000000000000000e+00
0.000000000000000000e+00
2.000000000000000111e-01
3.409090909090908839e-02
0.000000000000000000e+00
0.000000000000000000e+00
0.000000000000000000e+00
9.546539379474940773e-03
0.000000000000000000e+00
2.493765586034912655e-03
6.891798759476223208e-04
0.000000000000000000e+00
0.000000000000000000e+00
0.000000000000000000e+00
0.000000000000000000e+00
2.500000000000000000e-01
7.980845969672785726e-04
0.000000000000000000e+00
3.969829297340214322e-03
6.825938566552901092e-03
0.000000000000000000e+00
1.574803149606299191e-03
3.333333333333333148e-01
0.000000000000000000e+00
3.155569580309245965e-04
0.000000000000000000e+00
0.000000000000000000e+00
0.000000000000000000e+00
0.000000000000000000e+00
0.000000000000000000e+00
0.000000000000000000e+00
0.000000000000000000e+00
2.643171806167400953e-02
0.000000000000000000e+00
6.787330316742081621e-03
0.000000000000000000e+00
2.666666666666666838e-02
4.761904761904761640e-02
3.236245954692556787e-03
0.000000000000000000e+00
0.000000000000000000e+00
5.000000000000000000e-01
0.000000000000000000e+00
0.000000000000000000e+00
0.000000000000000000e+00
1.145475372279496041e-03
0.000000000000000000e+00
3.246753246753246967e-03
1.000000000000000000e+00
6.414368184733803928e-03
0.000000000000000000e+00
0.000000000000000000e+00
3.988831272437176091e-03
0.000000000000000000e+00
0.000000000000000000e+00
5.415162454873645968e-03
0.000000000000000000e+00
0.000000000000000000e+00
0.000000000000000000e+00
0.000000000000000000e+00
6.862745098039215591e-03
0.000000000000000000e+00
0.000000000000000000e+00
0.000000000000000000e+00
0.000000000000000000e+00
4.545454545454545581e-02
0.000000000000000000e+00
0.000000000000000000e+00
0.000000000000000000e+00
1.111111111111111049e-01
2.824858757062146883e-02
3.368893879842784975e-03
2.469135802469135665e-02
0.000000000000000000e+00
0.000000000000000000e+00
6.250000000000000000e-02
4.444444444444444614e-02
3.333333333333333148e-01
4.166666666666666435e-02
0.000000000000000000e+00
3.333333333333333148e-01
5.524861878453038444e-03
0.000000000000000000e+00
0.000000000000000000e+00
0.000000000000000000e+00
0.000000000000000000e+00
0.000000000000000000e+00
3.184713375796178504e-03
0.000000000000000000e+00
0.000000000000000000e+00
7.751937984496123923e-03
0.000000000000000000e+00
6.779661016949152519e-02
0.000000000000000000e+00
0.000000000000000000e+00
0.000000000000000000e+00
0.000000000000000000e+00
0.000000000000000000e+00
0.000000000000000000e+00
5.405405405405405705e-02
0.000000000000000000e+00
1.861702127659574380e-02
0.000000000000000000e+00
3.846153846153846367e-03
2.824858757062146883e-03
1.951219512195121950e-03
0.000000000000000000e+00
0.000000000000000000e+00
0.000000000000000000e+00
9.345794392523363789e-03
4.629629629629629373e-03
3.792188092529389255e-03
4.545454545454545581e-02
2.959552778691219854e-03
1.162790697674418589e-02
0.000000000000000000e+00
4.761904761904761640e-02
1.822916666666666782e-02
0.000000000000000000e+00
0.000000000000000000e+00
0.000000000000000000e+00
0.000000000000000000e+00
0.000000000000000000e+00
0.000000000000000000e+00
8.000000000000000167e-03
0.000000000000000000e+00
2.994011976047904200e-02
4.827031375703941772e-03
8.226691042047531641e-03
1.314924391847468836e-03
0.000000000000000000e+00
0.000000000000000000e+00
0.000000000000000000e+00
0.000000000000000000e+00
0.000000000000000000e+00
0.000000000000000000e+00
0.000000000000000000e+00
0.000000000000000000e+00
4.484304932735425943e-03
0.000000000000000000e+00
0.000000000000000000e+00
0.000000000000000000e+00
3.389830508474576259e-02
0.000000000000000000e+00
0.000000000000000000e+00
0.000000000000000000e+00
3.649635036496350245e-03
0.000000000000000000e+00
0.000000000000000000e+00
0.000000000000000000e+00
0.000000000000000000e+00
1.078748651564185451e-03
0.000000000000000000e+00
2.542372881355932021e-03
0.000000000000000000e+00
0.000000000000000000e+00
3.571428571428571230e-02
2.535211267605633895e-02
2.393776181926989769e-03
0.000000000000000000e+00
1.769911504424778736e-02
2.433936022253129286e-03
5.000000000000000000e-01
0.000000000000000000e+00
5.000000000000000000e-01
0.000000000000000000e+00
0.000000000000000000e+00
0.000000000000000000e+00
0.000000000000000000e+00
0.000000000000000000e+00
0.000000000000000000e+00
5.154639175257731860e-03
3.003003003003002977e-03
1.000000000000000056e-01
0.000000000000000000e+00
2.272727272727272790e-02
3.048780487804878155e-03
0.000000000000000000e+00
0.000000000000000000e+00
4.907975460122699501e-02
0.000000000000000000e+00
0.000000000000000000e+00
1.700680272108843474e-03
0.000000000000000000e+00
0.000000000000000000e+00
0.000000000000000000e+00
7.774538386783284329e-03
0.000000000000000000e+00
0.000000000000000000e+00
0.000000000000000000e+00
2.257336343115123965e-03
3.448275862068965469e-02
0.000000000000000000e+00
0.000000000000000000e+00
1.304347826086956486e-01
0.000000000000000000e+00
0.000000000000000000e+00
0.000000000000000000e+00
3.448275862068965469e-02
5.249343832020997302e-03
0.000000000000000000e+00
0.000000000000000000e+00
1.923076923076923184e-02
7.075471698113207711e-03
0.000000000000000000e+00
8.130081300813008990e-03
0.000000000000000000e+00
0.000000000000000000e+00
2.762430939226519222e-02
0.000000000000000000e+00
0.000000000000000000e+00
0.000000000000000000e+00
1.428571428571428492e-01
9.259259259259258745e-03
3.125000000000000173e-03
0.000000000000000000e+00
0.000000000000000000e+00
0.000000000000000000e+00
0.000000000000000000e+00
7.407407407407407690e-03
1.381215469613259611e-02
2.608242044861763375e-03
0.000000000000000000e+00
0.000000000000000000e+00
0.000000000000000000e+00
1.312335958005249326e-03
4.347826086956521618e-02
0.000000000000000000e+00
9.174311926605505096e-03
2.010050251256281610e-03
6.653359946773120155e-03
0.000000000000000000e+00
0.000000000000000000e+00
0.000000000000000000e+00
0.000000000000000000e+00
0.000000000000000000e+00
0.000000000000000000e+00
5.316321105794790400e-04
2.894356005788711796e-03
0.000000000000000000e+00
0.000000000000000000e+00
2.263723825693265534e-03
0.000000000000000000e+00
0.000000000000000000e+00
0.000000000000000000e+00
0.000000000000000000e+00
2.319587628865979467e-02
0.000000000000000000e+00
0.000000000000000000e+00
0.000000000000000000e+00
0.000000000000000000e+00
1.000000000000000000e+00
1.851851851851851749e-02
1.423487544483985692e-02
0.000000000000000000e+00
0.000000000000000000e+00
3.045685279187817368e-02
7.692307692307692735e-02
0.000000000000000000e+00
0.000000000000000000e+00
5.999999999999999778e-01
0.000000000000000000e+00
6.493506493506493935e-03
0.000000000000000000e+00
2.941176470588235253e-02
0.000000000000000000e+00
0.000000000000000000e+00
0.000000000000000000e+00
1.111111111111111049e-01
0.000000000000000000e+00
0.000000000000000000e+00
0.000000000000000000e+00
0.000000000000000000e+00
0.000000000000000000e+00
0.000000000000000000e+00
1.796138302649303914e-03
2.022244691607684615e-03
2.500000000000000000e-01
3.120124804992199796e-03
1.842105263157894565e-02
5.194805194805195148e-02
1.000000000000000056e-01
4.527813712807244109e-03
3.333333333333333148e-01
6.097560975609756309e-03
0.000000000000000000e+00
0.000000000000000000e+00
0.000000000000000000e+00
1.666666666666666574e-01
3.030303030303030387e-02
2.305475504322766420e-02
1.630434782608695607e-02
1.351351351351351426e-02
0.000000000000000000e+00
5.000000000000000000e-01
4.215851602023608542e-03
0.000000000000000000e+00
0.000000000000000000e+00
0.000000000000000000e+00
0.000000000000000000e+00
0.000000000000000000e+00
1.792114695340501791e-03
0.000000000000000000e+00
3.222687721559781122e-04
3.409090909090908839e-02
3.211303789338471309e-03
4.761904761904762334e-03
1.639344262295082053e-02
1.612903225806451568e-02
5.617977528089887485e-03
5.000000000000000000e-01
1.886080724254998037e-03
0.000000000000000000e+00
0.000000000000000000e+00
0.000000000000000000e+00
0.000000000000000000e+00
0.000000000000000000e+00
1.052631578947368397e-02
1.773049645390070879e-03
0.000000000000000000e+00
3.180661577608142297e-03
0.000000000000000000e+00
0.000000000000000000e+00
0.000000000000000000e+00
1.000000000000000000e+00
0.000000000000000000e+00
0.000000000000000000e+00
1.562500000000000000e-02
2.631578947368420993e-03
0.000000000000000000e+00
0.000000000000000000e+00
4.594180704441041749e-03
0.000000000000000000e+00
0.000000000000000000e+00
0.000000000000000000e+00
0.000000000000000000e+00
3.355704697986577108e-03
0.000000000000000000e+00
0.000000000000000000e+00
0.000000000000000000e+00
7.462686567164178962e-03
0.000000000000000000e+00
3.323363243602525489e-04
0.000000000000000000e+00
1.250000000000000000e-01
1.000000000000000000e+00
3.167062549485352187e-03
7.407407407407407040e-04
7.692307692307692735e-02
0.000000000000000000e+00
9.259259259259258745e-03
0.000000000000000000e+00
0.000000000000000000e+00
0.000000000000000000e+00
0.000000000000000000e+00
3.134796238244513984e-03
1.372997711670480465e-02
5.405405405405405705e-03
1.399580125962211243e-03
3.982300884955752157e-02
0.000000000000000000e+00
4.434589800443458976e-03
0.000000000000000000e+00
0.000000000000000000e+00
0.000000000000000000e+00
0.000000000000000000e+00
6.119951040391676325e-04
0.000000000000000000e+00
0.000000000000000000e+00
7.889546351084813017e-03
0.000000000000000000e+00
0.000000000000000000e+00
0.000000000000000000e+00
0.000000000000000000e+00
0.000000000000000000e+00
0.000000000000000000e+00
4.000000000000000083e-02
0.000000000000000000e+00
0.000000000000000000e+00
3.750000000000000000e-01
3.112840466926070256e-03
0.000000000000000000e+00
0.000000000000000000e+00
1.369863013698630061e-02
0.000000000000000000e+00
1.147446930579460594e-03
0.000000000000000000e+00
0.000000000000000000e+00
4.010695187165775819e-03
3.512880562060889927e-03
0.000000000000000000e+00
1.801801801801801786e-02
1.092896174863387977e-02
0.000000000000000000e+00
1.492537313432835792e-02
1.067615658362989356e-02
0.000000000000000000e+00
6.472491909385113575e-03
0.000000000000000000e+00
2.500000000000000139e-02
6.097560975609756309e-03
0.000000000000000000e+00
0.000000000000000000e+00
1.154734411085450371e-02
0.000000000000000000e+00
0.000000000000000000e+00
0.000000000000000000e+00
0.000000000000000000e+00
0.000000000000000000e+00
0.000000000000000000e+00
5.882352941176470507e-02
3.092783505154639290e-02
2.272727272727272790e-02
0.000000000000000000e+00
1.724137931034482735e-02
0.000000000000000000e+00
0.000000000000000000e+00
0.000000000000000000e+00
0.000000000000000000e+00
0.000000000000000000e+00
0.000000000000000000e+00
4.444444444444444614e-02
5.455537370430986986e-04
2.500000000000000000e-01
0.000000000000000000e+00
0.000000000000000000e+00
2.522068095838587640e-03
0.000000000000000000e+00
0.000000000000000000e+00
0.000000000000000000e+00
2.307692307692307820e-01
0.000000000000000000e+00
1.666666666666666574e-01
8.474576271186440649e-03
3.441156228492773432e-04
0.000000000000000000e+00
0.000000000000000000e+00
1.204819277108433798e-02
2.793296089385474690e-02
1.121794871794871799e-02
1.625135427952329381e-03
1.851851851851851749e-02
5.000000000000000000e-01
0.000000000000000000e+00
0.000000000000000000e+00
0.000000000000000000e+00
0.000000000000000000e+00
5.352363960749330525e-03
0.000000000000000000e+00
0.000000000000000000e+00
0.000000000000000000e+00
0.000000000000000000e+00
0.000000000000000000e+00
1.438848920863309427e-02
7.905138339920948082e-03
1.908396946564885422e-03
2.077922077922077920e-02
5.555555555555555768e-03
0.000000000000000000e+00
0.000000000000000000e+00
3.156233561283534883e-03
0.000000000000000000e+00
0.000000000000000000e+00
9.090909090909091161e-02
0.000000000000000000e+00
0.000000000000000000e+00
0.000000000000000000e+00
0.000000000000000000e+00
0.000000000000000000e+00
0.000000000000000000e+00
0.000000000000000000e+00
0.000000000000000000e+00
3.333333333333333148e-01
0.000000000000000000e+00
0.000000000000000000e+00
0.000000000000000000e+00
0.000000000000000000e+00
1.250000000000000000e-01
8.958566629339305767e-03
0.000000000000000000e+00
1.060070671378091946e-02
0.000000000000000000e+00
0.000000000000000000e+00
0.000000000000000000e+00
3.571428571428571230e-02
0.000000000000000000e+00
0.000000000000000000e+00
1.023541453428863891e-03
0.000000000000000000e+00
0.000000000000000000e+00
1.144492131616595132e-02
0.000000000000000000e+00
2.599653379549393597e-03
0.000000000000000000e+00
0.000000000000000000e+00
0.000000000000000000e+00
0.000000000000000000e+00
0.000000000000000000e+00
5.506607929515418796e-03
2.173913043478260896e-03
2.000000000000000111e-01
0.000000000000000000e+00
3.846153846153846367e-02
1.052262364082778021e-03
1.107011070110701031e-02
1.126408010012515566e-02
0.000000000000000000e+00
0.000000000000000000e+00
0.000000000000000000e+00
0.000000000000000000e+00
2.680965147453083161e-02
0.000000000000000000e+00
2.857142857142856984e-01
0.000000000000000000e+00
0.000000000000000000e+00
9.090909090909091161e-02
0.000000000000000000e+00
0.000000000000000000e+00
6.410256410256410034e-03
4.901960784313725422e-03
4.022121669180492298e-03
1.538461538461538547e-01
3.048780487804878155e-03
0.000000000000000000e+00
3.693444136657432920e-03
0.000000000000000000e+00
0.000000000000000000e+00
2.752293577981651529e-02
0.000000000000000000e+00
0.000000000000000000e+00
0.000000000000000000e+00
0.000000000000000000e+00
0.000000000000000000e+00
4.778156996587030331e-03
0.000000000000000000e+00
1.418439716312056703e-02
1.250000000000000000e-01
9.593859929645027129e-04
0.000000000000000000e+00
2.853067047075606363e-03
0.000000000000000000e+00
2.266839378238341782e-03
2.564102564102564014e-02
0.000000000000000000e+00
0.000000000000000000e+00
0.000000000000000000e+00
0.000000000000000000e+00
0.000000000000000000e+00
3.367003367003366856e-03
0.000000000000000000e+00
7.142857142857142461e-02
0.000000000000000000e+00
9.433962264150943036e-03
1.052631578947368363e-01
2.127659574468085055e-02
0.000000000000000000e+00
1.428571428571428492e-01
0.000000000000000000e+00
0.000000000000000000e+00
0.000000000000000000e+00
0.000000000000000000e+00
2.475247524752475364e-02
0.000000000000000000e+00
0.000000000000000000e+00
0.000000000000000000e+00
2.077922077922077920e-02
0.000000000000000000e+00
1.000000000000000056e-01
0.000000000000000000e+00
7.692307692307692735e-02
0.000000000000000000e+00
1.207729468599033802e-02
4.914004914004913883e-03
0.000000000000000000e+00
0.000000000000000000e+00
4.573170731707316798e-03
0.000000000000000000e+00
0.000000000000000000e+00
5.115089514066496583e-03
0.000000000000000000e+00
1.980198019801980222e-02
0.000000000000000000e+00
0.000000000000000000e+00
0.000000000000000000e+00
0.000000000000000000e+00
0.000000000000000000e+00
0.000000000000000000e+00
1.515151515151515150e-03
0.000000000000000000e+00
0.000000000000000000e+00
3.333333333333333287e-02
0.000000000000000000e+00
5.555555555555555247e-02
4.188481675392670411e-02
0.000000000000000000e+00
4.950495049504950555e-03
3.816793893129770843e-03
1.693480101608806033e-03
0.000000000000000000e+00
0.000000000000000000e+00
0.000000000000000000e+00
0.000000000000000000e+00
2.551020408163265363e-02
7.407407407407406996e-02
3.333333333333333148e-01
4.434589800443458976e-03
0.000000000000000000e+00
8.213552361396304208e-03
0.000000000000000000e+00
0.000000000000000000e+00
3.861003861003861094e-03
0.000000000000000000e+00
0.000000000000000000e+00
0.000000000000000000e+00
0.000000000000000000e+00
0.000000000000000000e+00
0.000000000000000000e+00
3.528581510232886576e-04
0.000000000000000000e+00
0.000000000000000000e+00
0.000000000000000000e+00
1.702127659574468044e-01
0.000000000000000000e+00
4.219409282700421586e-03
0.000000000000000000e+00
0.000000000000000000e+00
0.000000000000000000e+00
3.333333333333333148e-01
0.000000000000000000e+00
0.000000000000000000e+00
1.474926253687315614e-02
0.000000000000000000e+00
0.000000000000000000e+00
5.000000000000000000e-01
0.000000000000000000e+00
9.090909090909091161e-02
0.000000000000000000e+00
9.090909090909091161e-02
0.000000000000000000e+00
0.000000000000000000e+00
1.666666666666666574e-01
0.000000000000000000e+00
0.000000000000000000e+00
0.000000000000000000e+00
0.000000000000000000e+00
3.554923569143263531e-03
1.704545454545454419e-02
0.000000000000000000e+00
2.290076335877862593e-02
0.000000000000000000e+00
0.000000000000000000e+00
0.000000000000000000e+00
1.970443349753694603e-02
3.947368421052631360e-02
0.000000000000000000e+00
0.000000000000000000e+00
1.785714285714285615e-02
5.984440454817474206e-03
0.000000000000000000e+00
0.000000000000000000e+00
2.040816326530612082e-02
0.000000000000000000e+00
2.857142857142856984e-01
0.000000000000000000e+00
0.000000000000000000e+00
0.000000000000000000e+00
0.000000000000000000e+00
0.000000000000000000e+00
0.000000000000000000e+00
3.154574132492113468e-03
0.000000000000000000e+00
0.000000000000000000e+00
0.000000000000000000e+00
0.000000000000000000e+00
0.000000000000000000e+00
1.564945226917057938e-03
0.000000000000000000e+00
3.143665513989311313e-04
1.111111111111111049e-01
3.993610223642172358e-03
0.000000000000000000e+00
0.000000000000000000e+00
0.000000000000000000e+00
0.000000000000000000e+00
5.000000000000000278e-02
0.000000000000000000e+00
2.542372881355932368e-02
1.190476190476190410e-02
8.108108108108108558e-02
2.908855850032320695e-03
4.537205081669691727e-03
2.577319587628865843e-02
8.333333333333332871e-02
3.921568627450980338e-03
0.000000000000000000e+00
3.937007874015747977e-03
1.398601398601398600e-02
3.153579312519709868e-03
0.000000000000000000e+00
3.778337531486145994e-03
6.250000000000000000e-02
0.000000000000000000e+00
8.354218880534669545e-04
0.000000000000000000e+00
0.000000000000000000e+00
1.738122827346465791e-03
0.000000000000000000e+00
0.000000000000000000e+00
0.000000000000000000e+00
1.818181818181818232e-01
0.000000000000000000e+00
5.398110661268555772e-03
0.000000000000000000e+00
0.000000000000000000e+00
0.000000000000000000e+00
0.000000000000000000e+00
5.000000000000000000e-01
0.000000000000000000e+00
2.350176263219741404e-03
0.000000000000000000e+00
0.000000000000000000e+00
0.000000000000000000e+00
2.000000000000000042e-02
6.703910614525139533e-03
0.000000000000000000e+00
0.000000000000000000e+00
0.000000000000000000e+00
0.000000000000000000e+00
0.000000000000000000e+00
0.000000000000000000e+00
0.000000000000000000e+00
1.735106998264892989e-03
0.000000000000000000e+00
9.259259259259258745e-03
4.601226993865030999e-03
0.000000000000000000e+00
0.000000000000000000e+00
0.000000000000000000e+00
0.000000000000000000e+00
5.194805194805194801e-03
0.000000000000000000e+00
2.500000000000000000e-01
7.315288953913679903e-04
1.785714285714285754e-01
1.086956521739130405e-02
1.923076923076923184e-02
0.000000000000000000e+00
1.351351351351351426e-02
1.377884946606958410e-03
0.000000000000000000e+00
0.000000000000000000e+00
0.000000000000000000e+00
0.000000000000000000e+00
0.000000000000000000e+00
3.125000000000000000e-02
1.000000000000000000e+00
7.246376811594203160e-02
0.000000000000000000e+00
0.000000000000000000e+00
2.723311546840958761e-03
0.000000000000000000e+00
3.134796238244513984e-03
8.620689655172413673e-03
7.499999999999999722e-02
0.000000000000000000e+00
2.083333333333333218e-02
5.882352941176470507e-03
1.470588235294117627e-02
3.816793893129770843e-03
0.000000000000000000e+00
0.000000000000000000e+00
1.470588235294117627e-02
5.659309564233163834e-04
0.000000000000000000e+00
2.745744096650192239e-03
2.323265847992034370e-03
0.000000000000000000e+00
5.202913631633714932e-03
1.294498381877022715e-02
1.250000000000000000e-01
2.374670184696569750e-02
0.000000000000000000e+00
5.330490405117270687e-03
1.481481481481481538e-02
5.649717514124293766e-03
0.000000000000000000e+00
0.000000000000000000e+00
5.000000000000000278e-02
0.000000000000000000e+00
3.164556962025316406e-03
2.586206896551724102e-02
9.420631182289213729e-04
0.000000000000000000e+00
1.282051282051281937e-01
0.000000000000000000e+00
0.000000000000000000e+00
3.184713375796178504e-03
0.000000000000000000e+00
0.000000000000000000e+00
1.298701298701298787e-02
4.132231404958677801e-03
2.912621359223301065e-02
1.363636363636363535e-01
0.000000000000000000e+00
1.010101010101010187e-02
7.500000000000000000e-01
3.164556962025316666e-02
0.000000000000000000e+00
1.030927835051546372e-02
0.000000000000000000e+00
0.000000000000000000e+00
0.000000000000000000e+00
0.000000000000000000e+00
9.132420091324200406e-03
4.434589800443458976e-04
0.000000000000000000e+00
0.000000000000000000e+00
1.403508771929824588e-02
0.000000000000000000e+00
0.000000000000000000e+00
0.000000000000000000e+00
2.213788741302972953e-03
0.000000000000000000e+00
1.451612903225806550e-01
1.123595505617977497e-02
5.000000000000000000e-01
0.000000000000000000e+00
0.000000000000000000e+00
5.050505050505050414e-02
0.000000000000000000e+00
0.000000000000000000e+00
0.000000000000000000e+00
1.605780810919309578e-03
0.000000000000000000e+00
2.808988764044943742e-02
9.090909090909090468e-03
4.870129870129870017e-03
0.000000000000000000e+00
4.866180048661800615e-03
3.649635036496350245e-03
0.000000000000000000e+00
3.073770491803278632e-03
0.000000000000000000e+00
4.347826086956521618e-02
0.000000000000000000e+00
3.030303030303030387e-02
0.000000000000000000e+00
6.485084306095979627e-03
0.000000000000000000e+00
0.000000000000000000e+00
9.900990099009901110e-03
3.243243243243243423e-02
3.333333333333333148e-01
0.000000000000000000e+00
1.886792452830188607e-02
4.761904761904761640e-02
6.184291898577613323e-04
2.459016393442622905e-02
0.000000000000000000e+00
1.955990220048899747e-02
0.000000000000000000e+00
0.000000000000000000e+00
0.000000000000000000e+00
2.976190476190476025e-02
0.000000000000000000e+00
4.320987654320987414e-02
3.333333333333333148e-01
0.000000000000000000e+00
9.523809523809523281e-02
5.000000000000000000e-01
3.897116134060794965e-03
0.000000000000000000e+00
2.525252525252525467e-03
0.000000000000000000e+00
0.000000000000000000e+00
0.000000000000000000e+00
0.000000000000000000e+00
0.000000000000000000e+00
0.000000000000000000e+00
0.000000000000000000e+00
0.000000000000000000e+00
6.666666666666666297e-01
0.000000000000000000e+00
2.770083102493074798e-03
5.000000000000000278e-02
0.000000000000000000e+00
5.827505827505827934e-03
7.633587786259541687e-03
0.000000000000000000e+00
2.000000000000000042e-02
1.710376282782212140e-03
1.415094339622641542e-02
3.333333333333333148e-01
0.000000000000000000e+00
1.923076923076923184e-02
5.714285714285714281e-03
0.000000000000000000e+00
9.411764705882352117e-03
5.136986301369862729e-03
5.882352941176470507e-02
0.000000000000000000e+00
0.000000000000000000e+00
0.000000000000000000e+00
0.000000000000000000e+00
2.517985611510791324e-02
6.266786034019695799e-03
8.051529790660224770e-03
1.639344262295082053e-02
2.173913043478260809e-02
3.300330033003300370e-03
5.757052389176741530e-03
0.000000000000000000e+00
7.968127490039840933e-04
0.000000000000000000e+00
0.000000000000000000e+00
0.000000000000000000e+00
5.350454788657035441e-04
0.000000000000000000e+00
0.000000000000000000e+00
5.555555555555555247e-02
0.000000000000000000e+00
2.564102564102564014e-02
0.000000000000000000e+00
6.521739130434782428e-02
1.031991744066047389e-03
3.205128205128205017e-03
3.984063745019920250e-03
3.723404255319148759e-02
0.000000000000000000e+00
6.250000000000000347e-03
1.950585175552665843e-03
2.721088435374149472e-03
0.000000000000000000e+00
1.204819277108433798e-02
0.000000000000000000e+00
0.000000000000000000e+00
2.307692307692307820e-01
2.237851662404091984e-03
0.000000000000000000e+00
1.444043321299639041e-02
6.289308176100629269e-03
1.605136436597110741e-03
0.000000000000000000e+00
0.000000000000000000e+00
1.923076923076923184e-02
8.571428571428571508e-02
0.000000000000000000e+00
0.000000000000000000e+00
0.000000000000000000e+00
0.000000000000000000e+00
0.000000000000000000e+00
0.000000000000000000e+00
0.000000000000000000e+00
2.941176470588235253e-02
2.999999999999999889e-01
2.333333333333333370e-01
0.000000000000000000e+00
2.369668246445497464e-02
4.885993485342019112e-03
8.823529411764706454e-02
0.000000000000000000e+00
0.000000000000000000e+00
0.000000000000000000e+00
0.000000000000000000e+00
0.000000000000000000e+00
2.169197396963123709e-03
2.727272727272727140e-02
0.000000000000000000e+00
2.000000000000000042e-02
0.000000000000000000e+00
7.075471698113207711e-03
5.065856129685917045e-03
0.000000000000000000e+00
0.000000000000000000e+00
1.232665639445300505e-02
0.000000000000000000e+00
0.000000000000000000e+00
6.349206349206349201e-03
1.180637544273907850e-03
0.000000000000000000e+00
0.000000000000000000e+00
1.470588235294117627e-02
1.666666666666666574e-01
6.410256410256410034e-03
0.000000000000000000e+00
0.000000000000000000e+00
0.000000000000000000e+00
0.000000000000000000e+00
0.000000000000000000e+00
1.538461538461538547e-02
5.000000000000000000e-01
0.000000000000000000e+00
0.000000000000000000e+00
0.000000000000000000e+00
0.000000000000000000e+00
0.000000000000000000e+00
0.000000000000000000e+00
9.090909090909091161e-02
0.000000000000000000e+00
2.047781569965870241e-02
0.000000000000000000e+00
1.315789473684210453e-02
0.000000000000000000e+00
0.000000000000000000e+00
1.010101010101010187e-02
