0.000000000000000000e+00
0.000000000000000000e+00
0.000000000000000000e+00
2.926829268292683098e-02
0.000000000000000000e+00
0.000000000000000000e+00
0.000000000000000000e+00
0.000000000000000000e+00
4.081632653061224858e-03
1.111111111111111049e-01
0.000000000000000000e+00
4.716981132075471518e-03
0.000000000000000000e+00
0.000000000000000000e+00
2.857142857142857054e-02
5.000000000000000000e-01
2.133333333333333262e-02
0.000000000000000000e+00
0.000000000000000000e+00
0.000000000000000000e+00
0.000000000000000000e+00
3.092783505154639290e-02
4.651162790697674354e-03
0.000000000000000000e+00
0.000000000000000000e+00
1.457194899817850636e-02
4.405286343612335211e-03
0.000000000000000000e+00
0.000000000000000000e+00
0.000000000000000000e+00
0.000000000000000000e+00
0.000000000000000000e+00
4.347826086956521618e-02
0.000000000000000000e+00
0.000000000000000000e+00
0.000000000000000000e+00
0.000000000000000000e+00
0.000000000000000000e+00
0.000000000000000000e+00
0.000000000000000000e+00
0.000000000000000000e+00
0.000000000000000000e+00
0.000000000000000000e+00
5.802707930367505089e-03
0.000000000000000000e+00
3.333333333333333287e-02
0.000000000000000000e+00
0.000000000000000000e+00
2.941176470588235253e-02
0.000000000000000000e+00
0.000000000000000000e+00
0.000000000000000000e+00
3.821656050955413858e-02
0.000000000000000000e+00
0.000000000000000000e+00
2.597402597402597574e-02
0.000000000000000000e+00
0.000000000000000000e+00
6.802721088435373896e-03
0.000000000000000000e+00
0.000000000000000000e+00
2.362204724409448786e-02
3.887269193391642164e-03
0.000000000000000000e+00
0.000000000000000000e+00
4.210526315789473589e-02
2.500000000000000000e-01
0.000000000000000000e+00
0.000000000000000000e+00
1.199999999999999956e-01
0.000000000000000000e+00
0.000000000000000000e+00
0.000000000000000000e+00
0.000000000000000000e+00
0.000000000000000000e+00
8.506616257088846569e-03
0.000000000000000000e+00
8.628954937679770079e-03
0.000000000000000000e+00
9.652509652509652736e-04
0.000000000000000000e+00
0.000000000000000000e+00
0.000000000000000000e+00
1.573033707865168634e-02
0.000000000000000000e+00
0.000000000000000000e+00
0.000000000000000000e+00
0.000000000000000000e+00
0.000000000000000000e+00
1.971830985915493106e-02
0.000000000000000000e+00
0.000000000000000000e+00
0.000000000000000000e+00
5.263157894736841987e-03
0.000000000000000000e+00
0.000000000000000000e+00
0.000000000000000000e+00
4.539264639128461304e-04
7.692307692307692735e-02
0.000000000000000000e+00
0.000000000000000000e+00
0.000000000000000000e+00
0.000000000000000000e+00
0.000000000000000000e+00
0.000000000000000000e+00
4.273504273504273934e-03
0.000000000000000000e+00
0.000000000000000000e+00
0.000000000000000000e+00
0.000000000000000000e+00
0.000000000000000000e+00
0.000000000000000000e+00
0.000000000000000000e+00
2.020202020202020374e-02
1.176470588235294101e-02
0.000000000000000000e+00
5.110732538330493673e-03
0.000000000000000000e+00
0.000000000000000000e+00
0.000000000000000000e+00
0.000000000000000000e+00
0.000000000000000000e+00
0.000000000000000000e+00
0.000000000000000000e+00
0.000000000000000000e+00
8.116883116883116117e-03
5.847953216374268681e-03
0.000000000000000000e+00
1.052631578947368397e-02
0.000000000000000000e+00
0.000000000000000000e+00
9.259259259259258745e-03
0.000000000000000000e+00
1.408450704225352144e-02
1.314636283961437366e-03
2.631578947368420907e-02
2.500000000000000000e-01
0.000000000000000000e+00
0.000000000000000000e+00
0.000000000000000000e+00
0.000000000000000000e+00
6.289308176100629269e-03
0.000000000000000000e+00
5.000000000000000000e-01
0.000000000000000000e+00
0.000000000000000000e+00
0.000000000000000000e+00
0.000000000000000000e+00
5.997001499250374616e-03
0.000000000000000000e+00
2.777777777777777624e-02
2.910737386804657361e-03
7.821229050279330033e-03
0.000000000000000000e+00
2.632568634825122218e-03
4.285714285714285476e-01
0.000000000000000000e+00
0.000000000000000000e+00
6.329113924050632813e-03
0.000000000000000000e+00
0.000000000000000000e+00
0.000000000000000000e+00
0.000000000000000000e+00
0.000000000000000000e+00
0.000000000000000000e+00
0.000000000000000000e+00
0.000000000000000000e+00
0.000000000000000000e+00
0.000000000000000000e+00
3.461538461538461731e-02
0.000000000000000000e+00
2.232142857142857019e-03
0.000000000000000000e+00
8.298755186721991708e-03
7.874015748031495954e-03
1.129943502824858753e-02
0.000000000000000000e+00
3.039513677811550140e-03
0.000000000000000000e+00
2.425876010781671116e-02
0.000000000000000000e+00
7.407407407407407690e-03
0.000000000000000000e+00
2.000000000000000042e-02
9.950248756218905283e-03
1.636661211129296313e-03
0.000000000000000000e+00
2.400000000000000050e-02
0.000000000000000000e+00
0.000000000000000000e+00
0.000000000000000000e+00
0.000000000000000000e+00
0.000000000000000000e+00
0.000000000000000000e+00
0.000000000000000000e+00
0.000000000000000000e+00
0.000000000000000000e+00
7.340946166394780002e-03
7.894736842105262720e-02
0.000000000000000000e+00
7.692307692307692735e-02
0.000000000000000000e+00
0.000000000000000000e+00
0.000000000000000000e+00
0.000000000000000000e+00
0.000000000000000000e+00
1.901140684410646377e-03
0.000000000000000000e+00
0.000000000000000000e+00
4.160887656033286988e-03
0.000000000000000000e+00
0.000000000000000000e+00
0.000000000000000000e+00
5.128205128205128027e-02
0.000000000000000000e+00
0.000000000000000000e+00
0.000000000000000000e+00
0.000000000000000000e+00
0.000000000000000000e+00
2.631578947368420907e-02
0.000000000000000000e+00
0.000000000000000000e+00
0.000000000000000000e+00
7.331378299120234598e-04
0.000000000000000000e+00
3.016591251885369657e-03
0.000000000000000000e+00
0.000000000000000000e+00
6.250000000000000000e-02
0.000000000000000000e+00
0.000000000000000000e+00
2.214022140221402063e-02
2.579535683576956312e-03
4.433497536945812945e-02
0.000000000000000000e+00
4.545454545454545234e-03
0.000000000000000000e+00
0.000000000000000000e+00
1.219512195121951262e-02
0.000000000000000000e+00
0.000000000000000000e+00
4.123711340206185488e-02
0.000000000000000000e+00
0.000000000000000000e+00
0.000000000000000000e+00
0.000000000000000000e+00
0.000000000000000000e+00
0.000000000000000000e+00
0.000000000000000000e+00
0.000000000000000000e+00
0.000000000000000000e+00
1.000000000000000000e+00
0.000000000000000000e+00
0.000000000000000000e+00
0.000000000000000000e+00
0.000000000000000000e+00
0.000000000000000000e+00
2.040816326530612082e-02
3.370786516853932491e-02
0.000000000000000000e+00
0.000000000000000000e+00
0.000000000000000000e+00
0.000000000000000000e+00
3.227888960619754687e-03
0.000000000000000000e+00
1.666666666666666574e-01
2.409638554216867595e-02
4.000000000000000083e-03
0.000000000000000000e+00
0.000000000000000000e+00
1.197604790419161749e-02
9.090909090909091161e-02
1.587301587301587213e-02
3.161222339304531077e-03
1.633986928104575213e-03
0.000000000000000000e+00
0.000000000000000000e+00
2.880658436213991841e-02
2.205071664829106985e-03
0.000000000000000000e+00
0.000000000000000000e+00
0.000000000000000000e+00
0.000000000000000000e+00
6.750241080038572698e-03
0.000000000000000000e+00
0.000000000000000000e+00
0.000000000000000000e+00
4.545454545454545581e-02
2.133333333333333436e-03
0.000000000000000000e+00
2.857142857142857140e-03
3.020134228187919354e-03
0.000000000000000000e+00
7.478632478632478951e-03
4.550050556117290167e-03
9.487666034155597906e-04
0.000000000000000000e+00
0.000000000000000000e+00
0.000000000000000000e+00
3.409090909090908839e-02
2.531645569620253125e-02
0.000000000000000000e+00
0.000000000000000000e+00
2.386634844868735193e-03
0.000000000000000000e+00
9.975062344139650188e-04
5.513439007580978567e-03
0.000000000000000000e+00
0.000000000000000000e+00
0.000000000000000000e+00
0.000000000000000000e+00
0.000000000000000000e+00
0.000000000000000000e+00
0.000000000000000000e+00
0.000000000000000000e+00
8.532423208191126582e-03
0.000000000000000000e+00
5.249343832020997302e-03
0.000000000000000000e+00
0.000000000000000000e+00
3.155569580309245965e-03
1.000000000000000056e-01
0.000000000000000000e+00
0.000000000000000000e+00
0.000000000000000000e+00
0.000000000000000000e+00
4.282655246252676899e-03
0.000000000000000000e+00
4.405286343612335211e-03
0.000000000000000000e+00
0.000000000000000000e+00
0.000000000000000000e+00
1.333333333333333419e-02
3.174603174603174427e-02
3.236245954692556787e-03
0.000000000000000000e+00
6.872852233676975814e-03
5.000000000000000000e-01
0.000000000000000000e+00
0.000000000000000000e+00
0.000000000000000000e+00
3.436426116838487907e-03
0.000000000000000000e+00
3.246753246753246967e-03
0.000000000000000000e+00
0.000000000000000000e+00
0.000000000000000000e+00
0.000000000000000000e+00
3.589948145193458309e-03
0.000000000000000000e+00
0.000000000000000000e+00
1.444043321299639041e-02
2.447980416156670530e-03
0.000000000000000000e+00
0.000000000000000000e+00
0.000000000000000000e+00
9.803921568627450844e-03
0.000000000000000000e+00
0.000000000000000000e+00
0.000000000000000000e+00
0.000000000000000000e+00
0.000000000000000000e+00
0.000000000000000000e+00
0.000000000000000000e+00
0.000000000000000000e+00
1.111111111111111049e-01
1.694915254237288130e-02
1.684446939921392487e-03
4.938271604938271331e-02
2.272727272727272790e-02
0.000000000000000000e+00
1.250000000000000069e-02
8.888888888888889228e-02
0.000000000000000000e+00
0.000000000000000000e+00
0.000000000000000000e+00
0.000000000000000000e+00
1.657458563535911533e-02
0.000000000000000000e+00
0.000000000000000000e+00
0.000000000000000000e+00
0.000000000000000000e+00
0.000000000000000000e+00
2.866242038216560567e-02
0.000000000000000000e+00
0.000000000000000000e+00
0.000000000000000000e+00
0.000000000000000000e+00
0.000000000000000000e+00
0.000000000000000000e+00
0.000000000000000000e+00
0.000000000000000000e+00
0.000000000000000000e+00
0.000000000000000000e+00
0.000000000000000000e+00
2.702702702702702853e-02
0.000000000000000000e+00
2.393617021276595730e-02
4.347826086956521792e-03
0.000000000000000000e+00
0.000000000000000000e+00
5.853658536585365849e-03
0.000000000000000000e+00
0.000000000000000000e+00
0.000000000000000000e+00
0.000000000000000000e+00
0.000000000000000000e+00
3.792188092529389255e-04
6.818181818181817677e-02
3.288391976323577857e-03
0.000000000000000000e+00
0.000000000000000000e+00
4.761904761904761640e-02
2.604166666666666522e-03
0.000000000000000000e+00
0.000000000000000000e+00
0.000000000000000000e+00
0.000000000000000000e+00
2.489626556016597339e-02
8.333333333333332871e-02
0.000000000000000000e+00
0.000000000000000000e+00
0.000000000000000000e+00
8.045052292839903821e-03
8.226691042047531641e-03
3.287310979618672090e-03
0.000000000000000000e+00
0.000000000000000000e+00
0.000000000000000000e+00
0.000000000000000000e+00
0.000000000000000000e+00
0.000000000000000000e+00
0.000000000000000000e+00
4.484304932735425943e-03
0.000000000000000000e+00
0.000000000000000000e+00
5.025125628140703592e-03
0.000000000000000000e+00
1.129943502824858753e-02
3.225806451612903136e-02
0.000000000000000000e+00
0.000000000000000000e+00
1.216545012165450154e-03
1.086956521739130405e-02
0.000000000000000000e+00
0.000000000000000000e+00
0.000000000000000000e+00
3.236245954692556787e-03
0.000000000000000000e+00
1.694915254237288086e-03
1.449275362318840597e-02
0.000000000000000000e+00
4.017857142857143155e-02
2.253521126760563500e-02
2.992220227408737103e-03
4.255319148936170109e-02
0.000000000000000000e+00
3.477051460361613188e-04
2.500000000000000000e-01
0.000000000000000000e+00
5.000000000000000000e-01
0.000000000000000000e+00
0.000000000000000000e+00
0.000000000000000000e+00
0.000000000000000000e+00
0.000000000000000000e+00
0.000000000000000000e+00
0.000000000000000000e+00
0.000000000000000000e+00
0.000000000000000000e+00
0.000000000000000000e+00
1.704545454545454419e-02
9.146341463414633596e-03
0.000000000000000000e+00
0.000000000000000000e+00
1.840490797546012400e-02
0.000000000000000000e+00
0.000000000000000000e+00
0.000000000000000000e+00
0.000000000000000000e+00
2.369668246445497811e-03
0.000000000000000000e+00
0.000000000000000000e+00
0.000000000000000000e+00
0.000000000000000000e+00
0.000000000000000000e+00
2.257336343115123965e-03
0.000000000000000000e+00
0.000000000000000000e+00
0.000000000000000000e+00
1.739130434782608647e-01
0.000000000000000000e+00
0.000000000000000000e+00
0.000000000000000000e+00
0.000000000000000000e+00
2.624671916010498651e-03
0.000000000000000000e+00
0.000000000000000000e+00
0.000000000000000000e+00
0.000000000000000000e+00
0.000000000000000000e+00
0.000000000000000000e+00
0.000000000000000000e+00
0.000000000000000000e+00
2.486187845303867300e-02
1.652892561983471120e-02
0.000000000000000000e+00
0.000000000000000000e+00
0.000000000000000000e+00
9.259259259259258745e-03
1.874999999999999931e-02
0.000000000000000000e+00
0.000000000000000000e+00
0.000000000000000000e+00
0.000000000000000000e+00
0.000000000000000000e+00
2.486187845303867300e-02
4.694835680751173815e-03
0.000000000000000000e+00
2.684563758389261687e-02
0.000000000000000000e+00
5.249343832020997302e-03
4.347826086956521618e-02
0.000000000000000000e+00
1.605504587155963392e-02
6.030150753768843963e-03
0.000000000000000000e+00
0.000000000000000000e+00
0.000000000000000000e+00
0.000000000000000000e+00
1.123595505617977497e-02
0.000000000000000000e+00
0.000000000000000000e+00
5.316321105794790400e-04
1.447178002894355898e-03
1.152073732718894052e-02
0.000000000000000000e+00
3.961516694963214576e-03
0.000000000000000000e+00
0.000000000000000000e+00
9.090909090909091161e-02
0.000000000000000000e+00
2.061855670103092744e-02
5.479452054794520591e-03
0.000000000000000000e+00
0.000000000000000000e+00
0.000000000000000000e+00
0.000000000000000000e+00
6.481481481481481122e-02
1.067615658362989356e-02
0.000000000000000000e+00
0.000000000000000000e+00
3.553299492385787045e-02
0.000000000000000000e+00
2.166847237269772363e-03
0.000000000000000000e+00
0.000000000000000000e+00
0.000000000000000000e+00
1.948051948051948007e-02
0.000000000000000000e+00
1.470588235294117627e-02
0.000000000000000000e+00
0.000000000000000000e+00
0.000000000000000000e+00
2.222222222222222099e-01
0.000000000000000000e+00
0.000000000000000000e+00
0.000000000000000000e+00
0.000000000000000000e+00
0.000000000000000000e+00
3.558718861209964231e-03
8.980691513246519568e-04
7.077856420626895718e-03
2.500000000000000000e-01
4.680187207488299694e-03
2.368421052631579024e-02
0.000000000000000000e+00
0.000000000000000000e+00
5.174644243208279849e-03
0.000000000000000000e+00
2.439024390243902524e-02
0.000000000000000000e+00
0.000000000000000000e+00
0.000000000000000000e+00
0.000000000000000000e+00
0.000000000000000000e+00
2.881844380403458111e-02
1.358695652173913006e-02
4.054054054054054279e-02
2.500000000000000000e-01
0.000000000000000000e+00
0.000000000000000000e+00
0.000000000000000000e+00
0.000000000000000000e+00
0.000000000000000000e+00
0.000000000000000000e+00
0.000000000000000000e+00
1.792114695340501791e-03
0.000000000000000000e+00
2.578150177247824897e-03
0.000000000000000000e+00
3.211303789338471309e-03
2.142857142857142877e-02
0.000000000000000000e+00
0.000000000000000000e+00
2.247191011235954994e-02
0.000000000000000000e+00
3.772161448509996073e-03
0.000000000000000000e+00
5.347593582887700224e-03
0.000000000000000000e+00
5.235602094240838014e-03
0.000000000000000000e+00
0.000000000000000000e+00
1.418439716312056833e-03
0.000000000000000000e+00
1.272264631043257092e-03
0.000000000000000000e+00
0.000000000000000000e+00
4.484304932735425943e-03
0.000000000000000000e+00
0.000000000000000000e+00
0.000000000000000000e+00
1.562500000000000000e-02
0.000000000000000000e+00
0.000000000000000000e+00
0.000000000000000000e+00
0.000000000000000000e+00
0.000000000000000000e+00
0.000000000000000000e+00
0.000000000000000000e+00
0.000000000000000000e+00
0.000000000000000000e+00
0.000000000000000000e+00
0.000000000000000000e+00
0.000000000000000000e+00
0.000000000000000000e+00
0.000000000000000000e+00
2.658690594882020392e-03
0.000000000000000000e+00
0.000000000000000000e+00
0.000000000000000000e+00
7.917656373713380033e-03
4.444444444444444441e-03
0.000000000000000000e+00
0.000000000000000000e+00
9.259259259259258745e-03
0.000000000000000000e+00
0.000000000000000000e+00
0.000000000000000000e+00
0.000000000000000000e+00
3.134796238244513984e-03
4.576659038901601841e-03
7.567567567567567467e-03
2.099370188943316864e-03
2.654867256637168105e-02
0.000000000000000000e+00
4.434589800443458976e-03
0.000000000000000000e+00
0.000000000000000000e+00
0.000000000000000000e+00
0.000000000000000000e+00
6.119951040391676325e-04
0.000000000000000000e+00
6.250000000000000000e-02
0.000000000000000000e+00
0.000000000000000000e+00
0.000000000000000000e+00
0.000000000000000000e+00
0.000000000000000000e+00
0.000000000000000000e+00
5.747126436781609116e-03
4.000000000000000083e-02
0.000000000000000000e+00
0.000000000000000000e+00
3.750000000000000000e-01
7.003891050583657858e-03
1.111111111111111049e-01
0.000000000000000000e+00
0.000000000000000000e+00
0.000000000000000000e+00
2.868617326448651920e-03
0.000000000000000000e+00
0.000000000000000000e+00
4.010695187165775819e-03
0.000000000000000000e+00
6.250000000000000000e-02
4.504504504504504465e-03
0.000000000000000000e+00
0.000000000000000000e+00
0.000000000000000000e+00
3.558718861209964231e-03
0.000000000000000000e+00
1.078748651564185625e-02
0.000000000000000000e+00
1.250000000000000069e-02
0.000000000000000000e+00
0.000000000000000000e+00
0.000000000000000000e+00
2.309468822170900656e-03
0.000000000000000000e+00
0.000000000000000000e+00
0.000000000000000000e+00
0.000000000000000000e+00
0.000000000000000000e+00
1.440922190201729012e-03
1.176470588235294101e-01
1.030927835051546372e-02
4.545454545454545581e-02
0.000000000000000000e+00
0.000000000000000000e+00
0.000000000000000000e+00
0.000000000000000000e+00
0.000000000000000000e+00
0.000000000000000000e+00
0.000000000000000000e+00
0.000000000000000000e+00
2.222222222222222307e-02
4.909983633387888721e-03
0.000000000000000000e+00
0.000000000000000000e+00
0.000000000000000000e+00
2.837326607818411311e-03
0.000000000000000000e+00
0.000000000000000000e+00
9.708737864077669061e-03
7.692307692307692735e-02
0.000000000000000000e+00
3.333333333333333148e-01
2.542372881355932368e-02
3.097040605643496414e-03
0.000000000000000000e+00
0.000000000000000000e+00
6.024096385542168988e-03
1.955307262569832422e-02
1.442307692307692388e-02
3.791982665222101961e-03
0.000000000000000000e+00
0.000000000000000000e+00
0.000000000000000000e+00
0.000000000000000000e+00
0.000000000000000000e+00
4.105090311986863577e-04
0.000000000000000000e+00
0.000000000000000000e+00
0.000000000000000000e+00
0.000000000000000000e+00
0.000000000000000000e+00
0.000000000000000000e+00
2.158273381294964141e-02
3.557312252964427157e-02
0.000000000000000000e+00
1.818181818181818094e-02
0.000000000000000000e+00
1.219512195121951262e-02
0.000000000000000000e+00
4.734350341925302325e-03
0.000000000000000000e+00
0.000000000000000000e+00
0.000000000000000000e+00
0.000000000000000000e+00
0.000000000000000000e+00
0.000000000000000000e+00
0.000000000000000000e+00
0.000000000000000000e+00
0.000000000000000000e+00
0.000000000000000000e+00
0.000000000000000000e+00
0.000000000000000000e+00
0.000000000000000000e+00
0.000000000000000000e+00
0.000000000000000000e+00
0.000000000000000000e+00
6.250000000000000000e-02
6.718924972004478892e-03
0.000000000000000000e+00
2.826855123674911624e-02
0.000000000000000000e+00
0.000000000000000000e+00
0.000000000000000000e+00
0.000000000000000000e+00
0.000000000000000000e+00
0.000000000000000000e+00
6.823609689525759634e-04
0.000000000000000000e+00
0.000000000000000000e+00
1.287553648068669523e-02
0.000000000000000000e+00
0.000000000000000000e+00
1.369863013698630061e-02
0.000000000000000000e+00
0.000000000000000000e+00
0.000000000000000000e+00
0.000000000000000000e+00
0.000000000000000000e+00
4.347826086956521792e-03
2.000000000000000111e-01
0.000000000000000000e+00
3.846153846153846367e-02
1.052262364082778021e-03
7.380073800738007166e-03
0.000000000000000000e+00
0.000000000000000000e+00
0.000000000000000000e+00
0.000000000000000000e+00
0.000000000000000000e+00
2.144772117962466529e-02
0.000000000000000000e+00
0.000000000000000000e+00
1.818181818181818094e-02
5.797101449275362389e-02
0.000000000000000000e+00
7.648183556405353670e-04
0.000000000000000000e+00
0.000000000000000000e+00
0.000000000000000000e+00
4.022121669180492298e-03
0.000000000000000000e+00
2.439024390243902524e-02
0.000000000000000000e+00
3.693444136657432920e-03
0.000000000000000000e+00
0.000000000000000000e+00
2.293577981651376274e-02
0.000000000000000000e+00
0.000000000000000000e+00
8.928571428571428076e-03
0.000000000000000000e+00
0.000000000000000000e+00
6.143344709897610549e-03
0.000000000000000000e+00
0.000000000000000000e+00
0.000000000000000000e+00
1.918771985929005426e-03
0.000000000000000000e+00
1.069900142653352386e-03
0.000000000000000000e+00
2.266839378238341782e-03
0.000000000000000000e+00
0.000000000000000000e+00
0.000000000000000000e+00
1.535087719298245529e-02
0.000000000000000000e+00
0.000000000000000000e+00
2.693602693602693485e-02
0.000000000000000000e+00
0.000000000000000000e+00
0.000000000000000000e+00
0.000000000000000000e+00
2.105263157894736725e-01
2.659574468085106405e-02
0.000000000000000000e+00
2.857142857142856984e-01
0.000000000000000000e+00
0.000000000000000000e+00
0.000000000000000000e+00
0.000000000000000000e+00
3.465346534653465649e-02
0.000000000000000000e+00
1.315789473684210453e-02
0.000000000000000000e+00
2.337662337662337747e-02
0.000000000000000000e+00
0.000000000000000000e+00
0.000000000000000000e+00
0.000000000000000000e+00
0.000000000000000000e+00
0.000000000000000000e+00
2.457002457002456942e-03
5.000000000000000000e-01
0.000000000000000000e+00
5.335365853658536987e-03
0.000000000000000000e+00
0.000000000000000000e+00
0.000000000000000000e+00
0.000000000000000000e+00
3.465346534653465649e-02
0.000000000000000000e+00
0.000000000000000000e+00
0.000000000000000000e+00
0.000000000000000000e+00
0.000000000000000000e+00
0.000000000000000000e+00
5.050505050505050934e-03
0.000000000000000000e+00
0.000000000000000000e+00
0.000000000000000000e+00
0.000000000000000000e+00
1.111111111111111049e-01
4.188481675392670411e-02
0.000000000000000000e+00
2.970297029702970160e-02
5.725190839694656482e-03
8.467400508044030383e-03
0.000000000000000000e+00
0.000000000000000000e+00
0.000000000000000000e+00
0.000000000000000000e+00
3.571428571428571230e-02
7.407407407407406996e-02
0.000000000000000000e+00
0.000000000000000000e+00
0.000000000000000000e+00
9.240246406570841800e-03
0.000000000000000000e+00
0.000000000000000000e+00
3.861003861003861094e-03
0.000000000000000000e+00
0.000000000000000000e+00
0.000000000000000000e+00
0.000000000000000000e+00
0.000000000000000000e+00
0.000000000000000000e+00
3.175723359209597918e-03
0.000000000000000000e+00
0.000000000000000000e+00
0.000000000000000000e+00
1.914893617021276584e-01
0.000000000000000000e+00
6.329113924050632813e-03
0.000000000000000000e+00
0.000000000000000000e+00
0.000000000000000000e+00
0.000000000000000000e+00
0.000000000000000000e+00
0.000000000000000000e+00
2.359882005899704982e-02
0.000000000000000000e+00
0.000000000000000000e+00
0.000000000000000000e+00
0.000000000000000000e+00
0.000000000000000000e+00
0.000000000000000000e+00
0.000000000000000000e+00
0.000000000000000000e+00
0.000000000000000000e+00
8.333333333333332871e-02
0.000000000000000000e+00
0.000000000000000000e+00
0.000000000000000000e+00
0.000000000000000000e+00
3.554923569143263531e-03
1.988636363636363605e-02
0.000000000000000000e+00
2.290076335877862593e-02
1.257861635220125724e-03
0.000000000000000000e+00
0.000000000000000000e+00
2.955665024630541732e-02
3.947368421052631360e-02
0.000000000000000000e+00
0.000000000000000000e+00
4.464285714285714038e-03
0.000000000000000000e+00
0.000000000000000000e+00
0.000000000000000000e+00
2.040816326530612082e-02
3.731343283582089481e-03
1.428571428571428492e-01
0.000000000000000000e+00
0.000000000000000000e+00
0.000000000000000000e+00
0.000000000000000000e+00
0.000000000000000000e+00
0.000000000000000000e+00
0.000000000000000000e+00
0.000000000000000000e+00
0.000000000000000000e+00
0.000000000000000000e+00
0.000000000000000000e+00
0.000000000000000000e+00
0.000000000000000000e+00
0.000000000000000000e+00
3.143665513989311530e-03
0.000000000000000000e+00
7.987220447284344715e-03
0.000000000000000000e+00
0.000000000000000000e+00
0.000000000000000000e+00
0.000000000000000000e+00
5.000000000000000278e-02
0.000000000000000000e+00
5.084745762711864736e-02
0.000000000000000000e+00
0.000000000000000000e+00
2.585649644473173806e-03
3.629764065335753034e-03
2.577319587628865843e-02
8.333333333333332871e-02
0.000000000000000000e+00
0.000000000000000000e+00
3.937007874015747977e-03
1.398601398601398600e-02
0.000000000000000000e+00
0.000000000000000000e+00
0.000000000000000000e+00
0.000000000000000000e+00
0.000000000000000000e+00
8.354218880534669545e-04
0.000000000000000000e+00
0.000000000000000000e+00
3.476245654692931581e-03
0.000000000000000000e+00
0.000000000000000000e+00
2.657218777679362133e-03
4.545454545454545581e-02
0.000000000000000000e+00
1.349527665317139073e-02
0.000000000000000000e+00
0.000000000000000000e+00
0.000000000000000000e+00
0.000000000000000000e+00
0.000000000000000000e+00
2.433090024330900308e-03
3.525264394829612322e-03
0.000000000000000000e+00
0.000000000000000000e+00
0.000000000000000000e+00
0.000000000000000000e+00
7.821229050279330033e-03
0.000000000000000000e+00
0.000000000000000000e+00
0.000000000000000000e+00
0.000000000000000000e+00
5.208333333333333044e-03
0.000000000000000000e+00
0.000000000000000000e+00
5.783689994216309601e-04
0.000000000000000000e+00
4.629629629629629373e-03
3.067484662576687188e-03
0.000000000000000000e+00
0.000000000000000000e+00
0.000000000000000000e+00
0.000000000000000000e+00
2.077922077922077920e-02
0.000000000000000000e+00
2.500000000000000000e-01
2.926115581565471961e-03
0.000000000000000000e+00
0.000000000000000000e+00
1.923076923076923184e-02
0.000000000000000000e+00
0.000000000000000000e+00
3.444712366517396025e-04
0.000000000000000000e+00
0.000000000000000000e+00
0.000000000000000000e+00
0.000000000000000000e+00
0.000000000000000000e+00
0.000000000000000000e+00
0.000000000000000000e+00
0.000000000000000000e+00
0.000000000000000000e+00
0.000000000000000000e+00
4.901960784313725422e-03
0.000000000000000000e+00
9.404388714733542820e-03
1.724137931034482735e-02
0.000000000000000000e+00
0.000000000000000000e+00
2.083333333333333218e-02
1.176470588235294101e-02
1.680672268907562952e-02
0.000000000000000000e+00
0.000000000000000000e+00
0.000000000000000000e+00
0.000000000000000000e+00
3.395585738539898084e-03
0.000000000000000000e+00
5.491488193300384478e-03
3.318951211417192019e-03
0.000000000000000000e+00
9.365244536940686357e-03
0.000000000000000000e+00
0.000000000000000000e+00
2.638522427440633325e-02
0.000000000000000000e+00
9.594882729211088104e-03
7.407407407407407690e-03
7.062146892655367207e-03
0.000000000000000000e+00
0.000000000000000000e+00
0.000000000000000000e+00
2.980625931445603574e-03
3.164556962025316406e-03
0.000000000000000000e+00
2.826189354686764119e-03
0.000000000000000000e+00
0.000000000000000000e+00
0.000000000000000000e+00
0.000000000000000000e+00
7.430997876857749554e-03
0.000000000000000000e+00
0.000000000000000000e+00
0.000000000000000000e+00
1.101928374655647414e-02
9.708737864077669061e-03
0.000000000000000000e+00
0.000000000000000000e+00
1.010101010101010187e-02
2.500000000000000000e-01
3.797468354430379861e-02
4.911591355599213794e-04
0.000000000000000000e+00
0.000000000000000000e+00
0.000000000000000000e+00
0.000000000000000000e+00
0.000000000000000000e+00
0.000000000000000000e+00
4.434589800443458976e-04
0.000000000000000000e+00
0.000000000000000000e+00
0.000000000000000000e+00
0.000000000000000000e+00
0.000000000000000000e+00
0.000000000000000000e+00
0.000000000000000000e+00
0.000000000000000000e+00
0.000000000000000000e+00
5.617977528089887485e-03
0.000000000000000000e+00
3.968253968253968034e-03
8.264462809917355601e-03
3.030303030303030387e-02
0.000000000000000000e+00
0.000000000000000000e+00
0.000000000000000000e+00
3.211561621838619155e-03
0.000000000000000000e+00
2.528089887640449368e-02
0.000000000000000000e+00
4.058441558441558059e-03
0.000000000000000000e+00
1.703163017031630172e-02
3.649635036496350245e-03
0.000000000000000000e+00
4.610655737704917947e-03
0.000000000000000000e+00
4.347826086956521618e-02
0.000000000000000000e+00
4.040404040404040747e-02
0.000000000000000000e+00
0.000000000000000000e+00
0.000000000000000000e+00
0.000000000000000000e+00
0.000000000000000000e+00
1.621621621621621712e-02
0.000000000000000000e+00
0.000000000000000000e+00
0.000000000000000000e+00
4.761904761904761640e-02
1.855287569573283888e-03
3.688524590163934358e-02
0.000000000000000000e+00
1.222493887530562429e-02
0.000000000000000000e+00
0.000000000000000000e+00
0.000000000000000000e+00
1.190476190476190410e-02
0.000000000000000000e+00
2.469135802469135665e-02
0.000000000000000000e+00
5.000000000000000000e-01
0.000000000000000000e+00
0.000000000000000000e+00
0.000000000000000000e+00
0.000000000000000000e+00
0.000000000000000000e+00
0.000000000000000000e+00
3.852080123266564079e-04
0.000000000000000000e+00
0.000000000000000000e+00
0.000000000000000000e+00
0.000000000000000000e+00
0.000000000000000000e+00
0.000000000000000000e+00
0.000000000000000000e+00
0.000000000000000000e+00
2.770083102493074798e-03
5.000000000000000278e-02
7.194244604316547137e-03
5.827505827505827934e-03
7.633587786259541687e-03
0.000000000000000000e+00
0.000000000000000000e+00
4.561003420752565707e-03
1.886792452830188607e-02
0.000000000000000000e+00
4.608294930875576033e-03
1.923076923076923184e-02
2.857142857142857140e-03
0.000000000000000000e+00
1.176470588235294101e-02
3.424657534246575152e-03
0.000000000000000000e+00
0.000000000000000000e+00
0.000000000000000000e+00
0.000000000000000000e+00
0.000000000000000000e+00
0.000000000000000000e+00
0.000000000000000000e+00
6.441223832528180336e-03
0.000000000000000000e+00
1.086956521739130405e-02
0.000000000000000000e+00
2.302820955670696786e-03
0.000000000000000000e+00
0.000000000000000000e+00
0.000000000000000000e+00
1.250000000000000000e-01
0.000000000000000000e+00
5.350454788657035441e-04
0.000000000000000000e+00
0.000000000000000000e+00
5.555555555555555247e-02
0.000000000000000000e+00
0.000000000000000000e+00
0.000000000000000000e+00
0.000000000000000000e+00
2.063983488132094778e-03
0.000000000000000000e+00
1.992031872509960125e-02
3.191489361702127409e-02
0.000000000000000000e+00
6.250000000000000347e-03
2.925877763328998873e-03
2.721088435374149472e-03
0.000000000000000000e+00
6.024096385542168988e-03
0.000000000000000000e+00
0.000000000000000000e+00
1.538461538461538547e-01
3.196930946291560039e-03
1.162790697674418589e-02
1.444043321299639041e-02
0.000000000000000000e+00
1.444622792937399688e-02
0.000000000000000000e+00
0.000000000000000000e+00
2.472527472527472417e-02
2.857142857142857054e-02
0.000000000000000000e+00
0.000000000000000000e+00
0.000000000000000000e+00
0.000000000000000000e+00
1.492537313432835792e-02
0.000000000000000000e+00
0.000000000000000000e+00
5.882352941176470507e-02
0.000000000000000000e+00
1.333333333333333315e-01
1.818181818181818094e-02
2.843601895734597026e-02
1.140065146579804546e-02
0.000000000000000000e+00
0.000000000000000000e+00
0.000000000000000000e+00
0.000000000000000000e+00
0.000000000000000000e+00
0.000000000000000000e+00
1.952277657266811295e-02
2.424242424242424240e-02
1.226993865030674875e-02
0.000000000000000000e+00
0.000000000000000000e+00
0.000000000000000000e+00
0.000000000000000000e+00
0.000000000000000000e+00
0.000000000000000000e+00
9.244992295839754223e-03
1.041666666666666609e-02
0.000000000000000000e+00
3.174603174603174600e-03
5.903187721369539467e-03
0.000000000000000000e+00
0.000000000000000000e+00
7.352941176470588133e-03
0.000000000000000000e+00
1.709401709401709574e-02
0.000000000000000000e+00
0.000000000000000000e+00
0.000000000000000000e+00
3.649635036496350245e-03
0.000000000000000000e+00
0.000000000000000000e+00
0.000000000000000000e+00
0.000000000000000000e+00
0.000000000000000000e+00
0.000000000000000000e+00
0.000000000000000000e+00
3.273322422258592625e-03
1.587301587301587213e-02
0.000000000000000000e+00
9.090909090909091161e-02
3.412969283276450546e-03
0.000000000000000000e+00
3.947368421052631360e-02
0.000000000000000000e+00
0.000000000000000000e+00
0.000000000000000000e+00
