0.000000000000000000e+00
0.000000000000000000e+00
0.000000000000000000e+00
2.406417112299465144e-02
0.000000000000000000e+00
0.000000000000000000e+00
0.000000000000000000e+00
5.235602094240838014e-03
0.000000000000000000e+00
6.993006993006993001e-03
0.000000000000000000e+00
0.000000000000000000e+00
0.000000000000000000e+00
0.000000000000000000e+00
0.000000000000000000e+00
0.000000000000000000e+00
0.000000000000000000e+00
0.000000000000000000e+00
0.000000000000000000e+00
1.063829787234042527e-02
0.000000000000000000e+00
1.315789473684210453e-02
0.000000000000000000e+00
0.000000000000000000e+00
0.000000000000000000e+00
0.000000000000000000e+00
5.517241379310344751e-02
0.000000000000000000e+00
0.000000000000000000e+00
7.042253521126760722e-03
1.457725947521865866e-03
0.000000000000000000e+00
2.325581395348837177e-02
0.000000000000000000e+00
0.000000000000000000e+00
0.000000000000000000e+00
0.000000000000000000e+00
2.380952380952380820e-02
0.000000000000000000e+00
0.000000000000000000e+00
0.000000000000000000e+00
1.222826086956521792e-02
0.000000000000000000e+00
0.000000000000000000e+00
0.000000000000000000e+00
7.751937984496123923e-03
0.000000000000000000e+00
3.592814371257484988e-03
9.394572025052191563e-03
0.000000000000000000e+00
0.000000000000000000e+00
0.000000000000000000e+00
0.000000000000000000e+00
0.000000000000000000e+00
0.000000000000000000e+00
0.000000000000000000e+00
0.000000000000000000e+00
1.515151515151515194e-02
1.250000000000000069e-02
0.000000000000000000e+00
0.000000000000000000e+00
3.937007874015747977e-03
2.739726027397260122e-02
2.652519893899204367e-02
0.000000000000000000e+00
0.000000000000000000e+00
0.000000000000000000e+00
0.000000000000000000e+00
0.000000000000000000e+00
0.000000000000000000e+00
0.000000000000000000e+00
0.000000000000000000e+00
0.000000000000000000e+00
1.030927835051546372e-02
3.460207612456747510e-03
4.582951420714940355e-03
0.000000000000000000e+00
0.000000000000000000e+00
0.000000000000000000e+00
0.000000000000000000e+00
0.000000000000000000e+00
0.000000000000000000e+00
0.000000000000000000e+00
0.000000000000000000e+00
0.000000000000000000e+00
3.152585119798234550e-03
0.000000000000000000e+00
0.000000000000000000e+00
3.191489361702127409e-02
0.000000000000000000e+00
3.846153846153846367e-02
2.631578947368420907e-02
2.000000000000000111e-01
8.547008547008547868e-03
0.000000000000000000e+00
0.000000000000000000e+00
1.035673187571921686e-02
0.000000000000000000e+00
0.000000000000000000e+00
0.000000000000000000e+00
0.000000000000000000e+00
0.000000000000000000e+00
0.000000000000000000e+00
0.000000000000000000e+00
0.000000000000000000e+00
1.250000000000000000e-01
0.000000000000000000e+00
0.000000000000000000e+00
0.000000000000000000e+00
1.067615658362989399e-03
0.000000000000000000e+00
5.964214711729622087e-03
1.351351351351351426e-02
0.000000000000000000e+00
0.000000000000000000e+00
0.000000000000000000e+00
0.000000000000000000e+00
0.000000000000000000e+00
6.435006435006434579e-03
0.000000000000000000e+00
0.000000000000000000e+00
0.000000000000000000e+00
0.000000000000000000e+00
0.000000000000000000e+00
0.000000000000000000e+00
0.000000000000000000e+00
0.000000000000000000e+00
0.000000000000000000e+00
6.535947712418300852e-03
0.000000000000000000e+00
5.540166204986149597e-03
0.000000000000000000e+00
2.209944751381215378e-02
3.015075376884421982e-02
2.830188679245283084e-02
0.000000000000000000e+00
0.000000000000000000e+00
2.083333333333333218e-02
2.832861189801699851e-03
0.000000000000000000e+00
9.375000000000000000e-02
2.083333333333333218e-02
0.000000000000000000e+00
0.000000000000000000e+00
0.000000000000000000e+00
0.000000000000000000e+00
8.291873963515754981e-03
0.000000000000000000e+00
2.298850574712643646e-02
0.000000000000000000e+00
0.000000000000000000e+00
0.000000000000000000e+00
2.500000000000000000e-01
5.336179295624333095e-03
0.000000000000000000e+00
0.000000000000000000e+00
5.213764337851928797e-03
1.025641025641025640e-02
0.000000000000000000e+00
0.000000000000000000e+00
0.000000000000000000e+00
0.000000000000000000e+00
0.000000000000000000e+00
0.000000000000000000e+00
0.000000000000000000e+00
1.261034047919293820e-03
3.690036900369003583e-03
0.000000000000000000e+00
2.941176470588235253e-02
0.000000000000000000e+00
0.000000000000000000e+00
0.000000000000000000e+00
2.564102564102564014e-02
2.247191011235954994e-02
1.226993865030674875e-02
0.000000000000000000e+00
0.000000000000000000e+00
0.000000000000000000e+00
0.000000000000000000e+00
0.000000000000000000e+00
0.000000000000000000e+00
0.000000000000000000e+00
3.214285714285714229e-03
0.000000000000000000e+00
0.000000000000000000e+00
0.000000000000000000e+00
0.000000000000000000e+00
5.988023952095808747e-03
0.000000000000000000e+00
0.000000000000000000e+00
1.239669421487603340e-02
0.000000000000000000e+00
2.923976608187134341e-03
0.000000000000000000e+00
0.000000000000000000e+00
1.015228426395939007e-02
0.000000000000000000e+00
0.000000000000000000e+00
4.240882103477523063e-03
3.146633102580239359e-04
0.000000000000000000e+00
0.000000000000000000e+00
0.000000000000000000e+00
1.455301455301455382e-02
0.000000000000000000e+00
2.777777777777777624e-02
3.703703703703703498e-02
0.000000000000000000e+00
0.000000000000000000e+00
0.000000000000000000e+00
1.388888888888888812e-02
2.212389380530973421e-03
0.000000000000000000e+00
0.000000000000000000e+00
0.000000000000000000e+00
1.275917065390749609e-02
0.000000000000000000e+00
0.000000000000000000e+00
1.064962726304579440e-03
0.000000000000000000e+00
0.000000000000000000e+00
0.000000000000000000e+00
3.916449086161879513e-03
0.000000000000000000e+00
0.000000000000000000e+00
0.000000000000000000e+00
6.968641114982578391e-03
0.000000000000000000e+00
0.000000000000000000e+00
0.000000000000000000e+00
3.367003367003366856e-03
0.000000000000000000e+00
0.000000000000000000e+00
0.000000000000000000e+00
3.616636528028932974e-03
0.000000000000000000e+00
8.474576271186440649e-03
0.000000000000000000e+00
0.000000000000000000e+00
8.163265306122448328e-02
0.000000000000000000e+00
4.761904761904761640e-02
0.000000000000000000e+00
0.000000000000000000e+00
0.000000000000000000e+00
4.444444444444444441e-03
0.000000000000000000e+00
5.000000000000000278e-02
0.000000000000000000e+00
0.000000000000000000e+00
0.000000000000000000e+00
5.025125628140703592e-03
0.000000000000000000e+00
0.000000000000000000e+00
4.347826086956521618e-02
0.000000000000000000e+00
3.048780487804878155e-03
3.846153846153846367e-02
2.631578947368420907e-02
0.000000000000000000e+00
5.230125523012552069e-03
3.061224489795918297e-02
0.000000000000000000e+00
0.000000000000000000e+00
0.000000000000000000e+00
0.000000000000000000e+00
4.098360655737705131e-03
0.000000000000000000e+00
1.694915254237288130e-02
1.072705601907032215e-02
0.000000000000000000e+00
3.395585738539898301e-04
0.000000000000000000e+00
0.000000000000000000e+00
7.759456838021338600e-03
2.386634844868735193e-03
0.000000000000000000e+00
0.000000000000000000e+00
4.651162790697674354e-03
0.000000000000000000e+00
0.000000000000000000e+00
0.000000000000000000e+00
0.000000000000000000e+00
0.000000000000000000e+00
3.676470588235294067e-03
0.000000000000000000e+00
0.000000000000000000e+00
0.000000000000000000e+00
0.000000000000000000e+00
0.000000000000000000e+00
0.000000000000000000e+00
0.000000000000000000e+00
1.982378854625550801e-02
5.491488193300384478e-04
0.000000000000000000e+00
0.000000000000000000e+00
0.000000000000000000e+00
0.000000000000000000e+00
0.000000000000000000e+00
5.988023952095808747e-03
0.000000000000000000e+00
1.848428835489833617e-03
2.805049088359046205e-03
2.589834898025251009e-03
0.000000000000000000e+00
4.901960784313725422e-03
0.000000000000000000e+00
2.116402116402116285e-02
2.500000000000000139e-02
4.530744336569579242e-03
0.000000000000000000e+00
0.000000000000000000e+00
0.000000000000000000e+00
0.000000000000000000e+00
1.990049751243781057e-02
0.000000000000000000e+00
0.000000000000000000e+00
2.044989775051124937e-03
4.203888596952180638e-03
0.000000000000000000e+00
0.000000000000000000e+00
0.000000000000000000e+00
1.430103682516982444e-03
0.000000000000000000e+00
0.000000000000000000e+00
1.666666666666666574e-01
0.000000000000000000e+00
1.041666666666666609e-02
0.000000000000000000e+00
0.000000000000000000e+00
5.056179775280898563e-03
7.326007326007326001e-03
0.000000000000000000e+00
0.000000000000000000e+00
0.000000000000000000e+00
2.439024390243902524e-02
0.000000000000000000e+00
0.000000000000000000e+00
0.000000000000000000e+00
2.777777777777777624e-02
2.875215641173088123e-03
0.000000000000000000e+00
8.849557522123893682e-03
0.000000000000000000e+00
4.838709677419354704e-02
0.000000000000000000e+00
0.000000000000000000e+00
0.000000000000000000e+00
1.052631578947368363e-01
0.000000000000000000e+00
0.000000000000000000e+00
0.000000000000000000e+00
0.000000000000000000e+00
0.000000000000000000e+00
1.976284584980237194e-02
0.000000000000000000e+00
0.000000000000000000e+00
0.000000000000000000e+00
0.000000000000000000e+00
4.109589041095890183e-02
4.634994206257242108e-03
0.000000000000000000e+00
1.094091903719912433e-02
0.000000000000000000e+00
0.000000000000000000e+00
1.891891891891891997e-02
0.000000000000000000e+00
1.140684410646387870e-02
1.200480192076830649e-03
0.000000000000000000e+00
8.333333333333333218e-03
0.000000000000000000e+00
0.000000000000000000e+00
0.000000000000000000e+00
0.000000000000000000e+00
0.000000000000000000e+00
0.000000000000000000e+00
0.000000000000000000e+00
1.871657754010695035e-02
0.000000000000000000e+00
0.000000000000000000e+00
0.000000000000000000e+00
0.000000000000000000e+00
0.000000000000000000e+00
0.000000000000000000e+00
0.000000000000000000e+00
0.000000000000000000e+00
0.000000000000000000e+00
0.000000000000000000e+00
3.048780487804877981e-02
0.000000000000000000e+00
5.940594059405940319e-02
0.000000000000000000e+00
0.000000000000000000e+00
0.000000000000000000e+00
2.857142857142857054e-02
3.858875413450937007e-03
0.000000000000000000e+00
0.000000000000000000e+00
4.393673110720562125e-04
0.000000000000000000e+00
0.000000000000000000e+00
0.000000000000000000e+00
9.756097560975609748e-03
0.000000000000000000e+00
0.000000000000000000e+00
0.000000000000000000e+00
0.000000000000000000e+00
2.912621359223301065e-02
0.000000000000000000e+00
1.600000000000000033e-02
3.022162525184687518e-03
0.000000000000000000e+00
0.000000000000000000e+00
0.000000000000000000e+00
0.000000000000000000e+00
0.000000000000000000e+00
2.153846153846153758e-02
0.000000000000000000e+00
0.000000000000000000e+00
2.811244979919678630e-02
0.000000000000000000e+00
3.333333333333333148e-01
0.000000000000000000e+00
0.000000000000000000e+00
0.000000000000000000e+00
1.935483870967742021e-02
3.043478260869565341e-02
2.702702702702702853e-02
0.000000000000000000e+00
2.777777777777777624e-02
1.754385964912280604e-02
0.000000000000000000e+00
8.333333333333332871e-02
4.636785162287480368e-03
0.000000000000000000e+00
2.266288951841359881e-02
1.094091903719912433e-02
3.149606299212598381e-03
0.000000000000000000e+00
0.000000000000000000e+00
0.000000000000000000e+00
0.000000000000000000e+00
2.232142857142857019e-03
3.842459173871277511e-03
0.000000000000000000e+00
7.142857142857142461e-02
0.000000000000000000e+00
0.000000000000000000e+00
0.000000000000000000e+00
0.000000000000000000e+00
1.052631578947368397e-02
1.991150442477876079e-02
0.000000000000000000e+00
1.250000000000000000e-01
0.000000000000000000e+00
1.552795031055900603e-02
0.000000000000000000e+00
3.285870755750273757e-03
0.000000000000000000e+00
0.000000000000000000e+00
1.666666666666666574e-01
0.000000000000000000e+00
0.000000000000000000e+00
0.000000000000000000e+00
0.000000000000000000e+00
0.000000000000000000e+00
0.000000000000000000e+00
0.000000000000000000e+00
3.181818181818181490e-02
1.149425287356321823e-02
0.000000000000000000e+00
1.807228915662650523e-02
0.000000000000000000e+00
0.000000000000000000e+00
0.000000000000000000e+00
2.941176470588235253e-02
0.000000000000000000e+00
0.000000000000000000e+00
0.000000000000000000e+00
1.204819277108433798e-02
4.745762711864406555e-03
0.000000000000000000e+00
0.000000000000000000e+00
0.000000000000000000e+00
0.000000000000000000e+00
0.000000000000000000e+00
1.988636363636363605e-02
6.756756756756757132e-04
0.000000000000000000e+00
3.105590062111801032e-03
0.000000000000000000e+00
0.000000000000000000e+00
0.000000000000000000e+00
0.000000000000000000e+00
0.000000000000000000e+00
0.000000000000000000e+00
1.190476190476190410e-02
7.142857142857142634e-03
1.333333333333333419e-02
0.000000000000000000e+00
0.000000000000000000e+00
0.000000000000000000e+00
0.000000000000000000e+00
0.000000000000000000e+00
2.500000000000000000e-01
3.225806451612903136e-02
1.727712508638562646e-03
0.000000000000000000e+00
0.000000000000000000e+00
1.344086021505376365e-02
0.000000000000000000e+00
6.756756756756757132e-03
3.396226415094339562e-02
0.000000000000000000e+00
0.000000000000000000e+00
0.000000000000000000e+00
0.000000000000000000e+00
1.589825119236883827e-02
2.204724409448818954e-03
0.000000000000000000e+00
0.000000000000000000e+00
0.000000000000000000e+00
7.069913589945011831e-03
0.000000000000000000e+00
1.709401709401709574e-02
1.138952164009111563e-03
1.984126984126984017e-03
2.400000000000000050e-02
8.163265306122449716e-03
0.000000000000000000e+00
0.000000000000000000e+00
0.000000000000000000e+00
1.063829787234042527e-02
3.243593902043464140e-03
2.247191011235954994e-02
0.000000000000000000e+00
0.000000000000000000e+00
0.000000000000000000e+00
0.000000000000000000e+00
2.717391304347826012e-02
0.000000000000000000e+00
0.000000000000000000e+00
1.583710407239818929e-02
0.000000000000000000e+00
0.000000000000000000e+00
0.000000000000000000e+00
0.000000000000000000e+00
0.000000000000000000e+00
0.000000000000000000e+00
3.571428571428571230e-02
0.000000000000000000e+00
0.000000000000000000e+00
7.604562737642585508e-03
0.000000000000000000e+00
1.515151515151515194e-02
0.000000000000000000e+00
0.000000000000000000e+00
7.830853563038371601e-03
1.102535832414553406e-02
1.711026615969581804e-02
6.462035541195476976e-03
5.151688609044075343e-03
0.000000000000000000e+00
0.000000000000000000e+00
8.163265306122449716e-03
1.672240802675585255e-03
0.000000000000000000e+00
0.000000000000000000e+00
0.000000000000000000e+00
0.000000000000000000e+00
2.000000000000000042e-02
0.000000000000000000e+00
1.408450704225352144e-02
0.000000000000000000e+00
0.000000000000000000e+00
0.000000000000000000e+00
0.000000000000000000e+00
1.123595505617977497e-02
8.658008658008658001e-03
0.000000000000000000e+00
2.990033222591362023e-03
0.000000000000000000e+00
0.000000000000000000e+00
0.000000000000000000e+00
6.782945736434108433e-03
3.703703703703703498e-02
2.272727272727272790e-02
1.123595505617977497e-02
0.000000000000000000e+00
0.000000000000000000e+00
0.000000000000000000e+00
0.000000000000000000e+00
0.000000000000000000e+00
1.694915254237288130e-02
0.000000000000000000e+00
3.444316877152697916e-03
0.000000000000000000e+00
2.873563218390804558e-03
2.500000000000000139e-02
0.000000000000000000e+00
0.000000000000000000e+00
8.344923504867872086e-03
0.000000000000000000e+00
0.000000000000000000e+00
0.000000000000000000e+00
0.000000000000000000e+00
0.000000000000000000e+00
0.000000000000000000e+00
0.000000000000000000e+00
6.060606060606060601e-03
3.333333333333333148e-01
0.000000000000000000e+00
0.000000000000000000e+00
2.472527472527472417e-02
2.222222222222222307e-02
0.000000000000000000e+00
0.000000000000000000e+00
1.986097318768619609e-03
0.000000000000000000e+00
0.000000000000000000e+00
0.000000000000000000e+00
1.960784313725490169e-02
0.000000000000000000e+00
1.369863013698630061e-02
0.000000000000000000e+00
4.225352112676056260e-02
0.000000000000000000e+00
0.000000000000000000e+00
1.818181818181818232e-01
5.324813631522896766e-03
8.196721311475410263e-03
0.000000000000000000e+00
0.000000000000000000e+00
4.633920296570898621e-03
1.384083044982699004e-02
0.000000000000000000e+00
0.000000000000000000e+00
0.000000000000000000e+00
0.000000000000000000e+00
0.000000000000000000e+00
2.036659877800407401e-02
3.318951211417192019e-03
0.000000000000000000e+00
0.000000000000000000e+00
0.000000000000000000e+00
0.000000000000000000e+00
0.000000000000000000e+00
0.000000000000000000e+00
0.000000000000000000e+00
0.000000000000000000e+00
0.000000000000000000e+00
0.000000000000000000e+00
0.000000000000000000e+00
0.000000000000000000e+00
9.615384615384615918e-03
3.375843960990247347e-03
0.000000000000000000e+00
0.000000000000000000e+00
5.823627287853577403e-03
0.000000000000000000e+00
0.000000000000000000e+00
0.000000000000000000e+00
0.000000000000000000e+00
0.000000000000000000e+00
4.854368932038834530e-03
1.010101010101010187e-02
1.639344262295082053e-02
0.000000000000000000e+00
2.105263157894736795e-02
4.915346805024576639e-03
0.000000000000000000e+00
4.024144869215292089e-03
0.000000000000000000e+00
5.649717514124293766e-03
0.000000000000000000e+00
1.727115716753022372e-03
0.000000000000000000e+00
2.542372881355932368e-02
0.000000000000000000e+00
0.000000000000000000e+00
0.000000000000000000e+00
0.000000000000000000e+00
1.574803149606299191e-02
3.174603174603174600e-03
6.451612903225806273e-02
6.960556844547563515e-03
0.000000000000000000e+00
0.000000000000000000e+00
0.000000000000000000e+00
3.535353535353535220e-02
0.000000000000000000e+00
0.000000000000000000e+00
0.000000000000000000e+00
3.803727653100037829e-03
0.000000000000000000e+00
1.158301158301158242e-02
0.000000000000000000e+00
0.000000000000000000e+00
0.000000000000000000e+00
0.000000000000000000e+00
0.000000000000000000e+00
0.000000000000000000e+00
0.000000000000000000e+00
0.000000000000000000e+00
0.000000000000000000e+00
1.290322580645161289e-02
2.816901408450704289e-02
5.208333333333333044e-03
0.000000000000000000e+00
0.000000000000000000e+00
0.000000000000000000e+00
3.603603603603603659e-03
4.982561036372695588e-03
2.702702702702702853e-02
3.218884120171673809e-03
0.000000000000000000e+00
7.376185458377239323e-03
7.968127490039840933e-04
0.000000000000000000e+00
0.000000000000000000e+00
0.000000000000000000e+00
9.090909090909090468e-03
0.000000000000000000e+00
0.000000000000000000e+00
2.904162633107454112e-03
0.000000000000000000e+00
0.000000000000000000e+00
0.000000000000000000e+00
0.000000000000000000e+00
0.000000000000000000e+00
2.000000000000000111e-01
0.000000000000000000e+00
0.000000000000000000e+00
0.000000000000000000e+00
3.197442046362909598e-03
7.788161993769470402e-03
0.000000000000000000e+00
0.000000000000000000e+00
9.557945041816008971e-03
0.000000000000000000e+00
0.000000000000000000e+00
0.000000000000000000e+00
0.000000000000000000e+00
3.533568904593639530e-03
0.000000000000000000e+00
0.000000000000000000e+00
2.528901734104046280e-03
1.593625498007968187e-03
0.000000000000000000e+00
0.000000000000000000e+00
0.000000000000000000e+00
1.238645747316267486e-03
0.000000000000000000e+00
0.000000000000000000e+00
0.000000000000000000e+00
0.000000000000000000e+00
0.000000000000000000e+00
0.000000000000000000e+00
2.777777777777777624e-02
1.116427432216905886e-02
2.306805074971165007e-03
2.580645161290322578e-02
8.571428571428571508e-02
0.000000000000000000e+00
0.000000000000000000e+00
0.000000000000000000e+00
0.000000000000000000e+00
0.000000000000000000e+00
0.000000000000000000e+00
0.000000000000000000e+00
4.901960784313725422e-03
0.000000000000000000e+00
0.000000000000000000e+00
0.000000000000000000e+00
0.000000000000000000e+00
0.000000000000000000e+00
0.000000000000000000e+00
1.063829787234042527e-02
4.761904761904761640e-02
0.000000000000000000e+00
0.000000000000000000e+00
3.636363636363636360e-03
0.000000000000000000e+00
0.000000000000000000e+00
0.000000000000000000e+00
0.000000000000000000e+00
0.000000000000000000e+00
0.000000000000000000e+00
0.000000000000000000e+00
2.336448598130841034e-02
0.000000000000000000e+00
0.000000000000000000e+00
0.000000000000000000e+00
0.000000000000000000e+00
0.000000000000000000e+00
0.000000000000000000e+00
0.000000000000000000e+00
1.604278074866310327e-02
0.000000000000000000e+00
1.699716713881019997e-02
0.000000000000000000e+00
0.000000000000000000e+00
0.000000000000000000e+00
0.000000000000000000e+00
0.000000000000000000e+00
0.000000000000000000e+00
0.000000000000000000e+00
0.000000000000000000e+00
1.026694045174537939e-02
2.800000000000000058e-02
0.000000000000000000e+00
0.000000000000000000e+00
8.333333333333333868e-04
2.439024390243902524e-02
0.000000000000000000e+00
1.050420168067226975e-02
0.000000000000000000e+00
0.000000000000000000e+00
0.000000000000000000e+00
0.000000000000000000e+00
0.000000000000000000e+00
0.000000000000000000e+00
2.978723404255319285e-02
1.271186440677966184e-02
1.372683596431022602e-03
0.000000000000000000e+00
0.000000000000000000e+00
0.000000000000000000e+00
0.000000000000000000e+00
0.000000000000000000e+00
0.000000000000000000e+00
5.181347150259067551e-03
1.063829787234042527e-02
2.564102564102564014e-02
0.000000000000000000e+00
3.232758620689655128e-03
0.000000000000000000e+00
9.090909090909091161e-02
8.458646616541352914e-03
1.883239171374764516e-03
0.000000000000000000e+00
0.000000000000000000e+00
2.439024390243902524e-02
0.000000000000000000e+00
6.134969325153374377e-03
2.205882352941176613e-02
0.000000000000000000e+00
0.000000000000000000e+00
0.000000000000000000e+00
4.347826086956521618e-02
0.000000000000000000e+00
0.000000000000000000e+00
1.806358381502890138e-03
0.000000000000000000e+00
7.407407407407406996e-02
0.000000000000000000e+00
1.785714285714285615e-02
1.605136436597110611e-02
0.000000000000000000e+00
0.000000000000000000e+00
0.000000000000000000e+00
2.168021680216802166e-02
5.151688609044075343e-03
0.000000000000000000e+00
5.263157894736841813e-02
0.000000000000000000e+00
0.000000000000000000e+00
0.000000000000000000e+00
6.822612085769980128e-03
0.000000000000000000e+00
2.970297029702970160e-02
3.302509907529722726e-03
0.000000000000000000e+00
3.194888178913737886e-03
0.000000000000000000e+00
0.000000000000000000e+00
2.898550724637681195e-02
4.591836734693877792e-02
1.216545012165450154e-03
1.666666666666666574e-01
0.000000000000000000e+00
0.000000000000000000e+00
4.347826086956521618e-02
0.000000000000000000e+00
2.127659574468085055e-02
0.000000000000000000e+00
0.000000000000000000e+00
1.515151515151515194e-02
1.247401247401247470e-03
6.143344709897610549e-03
0.000000000000000000e+00
0.000000000000000000e+00
4.687500000000000000e-02
1.058201058201058142e-02
0.000000000000000000e+00
7.246376811594202987e-03
0.000000000000000000e+00
0.000000000000000000e+00
0.000000000000000000e+00
0.000000000000000000e+00
2.941176470588235253e-02
0.000000000000000000e+00
0.000000000000000000e+00
0.000000000000000000e+00
0.000000000000000000e+00
0.000000000000000000e+00
2.597402597402597574e-02
0.000000000000000000e+00
0.000000000000000000e+00
0.000000000000000000e+00
2.627257799671592862e-03
0.000000000000000000e+00
0.000000000000000000e+00
0.000000000000000000e+00
0.000000000000000000e+00
0.000000000000000000e+00
1.639344262295082053e-02
0.000000000000000000e+00
0.000000000000000000e+00
0.000000000000000000e+00
5.677210056772100284e-03
8.403361344537814762e-03
2.873563218390804558e-03
2.083333333333333218e-02
9.045680687471732272e-04
0.000000000000000000e+00
0.000000000000000000e+00
0.000000000000000000e+00
9.819967266775777442e-03
1.428571428571428492e-01
1.047120418848167603e-02
0.000000000000000000e+00
0.000000000000000000e+00
3.076923076923076920e-03
0.000000000000000000e+00
2.000000000000000111e-01
8.771929824561403022e-03
0.000000000000000000e+00
0.000000000000000000e+00
0.000000000000000000e+00
3.816793893129770843e-03
0.000000000000000000e+00
0.000000000000000000e+00
0.000000000000000000e+00
2.940215615811826375e-03
0.000000000000000000e+00
2.380952380952380820e-02
4.000000000000000083e-02
2.500000000000000139e-02
0.000000000000000000e+00
0.000000000000000000e+00
0.000000000000000000e+00
0.000000000000000000e+00
0.000000000000000000e+00
0.000000000000000000e+00
0.000000000000000000e+00
0.000000000000000000e+00
7.142857142857142461e-02
6.369426751592357008e-03
1.960784313725490169e-02
0.000000000000000000e+00
0.000000000000000000e+00
2.702702702702702853e-02
0.000000000000000000e+00
0.000000000000000000e+00
0.000000000000000000e+00
0.000000000000000000e+00
0.000000000000000000e+00
1.538461538461538547e-02
0.000000000000000000e+00
0.000000000000000000e+00
0.000000000000000000e+00
3.749999999999999861e-02
0.000000000000000000e+00
0.000000000000000000e+00
0.000000000000000000e+00
0.000000000000000000e+00
0.000000000000000000e+00
0.000000000000000000e+00
2.380952380952380820e-02
0.000000000000000000e+00
3.153468815697267093e-03
8.000000000000000167e-02
0.000000000000000000e+00
9.950248756218905283e-03
0.000000000000000000e+00
0.000000000000000000e+00
0.000000000000000000e+00
7.345225603357817198e-03
4.629629629629629373e-03
0.000000000000000000e+00
0.000000000000000000e+00
2.999999999999999889e-02
1.063829787234042527e-02
0.000000000000000000e+00
1.801801801801801786e-02
0.000000000000000000e+00
7.007007007007006946e-03
1.590106007067137658e-02
0.000000000000000000e+00
0.000000000000000000e+00
0.000000000000000000e+00
0.000000000000000000e+00
0.000000000000000000e+00
8.028545941123996221e-03
0.000000000000000000e+00
0.000000000000000000e+00
5.192107995846313891e-03
4.366812227074235581e-03
0.000000000000000000e+00
0.000000000000000000e+00
0.000000000000000000e+00
3.731343283582089481e-03
0.000000000000000000e+00
0.000000000000000000e+00
2.652519893899204367e-02
1.570680628272251231e-02
0.000000000000000000e+00
0.000000000000000000e+00
0.000000000000000000e+00
3.639304488475535952e-03
9.840098400984010132e-03
0.000000000000000000e+00
1.930501930501930547e-03
0.000000000000000000e+00
3.095975232198142600e-03
8.000000000000000167e-03
1.333333333333333419e-02
8.781558726673984946e-03
6.410256410256410034e-03
0.000000000000000000e+00
0.000000000000000000e+00
0.000000000000000000e+00
0.000000000000000000e+00
0.000000000000000000e+00
0.000000000000000000e+00
2.997002997002997000e-03
0.000000000000000000e+00
4.491017964071856126e-03
0.000000000000000000e+00
0.000000000000000000e+00
0.000000000000000000e+00
0.000000000000000000e+00
0.000000000000000000e+00
9.693053311793214380e-04
0.000000000000000000e+00
0.000000000000000000e+00
4.006009013520279993e-03
0.000000000000000000e+00
0.000000000000000000e+00
0.000000000000000000e+00
5.128205128205128201e-03
3.496503496503496500e-03
0.000000000000000000e+00
1.145475372279496041e-03
0.000000000000000000e+00
2.409638554216867682e-03
0.000000000000000000e+00
0.000000000000000000e+00
0.000000000000000000e+00
5.405405405405405705e-03
0.000000000000000000e+00
0.000000000000000000e+00
0.000000000000000000e+00
0.000000000000000000e+00
0.000000000000000000e+00
2.272727272727272790e-02
5.263157894736841813e-02
0.000000000000000000e+00
0.000000000000000000e+00
0.000000000000000000e+00
0.000000000000000000e+00
0.000000000000000000e+00
0.000000000000000000e+00
2.892561983471074460e-02
0.000000000000000000e+00
0.000000000000000000e+00
7.042253521126760722e-03
1.149425287356321823e-02
0.000000000000000000e+00
0.000000000000000000e+00
1.766004415011037526e-02
8.163265306122449716e-03
0.000000000000000000e+00
0.000000000000000000e+00
0.000000000000000000e+00
5.398110661268555772e-03
0.000000000000000000e+00
0.000000000000000000e+00
0.000000000000000000e+00
6.237006237006237352e-03
0.000000000000000000e+00
2.484472049689440826e-02
0.000000000000000000e+00
0.000000000000000000e+00
8.898776418242491590e-03
0.000000000000000000e+00
0.000000000000000000e+00
7.692307692307692735e-03
0.000000000000000000e+00
0.000000000000000000e+00
0.000000000000000000e+00
0.000000000000000000e+00
5.263157894736841813e-02
1.483679525222551983e-02
1.211305518169582783e-02
4.878048780487804874e-03
0.000000000000000000e+00
0.000000000000000000e+00
4.016064257028112081e-03
1.497005988023952187e-03
0.000000000000000000e+00
1.515151515151515194e-02
3.200000000000000153e-03
1.518438177874186466e-02
9.174311926605505096e-03
0.000000000000000000e+00
1.408450704225352144e-02
2.500000000000000139e-02
0.000000000000000000e+00
0.000000000000000000e+00
0.000000000000000000e+00
0.000000000000000000e+00
0.000000000000000000e+00
0.000000000000000000e+00
0.000000000000000000e+00
0.000000000000000000e+00
0.000000000000000000e+00
0.000000000000000000e+00
5.099439061703212733e-03
0.000000000000000000e+00
1.408450704225352144e-02
0.000000000000000000e+00
0.000000000000000000e+00
0.000000000000000000e+00
0.000000000000000000e+00
5.780346820809248269e-03
0.000000000000000000e+00
0.000000000000000000e+00
2.020202020202020374e-02
0.000000000000000000e+00
1.612903225806451568e-02
0.000000000000000000e+00
2.985074626865671585e-02
3.676470588235294067e-03
2.030456852791878014e-02
0.000000000000000000e+00
0.000000000000000000e+00
0.000000000000000000e+00
0.000000000000000000e+00
9.615384615384615918e-03
0.000000000000000000e+00
2.280130293159609092e-02
1.136363636363636308e-03
0.000000000000000000e+00
3.451251078515962193e-03
0.000000000000000000e+00
0.000000000000000000e+00
1.268230818008877613e-03
0.000000000000000000e+00
0.000000000000000000e+00
3.973509933774834607e-02
0.000000000000000000e+00
0.000000000000000000e+00
0.000000000000000000e+00
0.000000000000000000e+00
9.661835748792270070e-03
0.000000000000000000e+00
1.234567901234567833e-02
0.000000000000000000e+00
0.000000000000000000e+00
0.000000000000000000e+00
0.000000000000000000e+00
0.000000000000000000e+00
0.000000000000000000e+00
0.000000000000000000e+00
0.000000000000000000e+00
0.000000000000000000e+00
1.888930865130336329e-03
0.000000000000000000e+00
7.462686567164179179e-04
0.000000000000000000e+00
0.000000000000000000e+00
0.000000000000000000e+00
4.405286343612335211e-03
0.000000000000000000e+00
0.000000000000000000e+00
3.658536585365853439e-02
0.000000000000000000e+00
0.000000000000000000e+00
7.407407407407407690e-03
0.000000000000000000e+00
1.351351351351351426e-02
0.000000000000000000e+00
0.000000000000000000e+00
0.000000000000000000e+00
1.639344262295082053e-02
3.205128205128205017e-03
0.000000000000000000e+00
0.000000000000000000e+00
0.000000000000000000e+00
0.000000000000000000e+00
0.000000000000000000e+00
1.578531965272296760e-03
0.000000000000000000e+00
0.000000000000000000e+00
0.000000000000000000e+00
0.000000000000000000e+00
4.694835680751173815e-03
0.000000000000000000e+00
0.000000000000000000e+00
0.000000000000000000e+00
0.000000000000000000e+00
0.000000000000000000e+00
0.000000000000000000e+00
0.000000000000000000e+00
8.658008658008658001e-03
3.370786516853932664e-03
0.000000000000000000e+00
0.000000000000000000e+00
0.000000000000000000e+00
0.000000000000000000e+00
4.571428571428571772e-03
1.696352841391009312e-03
0.000000000000000000e+00
0.000000000000000000e+00
0.000000000000000000e+00
0.000000000000000000e+00
0.000000000000000000e+00
8.741258741258741251e-04
2.352941176470588203e-02
1.456310679611650533e-02
0.000000000000000000e+00
0.000000000000000000e+00
1.280227596017069654e-02
0.000000000000000000e+00
0.000000000000000000e+00
0.000000000000000000e+00
0.000000000000000000e+00
0.000000000000000000e+00
1.785714285714285615e-02
5.649717514124293766e-03
0.000000000000000000e+00
0.000000000000000000e+00
0.000000000000000000e+00
0.000000000000000000e+00
0.000000000000000000e+00
0.000000000000000000e+00
1.924557351809083952e-03
0.000000000000000000e+00
1.832460732984293045e-02
0.000000000000000000e+00
0.000000000000000000e+00
7.818608287724784865e-04
3.759398496240601295e-02
0.000000000000000000e+00
2.469135802469135665e-02
1.064962726304579353e-02
0.000000000000000000e+00
6.153846153846153841e-03
0.000000000000000000e+00
0.000000000000000000e+00
5.443658138268917240e-04
2.243589743589743599e-02
1.257861635220125724e-03
0.000000000000000000e+00
0.000000000000000000e+00
0.000000000000000000e+00
0.000000000000000000e+00
1.986754966887417304e-02
0.000000000000000000e+00
0.000000000000000000e+00
2.917341977309562216e-03
4.424778761061946841e-03
3.333333333333333148e-01
0.000000000000000000e+00
0.000000000000000000e+00
0.000000000000000000e+00
0.000000000000000000e+00
0.000000000000000000e+00
0.000000000000000000e+00
0.000000000000000000e+00
0.000000000000000000e+00
0.000000000000000000e+00
0.000000000000000000e+00
1.211305518169582783e-02
0.000000000000000000e+00
0.000000000000000000e+00
0.000000000000000000e+00
2.836879432624113666e-03
3.808073115003808161e-04
0.000000000000000000e+00
0.000000000000000000e+00
1.901140684410646377e-03
0.000000000000000000e+00
7.751937984496123923e-03
0.000000000000000000e+00
0.000000000000000000e+00
2.173913043478260809e-02
0.000000000000000000e+00
0.000000000000000000e+00
