2.949852496385574341e-03
7.142857462167739868e-02
6.662225350737571716e-04
5.000000000000000000e-01
1.976284664124250412e-03
2.439024299383163452e-02
3.999999910593032837e-02
1.063829753547906876e-02
1.000000000000000000e+00
1.111111119389533997e-01
4.545454680919647217e-02
3.333333432674407959e-01
2.032520249485969543e-03
5.263158120214939117e-03
1.000000000000000000e+00
2.500000000000000000e-01
1.000000000000000000e+00
9.980039903894066811e-04
3.968254197388887405e-03
7.692307978868484497e-02
1.851851865649223328e-02
1.000000000000000000e+00
5.000000000000000000e-01
2.548160227888729423e-05
1.594896311871707439e-03
1.000000000000000000e+00
1.111111119389533997e-01
4.576659121084958315e-04
1.886792480945587158e-02
6.060605868697166443e-03
5.263157933950424194e-02
9.569377871230244637e-04
2.000000029802322388e-01
2.307869872311130166e-04
1.122208486776798964e-04
1.067691628122702241e-04
4.761904850602149963e-02
6.666667014360427856e-02
1.149425283074378967e-02
1.865671598352491856e-03
2.785515272989869118e-03
2.222222276031970978e-03
3.344481519889086485e-04
3.333333432674407959e-01
2.439024299383163452e-02
1.250000000000000000e-01
9.090909361839294434e-02
5.263157933950424194e-02
2.000000029802322388e-01
5.003252226742915809e-05
9.090909361839294434e-02
5.609783329418860376e-05
1.000000000000000000e+00
1.369863003492355347e-02
1.222493941895663738e-03
5.000000000000000000e-01
3.333333507180213928e-02
1.240694778971374035e-03
1.000000000000000000e+00
5.020080134272575378e-04
4.761904850602149963e-02
5.000000000000000000e-01
5.000000000000000000e-01
1.588814775459468365e-04
4.580852109938859940e-04
5.000000000000000000e-01
2.000000029802322388e-01
3.992015845142304897e-04
1.526717562228441238e-03
1.000000000000000000e+00
2.325581386685371399e-02
1.336898421868681908e-03
5.882352963089942932e-02
3.927729849237948656e-04
6.756756920367479324e-03
1.000000000000000000e+00
6.211180239915847778e-03
1.000000000000000000e+00
2.876869984902441502e-04
5.000000000000000000e-01
5.649717524647712708e-03
5.181347019970417023e-03
3.999999910593032837e-02
1.000000000000000000e+00
5.017057992517948151e-05
4.166666883975267410e-03
1.250000018626451492e-02
1.754385977983474731e-02
2.247191034257411957e-03
1.000000000000000000e+00
4.662004648707807064e-04
2.217294881120324135e-03
2.008032053709030151e-03
2.000000029802322388e-01
6.329114083200693130e-03
1.149425283074378967e-02
2.941176481544971466e-02
5.000000000000000000e-01
1.111111119389533997e-01
1.170960138551890850e-03
6.250000000000000000e-02
5.882352963089942932e-02
6.289307959377765656e-03
4.796163120772689581e-04
2.421307610347867012e-03
2.000000029802322388e-01
8.561643771827220917e-04
1.677852356806397438e-03
4.761904850602149963e-02
5.128205288201570511e-03
7.246377062983810902e-04
9.090909361839294434e-02
2.749745726760011166e-05
1.000000000000000000e+00
1.000000000000000000e+00
1.297016860917210579e-03
2.500000000000000000e-01
7.692307978868484497e-02
8.333333581686019897e-02
3.027550701517611742e-04
6.027000927133485675e-05
1.219512149691581726e-02
9.090909361839294434e-02
1.949469697137828916e-05
1.369863003492355347e-02
5.000000000000000000e-01
1.000000000000000000e+00
1.876172609627246857e-03
1.111111119389533997e-01
1.168224262073636055e-03
1.923076994717121124e-02
1.428571492433547974e-01
8.250825339928269386e-04
1.000000000000000000e+00
5.000000000000000000e-01
1.666666716337203979e-01
2.000000029802322388e-01
5.681818351149559021e-03
3.571428731083869934e-02
8.445946150459349155e-04
2.343566884519532323e-04
3.333333432674407959e-01
6.666666828095912933e-03
1.428571492433547974e-01
5.434782709926366806e-03
2.941176481544971466e-02
1.642036135308444500e-03
6.802721181884407997e-04
5.000000000000000000e-01
3.389830468222498894e-03
1.666666716337203979e-01
1.000000000000000000e+00
5.000000000000000000e-01
1.288659754209220409e-03
1.000000000000000000e+00
1.000000000000000000e+00
3.831417532637715340e-03
2.094240771839395165e-04
5.000000000000000000e-01
1.897533191367983818e-03
3.831417532637715340e-03
5.235602147877216339e-03
2.773155865725129843e-04
6.622516550123691559e-03
7.204610737971961498e-04
6.250000000000000000e-02
2.045408036792650819e-04
2.777777798473834991e-02
2.857142873108386993e-02
1.000000000000000000e+00
2.427184488624334335e-03
2.500000000000000000e-01
2.314814832061529160e-03
1.000000000000000000e+00
1.000000014901161194e-01
5.000000000000000000e-01
5.077430978417396545e-05
3.333333432674407959e-01
3.756574005819857121e-04
1.000000000000000000e+00
1.194743090309202671e-03
1.250000000000000000e-01
4.166666790843009949e-02
1.000000000000000000e+00
3.333333432674407959e-01
1.000000000000000000e+00
3.278688527643680573e-03
1.000000000000000000e+00
1.633986947126686573e-03
1.197031378978863358e-04
9.803921915590763092e-03
1.142726541729643941e-04
3.448275849223136902e-02
7.142857462167739868e-02
5.216483841650187969e-04
9.090909361839294434e-02
2.590673509985208511e-03
1.000000000000000000e+00
5.000000000000000000e-01
4.476275644265115261e-04
5.000000000000000000e-01
4.545454680919647217e-02
1.705902395769953728e-04
2.617801073938608170e-03
9.199631749652326107e-04
1.319957809755578637e-04
2.000000029802322388e-01
1.818181760609149933e-02
3.333333507180213928e-02
1.000000000000000000e+00
1.999999955296516418e-02
3.703703731298446655e-02
1.086956541985273361e-02
3.333333432674407959e-01
6.090504757594317198e-05
6.983240018598735332e-04
3.322259057313203812e-03
7.032348657958209515e-04
4.545454680919647217e-02
1.111111119389533997e-01
1.529052038677036762e-03
1.956334563146810979e-05
1.331912644673138857e-04
2.500000000000000000e-01
6.701829079247545451e-06
1.000000000000000000e+00
3.852080262731760740e-04
7.849909889046102762e-05
3.333333432674407959e-01
2.941176528111100197e-03
1.030927803367376328e-02
1.000000000000000000e+00
1.000000000000000000e+00
1.000000000000000000e+00
6.598918116651475430e-05
2.500000000000000000e-01
5.555555596947669983e-02
6.835270323790609837e-05
2.000000029802322388e-01
7.740536966593936086e-05
3.412969177588820457e-03
1.000000000000000000e+00
7.142857462167739868e-02
3.571428731083869934e-02
6.666667014360427856e-02
4.323576285969465971e-05
5.555555690079927444e-03
3.021148033440113068e-03
1.086956541985273361e-02
1.472754054702818394e-03
2.564102597534656525e-02
1.111111119389533997e-01
6.250000000000000000e-02
1.587301678955554962e-02
4.086636763531714678e-04
1.038421643897891045e-03
3.521126636769622564e-04
3.333333432674407959e-01
1.000000000000000000e+00
2.564102597534656525e-02
2.770083025097846985e-03
4.166666883975267410e-03
3.412969177588820457e-03
1.000000000000000000e+00
3.906250000000000000e-03
1.000000000000000000e+00
1.000000000000000000e+00
1.000000000000000000e+00
3.891050582751631737e-04
4.911591531708836555e-04
1.000000000000000000e+00
5.000000000000000000e-01
5.000000000000000000e-01
5.000000000000000000e-01
1.000000000000000000e+00
3.533568931743502617e-03
3.333333507180213928e-02
1.000000000000000000e+00
1.666666716337203979e-01
3.999999910593032837e-02
9.090909361839294434e-02
4.761904850602149963e-02
1.333333365619182587e-02
1.000000000000000000e+00
6.134969182312488556e-03
5.882352963089942932e-02
9.383503493154421449e-05
1.000000014901161194e-01
2.500000000000000000e-01
4.545454680919647217e-02
1.250000000000000000e-01
1.000000000000000000e+00
2.826455747708678246e-04
1.000000000000000000e+00
1.000000000000000000e+00
5.000000000000000000e-01
3.592341090552508831e-05
1.907814475998748094e-05
5.555555596947669983e-02
3.333333432674407959e-01
5.000000000000000000e-01
1.424501417204737663e-03
1.311303494730964303e-04
1.000000014901161194e-01
7.142857182770967484e-03
1.000000000000000000e+00
1.000000000000000000e+00
2.702702768146991730e-02
7.246376946568489075e-03
1.176470611244440079e-02
1.414427184499800205e-03
7.692307978868484497e-02
3.125000000000000000e-02
3.846153989434242249e-02
3.846153849735856056e-03
1.000000000000000000e+00
3.448275849223136902e-02
1.000000000000000000e+00
7.407407276332378387e-03
5.089058540761470795e-04
1.000000000000000000e+00
1.666666716337203979e-01
2.031446820183191448e-05
5.555555596947669983e-02
1.136363670229911804e-02
3.846153989434242249e-02
2.000000029802322388e-01
7.692307978868484497e-02
2.500000000000000000e-01
2.741228090599179268e-04
5.882352963089942932e-02
2.857142873108386993e-02
1.000000000000000000e+00
3.333333432674407959e-01
1.111111119389533997e-01
9.090909361839294434e-02
1.000000000000000000e+00
3.333333432674407959e-01
9.090909361839294434e-02
2.958579862024635077e-04
2.631578966975212097e-02
5.000000000000000000e-01
7.299270015209913254e-03
1.111111119389533997e-01
8.333333581686019897e-02
9.090908803045749664e-03
8.000000379979610443e-03
1.351351384073495865e-02
1.000000000000000000e+00
4.255319014191627502e-03
2.325581386685371399e-03
1.000000000000000000e+00
5.000000000000000000e-01
7.142857462167739868e-02
1.515151560306549072e-02
8.333333581686019897e-02
1.000000000000000000e+00
5.617977585643529892e-03
4.293688398320227861e-04
1.351351384073495865e-02
5.555555596947669983e-02
2.857142873108386993e-02
3.571428731083869934e-02
1.052631624042987823e-02
8.110299822874367237e-04
1.428571492433547974e-01
1.000000000000000000e+00
5.000000000000000000e-01
1.000000000000000000e+00
1.000000014901161194e-01
3.703703638166189194e-03
3.333333432674407959e-01
1.000000000000000000e+00
1.818181760609149933e-02
1.241927529918029904e-04
1.203514257213100791e-04
7.757855655654566363e-07
2.500000000000000000e-01
5.524862091988325119e-03
3.597122384235262871e-03
1.672520447755232453e-04
5.988741031615063548e-05
6.756756920367479324e-03
5.000000000000000000e-01
5.878894589841365814e-04
1.219512149691581726e-02
3.030303120613098145e-02
1.347708894172683358e-04
1.818181760609149933e-02
3.225806355476379395e-02
1.149425283074378967e-02
1.543209888041019440e-03
1.960784383118152618e-02
4.901960957795381546e-03
9.345794096589088440e-03
2.500000000000000000e-01
2.762430995062459260e-05
1.000000000000000000e+00
1.666666716337203979e-01
1.538461539894342422e-02
1.492537278681993484e-02
1.000000000000000000e+00
1.941747614182531834e-03
5.892752087675035000e-04
1.176470611244440079e-02
4.166666790843009949e-02
5.000000074505805969e-02
1.250000000000000000e-01
5.000000000000000000e-01
1.000000000000000000e+00
8.333333581686019897e-02
1.177856349386274815e-03
1.250000000000000000e-01
5.000000000000000000e-01
1.234567910432815552e-02
1.236093929037451744e-03
4.048583097755908966e-03
1.328727084910497069e-04
1.000000000000000000e+00
5.000000000000000000e-01
1.612903177738189697e-02
1.063829753547906876e-03
3.571428731083869934e-02
1.000000000000000000e+00
1.000000000000000000e+00
1.000000000000000000e+00
1.536098279757425189e-04
3.597122384235262871e-03
7.621950935572385788e-04
4.677268443629145622e-04
2.941176528111100197e-03
1.886792480945587158e-02
6.273525650613009930e-04
1.428571492433547974e-01
1.492537278681993484e-02
1.694915257394313812e-02
2.500000000000000000e-01
1.754386001266539097e-03
2.000000029802322388e-01
1.000000014901161194e-01
8.333333581686019897e-02
6.802720949053764343e-03
1.000000000000000000e+00
1.666666716337203979e-01
2.631578827276825905e-04
4.830917809158563614e-03
1.538461539894342422e-02
3.333333432674407959e-01
4.484305158257484436e-03
2.500000000000000000e-01
2.500000000000000000e-01
1.351351384073495865e-02
1.000000000000000000e+00
1.000000000000000000e+00
1.000000000000000000e+00
3.333333432674407959e-01
8.333333581686019897e-02
1.428571492433547974e-01
1.000000000000000000e+00
8.196720853447914124e-03
1.000000000000000000e+00
1.351351384073495865e-02
5.747126415371894836e-03
7.692307699471712112e-03
1.506024040281772614e-03
5.882352963089942932e-02
3.703703731298446655e-02
2.272727340459823608e-02
1.858736039139330387e-03
6.250000000000000000e-02
4.048583097755908966e-03
1.000000000000000000e+00
2.500000000000000000e-01
2.631578966975212097e-02
2.207505516707897186e-03
1.666666716337203979e-01
5.841462552780285478e-05
1.369863003492355347e-02
1.960784429684281349e-03
1.724137924611568451e-02
3.333333432674407959e-01
4.761904943734407425e-03
3.436426166445016861e-03
3.235198964830487967e-04
4.332755634095519781e-04
2.127659507095813751e-02
5.000000000000000000e-01
2.777777798473834991e-02
9.688045247457921505e-05
1.136363670229911804e-02
1.000000000000000000e+00
1.785714365541934967e-02
4.545454680919647217e-02
1.129943528212606907e-03
3.333333507180213928e-02
1.000000000000000000e+00
7.692307978868484497e-02
3.805175074376165867e-04
2.127659507095813751e-02
1.111111138015985489e-02
1.460920320823788643e-04
5.000000074505805969e-02
1.557632349431514740e-03
7.773064112370775547e-07
1.000000000000000000e+00
1.000000000000000000e+00
4.310344811528921127e-03
6.622516550123691559e-03
2.127659507095813751e-02
1.428571492433547974e-01
5.000000000000000000e-01
6.666667014360427856e-02
3.999999910593032837e-02
6.835270323790609837e-05
1.302083372138440609e-03
1.136363670229911804e-02
5.000000000000000000e-01
1.000000000000000000e+00
3.166260285070165992e-05
1.000000000000000000e+00
3.875968977808952332e-03
1.000000000000000000e+00
1.250000000000000000e-01
4.201680887490510941e-03
5.000000000000000000e-01
5.000000000000000000e-01
9.090909361839294434e-02
1.470588240772485733e-02
4.484305158257484436e-03
1.412429381161928177e-03
1.000000000000000000e+00
4.703757440438494086e-06
1.210653805173933506e-03
2.500000000000000000e-01
1.428571492433547974e-01
1.000000000000000000e+00
7.127584103727713227e-05
1.000000000000000000e+00
7.462686393409967422e-03
4.048583097755908966e-03
1.250000000000000000e-01
1.851851865649223328e-02
1.000000000000000000e+00
2.500000000000000000e-01
8.333333581686019897e-02
1.738858190947212279e-05
3.636363544501364231e-04
3.080809619859792292e-05
1.000000000000000000e+00
3.333333432674407959e-01
1.282051298767328262e-02
2.832861151546239853e-03
1.000000000000000000e+00
1.694915257394313812e-02
5.000000000000000000e-01
5.128204938955605030e-04
4.761904850602149963e-02
1.119820866733789444e-03
1.000000000000000000e+00
8.443235856248065829e-06
1.250000000000000000e-01
6.138735334388911724e-04
4.166666790843009949e-02
1.428571436554193497e-02
1.000000000000000000e+00
2.403846243396401405e-03
9.842519648373126984e-05
1.028806553222239017e-03
2.857142873108386993e-02
7.936508394777774811e-03
3.333333432674407959e-01
1.000000000000000000e+00
1.000000000000000000e+00
1.666666716337203979e-01
5.000000000000000000e-01
1.000000000000000000e+00
1.449275389313697815e-02
8.333333767950534821e-03
1.000000000000000000e+00
2.325581386685371399e-02
2.000000029802322388e-01
1.886792480945587158e-02
1.176470611244440079e-02
1.428571436554193497e-02
1.785714365541934967e-02
3.225806355476379395e-02
1.000000000000000000e+00
5.000000000000000000e-01
5.000000000000000000e-01
1.000000000000000000e+00
8.378717757295817137e-05
3.999999910593032837e-02
2.777777798473834991e-02
6.548788514919579029e-04
1.815870782593265176e-04
7.874015718698501587e-03
7.692307978868484497e-02
1.000000000000000000e+00
8.333333581686019897e-02
5.000000000000000000e-01
1.851851865649223328e-02
1.000000000000000000e+00
5.000000000000000000e-01
1.538461539894342422e-02
8.333333581686019897e-02
5.000000000000000000e-01
8.333333581686019897e-02
1.000000000000000000e+00
5.020584285375662148e-05
2.000000029802322388e-01
2.178649185225367546e-03
5.000000000000000000e-01
1.893222215585410595e-04
7.751937955617904663e-03
5.000000000000000000e-01
2.993922316818498075e-05
5.000000000000000000e-01
2.780867507681250572e-04
3.703703731298446655e-02
3.333333432674407959e-01
2.832058817148208618e-05
2.564102597534656525e-02
2.325581386685371399e-02
1.428571492433547974e-01
8.695651777088642120e-03
2.331002382561564445e-03
1.250000018626451492e-02
1.250000018626451492e-02
2.380952425301074982e-02
3.982477064710110426e-04
6.372673669829964638e-05
2.943513936770614237e-05
4.651162773370742798e-03
2.564102597534656525e-02
1.030927803367376328e-02
1.522070029750466347e-03
2.777777798473834991e-02
3.571428731083869934e-02
1.000000000000000000e+00
7.518797181546688080e-03
3.389830526430159807e-04
5.313496221788227558e-04
1.000000000000000000e+00
1.000000000000000000e+00
4.545454680919647217e-02
8.264462463557720184e-03
1.428571492433547974e-01
1.295336754992604256e-03
6.693440373055636883e-04
5.595971015281975269e-04
7.142857462167739868e-02
2.000000029802322388e-01
1.000000000000000000e+00
1.000000000000000000e+00
1.000000000000000000e+00
5.000000000000000000e-01
1.639881957089528441e-04
1.000000000000000000e+00
1.061571179889142513e-03
1.785714365541934967e-02
5.184033070690929890e-04
5.434782709926366806e-03
1.000000000000000000e+00
2.247191034257411957e-03
1.666666716337203979e-01
5.000000074505805969e-02
4.115226212888956070e-03
3.872966626659035683e-04
7.692307978868484497e-02
9.345794096589088440e-03
4.862157948082312942e-05
2.500000000000000000e-01
1.428571492433547974e-01
3.165558737237006426e-04
1.344086020253598690e-03
1.000000000000000000e+00
1.000000000000000000e+00
1.666666716337203979e-01
9.680542279966175556e-04
3.597122384235262871e-03
1.522533566458150744e-04
1.000000000000000000e+00
1.246882835403084755e-03
7.786269975440518465e-07
1.000000000000000000e+00
1.388888899236917496e-02
2.000000029802322388e-01
2.500000000000000000e-01
2.597402548417448997e-03
4.132231231778860092e-03
1.538461539894342422e-02
1.428571492433547974e-01
4.016064107418060303e-03
1.000000000000000000e+00
9.132419945672154427e-04
1.111111119389533997e-01
7.692307978868484497e-02
3.999999910593032837e-02
8.333333581686019897e-02
1.000000014901161194e-01
2.962085418403148651e-04
2.061855746433138847e-03
3.999999910593032837e-02
1.105705450754612684e-04
1.081081107258796692e-03
1.000000000000000000e+00
1.000000000000000000e+00
1.000000000000000000e+00
1.000000000000000000e+00
8.622176392236724496e-05
2.631578966975212097e-02
1.610305975191295147e-03
1.162790693342685699e-02
7.674596854485571384e-04
9.999999776482582092e-03
7.942811935208737850e-04
1.162790693342685699e-02
5.000000000000000000e-01
1.000000000000000000e+00
1.165501191280782223e-03
1.052631624042987823e-02
3.891050582751631737e-03
1.000000000000000000e+00
4.646840170607902110e-05
8.756567694945260882e-05
1.111111119389533997e-01
1.000000000000000000e+00
4.385964944958686829e-03
1.000000000000000000e+00
1.000000000000000000e+00
1.000000000000000000e+00
1.472754054702818394e-03
1.342281902907416224e-04
2.000000029802322388e-01
1.000000000000000000e+00
1.000000000000000000e+00
1.000000000000000000e+00
6.250000000000000000e-02
1.246882835403084755e-03
7.092198356986045837e-03
9.532888652756810188e-04
3.378378460183739662e-03
1.250000000000000000e-01
3.690036945044994354e-03
4.926108289510011673e-03
1.148105598986148834e-03
4.672897048294544220e-03
3.606202662922441959e-04
2.857142826542258263e-03
2.000000029802322388e-01
1.000000000000000000e+00
2.272727200761437416e-03
1.000000000000000000e+00
1.063829753547906876e-02
5.000000000000000000e-01
3.846153989434242249e-02
1.000000000000000000e+00
3.448275849223136902e-02
7.874015718698501587e-03
1.851851865649223328e-02
5.485463771037757397e-04
4.299226275179535151e-04
1.845018472522497177e-03
2.260908950120210648e-04
3.846153989434242249e-02
9.099181042984127998e-04
1.814882038161158562e-03
3.378378460183739662e-03
8.130080997943878174e-03
1.820498873712494969e-04
7.142857462167739868e-02
1.359249727101996541e-04
4.697041003964841366e-04
2.000000029802322388e-01
1.000000000000000000e+00
1.861850614659488201e-04
1.000000000000000000e+00
2.053388161584734917e-04
5.681818351149559021e-03
6.134969182312488556e-03
2.767017285805195570e-04
5.319148767739534378e-03
6.793478387407958508e-04
1.000000000000000000e+00
7.142857462167739868e-02
1.098901126533746719e-02
1.000000000000000000e+00
1.811594236642122269e-03
3.333333507180213928e-02
1.000000014901161194e-01
1.305585283262189478e-05
2.577319508418440819e-03
1.351351384073495865e-02
2.537298314564395696e-05
2.777777798473834991e-02
1.000000000000000000e+00
2.500000000000000000e-01
2.923976629972457886e-03
5.000000000000000000e-01
5.000000000000000000e-01
1.428571492433547974e-01
4.940711660310626030e-04
3.144653979688882828e-03
5.376344081014394760e-03
1.562500000000000000e-02
3.333333507180213928e-02
1.000000000000000000e+00
4.081632476300001144e-03
8.333333581686019897e-02
2.000000029802322388e-01
1.000000000000000000e+00
1.351351384073495865e-02
2.500000000000000000e-01
1.612903177738189697e-02
2.941176481544971466e-02
2.577319508418440819e-03
1.000000000000000000e+00
7.142857462167739868e-02
1.000000000000000000e+00
3.136762825306504965e-04
1.000000000000000000e+00
1.796622382244095206e-04
9.803921915590763092e-03
5.000000000000000000e-01
1.388888899236917496e-02
4.580852109938859940e-04
1.000000000000000000e+00
1.470588240772485733e-02
5.360493014450185001e-05
1.000000000000000000e+00
5.431830650195479393e-04
3.571428731083869934e-02
3.703703731298446655e-02
3.333333432674407959e-01
7.692307978868484497e-02
5.000000000000000000e-01
1.920491631608456373e-04
1.000000000000000000e+00
1.190476212650537491e-02
4.048583097755908966e-03
1.841620658524334431e-03
1.000000000000000000e+00
4.599815874826163054e-04
1.157407416030764580e-03
1.000000000000000000e+00
1.121076289564371109e-03
2.777777798473834991e-02
9.259259328246116638e-03
2.631578966975212097e-02
2.500000000000000000e-01
1.000000000000000000e+00
9.090909361839294434e-02
1.428571492433547974e-01
4.651162773370742798e-03
2.140410942956805229e-04
5.747126415371894836e-03
9.708738070912659168e-04
1.000000000000000000e+00
2.466091245878487825e-04
1.000000000000000000e+00
1.448855473427101970e-04
1.000000000000000000e+00
8.471704495605081320e-05
3.831417532637715340e-03
9.433962404727935791e-03
7.142857462167739868e-02
8.547008619643747807e-04
5.000000074505805969e-02
5.000000000000000000e-01
3.333333432674407959e-01
3.831417532637715340e-03
1.000000000000000000e+00
2.724795602262020111e-03
2.272727340459823608e-02
1.075268816202878952e-02
2.500000037252902985e-02
5.000000000000000000e-01
1.030927873216569424e-03
1.317523070611059666e-03
5.330490530468523502e-04
2.881844295188784599e-03
2.500000037252902985e-02
2.092050155624747276e-03
1.000000000000000000e+00
2.083333395421504974e-02
3.041362506337463856e-04
9.090909361839294434e-02
2.925687476817984134e-05
5.000000000000000000e-01
1.000000000000000000e+00
1.249999972060322762e-03
5.000000000000000000e-01
1.428571492433547974e-01
1.000000000000000000e+00
3.849114582408219576e-04
3.067484794883057475e-05
2.389486326137557626e-04
4.545454680919647217e-02
5.000000000000000000e-01
1.250000000000000000e-01
6.666667014360427856e-02
4.166666790843009949e-02
5.649717524647712708e-03
1.000000000000000000e+00
5.000000074505805969e-02
4.545454680919647217e-02
1.000000014901161194e-01
2.439024299383163452e-02
3.946329816244542599e-04
1.969279255717992783e-04
2.376425836700946093e-04
5.555555596947669983e-02
7.142857462167739868e-02
1.000000000000000000e+00
7.293946109712123871e-04
1.170960167655721307e-04
3.205128246918320656e-03
1.000000000000000000e+00
5.263157933950424194e-02
1.000000000000000000e+00
3.703703731298446655e-02
5.291005363687872887e-04
3.030302934348583221e-03
1.505117397755384445e-04
3.660322108771651983e-04
7.385524222627282143e-04
1.000000000000000000e+00
2.797625484163290821e-06
9.794319048523902893e-04
2.272727340459823608e-02
4.545454680919647217e-02
4.347826167941093445e-02
1.333333365619182587e-02
2.173913083970546722e-02
2.380952425301074982e-02
2.500000037252902985e-02
1.250000000000000000e-01
9.090909361839294434e-02
2.004008041694760323e-03
1.567398081533610821e-03
1.028806553222239017e-03
1.000000000000000000e+00
1.000000000000000000e+00
1.454333978472277522e-04
1.000000000000000000e+00
1.000000014901161194e-01
4.166666790843009949e-02
2.881844295188784599e-03
1.000000000000000000e+00
1.000000000000000000e+00
3.533568931743502617e-03
8.403361774981021881e-03
5.000000000000000000e-01
5.208333488553762436e-03
3.999999910593032837e-02
3.764351640711538494e-05
1.250000000000000000e-01
2.500000000000000000e-01
1.250000000000000000e-01
8.547008968889713287e-03
1.138433508458547294e-04
6.250000000000000000e-02
6.257822387851774693e-04
3.469812509138137102e-05
2.898550825193524361e-03
2.958579920232295990e-03
9.584971121512353420e-05
1.030927803367376328e-02
2.590673509985208511e-03
4.347826167941093445e-02
1.449275389313697815e-02
2.222222276031970978e-02
1.461560896132141352e-04
1.000000000000000000e+00
2.823263639584183693e-04
1.000000000000000000e+00
4.810004902537912130e-04
1.079913577996194363e-03
1.009998959489166737e-04
3.891050582751631737e-03
2.000000029802322388e-01
5.157297709956765175e-04
3.333333432674407959e-01
6.250000000000000000e-02
4.761904850602149963e-02
1.000000000000000000e+00
1.000000000000000000e+00
1.000000000000000000e+00
1.250000000000000000e-01
3.448275849223136902e-02
6.410256493836641312e-03
1.250000000000000000e-01
1.000000000000000000e+00
1.176470611244440079e-02
1.020408142358064651e-02
2.564102597534656525e-02
1.886792480945587158e-02
2.020202111452817917e-03
1.666666716337203979e-01
9.898049756884574890e-05
1.724137924611568451e-02
1.000000000000000000e+00
1.550387591123580933e-03
9.055510599864646792e-05
1.000000000000000000e+00
3.333333432674407959e-01
9.345794096589088440e-03
1.000000000000000000e+00
5.995203973725438118e-04
1.288659754209220409e-03
6.796248635509982705e-05
2.173913083970546722e-02
3.714710182975977659e-04
1.000000000000000000e+00
3.333333432674407959e-01
3.470414594630710781e-05
7.727975025773048401e-04
5.882352963089942932e-02
5.592841189354658127e-04
1.000000000000000000e+00
1.851851819083094597e-03
6.896551698446273804e-03
2.314814832061529160e-03
6.060605868697166443e-03
1.428571492433547974e-01
1.642036135308444500e-03
2.777777798473834991e-02
3.333333432674407959e-01
9.090909361839294434e-02
1.000000014901161194e-01
1.000000000000000000e+00
5.555555596947669983e-02
4.347826167941093445e-02
2.272727340459823608e-02
1.010101009160280228e-02
1.000000000000000000e+00
6.535947788506746292e-03
3.333333432674407959e-01
1.000000000000000000e+00
2.222222276031970978e-02
8.680555620230734348e-04
3.333333432674407959e-01
4.840271139983087778e-04
1.390820601955056190e-03
2.000000029802322388e-01
3.846153989434242249e-02
4.812319530174136162e-04
2.107037435052916408e-04
8.474576286971569061e-03
4.761904850602149963e-02
5.882353056222200394e-03
2.272727340459823608e-02
4.347826167941093445e-02
3.946329816244542599e-04
6.250000000000000000e-02
1.000000000000000000e+00
2.724795776885002851e-04
3.333333432674407959e-01
5.000000000000000000e-01
1.694915257394313812e-02
3.311258275061845779e-03
1.000000000000000000e+00
2.500000000000000000e-01
1.000000000000000000e+00
1.219512149691581726e-02
1.378549786750227213e-04
8.695652359165251255e-04
4.166666790843009949e-02
1.000000000000000000e+00
9.451796067878603935e-04
1.000000000000000000e+00
1.000000000000000000e+00
4.568296135403215885e-04
1.000000000000000000e+00
9.090909361839294434e-02
1.393922429997473955e-04
1.000000000000000000e+00
6.369426846504211426e-03
5.000000000000000000e-01
2.000000029802322388e-01
1.000000000000000000e+00
4.504504613578319550e-03
2.319109480595216155e-04
6.250000000000000000e-02
2.500000000000000000e-01
2.000000029802322388e-01
6.666667014360427856e-02
1.000000000000000000e+00
1.041666697710752487e-02
1.388888899236917496e-02
5.882352963089942932e-02
7.639419636689126492e-04
1.000000000000000000e+00
7.716103027632925659e-07
5.882352963089942932e-02
4.347826167941093445e-02
1.000000000000000000e+00
3.333333432674407959e-01
2.222222276031970978e-02
5.012531182728707790e-04
1.428571492433547974e-01
1.666666716337203979e-01
1.000000000000000000e+00
2.500000000000000000e-01
9.090909361839294434e-02
1.048547783284448087e-04
5.263157933950424194e-02
6.666667014360427856e-02
4.741583834402263165e-04
1.067235833033919334e-03
1.000000014901161194e-01
1.201923121698200703e-03
2.824858820531517267e-04
5.555555596947669983e-02
2.222222276031970978e-03
5.007511354051530361e-04
8.928571827709674835e-03
7.692307978868484497e-02
2.898550825193524361e-03
3.681885136757045984e-04
2.000000029802322388e-01
1.622797026357147843e-05
3.333333432674407959e-01
1.000000014901161194e-01
2.000000029802322388e-01
6.075334385968744755e-04
2.777777798473834991e-02
7.581501267850399017e-04
1.000000000000000000e+00
4.545454576145857573e-04
1.000000000000000000e+00
9.090909361839294434e-02
3.333333432674407959e-01
1.052631530910730362e-03
1.000000000000000000e+00
2.000000029802322388e-01
7.692307978868484497e-02
5.000000000000000000e-01
1.587301678955554962e-02
5.000000000000000000e-01
2.141327597200870514e-03
5.000000000000000000e-01
1.166861155070364475e-03
7.627765298821032047e-04
1.503759413026273251e-04
8.787346305325627327e-04
1.818181760609149933e-02
5.000000000000000000e-01
5.780346691608428955e-03
2.055498480331152678e-04
2.380952425301074982e-02
2.000000029802322388e-01
5.000000000000000000e-01
1.000000000000000000e+00
2.083333395421504974e-02
5.000000000000000000e-01
6.518904701806604862e-04
2.702702768146991730e-02
4.832785634789615870e-05
2.500000000000000000e-01
7.243227446451783180e-05
2.000000029802322388e-01
4.347826167941093445e-02
3.333333432674407959e-01
1.133786863647401333e-03
1.136363670229911804e-02
4.566209856420755386e-03
8.594756945967674255e-05
5.555555596947669983e-02
6.250000000000000000e-02
1.000000014901161194e-01
3.333333414047956467e-03
4.672897048294544220e-03
3.777719030040316284e-05
4.035675374325364828e-05
1.063829753547906876e-02
7.867820677347481251e-04
4.347826167941093445e-02
3.703703731298446655e-02
1.428571492433547974e-01
5.000000000000000000e-01
1.428571492433547974e-01
1.000000000000000000e+00
1.428571492433547974e-01
5.040322430431842804e-04
8.333333581686019897e-02
1.000000000000000000e+00
3.333333432674407959e-01
5.208333488553762436e-03
1.250000000000000000e-01
3.333333432674407959e-01
1.250000000000000000e-01
7.331378292292356491e-04
1.000000000000000000e+00
2.500000000000000000e-01
1.960784383118152618e-02
3.952569328248500824e-03
6.271558231674134731e-05
2.659574383869767189e-03
1.851851865649223328e-02
1.754385977983474731e-02
3.846153989434242249e-02
3.333333432674407959e-01
8.333333581686019897e-02
1.250000000000000000e-01
1.003009034320712090e-03
2.500000000000000000e-01
6.172839552164077759e-03
7.692307978868484497e-02
7.047216058708727360e-04
2.000000029802322388e-01
1.739130471833050251e-03
2.000000029802322388e-01
2.273864265589509159e-05
1.694915257394313812e-02
2.000000029802322388e-01
1.623640273464843631e-04
1.587301678955554962e-02
8.333333581686019897e-02
4.545454680919647217e-02
1.428571492433547974e-01
2.016128972172737122e-03
2.000000029802322388e-01
1.000000000000000000e+00
9.671180159784853458e-04
3.333333432674407959e-01
1.000000000000000000e+00
1.000000000000000000e+00
4.385964944958686829e-03
1.000000014901161194e-01
5.319148767739534378e-03
2.890173345804214478e-03
5.000000000000000000e-01
1.000000000000000000e+00
1.111111119389533997e-01
1.000000000000000000e+00
4.022526263725012541e-04
1.000000000000000000e+00
7.042253389954566956e-03
1.075268816202878952e-02
1.000000000000000000e+00
1.000000000000000000e+00
1.315789483487606049e-02
2.470722029102034867e-05
2.092050155624747276e-03
4.761904850602149963e-02
1.666666716337203979e-01
1.043841359205543995e-03
2.173723987652920187e-05
1.428571492433547974e-01
7.812500000000000000e-03
1.000000000000000000e+00
1.250000000000000000e-01
1.000000000000000000e+00
1.000000000000000000e+00
2.421307610347867012e-03
1.687763724476099014e-04
2.587456037872470915e-05
5.268703680485486984e-04
4.141129829804413021e-05
7.775493600092886481e-07
1.000000000000000000e+00
1.000000000000000000e+00
1.000000000000000000e+00
1.851851865649223328e-02
2.535496896598488092e-04
7.692307978868484497e-02
1.497006043791770935e-03
2.380952425301074982e-02
3.759398590773344040e-03
5.000000000000000000e-01
3.333333432674407959e-01
7.142857462167739868e-02
5.000000000000000000e-01
1.000000000000000000e+00
2.610966097563505173e-03
1.724137924611568451e-02
1.666666716337203979e-01
7.692307978868484497e-02
1.000000000000000000e+00
7.518797181546688080e-03
1.253132824786007404e-03
9.174311533570289612e-03
5.000000000000000000e-01
1.398601452820003033e-03
9.259259328246116638e-03
6.666667014360427856e-02
2.302025859535206109e-05
2.003606496145948768e-04
2.702702768146991730e-02
2.066115615889430046e-03
1.428571492433547974e-01
5.000000000000000000e-01
1.960784383118152618e-02
1.000000000000000000e+00
1.250000000000000000e-01
2.364066196605563164e-03
3.333333432674407959e-01
4.739336436614394188e-04
7.288630004040896893e-04
2.941176481544971466e-02
