9.999999776482582092e-03
1.111111119389533997e-01
2.785515272989869118e-03
1.111111119389533997e-01
5.099439295008778572e-04
5.000000000000000000e-01
2.000000029802322388e-01
1.000000000000000000e+00
1.000000000000000000e+00
1.000000000000000000e+00
7.518797181546688080e-03
1.111111119389533997e-01
3.333333432674407959e-01
2.777777798473834991e-02
1.111111119389533997e-01
1.000000000000000000e+00
1.000000000000000000e+00
2.104820014210417867e-04
5.347593687474727631e-03
2.857142873108386993e-02
3.289473708719015121e-03
1.000000000000000000e+00
8.333333581686019897e-02
1.000000000000000000e+00
1.000000014901161194e-01
1.000000000000000000e+00
3.703703731298446655e-02
3.584229387342929840e-03
1.818181760609149933e-02
1.053740736097097397e-03
5.000000000000000000e-01
3.831417532637715340e-03
1.000000000000000000e+00
2.645502565428614616e-03
2.262443536892533302e-03
6.666667014360427856e-02
5.000000000000000000e-01
2.777777845039963722e-03
8.333333581686019897e-02
3.676470601931214333e-03
1.298701297491788864e-02
3.676470601931214333e-03
9.900989942252635956e-03
1.111111119389533997e-01
9.090908803045749664e-03
1.000000000000000000e+00
3.571428731083869934e-02
4.347826167941093445e-02
8.333333581686019897e-02
3.225806402042508125e-03
3.333333507180213928e-02
5.020080134272575378e-04
5.000000000000000000e-01
3.999999910593032837e-02
5.000000000000000000e-01
1.000000000000000000e+00
1.639344170689582825e-02
4.868549294769763947e-04
1.000000014901161194e-01
6.802721181884407997e-04
7.092198356986045837e-03
1.000000000000000000e+00
2.500000000000000000e-01
1.760563347488641739e-03
3.008423664141446352e-04
1.000000000000000000e+00
2.857142873108386993e-02
1.666666716337203979e-01
5.000000000000000000e-01
1.000000000000000000e+00
3.333333432674407959e-01
9.900989942252635956e-03
4.545454680919647217e-02
1.234567910432815552e-02
6.451612804085016251e-03
8.333333581686019897e-02
6.329114083200693130e-03
5.000000000000000000e-01
7.142857182770967484e-03
1.000000000000000000e+00
6.289307959377765656e-03
6.369426846504211426e-03
7.142857462167739868e-02
5.263157933950424194e-02
2.668089582584798336e-04
1.193317468278110027e-03
2.222222276031970978e-02
5.076142027974128723e-03
1.412429381161928177e-03
1.000000000000000000e+00
2.383790269959717989e-04
2.000000029802322388e-01
1.834862399846315384e-03
1.000000000000000000e+00
2.531645586714148521e-03
3.333333432674407959e-01
2.000000029802322388e-01
1.666666716337203979e-01
3.999999910593032837e-02
7.142857182770967484e-03
2.500000000000000000e-01
1.000000000000000000e+00
7.745933253318071365e-04
2.643404586706310511e-04
5.000000074505805969e-02
1.000000000000000000e+00
2.032520249485969543e-03
9.276437922380864620e-04
6.666667014360427856e-02
2.000000029802322388e-01
1.515151560306549072e-02
2.500000037252902985e-02
1.908396952785551548e-03
1.000000000000000000e+00
2.040816284716129303e-02
2.710027154535055161e-03
2.500000000000000000e-01
6.250000000000000000e-02
5.000000000000000000e-01
1.970443408936262131e-04
2.413709880784153938e-04
4.694835748523473740e-03
3.333333432674407959e-01
2.067824680125340819e-04
1.562500000000000000e-02
1.111111119389533997e-01
4.545454680919647217e-02
4.545454680919647217e-02
4.761904850602149963e-02
1.644736854359507561e-03
2.127659507095813751e-02
9.708737954497337341e-03
8.333333767950534821e-03
1.666666716337203979e-01
5.000000000000000000e-01
1.000000000000000000e+00
1.000000000000000000e+00
1.250000000000000000e-01
5.000000000000000000e-01
5.154639016836881638e-03
5.102040711790323257e-03
4.761904850602149963e-02
1.618123031221330166e-03
1.000000000000000000e+00
2.631579060107469559e-03
1.000000000000000000e+00
1.612903201021254063e-03
8.196720853447914124e-03
5.000000000000000000e-01
1.754385977983474731e-02
2.000000029802322388e-01
1.000000000000000000e+00
1.000000000000000000e+00
6.134969182312488556e-03
5.000000000000000000e-01
1.000000000000000000e+00
1.886792480945587158e-02
1.075268839485943317e-03
1.250000000000000000e-01
9.433962404727935791e-03
1.162790693342685699e-02
1.388888899236917496e-02
1.492537325248122215e-03
1.694915257394313812e-02
8.818341884762048721e-04
4.761904850602149963e-02
1.140250824391841888e-03
1.000000014901161194e-01
9.090909361839294434e-02
1.000000000000000000e+00
3.174603218212723732e-03
7.142857462167739868e-02
1.111111119389533997e-01
5.000000000000000000e-01
5.000000000000000000e-01
1.000000000000000000e+00
5.000000074505805969e-02
6.250000000000000000e-02
3.703703731298446655e-02
1.000000000000000000e+00
2.949852496385574341e-04
2.857142873108386993e-02
9.174311533570289612e-03
3.333333432674407959e-01
5.000000000000000000e-01
1.111111119389533997e-01
4.424778744578361511e-03
1.000000000000000000e+00
5.000000000000000000e-01
5.643340991809964180e-04
2.557544736191630363e-03
7.518797065131366253e-04
3.333333507180213928e-02
2.074688905850052834e-03
4.856726445723325014e-04
3.333333432674407959e-01
5.000000000000000000e-01
1.000000000000000000e+00
5.882352963089942932e-02
9.090909361839294434e-02
3.333333432674407959e-01
3.508772002533078194e-03
3.372681385371834040e-04
7.874015718698501587e-03
2.873563207685947418e-03
2.222222276031970978e-02
6.666667014360427856e-02
5.076142027974128723e-03
5.555555596947669983e-02
5.000000000000000000e-01
2.500000000000000000e-01
6.250000000000000000e-02
1.470588240772485733e-02
1.428571492433547974e-01
6.075334385968744755e-04
5.000000000000000000e-01
3.448275849223136902e-02
7.299270015209913254e-03
7.142857462167739868e-02
3.333333432674407959e-01
2.597402548417448997e-03
1.851851865649223328e-02
6.666666828095912933e-03
5.000000000000000000e-01
2.631578966975212097e-02
1.000000000000000000e+00
1.131093740696087480e-04
2.083333395421504974e-02
2.564102597534656525e-02
1.149425283074378967e-02
1.000000000000000000e+00
1.000000000000000000e+00
2.000000029802322388e-01
1.000000000000000000e+00
4.464285913854837418e-03
3.333333507180213928e-02
3.448275849223136902e-02
1.000000000000000000e+00
1.000000000000000000e+00
4.761904850602149963e-02
9.174311533570289612e-03
2.439024299383163452e-02
2.500000000000000000e-01
1.250000000000000000e-01
4.761904850602149963e-02
9.433962404727935791e-03
2.500000000000000000e-01
4.807692486792802811e-03
1.666666716337203979e-01
3.968254197388887405e-03
7.692307978868484497e-02
1.000000000000000000e+00
4.739336669445037842e-03
3.333333507180213928e-02
3.333333432674407959e-01
3.649635007604956627e-03
4.182350530754774809e-04
3.225806355476379395e-02
1.000000000000000000e+00
1.000000000000000000e+00
4.926108289510011673e-03
1.449275389313697815e-02
4.424778744578361511e-03
1.000000000000000000e+00
2.272727340459823608e-02
1.000000000000000000e+00
5.000000000000000000e-01
2.500000000000000000e-01
1.351351384073495865e-02
3.030303120613098145e-02
2.500000000000000000e-01
5.882352963089942932e-02
2.000000029802322388e-01
3.333333432674407959e-01
2.500000000000000000e-01
1.000000000000000000e+00
5.025125574320554733e-03
1.000000000000000000e+00
1.666666716337203979e-01
2.777777798473834991e-02
1.666666716337203979e-01
4.761904850602149963e-02
1.052631624042987823e-02
5.000000000000000000e-01
1.010101009160280228e-02
4.545454401522874832e-03
1.265822816640138626e-02
1.000000000000000000e+00
2.000000029802322388e-01
3.333333432674407959e-01
2.173913083970546722e-02
2.500000000000000000e-01
5.617977585643529892e-03
1.000000000000000000e+00
5.000000000000000000e-01
2.500000000000000000e-01
4.189359024167060852e-04
6.978366873227059841e-04
2.500000000000000000e-01
1.000000000000000000e+00
9.090909361839294434e-02
1.206272630952298641e-03
4.655493539758026600e-04
5.000000000000000000e-01
5.988024175167083740e-03
1.000000000000000000e+00
1.428571492433547974e-01
2.500000037252902985e-02
1.639344170689582825e-02
1.074113883078098297e-03
4.545454401522874832e-03
1.000000000000000000e+00
1.666666716337203979e-01
4.545454680919647217e-02
1.000000000000000000e+00
1.000000000000000000e+00
1.250000018626451492e-02
1.666666716337203979e-01
1.000000000000000000e+00
9.174311533570289612e-03
2.500000000000000000e-01
3.999999910593032837e-02
8.896797080524265766e-04
3.333333507180213928e-02
2.717391354963183403e-03
1.162790693342685699e-02
4.166666790843009949e-02
1.879699295386672020e-03
1.000000000000000000e+00
1.611084298929199576e-04
2.500000000000000000e-01
2.857142873108386993e-02
5.000000000000000000e-01
5.000000000000000000e-01
1.111111119389533997e-01
3.846153989434242249e-02
7.142857462167739868e-02
5.000000000000000000e-01
3.225806355476379395e-02
5.464480724185705185e-03
4.545454680919647217e-02
3.333333432674407959e-01
1.754385977983474731e-02
2.500000000000000000e-01
1.000000000000000000e+00
1.000000000000000000e+00
3.846153989434242249e-02
4.000000189989805222e-03
1.000000000000000000e+00
3.999999910593032837e-02
1.265822816640138626e-02
3.333333432674407959e-01
3.999999910593032837e-02
2.564102597534656525e-02
5.988024175167083740e-03
4.385964944958686829e-03
3.333333432674407959e-01
1.344086020253598690e-03
2.217294881120324135e-03
2.808988792821764946e-03
1.818181760609149933e-02
1.250000000000000000e-01
4.545454680919647217e-02
1.587301678955554962e-02
1.457726000808179379e-03
1.428571492433547974e-01
5.000000000000000000e-01
5.000000000000000000e-01
1.000000000000000000e+00
1.030927803367376328e-02
6.802720949053764343e-03
1.000000000000000000e+00
5.000000000000000000e-01
5.000000000000000000e-01
2.500000000000000000e-01
9.842519648373126984e-04
3.333333432674407959e-01
1.666666716337203979e-01
5.917159840464591980e-03
3.676470601931214333e-03
5.434782709926366806e-03
1.098901149816811085e-03
6.666667014360427856e-02
1.111111119389533997e-01
3.849114582408219576e-04
2.325581386685371399e-02
1.111111119389533997e-01
1.057194240274839103e-04
1.000000000000000000e+00
2.380952425301074982e-02
6.451612804085016251e-03
1.785714365541934967e-02
2.631578966975212097e-02
4.761904850602149963e-02
1.492537278681993484e-02
2.000000029802322388e-01
5.050505045801401138e-03
3.333333432674407959e-01
7.692307978868484497e-02
1.000000014901161194e-01
1.428571492433547974e-01
2.000000029802322388e-01
2.053388161584734917e-03
1.250781788257881999e-04
1.869158935733139515e-03
1.111111119389533997e-01
2.000000029802322388e-01
1.000000000000000000e+00
2.000000029802322388e-01
1.000000000000000000e+00
1.250000000000000000e-01
1.123595517128705978e-02
2.500000000000000000e-01
1.000000000000000000e+00
2.173913083970546722e-02
8.210180676542222500e-04
1.999999955296516418e-02
3.802281338721513748e-03
9.090909361839294434e-02
7.692307978868484497e-02
2.000000029802322388e-01
1.883239136077463627e-03
5.000000000000000000e-01
1.000000000000000000e+00
1.000000000000000000e+00
1.000000000000000000e+00
3.257328877225518227e-03
2.638522535562515259e-03
4.166666790843009949e-02
6.305170245468616486e-04
2.564102597534656525e-02
6.250000000000000000e-02
3.921568859368562698e-03
5.263157933950424194e-02
3.333333432674407959e-01
1.694915257394313812e-02
7.692307978868484497e-02
2.100840443745255470e-03
1.000000000000000000e+00
3.125000000000000000e-02
1.639344170689582825e-02
6.451612804085016251e-03
1.000000000000000000e+00
7.142857462167739868e-02
4.737091367132961750e-04
5.291005130857229233e-03
3.984063863754272461e-03
3.333333432674407959e-01
1.724137924611568451e-02
1.000000000000000000e+00
2.173913083970546722e-02
5.882352963089942932e-02
1.000000000000000000e+00
1.000000000000000000e+00
1.000000000000000000e+00
1.960784383118152618e-02
1.000000000000000000e+00
1.000000000000000000e+00
1.000000000000000000e+00
3.184713423252105713e-03
3.333333432674407959e-01
1.562500000000000000e-02
6.250000000000000000e-02
4.761904850602149963e-02
1.123595517128705978e-02
1.923076994717121124e-02
1.562500023283064365e-03
2.000000029802322388e-01
1.666666716337203979e-01
1.000000014901161194e-01
1.503759413026273251e-03
5.000000000000000000e-01
3.333333432674407959e-01
6.250000093132257462e-03
6.849315017461776733e-03
1.000000000000000000e+00
7.633587811142206192e-03
1.522070029750466347e-03
2.000000029802322388e-01
1.628664438612759113e-03
1.030927803367376328e-02
2.040816284716129303e-02
5.000000000000000000e-01
7.936508394777774811e-03
3.773584961891174316e-03
1.136363670229911804e-02
5.000000000000000000e-01
2.000000029802322388e-01
3.068425867240875959e-04
4.545454680919647217e-02
5.000000000000000000e-01
2.500000037252902985e-02
3.125000000000000000e-02
2.923976629972457886e-03
5.000000000000000000e-01
2.500000000000000000e-01
7.142857462167739868e-02
5.988024175167083740e-03
1.428571492433547974e-01
2.500000000000000000e-01
1.677852356806397438e-03
1.250000000000000000e-01
1.754385977983474731e-02
8.605852053733542562e-05
1.000000000000000000e+00
3.571428731083869934e-02
5.102040711790323257e-03
9.999999776482582092e-03
5.000000000000000000e-01
2.000000029802322388e-01
1.428571492433547974e-01
2.320185536518692970e-03
1.351351384073495865e-02
3.703703638166189194e-03
2.762431045994162560e-03
3.333333432674407959e-01
1.000000000000000000e+00
5.000000000000000000e-01
1.381215522997081280e-03
9.090909361839294434e-02
9.174311533570289612e-03
1.428571492433547974e-01
1.000000014901161194e-01
1.030927803367376328e-02
2.000000029802322388e-01
2.500000000000000000e-01
1.000000000000000000e+00
1.388888899236917496e-02
1.562500000000000000e-02
9.708737954497337341e-03
8.333333581686019897e-02
1.278608833672478795e-04
9.090909361839294434e-02
5.000000000000000000e-01
5.000000000000000000e-01
8.333333581686019897e-02
6.426735199056565762e-04
3.333333432674407959e-01
4.166666790843009949e-02
1.449275389313697815e-02
4.016064107418060303e-03
2.793296007439494133e-03
1.000000000000000000e+00
7.692307978868484497e-02
4.975124262273311615e-03
2.544529270380735397e-03
2.197802299633622169e-03
1.666666716337203979e-01
5.000000000000000000e-01
1.000000000000000000e+00
4.975124262273311615e-03
9.090909361839294434e-02
1.000000000000000000e+00
1.000000000000000000e+00
3.999999910593032837e-02
3.773584961891174316e-03
5.000000000000000000e-01
2.150537678971886635e-03
2.500000000000000000e-01
5.249343812465667725e-04
5.000000000000000000e-01
6.410256493836641312e-03
2.777777798473834991e-02
6.666667014360427856e-02
1.000000000000000000e+00
2.604166744276881218e-03
1.766784465871751308e-03
5.128205288201570511e-03
7.692307978868484497e-02
3.030303120613098145e-02
7.692307978868484497e-02
1.000000000000000000e+00
2.000000029802322388e-01
1.000000014901161194e-01
1.666666716337203979e-01
5.000000000000000000e-01
1.000000000000000000e+00
2.000000029802322388e-01
1.000000000000000000e+00
1.111111119389533997e-01
1.250000000000000000e-01
3.623188473284244537e-03
3.333333507180213928e-02
4.761904850602149963e-02
5.000000000000000000e-01
2.500000000000000000e-01
1.000000000000000000e+00
5.000000000000000000e-01
1.000000000000000000e+00
1.515151560306549072e-02
1.000000000000000000e+00
1.000000000000000000e+00
1.345894997939467430e-03
1.302083372138440609e-03
3.755163343157619238e-04
7.874015718698501587e-03
4.347826167941093445e-02
5.000000000000000000e-01
3.846153989434242249e-02
1.000000000000000000e+00
3.333333432674407959e-01
5.000000000000000000e-01
1.111111119389533997e-01
2.500000000000000000e-01
1.666666716337203979e-01
2.500000000000000000e-01
5.000000000000000000e-01
1.000000000000000000e+00
6.662225350737571716e-04
1.428571436554193497e-02
4.672897048294544220e-03
9.090909361839294434e-02
5.263157933950424194e-02
2.500000000000000000e-01
1.000000000000000000e+00
1.538461539894342422e-02
1.000000000000000000e+00
3.198976337444037199e-04
5.882352963089942932e-02
2.857142873108386993e-02
1.666666716337203979e-01
9.523809887468814850e-03
3.999999910593032837e-02
1.000000000000000000e+00
1.250000000000000000e-01
2.212389372289180756e-03
1.136363670229911804e-02
3.333333432674407959e-01
3.999999910593032837e-02
1.515151560306549072e-02
7.142857462167739868e-02
4.761904850602149963e-02
1.428571492433547974e-01
1.098901126533746719e-02
1.020408142358064651e-02
4.854368977248668671e-03
2.500000000000000000e-01
5.555555596947669983e-02
1.428571492433547974e-01
3.448275849223136902e-02
1.000000000000000000e+00
1.000000000000000000e+00
1.000000000000000000e+00
1.666666716337203979e-01
1.666666716337203979e-01
2.375297015532851219e-03
1.428571492433547974e-01
1.915708766318857670e-03
2.785515272989869118e-03
1.453488366678357124e-03
4.166666790843009949e-02
1.666666716337203979e-01
1.000000000000000000e+00
1.000000000000000000e+00
1.000000000000000000e+00
1.000000000000000000e+00
6.357278907671570778e-04
1.666666716337203979e-01
6.711409427225589752e-03
8.333333767950534821e-03
9.425070602446794510e-04
2.040816284716129303e-02
2.500000000000000000e-01
1.204819232225418091e-02
2.325581386685371399e-02
5.000000000000000000e-01
7.692307978868484497e-02
1.193317468278110027e-03
1.960784383118152618e-02
1.428571436554193497e-02
2.258355962112545967e-04
7.692307978868484497e-02
1.000000000000000000e+00
2.096435986459255219e-03
1.307189580984413624e-03
5.000000000000000000e-01
1.000000000000000000e+00
3.703703731298446655e-02
4.098360426723957062e-03
1.000000000000000000e+00
3.315649810247123241e-04
2.500000000000000000e-01
2.680246543604880571e-04
3.063725598622113466e-04
1.000000000000000000e+00
2.000000029802322388e-01
2.380952471867203712e-03
1.000000000000000000e+00
2.500000000000000000e-01
4.347825888544321060e-03
1.250000000000000000e-01
1.000000000000000000e+00
1.231527072377502918e-03
1.000000000000000000e+00
1.818181760609149933e-02
5.000000000000000000e-01
1.250000000000000000e-01
1.582278520800173283e-03
9.132419945672154427e-04
1.000000000000000000e+00
8.389261784031987190e-04
1.305483048781752586e-03
9.433962404727935791e-03
5.540166166611015797e-04
3.448275849223136902e-03
4.761904850602149963e-02
2.000000029802322388e-01
1.000000000000000000e+00
1.000000000000000000e+00
6.250000000000000000e-02
1.111111119389533997e-01
1.436781603842973709e-03
1.408450677990913391e-02
2.512562787160277367e-04
1.449275389313697815e-02
4.750593798235058784e-04
8.333333581686019897e-02
1.250000000000000000e-01
1.666666716337203979e-01
3.333333432674407959e-01
1.302083372138440609e-03
5.235602147877216339e-03
1.000000000000000000e+00
8.503401186317205429e-04
9.727626456879079342e-04
7.462686393409967422e-03
1.000000000000000000e+00
3.731343196704983711e-03
1.000000000000000000e+00
1.250000000000000000e-01
1.000000014901161194e-01
1.821493613533675671e-03
1.091703074052929878e-03
3.333333432674407959e-01
1.000000000000000000e+00
1.000000000000000000e+00
1.428571492433547974e-01
2.500000000000000000e-01
1.666666716337203979e-01
5.263157933950424194e-02
5.681818351149559021e-03
7.246376946568489075e-03
5.882352963089942932e-02
1.000000000000000000e+00
2.325581386685371399e-02
4.347826167941093445e-02
3.846153989434242249e-02
1.162790693342685699e-02
1.449275389313697815e-02
1.000000000000000000e+00
1.250000000000000000e-01
1.000000000000000000e+00
1.000000000000000000e+00
1.000000014901161194e-01
1.515151560306549072e-02
9.999999776482582092e-03
1.000000000000000000e+00
4.545454680919647217e-02
7.692307699471712112e-03
1.111111119389533997e-01
1.351351384073495865e-02
4.761904850602149963e-02
7.142857462167739868e-02
1.650165067985653877e-03
6.369426846504211426e-03
7.142857462167739868e-02
3.846153989434242249e-02
2.857142873108386993e-02
1.111111119389533997e-01
1.999999955296516418e-02
7.142857462167739868e-02
1.259128621313720942e-04
1.344086020253598690e-03
1.428571492433547974e-01
5.000000000000000000e-01
1.474926248192787170e-03
1.000000000000000000e+00
1.818181760609149933e-02
8.130080997943878174e-03
3.773584961891174316e-03
5.000000000000000000e-01
8.620689623057842255e-03
7.633587811142206192e-03
5.000000000000000000e-01
7.142857462167739868e-02
3.999999910593032837e-02
1.000000000000000000e+00
3.357958339620381594e-04
1.000000000000000000e+00
7.692307978868484497e-02
6.930006784386932850e-04
1.428571436554193497e-02
6.711409427225589752e-03
1.709109492367133498e-04
1.000000000000000000e+00
1.000000000000000000e+00
1.666666716337203979e-01
4.351609968580305576e-04
3.333333432674407959e-01
3.333333432674407959e-01
1.000000000000000000e+00
1.000000000000000000e+00
1.562500000000000000e-02
6.849315017461776733e-03
6.666667014360427856e-02
8.928571827709674835e-03
1.000000000000000000e+00
1.373626408167183399e-03
2.500000000000000000e-01
4.347826167941093445e-02
7.692307978868484497e-02
1.000000000000000000e+00
3.448275849223136902e-02
1.675041858106851578e-03
1.111111119389533997e-01
2.500000000000000000e-01
1.000000000000000000e+00
3.333333432674407959e-01
1.000000014901161194e-01
7.032348657958209515e-04
1.000000000000000000e+00
4.336513520684093237e-04
7.917656330391764641e-04
1.000000000000000000e+00
3.571428731083869934e-02
1.142857130616903305e-03
9.090909361839294434e-02
1.136363670229911804e-02
5.617977585643529892e-03
1.000000000000000000e+00
2.298850566148757935e-03
3.333333432674407959e-01
1.666666716337203979e-01
3.333333432674407959e-01
1.282051298767328262e-02
1.000000000000000000e+00
1.449275389313697815e-02
1.000000000000000000e+00
1.666666716337203979e-01
1.063829753547906876e-02
7.692307978868484497e-02
5.000000074505805969e-02
9.803921915590763092e-03
1.700391148915514350e-04
1.111111119389533997e-01
5.555555596947669983e-02
1.000000014901161194e-01
3.448275849223136902e-02
1.000000000000000000e+00
5.000000000000000000e-01
1.000000000000000000e+00
2.380952425301074982e-02
1.000000014901161194e-01
3.322259057313203812e-03
1.319261267781257629e-03
4.115226212888956070e-03
7.147963042370975018e-04
1.000000000000000000e+00
4.422821803018450737e-04
8.333333581686019897e-02
8.333333581686019897e-02
1.000000000000000000e+00
8.673027041368186474e-04
1.111111119389533997e-01
1.984127098694443703e-03
3.333333432674407959e-01
5.128205288201570511e-03
1.000000000000000000e+00
5.000000000000000000e-01
6.250000000000000000e-02
1.923076994717121124e-02
1.000000000000000000e+00
1.828153617680072784e-03
9.090909361839294434e-02
3.333333432674407959e-01
1.960784383118152618e-02
2.500000000000000000e-01
6.802720949053764343e-03
3.030302934348583221e-03
2.926543820649385452e-04
7.142857462167739868e-02
1.315789483487606049e-02
1.683501643128693104e-03
1.000000000000000000e+00
2.325581386685371399e-02
8.695651777088642120e-03
2.500000000000000000e-01
2.495009975973516703e-04
1.428571492433547974e-01
1.000000000000000000e+00
1.666666707023978233e-03
1.111111119389533997e-01
1.250000000000000000e-01
1.000000000000000000e+00
2.061855746433138847e-03
3.030303120613098145e-02
4.935834440402686596e-04
4.166666790843009949e-02
1.000000000000000000e+00
3.333333432674407959e-01
1.000000000000000000e+00
3.333333432674407959e-01
6.622516550123691559e-03
1.000000000000000000e+00
1.666666753590106964e-02
7.692307978868484497e-02
1.000000000000000000e+00
7.727975025773048401e-04
4.166666883975267410e-03
4.926108289510011673e-03
1.652892562560737133e-03
4.761904850602149963e-02
1.428571436554193497e-02
1.250000000000000000e-01
1.123595517128705978e-02
2.469135913997888565e-03
4.484305158257484436e-03
1.000000000000000000e+00
9.090909361839294434e-02
1.250000000000000000e-01
3.164557041600346565e-03
1.351351384073495865e-02
9.832842042669653893e-04
1.000000014901161194e-01
1.263902959180995822e-04
6.176652386784553528e-04
3.333333432674407959e-01
1.960784383118152618e-02
5.847953259944915771e-03
2.000000029802322388e-01
8.333333581686019897e-02
2.000000029802322388e-01
9.803921915590763092e-03
5.000000000000000000e-01
3.448275849223136902e-02
8.333333581686019897e-02
5.000000000000000000e-01
1.052631624042987823e-02
8.333333767950534821e-03
8.928571827709674835e-03
9.900989942252635956e-03
1.000000000000000000e+00
1.000000000000000000e+00
1.116071478463709354e-03
1.000000000000000000e+00
8.000000379979610443e-03
4.545454680919647217e-02
5.102040711790323257e-03
1.000000000000000000e+00
1.000000000000000000e+00
1.204819232225418091e-02
4.424778744578361511e-03
5.000000000000000000e-01
1.000000000000000000e+00
2.222222276031970978e-02
1.318913273280486465e-04
2.000000029802322388e-01
9.615384973585605621e-03
2.500000000000000000e-01
3.891050582751631737e-03
1.170960138551890850e-03
3.448275849223136902e-02
4.502476367633789778e-04
3.012048080563545227e-03
4.975124262273311615e-03
1.000000000000000000e+00
9.624639060348272324e-04
7.142857462167739868e-02
2.857142873108386993e-02
2.380952425301074982e-02
2.631578966975212097e-02
1.250000000000000000e-01
5.000000074505805969e-02
1.250000000000000000e-01
3.333333432674407959e-01
1.000000000000000000e+00
6.418485427275300026e-04
7.692307978868484497e-02
2.192982472479343414e-03
9.523809887468814850e-03
1.000000014901161194e-01
1.261034049093723297e-03
3.333333432674407959e-01
1.000000000000000000e+00
3.333333432674407959e-01
1.000000000000000000e+00
1.000000000000000000e+00
1.000000000000000000e+00
1.000000000000000000e+00
5.000000000000000000e-01
7.142857462167739868e-02
2.000000029802322388e-01
1.000000000000000000e+00
1.000000000000000000e+00
2.702702768146991730e-02
5.000000000000000000e-01
5.000000000000000000e-01
9.803921915590763092e-03
1.428571492433547974e-01
2.143622696166858077e-04
3.030303120613098145e-02
5.000000000000000000e-01
2.915452001616358757e-03
2.707092498894780874e-04
8.333333581686019897e-02
2.000000029802322388e-01
7.246376946568489075e-03
1.000000000000000000e+00
8.196720853447914124e-03
2.083333395421504974e-02
1.103752758353948593e-03
4.716981202363967896e-03
1.111111119389533997e-01
1.851851865649223328e-02
1.250000000000000000e-01
5.555555596947669983e-02
3.322259057313203812e-03
3.125000000000000000e-02
2.500000000000000000e-01
3.333333432674407959e-01
1.052631624042987823e-02
3.086419776082038879e-03
1.470588240772485733e-02
2.941176481544971466e-02
8.333333581686019897e-02
7.097232155501842499e-04
5.555555596947669983e-02
2.500000000000000000e-01
4.347826167941093445e-02
1.000000000000000000e+00
1.000000000000000000e+00
5.882353056222200394e-03
3.125000000000000000e-02
9.803921915590763092e-03
4.000000189989805222e-03
3.333333432674407959e-01
3.125000000000000000e-02
1.111111119389533997e-01
1.666666716337203979e-01
1.000000000000000000e+00
1.428571492433547974e-01
1.000000000000000000e+00
1.234567910432815552e-02
1.000000000000000000e+00
1.000000000000000000e+00
2.272727340459823608e-02
3.717472078278660774e-03
9.523809421807527542e-04
1.351351384073495865e-02
1.470588240772485733e-02
2.500000000000000000e-01
1.000000000000000000e+00
1.000000000000000000e+00
8.312552236020565033e-04
2.724795602262020111e-03
2.000000029802322388e-01
1.022494863718748093e-03
1.666666716337203979e-01
2.000000029802322388e-01
2.500000000000000000e-01
6.711409427225589752e-03
3.333333432674407959e-01
5.000000000000000000e-01
5.000000000000000000e-01
1.111111119389533997e-01
1.109877950511872768e-03
1.408450677990913391e-02
2.500000000000000000e-01
5.000000000000000000e-01
1.394700142554938793e-03
3.333333432674407959e-01
5.000000000000000000e-01
8.410428999923169613e-04
1.000000000000000000e+00
1.000000000000000000e+00
1.111111119389533997e-01
1.000000000000000000e+00
9.174311533570289612e-03
2.500000000000000000e-01
5.000000000000000000e-01
1.000000000000000000e+00
2.016128972172737122e-03
3.546099178493022919e-03
2.500000000000000000e-01
7.142857462167739868e-02
1.428571492433547974e-01
5.000000000000000000e-01
1.000000000000000000e+00
8.474576286971569061e-03
1.000000000000000000e+00
8.928571827709674835e-03
1.851851865649223328e-02
5.000000000000000000e-01
2.427184488624334335e-03
9.090909361839294434e-02
1.000000000000000000e+00
1.000000000000000000e+00
1.000000000000000000e+00
1.000000000000000000e+00
1.338688074611127377e-03
5.000000000000000000e-01
1.000000000000000000e+00
1.000000000000000000e+00
3.030303120613098145e-02
1.111111119389533997e-01
7.194244535639882088e-04
3.999999910593032837e-02
4.166666790843009949e-02
8.658008882775902748e-04
2.000000029802322388e-01
5.000000000000000000e-01
2.849002834409475327e-03
1.098901126533746719e-02
1.000000000000000000e+00
1.136363670229911804e-02
1.282051298767328262e-02
4.329004324972629547e-03
1.000000000000000000e+00
5.405405536293983459e-03
1.000000000000000000e+00
3.333333432674407959e-01
3.333333432674407959e-01
7.518797181546688080e-03
2.631578966975212097e-02
1.000000000000000000e+00
3.030303120613098145e-02
1.298701297491788864e-02
9.090909361839294434e-02
5.000000000000000000e-01
1.176470611244440079e-02
1.000000000000000000e+00
3.333333432674407959e-01
5.000000000000000000e-01
8.620689623057842255e-03
1.111111119389533997e-01
1.250000000000000000e-01
1.754385977983474731e-02
5.000000000000000000e-01
9.009009227156639099e-03
1.000000000000000000e+00
2.702702768146991730e-02
1.000000000000000000e+00
4.166666883975267410e-03
3.333333432674407959e-01
1.615508925169706345e-03
6.666666828095912933e-03
1.000000014901161194e-01
1.000000000000000000e+00
1.428571492433547974e-01
2.597402548417448997e-03
1.428571492433547974e-01
1.000000000000000000e+00
2.500000000000000000e-01
1.000000000000000000e+00
3.571428731083869934e-02
5.000000000000000000e-01
2.985074650496244431e-03
3.030303120613098145e-02
1.124859438277781010e-03
1.000000000000000000e+00
2.032520249485969543e-03
1.000000000000000000e+00
1.000000000000000000e+00
5.555555596947669983e-02
3.333333432674407959e-01
1.000000000000000000e+00
1.000000000000000000e+00
1.529052038677036762e-03
1.250000000000000000e-01
2.083333395421504974e-02
3.571428731083869934e-02
2.564102597534656525e-02
1.369863003492355347e-02
2.718129835557192564e-04
7.194244768470525742e-03
3.246753243729472160e-03
1.190476212650537491e-02
1.000000000000000000e+00
1.388888899236917496e-02
1.666666716337203979e-01
3.333333432674407959e-01
1.428571436554193497e-02
1.000000000000000000e+00
5.000000000000000000e-01
2.610966097563505173e-03
3.333333432674407959e-01
1.000000000000000000e+00
1.000000000000000000e+00
1.111111119389533997e-01
4.166666790843009949e-02
2.000000029802322388e-01
5.000000000000000000e-01
3.512469411361962557e-04
5.000000000000000000e-01
3.333333432674407959e-01
2.500000000000000000e-01
1.020408142358064651e-02
3.571428731083869934e-02
4.807692486792802811e-03
8.333333581686019897e-02
1.000000000000000000e+00
1.000000000000000000e+00
1.000000000000000000e+00
1.666666716337203979e-01
5.000000000000000000e-01
1.111111119389533997e-01
1.000000000000000000e+00
8.333333581686019897e-02
2.500000000000000000e-01
7.067137630656361580e-04
5.263157933950424194e-02
2.040816284716129303e-02
5.000000000000000000e-01
4.144218692090362310e-04
1.040582777932286263e-03
3.333333432674407959e-01
2.793296007439494133e-03
2.000000029802322388e-01
3.999999910593032837e-02
5.000000000000000000e-01
5.000000000000000000e-01
2.500000000000000000e-01
1.250000000000000000e-01
3.333333432674407959e-01
2.032520249485969543e-03
1.000000000000000000e+00
5.000000000000000000e-01
2.000000029802322388e-01
1.999999955296516418e-02
3.333333432674407959e-01
1.612903177738189697e-02
7.352941203862428665e-03
3.333333432674407959e-01
1.000000000000000000e+00
1.677852356806397438e-03
5.000000000000000000e-01
2.000000029802322388e-01
1.666666716337203979e-01
1.369863003492355347e-02
1.858736039139330387e-03
1.000000000000000000e+00
5.000000000000000000e-01
3.906250000000000000e-03
5.555555596947669983e-02
5.938242538832128048e-04
2.325581386685371399e-02
3.333333507180213928e-02
1.449275389313697815e-02
2.027574955718591809e-04
1.000000000000000000e+00
2.500000000000000000e-01
5.000000000000000000e-01
8.333333581686019897e-02
1.000000000000000000e+00
3.333333432674407959e-01
3.333333432674407959e-01
8.771929889917373657e-03
6.756756920367479324e-03
1.203369465656578541e-03
4.784688819199800491e-03
2.272210840601474047e-04
1.428571492433547974e-01
1.000000000000000000e+00
1.234567910432815552e-02
1.666666716337203979e-01
5.931198247708380222e-04
1.000000000000000000e+00
1.000000000000000000e+00
4.761904850602149963e-02
1.149425283074378967e-02
1.000000000000000000e+00
7.142857462167739868e-02
2.217294881120324135e-03
3.333333432674407959e-01
1.428571492433547974e-01
1.851851865649223328e-02
5.208333488553762436e-03
5.000000000000000000e-01
1.111111119389533997e-01
2.500000000000000000e-01
4.545454680919647217e-02
2.777777798473834991e-02
1.333333365619182587e-02
1.219512149691581726e-02
4.347826167941093445e-02
1.428571492433547974e-01
5.000000000000000000e-01
3.050640516448765993e-04
7.980845985002815723e-04
9.803921915590763092e-03
1.745200715959072113e-03
1.818181760609149933e-02
1.052631624042987823e-02
1.000000014901161194e-01
7.874015718698501587e-03
1.000000000000000000e+00
6.666666595265269279e-04
1.111111119389533997e-01
8.333333581686019897e-02
2.777777798473834991e-02
1.111111119389533997e-01
