9.962828159332275391e-01
9.984545707702636719e-01
7.910374402999877930e-01
9.849487543106079102e-01
9.958493113517761230e-01
8.952025771141052246e-01
9.298836588859558105e-01
4.784033894538879395e-01
9.969430565834045410e-01
9.927263259887695312e-01
9.419847130775451660e-01
5.492532253265380859e-01
6.136112213134765625e-01
7.814034223556518555e-01
9.996361136436462402e-01
9.999823570251464844e-01
9.998999834060668945e-01
8.054715991020202637e-01
7.282915115356445312e-01
9.615255594253540039e-01
9.979307651519775391e-01
9.998680353164672852e-01
9.983826875686645508e-01
9.705956578254699707e-01
4.713644385337829590e-01
9.997111558914184570e-01
7.936100363731384277e-01
8.829779028892517090e-01
5.504458546638488770e-01
9.860787987709045410e-01
8.375303745269775391e-01
4.051280319690704346e-01
9.993209838867187500e-01
5.235021710395812988e-01
9.866038560867309570e-01
6.258308887481689453e-01
7.753213047981262207e-01
9.957494735717773438e-01
4.943086206912994385e-01
7.439285516738891602e-01
8.452898263931274414e-01
8.969955444335937500e-01
9.878212809562683105e-01
9.977054595947265625e-01
9.969879984855651855e-01
9.979959726333618164e-01
8.166588544845581055e-01
9.983474016189575195e-01
9.970471858978271484e-01
9.779068231582641602e-01
7.469398975372314453e-01
3.456493914127349854e-01
9.998118281364440918e-01
9.936659336090087891e-01
5.079407095909118652e-01
9.998239278793334961e-01
8.749665617942810059e-01
9.993968009948730469e-01
9.983088970184326172e-01
9.881746768951416016e-01
9.972357749938964844e-01
9.777386784553527832e-01
8.743357062339782715e-01
5.070829987525939941e-01
4.434767663478851318e-01
9.990258216857910156e-01
9.992980957031250000e-01
9.948174953460693359e-01
9.995099902153015137e-01
9.998435378074645996e-01
9.653694033622741699e-01
4.695961475372314453e-01
9.983526468276977539e-01
6.053129434585571289e-01
9.060531258583068848e-01
9.861514568328857422e-01
9.951934814453125000e-01
9.996450543403625488e-01
9.213151335716247559e-01
9.465665817260742188e-01
6.389784216880798340e-01
9.970488548278808594e-01
9.990350008010864258e-01
9.950001239776611328e-01
2.310345917940139771e-01
6.717568039894104004e-01
9.655130505561828613e-01
7.035931348800659180e-01
5.193156003952026367e-01
9.998974204063415527e-01
9.901123642921447754e-01
7.200689911842346191e-01
6.423579454421997070e-01
9.358256459236145020e-01
6.629695296287536621e-01
8.044096827507019043e-01
9.995662569999694824e-01
8.660756945610046387e-01
9.991802573204040527e-01
5.099717974662780762e-01
9.971863031387329102e-01
9.982367157936096191e-01
8.804321885108947754e-01
3.607855439186096191e-01
6.339123249053955078e-01
8.878813982009887695e-01
9.918683171272277832e-01
6.356573700904846191e-01
8.045745491981506348e-01
8.883780241012573242e-01
5.314664244651794434e-01
9.817650914192199707e-01
6.515755057334899902e-01
9.993796348571777344e-01
9.439669251441955566e-01
9.961390495300292969e-01
9.982517957687377930e-01
9.986582398414611816e-01
8.959851861000061035e-01
5.040330290794372559e-01
5.063371062278747559e-01
9.984300136566162109e-01
9.997994303703308105e-01
4.855274856090545654e-01
7.724184989929199219e-01
9.994121193885803223e-01
9.256644845008850098e-01
8.168814778327941895e-01
9.190839529037475586e-01
6.703251004219055176e-01
9.992657303810119629e-01
7.605563402175903320e-01
6.738731861114501953e-01
9.988997578620910645e-01
9.948167800903320312e-01
9.846040606498718262e-01
9.992600679397583008e-01
7.995980978012084961e-01
9.986043572425842285e-01
5.522291064262390137e-01
5.029786825180053711e-01
9.982172846794128418e-01
7.640054821968078613e-01
9.993218779563903809e-01
6.050826907157897949e-01
9.781067371368408203e-01
8.092621564865112305e-01
5.515839457511901855e-01
8.788729310035705566e-01
9.959618449211120605e-01
9.992121458053588867e-01
9.682898521423339844e-01
9.982423782348632812e-01
6.607846617698669434e-01
9.854309558868408203e-01
9.999128580093383789e-01
4.934820830821990967e-01
5.603329539299011230e-01
9.182103872299194336e-01
6.248369812965393066e-01
9.991784095764160156e-01
6.477928757667541504e-01
6.438101530075073242e-01
9.910972714424133301e-01
5.531330704689025879e-01
7.208567857742309570e-01
9.243218302726745605e-01
9.997894167900085449e-01
9.849736094474792480e-01
9.998538494110107422e-01
5.288646817207336426e-01
7.389911413192749023e-01
7.593463063240051270e-01
9.572025537490844727e-01
9.777724146842956543e-01
9.998664855957031250e-01
3.800523281097412109e-01
7.784780263900756836e-01
5.792352557182312012e-01
9.999141097068786621e-01
8.844140768051147461e-01
9.496501684188842773e-01
7.981663942337036133e-01
9.980615973472595215e-01
9.997201561927795410e-01
6.351905465126037598e-01
9.974404573440551758e-01
9.999142289161682129e-01
5.833022594451904297e-01
9.928866624832153320e-01
9.969479441642761230e-01
9.785954356193542480e-01
9.991793632507324219e-01
8.450047373771667480e-01
6.118382811546325684e-01
9.975650310516357422e-01
9.333968758583068848e-01
9.987521171569824219e-01
9.997767210006713867e-01
4.686599671840667725e-01
9.997420907020568848e-01
9.308421611785888672e-01
4.318836331367492676e-01
5.492812991142272949e-01
7.274856567382812500e-01
5.484885573387145996e-01
8.031427860260009766e-01
9.991629123687744141e-01
9.957433938980102539e-01
9.824021458625793457e-01
9.997084140777587891e-01
9.160721898078918457e-01
9.900143146514892578e-01
9.990921020507812500e-01
4.100340306758880615e-01
4.966427087783813477e-01
9.986215233802795410e-01
9.889237880706787109e-01
7.005095481872558594e-01
9.728572964668273926e-01
9.461453557014465332e-01
3.837603032588958740e-01
8.656861186027526855e-01
9.037962555885314941e-01
8.881971836090087891e-01
9.481820464134216309e-01
6.742014884948730469e-01
6.547222137451171875e-01
8.144104480743408203e-01
9.978618621826171875e-01
9.991964697837829590e-01
9.996638298034667969e-01
9.989504814147949219e-01
9.998589754104614258e-01
9.886460304260253906e-01
6.059018969535827637e-01
9.990825653076171875e-01
4.522072374820709229e-01
9.989355802536010742e-01
3.355110585689544678e-01
9.048058390617370605e-01
9.992823600769042969e-01
9.984037280082702637e-01
5.902562141418457031e-01
5.818174481391906738e-01
7.346670031547546387e-01
7.254235148429870605e-01
9.917123913764953613e-01
9.996227025985717773e-01
9.981680512428283691e-01
9.994169473648071289e-01
9.999939799308776855e-01
7.946365475654602051e-01
8.362453579902648926e-01
6.703535914421081543e-01
7.192575931549072266e-01
8.554176688194274902e-01
9.338048100471496582e-01
9.998619556427001953e-01
9.988610148429870605e-01
9.990968704223632812e-01
9.195446968078613281e-01
7.583883404731750488e-01
9.950271248817443848e-01
9.972585439682006836e-01
9.994308352470397949e-01
9.995769858360290527e-01
8.047361373901367188e-01
5.625465512275695801e-01
9.976847171783447266e-01
8.918710350990295410e-01
9.998769164085388184e-01
9.994215965270996094e-01
9.906344413757324219e-01
9.988874197006225586e-01
6.417415142059326172e-01
9.958063960075378418e-01
9.992932081222534180e-01
9.895169138908386230e-01
8.452711105346679688e-01
8.783116340637207031e-01
7.556999325752258301e-01
6.171689033508300781e-01
9.674043655395507812e-01
8.449550867080688477e-01
6.083383560180664062e-01
3.745547831058502197e-01
9.985112547874450684e-01
8.298528194427490234e-01
9.746145606040954590e-01
8.581673502922058105e-01
9.989825487136840820e-01
7.332884073257446289e-01
9.623567461967468262e-01
9.985417723655700684e-01
9.931043982505798340e-01
6.976337432861328125e-01
6.460717320442199707e-01
9.997090101242065430e-01
9.994905591011047363e-01
9.994484782218933105e-01
8.343467712402343750e-01
5.548546314239501953e-01
9.026749730110168457e-01
6.501497626304626465e-01
9.665496349334716797e-01
9.971416592597961426e-01
9.570233225822448730e-01
9.717494249343872070e-01
9.940720200538635254e-01
9.977664351463317871e-01
9.964552521705627441e-01
7.658826112747192383e-01
9.982302188873291016e-01
8.215924501419067383e-01
9.991689324378967285e-01
9.978847503662109375e-01
9.619955420494079590e-01
9.995853900909423828e-01
8.783005475997924805e-01
9.784904122352600098e-01
9.998542666435241699e-01
9.594919681549072266e-01
8.695943355560302734e-01
7.490024566650390625e-01
9.985872507095336914e-01
7.836353778839111328e-01
9.984594583511352539e-01
9.830185174942016602e-01
5.159434080123901367e-01
8.246844410896301270e-01
9.997987747192382812e-01
9.997488260269165039e-01
9.488857388496398926e-01
9.988142848014831543e-01
9.547401070594787598e-01
9.958434700965881348e-01
9.999347925186157227e-01
9.436064362525939941e-01
9.865007996559143066e-01
9.984629750251770020e-01
9.840885400772094727e-01
9.132189154624938965e-01
9.486063122749328613e-01
9.999310970306396484e-01
7.944980263710021973e-01
9.791791439056396484e-01
5.617773532867431641e-01
9.467810392379760742e-01
9.921932220458984375e-01
9.984017610549926758e-01
9.302852749824523926e-01
8.738061785697937012e-01
8.585319519042968750e-01
9.191826581954956055e-01
6.716310381889343262e-01
9.996881484985351562e-01
9.068772196769714355e-01
9.940143227577209473e-01
8.201199173927307129e-01
9.991450905799865723e-01
8.076717853546142578e-01
7.131928801536560059e-01
7.664489746093750000e-01
5.695050358772277832e-01
9.997899532318115234e-01
9.996782541275024414e-01
8.667559623718261719e-01
9.878257513046264648e-01
9.423751831054687500e-01
9.446659684181213379e-01
9.133647084236145020e-01
9.998648166656494141e-01
9.989060759544372559e-01
3.641692101955413818e-01
5.058667659759521484e-01
2.938236854970455170e-02
8.676350712776184082e-01
9.104697108268737793e-01
5.761004090309143066e-01
5.638052225112915039e-01
4.989150464534759521e-01
7.968526482582092285e-01
9.996005296707153320e-01
6.582636237144470215e-01
9.479031562805175781e-01
9.118475914001464844e-01
7.670122981071472168e-01
9.986280798912048340e-01
9.978388547897338867e-01
9.991511106491088867e-01
9.987228512763977051e-01
7.639459967613220215e-01
8.111428618431091309e-01
9.985320568084716797e-01
9.994659423828125000e-01
5.640079975128173828e-01
9.997931122779846191e-01
9.308926463127136230e-01
8.168084025382995605e-01
5.704001784324645996e-01
9.841546416282653809e-01
8.159216046333312988e-01
6.284605264663696289e-01
8.896384239196777344e-01
9.933772087097167969e-01
9.853326082229614258e-01
9.103640913963317871e-01
9.494972229003906250e-01
9.977974891662597656e-01
9.978345632553100586e-01
7.506968379020690918e-01
9.996018409729003906e-01
9.942542910575866699e-01
9.313586354255676270e-01
5.167762041091918945e-01
9.788755774497985840e-01
9.849954843521118164e-01
9.994711875915527344e-01
9.995164275169372559e-01
9.702214598655700684e-01
7.898246645927429199e-01
9.958612322807312012e-01
9.589726924896240234e-01
9.987822175025939941e-01
9.932233095169067383e-01
9.231805205345153809e-01
9.640237092971801758e-01
9.889117479324340820e-01
3.743164241313934326e-01
8.115378022193908691e-01
9.998137950897216797e-01
9.983634948730468750e-01
9.413754343986511230e-01
3.975332081317901611e-01
9.989471435546875000e-01
9.106479287147521973e-01
5.527532100677490234e-01
9.975342750549316406e-01
9.389632344245910645e-01
7.120212316513061523e-01
9.988265633583068848e-01
8.088182806968688965e-01
9.949391484260559082e-01
6.687878966331481934e-01
7.799493074417114258e-01
5.530638694763183594e-01
9.155489802360534668e-01
6.784551739692687988e-01
9.109550118446350098e-01
9.011927843093872070e-01
9.561801552772521973e-01
9.998483061790466309e-01
9.998947978019714355e-01
9.833931922912597656e-01
9.984272122383117676e-01
9.114406704902648926e-01
8.083419799804687500e-01
9.989348649978637695e-01
9.883466958999633789e-01
9.999329447746276855e-01
9.869174361228942871e-01
9.979696273803710938e-01
9.366725683212280273e-01
9.919679164886474609e-01
9.509083628654479980e-01
7.743620872497558594e-01
8.180354833602905273e-01
6.319699287414550781e-01
9.994441270828247070e-01
8.066401481628417969e-01
9.990653991699218750e-01
9.982616305351257324e-01
9.987398982048034668e-01
3.022056221961975098e-01
9.997035264968872070e-01
3.429249823093414307e-01
6.872969269752502441e-01
6.888012290000915527e-01
9.398343563079833984e-01
9.179046154022216797e-01
8.338628411293029785e-01
7.289617657661437988e-01
4.235011637210845947e-01
9.912897944450378418e-01
9.447127580642700195e-01
9.843357801437377930e-01
9.495764970779418945e-01
4.917746782302856445e-01
9.973806142807006836e-01
9.811372160911560059e-01
9.477170109748840332e-01
9.950802922248840332e-01
9.971057772636413574e-01
9.984433650970458984e-01
9.987939000129699707e-01
8.570030331611633301e-01
9.841718673706054688e-01
9.608591794967651367e-01
8.201424479484558105e-01
6.505603790283203125e-01
9.393143653869628906e-01
9.904829859733581543e-01
3.604602813720703125e-02
9.999086260795593262e-01
8.668233156204223633e-01
9.324285984039306641e-01
9.976916313171386719e-01
9.594095349311828613e-01
8.508128523826599121e-01
9.974325299263000488e-01
7.977475523948669434e-01
7.118918299674987793e-01
9.809567928314208984e-01
9.942745566368103027e-01
8.045729994773864746e-01
9.998225569725036621e-01
9.988353848457336426e-01
5.701881647109985352e-01
9.596128463745117188e-01
5.755425691604614258e-01
9.970822334289550781e-01
9.959769248962402344e-01
9.956327080726623535e-01
9.994611144065856934e-01
9.819631576538085938e-01
7.515329122543334961e-01
6.783432364463806152e-01
9.981207847595214844e-01
6.845001578330993652e-01
9.991675615310668945e-01
4.294275045394897461e-01
9.990630149841308594e-01
6.635878682136535645e-01
8.585261702537536621e-01
9.984256029129028320e-01
7.858577966690063477e-01
9.558348059654235840e-01
5.161597132682800293e-01
9.977516531944274902e-01
9.275287985801696777e-01
5.504431128501892090e-01
9.999217391014099121e-01
9.583660960197448730e-01
8.072628974914550781e-01
4.850794076919555664e-01
3.444066047668457031e-01
9.756795763969421387e-01
9.998344779014587402e-01
9.889370799064636230e-01
9.988770484924316406e-01
7.635606527328491211e-01
9.993919730186462402e-01
9.712610840797424316e-01
9.898928999900817871e-01
7.555956840515136719e-01
8.006151318550109863e-01
7.077464461326599121e-01
9.888681769371032715e-01
4.694582521915435791e-01
9.461083412170410156e-01
6.553150415420532227e-01
9.124293327331542969e-01
9.988937973976135254e-01
9.999322891235351562e-01
9.941557645797729492e-01
9.824703931808471680e-01
9.983583092689514160e-01
8.054451942443847656e-01
5.936530828475952148e-01
8.670816421508789062e-01
8.964978456497192383e-01
9.818984866142272949e-01
9.960227608680725098e-01
9.673190712928771973e-01
9.999122023582458496e-01
8.572635650634765625e-01
9.988994598388671875e-01
9.918915629386901855e-01
9.998211860656738281e-01
9.990605711936950684e-01
9.950869083404541016e-01
7.893661856651306152e-01
9.994500279426574707e-01
9.403305053710937500e-01
9.365780949592590332e-01
9.998566508293151855e-01
9.999147653579711914e-01
9.982049465179443359e-01
6.223639845848083496e-01
9.776884317398071289e-01
7.900279760360717773e-01
8.809483051300048828e-01
7.408779263496398926e-01
7.835320830345153809e-01
7.882848978042602539e-01
9.655250310897827148e-01
9.902058243751525879e-01
9.989935159683227539e-01
9.813086986541748047e-01
9.979965090751647949e-01
8.558558821678161621e-01
9.994221925735473633e-01
9.981283545494079590e-01
9.984632134437561035e-01
9.102123379707336426e-01
9.996588826179504395e-01
9.976173639297485352e-01
9.850764274597167969e-01
9.789052009582519531e-01
9.981135129928588867e-01
9.903016686439514160e-01
9.960430264472961426e-01
7.534629702568054199e-01
9.862321019172668457e-01
9.749737977981567383e-01
9.439709186553955078e-01
9.973062872886657715e-01
9.213699698448181152e-01
6.301863193511962891e-01
9.735434055328369141e-01
8.376128673553466797e-01
8.071289062500000000e-01
9.976617693901062012e-01
6.461744904518127441e-01
9.444079399108886719e-01
8.040832281112670898e-01
8.181400299072265625e-01
9.969803094863891602e-01
9.884456992149353027e-01
4.198172092437744141e-01
2.577049434185028076e-01
5.740027427673339844e-01
6.562691330909729004e-01
9.981333017349243164e-01
9.993481040000915527e-01
5.920560956001281738e-01
9.994189739227294922e-01
9.244761466979980469e-01
6.949349641799926758e-01
5.178617238998413086e-01
9.985905885696411133e-01
9.992271065711975098e-01
9.968548417091369629e-01
9.940193891525268555e-01
9.944072365760803223e-01
8.513308763504028320e-01
5.904520750045776367e-01
5.002402067184448242e-01
8.216314315795898438e-01
9.970431923866271973e-01
9.893530011177062988e-01
9.930754303932189941e-01
9.702159762382507324e-01
9.949620366096496582e-01
9.998331665992736816e-01
6.596500873565673828e-01
9.136099219322204590e-01
5.724068284034729004e-01
9.315929412841796875e-01
7.126841545104980469e-01
5.707159638404846191e-01
8.692022562026977539e-01
6.786524653434753418e-01
9.944861531257629395e-01
7.325094938278198242e-01
5.821346640586853027e-01
6.912770271301269531e-01
9.537782073020935059e-01
8.716925382614135742e-01
3.689735829830169678e-01
9.873788952827453613e-01
9.985535144805908203e-01
6.019660234451293945e-01
8.456094861030578613e-01
9.995474219322204590e-01
9.992563724517822266e-01
9.987919926643371582e-01
7.510302662849426270e-01
6.468337178230285645e-01
6.630970835685729980e-01
9.020347595214843750e-01
7.506248950958251953e-01
2.190371416509151459e-02
9.481374025344848633e-01
8.187544345855712891e-01
9.100319147109985352e-01
9.976434111595153809e-01
4.328314363956451416e-01
5.902272462844848633e-01
8.128984570503234863e-01
9.592751264572143555e-01
6.919668912887573242e-01
9.995014667510986328e-01
5.579369664192199707e-01
9.993694424629211426e-01
9.979059100151062012e-01
5.923517942428588867e-01
8.494967222213745117e-01
8.376459479331970215e-01
7.843119502067565918e-01
6.651962399482727051e-01
7.957844138145446777e-01
9.880403876304626465e-01
9.212144017219543457e-01
6.597403287887573242e-01
9.997491240501403809e-01
9.978616237640380859e-01
9.556614160537719727e-01
4.089616835117340088e-01
9.679528474807739258e-01
6.448962092399597168e-01
6.356906294822692871e-01
5.704509615898132324e-01
8.189732432365417480e-01
5.129446983337402344e-01
7.288289070129394531e-01
8.570781350135803223e-01
9.976615309715270996e-01
7.469483613967895508e-01
9.977518916130065918e-01
9.741353392601013184e-01
9.669485092163085938e-01
4.018403887748718262e-01
9.914438724517822266e-01
8.704614043235778809e-01
9.985342621803283691e-01
7.686937451362609863e-01
9.983205199241638184e-01
9.990398883819580078e-01
9.936020374298095703e-01
7.606538534164428711e-01
9.826436638832092285e-01
8.011503219604492188e-01
9.999001026153564453e-01
9.965485930442810059e-01
9.732696413993835449e-01
7.913734912872314453e-01
9.990649223327636719e-01
9.956193566322326660e-01
9.712751507759094238e-01
6.226940751075744629e-01
8.942320942878723145e-01
7.660968899726867676e-01
9.968360066413879395e-01
9.981747269630432129e-01
9.838579893112182617e-01
5.203297734260559082e-01
5.414756536483764648e-01
9.996502399444580078e-01
9.992295503616333008e-01
7.701321244239807129e-01
9.999134540557861328e-01
9.820556044578552246e-01
9.484373927116394043e-01
8.232828378677368164e-01
9.984914660453796387e-01
9.896219968795776367e-01
9.973813295364379883e-01
9.111862778663635254e-01
7.983976602554321289e-01
5.324564576148986816e-01
5.368887186050415039e-01
9.961692690849304199e-01
9.978708624839782715e-01
6.526696681976318359e-01
9.940463900566101074e-01
6.146127581596374512e-01
9.910319447517395020e-01
9.870395064353942871e-01
9.502165913581848145e-01
5.016000270843505859e-01
4.204853177070617676e-01
9.446015357971191406e-01
9.997198581695556641e-01
5.013692378997802734e-01
8.877912759780883789e-01
4.456165432929992676e-01
9.912412762641906738e-01
5.153726935386657715e-01
6.002448201179504395e-01
9.072804450988769531e-01
3.884316086769104004e-01
9.012516736984252930e-01
9.167205691337585449e-01
9.951084852218627930e-01
9.897208809852600098e-01
9.995728731155395508e-01
9.821599721908569336e-01
9.993703365325927734e-01
9.426097869873046875e-01
7.373785972595214844e-01
8.569193482398986816e-01
9.704698324203491211e-01
8.741297721862792969e-01
8.383747935295104980e-01
9.955703020095825195e-01
5.816503763198852539e-01
9.982591867446899414e-01
7.566282153129577637e-01
9.993457198143005371e-01
7.123990654945373535e-01
8.691578507423400879e-01
9.984846711158752441e-01
6.154167056083679199e-01
9.982007741928100586e-01
9.999115467071533203e-01
9.946322441101074219e-01
9.984010457992553711e-01
8.950374722480773926e-01
9.994331002235412598e-01
9.991664290428161621e-01
7.621555328369140625e-01
6.374830007553100586e-01
8.414245843887329102e-01
6.223114132881164551e-01
9.990845918655395508e-01
9.991347193717956543e-01
9.996769428253173828e-01
7.952561974525451660e-01
9.849829673767089844e-01
9.958302378654479980e-01
9.836818575859069824e-01
9.995287060737609863e-01
9.988912940025329590e-01
4.894164204597473145e-01
9.990186691284179688e-01
9.999498128890991211e-01
9.860227704048156738e-01
9.969960451126098633e-01
8.488818407058715820e-01
5.771638154983520508e-01
9.293630123138427734e-01
9.853700399398803711e-01
9.982374310493469238e-01
9.276136755943298340e-01
9.718539714813232422e-01
9.690351486206054688e-01
9.985972642898559570e-01
8.111675381660461426e-01
8.059041500091552734e-01
9.950305223464965820e-01
7.611570954322814941e-01
6.428347826004028320e-01
9.957211613655090332e-01
4.739283919334411621e-01
9.979000091552734375e-01
9.920216202735900879e-01
8.309684395790100098e-01
9.477115273475646973e-01
9.999101758003234863e-01
9.994560480117797852e-01
8.599019050598144531e-01
9.985767006874084473e-01
7.672176957130432129e-01
6.770808100700378418e-01
6.533342003822326660e-01
9.990234971046447754e-01
7.510967850685119629e-01
9.865571260452270508e-01
3.859941363334655762e-01
9.999103546142578125e-01
6.942734122276306152e-01
7.271283864974975586e-01
9.920008778572082520e-01
9.925741553306579590e-01
9.870635271072387695e-01
7.962347269058227539e-01
8.087807297706604004e-01
9.993290305137634277e-01
9.988354444503784180e-01
9.424053430557250977e-01
9.931212663650512695e-01
9.998438954353332520e-01
8.162471055984497070e-01
8.724125623703002930e-01
9.996656179428100586e-01
8.464806079864501953e-01
9.994320273399353027e-01
5.036096572875976562e-01
8.337765336036682129e-01
9.929623603820800781e-01
6.870105862617492676e-01
9.992147684097290039e-01
9.982553720474243164e-01
5.144462585449218750e-01
9.970903396606445312e-01
5.066195726394653320e-01
9.999043345451354980e-01
9.998999834060668945e-01
9.988446235656738281e-01
9.947110414505004883e-01
9.987241029739379883e-01
9.488127231597900391e-01
9.972444772720336914e-01
9.755739569664001465e-01
6.116357445716857910e-01
5.953637361526489258e-01
9.994708299636840820e-01
9.611217975616455078e-01
6.921787261962890625e-01
7.963805198669433594e-01
9.088248014450073242e-01
9.978659152984619141e-01
9.994232058525085449e-01
8.997953534126281738e-01
9.988940358161926270e-01
6.306591629981994629e-01
4.640038609504699707e-01
5.300564169883728027e-01
5.625941753387451172e-01
9.980461001396179199e-01
9.331264495849609375e-01
9.607607126235961914e-01
9.988746047019958496e-01
6.729091405868530273e-01
8.822501897811889648e-01
9.998090267181396484e-01
9.988822937011718750e-01
9.991665482521057129e-01
9.924468994140625000e-01
5.985378623008728027e-01
8.100866675376892090e-01
7.005525231361389160e-01
6.865096688270568848e-01
7.470815181732177734e-01
9.992742538452148438e-01
3.823811411857604980e-01
9.955180287361145020e-01
9.994732141494750977e-01
8.869401216506958008e-01
9.997997283935546875e-01
8.283588290214538574e-01
9.960956573486328125e-01
8.886697888374328613e-01
9.966553449630737305e-01
9.992428421974182129e-01
9.949983358383178711e-01
7.550038099288940430e-01
5.053226947784423828e-01
5.641848444938659668e-01
9.768437147140502930e-01
9.997836947441101074e-01
5.416526198387145996e-01
9.999215602874755859e-01
8.252001404762268066e-01
9.878700971603393555e-01
7.369606494903564453e-01
9.984009265899658203e-01
9.868363738059997559e-01
6.904031634330749512e-01
6.079978346824645996e-01
9.383493661880493164e-01
7.928119301795959473e-01
9.217113256454467773e-01
6.547504067420959473e-01
9.111453294754028320e-01
9.581210017204284668e-01
9.998287558555603027e-01
9.274185299873352051e-01
9.840006828308105469e-01
8.880060911178588867e-01
5.483372807502746582e-01
4.332040846347808838e-01
7.048338651657104492e-01
8.535945415496826172e-01
7.930549979209899902e-01
9.976485371589660645e-01
7.053253650665283203e-01
9.988777041435241699e-01
9.695736169815063477e-01
8.904986381530761719e-01
9.908796548843383789e-01
9.916799068450927734e-01
6.356373429298400879e-01
9.992049932479858398e-01
6.016999483108520508e-01
9.992867112159729004e-01
6.385563611984252930e-01
5.918175578117370605e-01
9.992266893386840820e-01
9.454817175865173340e-01
9.998708367347717285e-01
9.664795398712158203e-01
9.996819496154785156e-01
9.905419349670410156e-01
9.985159635543823242e-01
9.999339580535888672e-01
9.964740872383117676e-01
8.247268199920654297e-01
9.464730024337768555e-01
9.987411499023437500e-01
9.993112087249755859e-01
9.185589551925659180e-01
9.881818890571594238e-01
7.815080285072326660e-01
9.987630844116210938e-01
9.093067646026611328e-01
9.625982642173767090e-01
2.930915355682373047e-01
9.257693886756896973e-01
9.623064994812011719e-01
5.005530714988708496e-01
7.691830396652221680e-01
9.044912457466125488e-01
8.954761624336242676e-01
9.991198778152465820e-01
9.996298551559448242e-01
9.982144236564636230e-01
9.460003972053527832e-01
6.755657792091369629e-01
9.563522934913635254e-01
9.965528845787048340e-01
6.848928928375244141e-01
8.882489800453186035e-01
3.393050432205200195e-01
6.692175269126892090e-01
9.992560148239135742e-01
6.871652007102966309e-01
9.997211694717407227e-01
9.985086917877197266e-01
9.942520260810852051e-01
8.554978966712951660e-01
6.104167103767395020e-01
9.995894432067871094e-01
4.642165303230285645e-01
9.976706504821777344e-01
9.821290373802185059e-01
7.598724365234375000e-01
7.902969717979431152e-01
9.950015544891357422e-01
9.979353547096252441e-01
9.686020016670227051e-01
9.984871149063110352e-01
9.981423020362854004e-01
9.931313395500183105e-01
9.981915354728698730e-01
9.989824891090393066e-01
8.905122876167297363e-01
9.993574023246765137e-01
4.971369802951812744e-01
9.993982315063476562e-01
6.604089140892028809e-01
6.824433803558349609e-01
9.079191088676452637e-01
9.987308382987976074e-01
9.860942959785461426e-01
5.221332311630249023e-01
9.532069563865661621e-01
9.835171699523925781e-01
6.025995016098022461e-01
9.999677538871765137e-01
9.994474649429321289e-01
9.701091647148132324e-01
8.907309174537658691e-01
9.987749457359313965e-01
9.846650362014770508e-01
9.987500309944152832e-01
9.952206015586853027e-01
9.121813774108886719e-01
9.833854436874389648e-01
9.510753154754638672e-01
8.701121807098388672e-01
9.997496008872985840e-01
7.694661617279052734e-01
9.852976799011230469e-01
5.229396224021911621e-01
9.969387054443359375e-01
7.303783297538757324e-01
9.972841739654541016e-01
9.876149892807006836e-01
9.993768930435180664e-01
5.194473862648010254e-01
9.658732414245605469e-01
9.979197382926940918e-01
4.162398278713226318e-01
9.999125003814697266e-01
9.945996999740600586e-01
9.817996621131896973e-01
9.798352122306823730e-01
9.988737106323242188e-01
9.644873142242431641e-01
5.029100179672241211e-01
9.994616508483886719e-01
9.607739448547363281e-01
9.994975328445434570e-01
7.643787264823913574e-01
9.736345410346984863e-01
9.988035559654235840e-01
9.992619156837463379e-01
9.765913486480712891e-01
5.721351504325866699e-01
9.746539592742919922e-01
2.893000841140747070e-02
8.473889231681823730e-01
9.995213150978088379e-01
9.995943307876586914e-01
9.415751099586486816e-01
9.996480941772460938e-01
9.878209829330444336e-01
9.985098838806152344e-01
9.999380111694335938e-01
9.998064637184143066e-01
8.999782800674438477e-01
9.011692404747009277e-01
5.086436867713928223e-01
9.350802302360534668e-01
5.757392048835754395e-01
6.831504702568054199e-01
5.062797069549560547e-01
7.719442248344421387e-01
5.769660472869873047e-01
4.781713485717773438e-01
9.979070425033569336e-01
8.821162581443786621e-01
5.510458946228027344e-01
7.702850699424743652e-01
9.436985850334167480e-01
9.971063137054443359e-01
5.589203834533691406e-01
9.880345463752746582e-01
7.762935161590576172e-01
7.947337627410888672e-01
6.910639405250549316e-01
9.987161755561828613e-01
5.030342340469360352e-01
9.233443140983581543e-01
9.990124106407165527e-01
8.225592374801635742e-01
9.042437672615051270e-01
9.998877644538879395e-01
8.503583669662475586e-01
9.620254039764404297e-01
7.020134329795837402e-01
9.988222718238830566e-01
9.598750472068786621e-01
9.991477131843566895e-01
9.952706098556518555e-01
9.989894628524780273e-01
9.982717633247375488e-01
5.628817081451416016e-01
9.993152618408203125e-01
4.562776386737823486e-01
5.726606249809265137e-01
5.942198038101196289e-01
7.890580892562866211e-01
6.494223475456237793e-01
9.926342368125915527e-01
9.943905472755432129e-01
8.748276233673095703e-01
9.381973743438720703e-01
9.996837377548217773e-01
9.539529085159301758e-01
9.997419714927673340e-01
8.496498465538024902e-01
9.997950792312622070e-01
9.948850870132446289e-01
8.404088020324707031e-01
5.190519094467163086e-01
9.943543672561645508e-01
9.896560907363891602e-01
9.996390342712402344e-01
9.876769185066223145e-01
9.999947547912597656e-01
6.207062005996704102e-01
9.874284267425537109e-01
8.747301697731018066e-01
7.841926813125610352e-01
5.643778443336486816e-01
9.924725890159606934e-01
7.840466499328613281e-01
9.985877275466918945e-01
9.674058556556701660e-01
3.727897703647613525e-01
9.814341664314270020e-01
9.993590116500854492e-01
9.951521754264831543e-01
9.996505379676818848e-01
9.291883111000061035e-01
9.684096574783325195e-01
9.976614713668823242e-01
9.988334178924560547e-01
9.736322164535522461e-01
9.682797193527221680e-01
9.944128394126892090e-01
9.325668811798095703e-01
9.981661438941955566e-01
9.992612600326538086e-01
9.995611310005187988e-01
9.959942102432250977e-01
9.741414189338684082e-01
9.846441745758056641e-01
9.917095303535461426e-01
9.996836185455322266e-01
8.703172206878662109e-01
9.998483061790466309e-01
5.910061001777648926e-01
3.431589901447296143e-01
8.290857672691345215e-01
8.370517492294311523e-01
8.883584737777709961e-01
8.362241387367248535e-01
9.992050528526306152e-01
9.501177072525024414e-01
9.977069497108459473e-01
4.156368076801300049e-01
9.015665054321289062e-01
9.901115894317626953e-01
8.726570010185241699e-01
5.475977063179016113e-01
9.991195797920227051e-01
9.926600456237792969e-01
6.843385696411132812e-01
9.670485258102416992e-01
3.367415964603424072e-01
9.702305197715759277e-01
5.194571018218994141e-01
9.985940456390380859e-01
9.990182518959045410e-01
9.997028112411499023e-01
9.947936534881591797e-01
5.305768251419067383e-01
9.991788268089294434e-01
9.998594522476196289e-01
5.763415694236755371e-01
9.996038675308227539e-01
9.648710489273071289e-01
9.988273978233337402e-01
9.514325857162475586e-01
9.896547198295593262e-01
7.792849540710449219e-01
7.697905302047729492e-01
9.996413588523864746e-01
9.809688329696655273e-01
9.143075942993164062e-01
9.997614622116088867e-01
5.516669750213623047e-01
9.996398687362670898e-01
9.564512372016906738e-01
7.195279002189636230e-01
9.999148249626159668e-01
9.995378851890563965e-01
9.993888735771179199e-01
4.976704716682434082e-01
6.840324997901916504e-01
9.155319929122924805e-01
8.531727790832519531e-01
5.429621338844299316e-01
2.260928601026535034e-01
9.020781517028808594e-01
9.996296763420104980e-01
9.999134540557861328e-01
5.439350008964538574e-01
9.998446702957153320e-01
9.240925312042236328e-01
6.695306301116943359e-01
7.544959187507629395e-01
5.899463295936584473e-01
7.100017666816711426e-01
6.510424017906188965e-01
2.385189197957515717e-02
9.907092452049255371e-01
9.965278506278991699e-01
9.835339784622192383e-01
9.842948317527770996e-01
5.733003020286560059e-01
8.823149204254150391e-01
8.086671233177185059e-01
9.967331290245056152e-01
9.990213513374328613e-01
9.995231032371520996e-01
7.397448420524597168e-01
5.817952156066894531e-01
9.864951372146606445e-01
9.979897737503051758e-01
8.236427307128906250e-01
9.967488050460815430e-01
9.717636108398437500e-01
9.998727440834045410e-01
9.917818307876586914e-01
9.904680252075195312e-01
6.925258636474609375e-01
9.912053942680358887e-01
9.987691640853881836e-01
9.993084073066711426e-01
8.684006333351135254e-01
9.984194040298461914e-01
9.660860300064086914e-01
8.293495774269104004e-01
9.997113943099975586e-01
9.972748160362243652e-01
9.708191156387329102e-01
9.538444876670837402e-01
9.996660351753234863e-01
9.916648864746093750e-01
9.990112781524658203e-01
8.444585800170898438e-01
9.993649721145629883e-01
7.375306487083435059e-01
9.791885018348693848e-01
9.985906481742858887e-01
