1.571832690387964249e-04
3.601008211262524128e-04
8.305647643283009529e-04
4.166666883975267410e-03
4.000640183221548796e-05
3.448275849223136902e-02
2.702702768146991730e-02
4.854368977248668671e-03
4.426737432368099689e-04
1.203369465656578541e-03
1.798561192117631435e-03
2.577319508418440819e-03
5.750431446358561516e-04
3.039513714611530304e-03
1.019367948174476624e-03
3.030303120613098145e-02
6.423432932933792472e-05
1.190476212650537491e-02
1.754386001266539097e-03
2.249718818347901106e-04
3.703703731298446655e-02
3.030303120613098145e-02
5.208333488553762436e-03
8.547008968889713287e-03
1.785714365541934967e-02
1.190476212650537491e-02
9.999999776482582092e-03
2.458210510667413473e-04
3.863987512886524200e-04
1.689189230091869831e-03
1.692047342658042908e-03
2.259886969113722444e-04
1.193317468278110027e-03
1.030927873216569424e-03
1.814881979953497648e-04
3.194888122379779816e-03
1.550147280795499682e-04
3.344481578096747398e-03
1.737015845719724894e-04
2.865329617634415627e-03
8.264462463557720184e-03
1.964636612683534622e-03
1.851851865649223328e-02
1.886792480945587158e-02
1.651255006436258554e-04
8.849557489156723022e-03
4.000000189989805222e-03
3.601008211262524128e-04
4.418912867549806833e-04
7.407407276332378387e-03
2.111040812451392412e-04
1.250000000000000000e-01
2.500000037252902985e-02
1.569858752191066742e-03
1.886792480945587158e-02
7.575757801532745361e-03
2.933411451522260904e-04
5.988024175167083740e-03
1.627604215173050761e-04
2.702702768146991730e-02
7.246376946568489075e-03
1.851851865649223328e-02
1.758396392688155174e-04
6.264486728468909860e-05
1.123595517128705978e-02
3.436426166445016861e-03
4.566209856420755386e-03
1.237623742781579494e-03
4.166666883975267410e-03
4.184100311249494553e-03
1.279099524253979325e-04
1.366120181046426296e-03
1.167406007880344987e-04
2.480158873368054628e-04
1.019367948174476624e-03
1.332800165982916951e-04
1.785714365541934967e-02
1.248751214006915689e-04
3.891050582751631737e-03
3.923106996808201075e-04
7.490636780858039856e-04
4.048583097755908966e-03
5.583472666330635548e-04
1.812250848161056638e-04
2.703433274291455746e-04
2.577319508418440819e-03
1.098901126533746719e-02
5.211047246120870113e-04
3.030303120613098145e-02
5.715265433536842465e-05
2.935995289590209723e-04
3.115264698863029480e-03
1.612903201021254063e-03
7.042253389954566956e-03
4.065371103934012353e-05
7.524454267695546150e-04
3.164557041600346565e-03
1.390820543747395277e-04
2.267573727294802666e-03
2.500000037252902985e-02
1.908396952785551548e-03
1.334044791292399168e-04
2.812148595694452524e-04
1.538698270451277494e-04
1.812250848161056638e-04
2.968239714391529560e-04
2.816901309415698051e-03
4.795702989213168621e-05
3.880481235682964325e-04
1.737015845719724894e-04
1.123595517128705978e-02
1.102535868994891644e-03
1.812250848161056638e-04
4.048583097755908966e-03
2.915452001616358757e-03
1.098901126533746719e-02
3.030303120613098145e-02
1.615508925169706345e-03
6.752194603905081749e-04
1.182033083750866354e-04
8.522243297193199396e-05
1.137397630373016000e-04
4.566209856420755386e-03
1.330317900283262134e-04
1.315789483487606049e-02
7.042253389954566956e-03
2.347417874261736870e-03
1.631321385502815247e-03
3.100775065831840038e-04
3.044140175916254520e-04
1.000000014901161194e-01
1.750700321281328797e-04
1.123595517128705978e-02
4.761904850602149963e-02
1.370989921269938350e-04
1.689189230091869831e-03
9.292816685047000647e-05
1.190476212650537491e-02
1.030927803367376328e-02
1.858736039139330387e-03
1.571832690387964249e-04
1.562500023283064365e-03
1.812250848161056638e-04
4.426737432368099689e-04
1.218026853166520596e-03
1.019367948174476624e-03
2.985074650496244431e-03
4.878048785030841827e-03
9.680542279966175556e-04
1.812250848161056638e-04
3.030303120613098145e-02
2.325581386685371399e-02
5.882352963089942932e-02
3.610108280554413795e-03
3.915426786988973618e-04
1.272264635190367699e-03
3.395585808902978897e-04
3.030303120613098145e-02
4.426737432368099689e-04
7.633587811142206192e-03
4.672897339332848787e-04
2.912055933848023415e-04
4.149377637077122927e-04
4.130524466745555401e-04
2.816901309415698051e-03
3.448275965638458729e-04
1.279099524253979325e-04
2.544529270380735397e-03
3.030303120613098145e-02
3.986446245107799768e-05
1.011122367344796658e-03
4.048583097755908966e-03
4.000000189989805222e-03
1.812250848161056638e-04
1.785714365541934967e-02
8.264462463557720184e-03
1.190476212650537491e-02
1.126126153394579887e-03
1.785714365541934967e-02
1.144295674748718739e-04
1.639344263821840286e-03
3.891050582751631737e-03
4.166666883975267410e-03
1.785714365541934967e-02
4.566209856420755386e-03
5.007511354051530361e-04
1.785714365541934967e-02
1.030927803367376328e-02
1.075615800800733268e-04
1.689189230091869831e-03
3.150598495267331600e-04
1.123595517128705978e-02
4.048583097755908966e-03
4.522840317804366350e-04
2.277904422953724861e-03
2.552322694100439548e-04
2.702702768146991730e-02
9.451796067878603935e-04
1.428571413271129131e-03
3.601008211262524128e-04
4.539264773484319448e-04
2.164502162486314774e-03
3.597122384235262871e-03
4.938027632306329906e-05
2.295684098498895764e-04
4.184100311249494553e-03
1.941747614182531834e-03
7.037297473289072514e-04
1.011122367344796658e-03
2.500000037252902985e-02
1.098901126533746719e-02
1.000000014901161194e-01
1.785714365541934967e-02
6.265664123930037022e-04
5.882352963089942932e-02
3.236246062442660332e-03
2.141327568097040057e-04
5.235602147877216339e-03
2.024291548877954483e-03
5.733944708481431007e-04
9.622786456020548940e-05
1.039933413267135620e-04
7.246376946568489075e-03
1.737015845719724894e-04
1.689189230091869831e-03
3.344481578096747398e-03
5.297451934893615544e-05
6.954103009775280952e-04
1.805054140277206898e-03
1.529753644717857242e-04
1.370989921269938350e-04
1.250000000000000000e-01
3.030303120613098145e-02
1.250000000000000000e-01
3.243593964725732803e-04
3.194888122379779816e-03
1.785714365541934967e-02
3.178639453835785389e-04
2.439024299383163452e-02
3.160556370858103037e-04
7.374631240963935852e-04
5.235602147877216339e-03
3.030303120613098145e-02
8.064515888690948486e-03
2.898550825193524361e-03
8.841733215376734734e-04
2.500000037252902985e-02
5.020584285375662148e-05
6.369426846504211426e-04
3.187047695973888040e-05
1.571832690387964249e-04
1.017294009216129780e-03
2.481389557942748070e-03
7.112375460565090179e-04
2.000000029802322388e-01
2.220100759586784989e-05
2.934272379206959158e-05
4.608294926583766937e-03
1.250000000000000000e-01
1.785714365541934967e-02
1.500149955973029137e-04
2.816901309415698051e-03
2.577319683041423559e-04
4.761904850602149963e-02
3.518648736644536257e-04
3.610108280554413795e-03
1.254705130122601986e-03
3.105590119957923889e-03
3.178639453835785389e-04
2.443195844534784555e-04
4.878048785030841827e-03
9.218289051204919815e-05
1.315789483487606049e-02
1.086956541985273361e-02
1.785714365541934967e-02
1.578531955601647496e-04
8.012820617295801640e-04
1.812250848161056638e-04
1.123595517128705978e-02
3.164557041600346565e-03
1.370989921269938350e-04
2.816901309415698051e-03
3.246753243729472160e-03
4.761904850602149963e-02
4.476275644265115261e-04
3.164557041600346565e-03
1.737015845719724894e-04
1.737015845719724894e-04
5.000000000000000000e-01
3.601008211262524128e-04
8.849557489156723022e-03
3.030303120613098145e-02
4.426737432368099689e-04
9.920635493472218513e-04
4.166666883975267410e-03
3.030303120613098145e-02
1.279754214920103550e-04
1.819174067350104451e-04
1.651255006436258554e-04
4.184100311249494553e-03
3.601008211262524128e-04
6.447453051805496216e-04
1.886436511995270848e-04
1.449275389313697815e-02
6.666666828095912933e-03
2.500000037252902985e-02
1.785714365541934967e-02
2.760905481409281492e-04
1.344086020253598690e-03
1.895016175694763660e-04
5.131889702170155942e-05
4.774637272930704057e-05
4.000000189989805222e-03
1.218026853166520596e-03
2.816901309415698051e-03
3.030303120613098145e-02
1.190476212650537491e-02
1.011122367344796658e-03
1.225490239448845387e-03
2.715177834033966064e-04
3.999999910593032837e-02
9.000900317914783955e-04
3.246753243729472160e-03
2.645502565428614616e-03
7.623694546055048704e-05
4.391164839034900069e-05
3.812428622040897608e-04
1.750700321281328797e-04
1.123595517128705978e-02
1.348981459159404039e-04
3.999999910593032837e-02
4.426737432368099689e-04
7.042253389954566956e-03
4.184100311249494553e-03
1.851851865649223328e-02
3.344481578096747398e-03
1.851851865649223328e-02
1.575051137479022145e-04
3.355704713612794876e-03
3.553029091563075781e-05
2.448579762130975723e-04
3.030303120613098145e-02
1.745200715959072113e-03
1.383125898428261280e-03
6.285355193540453911e-04
6.802720949053764343e-03
2.358490601181983948e-03
2.958579920232295990e-03
1.851851865649223328e-02
1.812250848161056638e-04
3.943217743653804064e-04
4.878048785030841827e-03
1.750700321281328797e-04
1.370989921269938350e-04
4.065371103934012353e-05
3.460207721218466759e-03
1.250000000000000000e-01
6.161429337225854397e-04
5.008012885809876025e-05
6.835269741714000702e-04
6.666666828095912933e-03
1.737015845719724894e-04
2.816901309415698051e-03
1.171920812339521945e-04
1.571832690387964249e-04
7.579202792840078473e-05
1.123595517128705978e-02
2.702702768146991730e-02
1.123595517128705978e-02
4.000000189989805222e-03
8.090615156106650829e-04
1.102535868994891644e-03
9.708737954497337341e-03
5.597537165158428252e-05
3.924646880477666855e-04
1.571832690387964249e-04
2.175804984290152788e-04
1.250000000000000000e-01
3.856536932289600372e-04
6.622516550123691559e-03
1.137656392529606819e-03
9.267840650863945484e-04
3.639010246843099594e-04
1.344086020253598690e-03
3.153181387460790575e-05
4.566209856420755386e-03
1.988071482628583908e-03
5.673437044606544077e-05
6.242197123356163502e-04
2.083333383779972792e-04
3.601008211262524128e-04
1.243317237822338939e-04
8.695652359165251255e-04
8.620689623057842255e-03
3.601008211262524128e-04
1.812250848161056638e-04
6.620324711548164487e-05
3.030303120613098145e-02
1.190476212650537491e-02
8.912655757740139961e-04
1.234567910432815552e-02
2.857142873108386993e-02
3.333333414047956467e-03
1.908396952785551548e-03
8.695652359165251255e-04
2.500000037252902985e-02
3.048780374228954315e-03
3.039513714611530304e-03
1.569858752191066742e-03
3.030303120613098145e-02
1.908396952785551548e-03
6.072382893762551248e-05
1.480384962633252144e-04
2.500000037252902985e-02
1.862197415903210640e-03
6.380399281624704599e-05
7.407407276332378387e-03
1.473839365644380450e-04
4.166666883975267410e-03
1.953125000000000000e-03
7.407407276332378387e-03
2.045408036792650819e-04
2.500000037252902985e-02
1.612903201021254063e-03
3.030303120613098145e-02
3.030303120613098145e-02
3.787878900766372681e-03
4.426737432368099689e-04
3.601008211262524128e-04
1.785714365541934967e-02
5.882352963089942932e-02
3.344481578096747398e-03
1.586546131875365973e-04
1.459853956475853920e-03
3.178639453835785389e-04
7.407407276332378387e-03
1.123595517128705978e-02
2.687449741642922163e-04
1.218026853166520596e-03
8.196720853447914124e-03
5.882352963089942932e-02
1.225340092787519097e-04
1.234567910432815552e-02
5.649717524647712708e-03
2.292526332894340158e-04
2.571355144027620554e-04
1.488095265813171864e-03
1.250000000000000000e-01
2.105263061821460724e-03
1.750700321281328797e-04
1.492537325248122215e-03
1.812250848161056638e-04
5.000000074505805969e-02
3.030303120613098145e-02
3.030303120613098145e-02
2.500000000000000000e-01
2.500000000000000000e-01
6.250000000000000000e-02
3.314550849609076977e-04
1.750700321281328797e-04
1.370989921269938350e-04
5.714285653084516525e-03
4.253509105183184147e-04
1.234567910432815552e-02
1.302422460867092013e-04
1.666666753590106964e-02
2.564102597534656525e-02
4.310344811528921127e-03
6.009615608491003513e-04
1.579030504217371345e-04
4.426737432368099689e-04
4.184100311249494553e-03
3.030303120613098145e-02
1.156069338321685791e-03
1.577287097461521626e-03
4.310344811528921127e-03
4.329004324972629547e-03
4.426737432368099689e-04
6.009615608491003513e-04
7.669299520784988999e-05
1.812250848161056638e-04
1.420454500475898385e-04
2.183406148105859756e-03
3.559985780157148838e-04
1.600845280336216092e-05
2.212389372289180756e-03
4.166666883975267410e-03
1.250000000000000000e-01
5.583472666330635548e-04
1.862197415903210640e-03
3.601008211262524128e-04
1.204819232225418091e-02
7.987858407432213426e-05
5.019072341383434832e-05
2.500000037252902985e-02
1.785714365541934967e-02
9.174311999231576920e-04
1.478196645621210337e-04
9.615384973585605621e-03
3.999999910593032837e-02
1.309586223214864731e-04
7.812500000000000000e-03
3.030303120613098145e-02
1.423892972525209188e-04
3.004807804245501757e-04
3.030303120613098145e-02
1.785714365541934967e-02
1.061345756170339882e-04
6.489713996415957808e-05
1.298701297491788864e-02
2.666666638106107712e-03
1.315789483487606049e-02
1.234567910432815552e-02
1.190476212650537491e-02
4.166666883975267410e-03
1.692333753453567624e-04
1.612903201021254063e-03
1.785714365541934967e-02
3.030303120613098145e-02
7.556865602964535356e-05
6.250000000000000000e-02
1.470588264055550098e-03
1.851851865649223328e-02
3.601008211262524128e-04
1.490312977693974972e-03
1.315789483487606049e-02
1.571832690387964249e-04
1.272264635190367699e-03
4.426737432368099689e-04
1.309586223214864731e-04
1.306847843807190657e-04
7.633587811142206192e-03
4.824857751373201609e-05
4.760997762787155807e-05
4.184100311249494553e-03
1.218026853166520596e-03
1.315789483487606049e-02
4.166666790843009949e-02
1.612903201021254063e-03
1.074113883078098297e-03
3.498950391076505184e-04
3.859513672068715096e-04
1.666666753590106964e-02
3.030303120613098145e-02
1.250000000000000000e-01
4.016548336949199438e-05
1.439884799765422940e-04
2.596054109744727612e-04
2.624671906232833862e-03
9.900989942252635956e-03
3.344481578096747398e-03
7.622531848028302193e-05
1.351351384073495865e-02
1.812250848161056638e-04
5.777007318101823330e-04
3.601008211262524128e-04
4.628558235708624125e-05
7.490636780858039856e-04
2.912055933848023415e-04
4.166666883975267410e-03
2.414292684989050031e-04
3.300330135971307755e-03
4.426737432368099689e-04
2.383222163189202547e-04
7.668711477890610695e-04
3.601008211262524128e-04
7.541478262282907963e-04
2.804183895932510495e-05
3.584229387342929840e-03
4.426737432368099689e-04
1.333333365619182587e-02
2.380952425301074982e-02
1.041666697710752487e-02
1.571832690387964249e-04
1.138952138717286289e-04
1.250000000000000000e-01
3.030303120613098145e-02
3.194888122379779816e-03
1.191327173728495836e-04
1.960784383118152618e-02
1.727115741232410073e-04
1.315789483487606049e-02
2.876869984902441502e-04
2.272727340459823608e-02
9.813542710617184639e-04
2.403846243396401405e-03
2.631578966975212097e-02
1.250000000000000000e-01
1.123595517128705978e-02
9.090908803045749664e-03
3.601008211262524128e-04
7.291712336154887453e-06
4.184100311249494553e-03
8.197392889996990561e-05
1.198753307107836008e-04
1.291489024879410863e-04
8.547008968889713287e-03
8.849557489156723022e-03
4.426737432368099689e-04
6.648935959674417973e-04
3.999999910593032837e-02
2.500000037252902985e-02
2.702702768146991730e-02
1.315789483487606049e-02
2.500000037252902985e-02
9.842519648373126984e-04
1.000000014901161194e-01
4.926108289510011673e-03
1.785714365541934967e-02
1.763357431627810001e-04
4.166666883975267410e-03
1.571832690387964249e-04
1.315789483487606049e-02
3.818105324171483517e-05
1.785714365541934967e-02
8.547008968889713287e-03
1.471020950702950358e-04
6.752194603905081749e-04
1.964636612683534622e-03
1.785714365541934967e-02
3.745318390429019928e-03
1.812250848161056638e-04
7.390982937067747116e-04
5.882352963089942932e-02
1.883239136077463627e-03
3.891050582751631737e-03
2.248707023682072759e-04
4.426737432368099689e-04
2.383222163189202547e-04
2.500000037252902985e-02
3.481894091237336397e-04
6.009615608491003513e-04
2.157962881028652191e-04
3.030302934348583221e-03
9.814505756366997957e-05
3.639010246843099594e-04
4.001600609626621008e-04
9.033423848450183868e-04
2.680965233594179153e-03
7.042253389954566956e-03
1.190476212650537491e-02
3.178639453835785389e-04
1.441337517462670803e-04
2.702702768146991730e-02
2.272727340459823608e-02
1.785714365541934967e-02
1.141161701525561512e-04
3.610108280554413795e-03
3.539822937455028296e-04
1.733102253638207912e-03
1.759943697834387422e-04
1.123595517128705978e-02
1.250000000000000000e-01
2.500000037252902985e-02
9.920635493472218513e-04
4.761904850602149963e-02
1.250000000000000000e-01
9.708737954497337341e-03
4.098360426723957062e-03
1.449275389313697815e-02
1.351351384073495865e-02
4.184100311249494553e-03
1.293661072850227356e-03
1.176470611244440079e-02
8.291873964481055737e-04
1.490312977693974972e-03
1.190476212650537491e-02
1.729804498609155416e-04
1.445086672902107239e-03
7.299270015209913254e-03
4.950495203956961632e-04
3.237293567508459091e-04
1.102535868994891644e-03
1.436781603842973709e-03
2.547121839597821236e-04
8.510638144798576832e-04
1.107419724576175213e-03
2.702702768146991730e-02
1.399384200340136886e-04
8.375209290534257889e-04
1.669449033215641975e-03
4.083299427293241024e-04
2.500000037252902985e-02
4.061408617417328060e-05
1.299714058404788375e-04
2.380952425301074982e-02
1.351351384073495865e-02
4.084967367816716433e-04
1.908396952785551548e-03
3.178639453835785389e-04
3.696857602335512638e-04
4.000000189989805222e-03
4.000000189989805222e-03
7.518797181546688080e-03
3.030303120613098145e-02
1.737015845719724894e-04
4.184100311249494553e-03
5.917159840464591980e-03
7.535794866271317005e-04
2.958579920232295990e-03
3.999999910593032837e-02
1.639344263821840286e-03
4.424778744578361511e-03
8.695651777088642120e-03
4.310344811528921127e-03
4.096681659575551748e-04
9.900989942252635956e-03
4.310344811528921127e-03
1.218026853166520596e-03
1.751313451677560806e-03
3.322259057313203812e-03
6.666667014360427856e-02
1.310616033151745796e-03
9.090909361839294434e-02
1.135718339355662465e-04
1.612903201021254063e-03
1.571832690387964249e-04
1.061345756170339882e-04
4.065040498971939087e-03
3.610108280554413795e-03
3.190810384694486856e-04
1.612903201021254063e-03
3.095975145697593689e-03
2.310536074219271541e-04
8.726003579795360565e-04
1.082251081243157387e-03
8.912655757740139961e-04
2.968239714391529560e-04
1.571832690387964249e-04
1.358695677481591702e-03
1.123595517128705978e-02
1.123595517128705978e-02
1.689189230091869831e-03
1.233197690453380346e-04
2.500000037252902985e-02
3.030303120613098145e-02
1.812250848161056638e-04
1.011122367344796658e-03
3.194888122379779816e-03
1.449275389313697815e-02
6.451612804085016251e-03
1.812250848161056638e-04
3.096933942288160324e-04
1.754386001266539097e-03
5.740527994930744171e-04
9.950249223038554192e-04
1.019367948174476624e-03
2.403268445050343871e-04
2.178649185225367546e-03
6.493506487458944321e-03
7.812500000000000000e-03
1.812250848161056638e-04
2.500000037252902985e-02
3.030303120613098145e-02
1.190476212650537491e-02
4.048583097755908966e-03
7.942811935208737850e-04
3.030303120613098145e-02
1.428571492433547974e-01
2.386634936556220055e-03
1.683501614024862647e-04
3.194888122379779816e-03
1.506024040281772614e-03
2.783189411275088787e-04
7.230658084154129028e-04
1.812250848161056638e-04
3.468849899945780635e-05
1.344086020253598690e-03
2.604166744276881218e-03
1.830831170082092285e-04
1.052631560014560819e-04
5.360780414775945246e-05
3.344481578096747398e-03
7.455453305738046765e-05
2.358490601181983948e-03
1.370989921269938350e-04
5.000000074505805969e-02
8.196720853447914124e-03
1.061345756170339882e-04
2.469135913997888565e-03
1.279099524253979325e-04
4.184100311249494553e-03
9.891196386888623238e-04
1.344086020253598690e-03
1.075268839485943317e-03
1.571832690387964249e-04
1.190476212650537491e-02
2.283104928210377693e-03
1.812250848161056638e-04
2.176515408791601658e-05
1.785714365541934967e-02
1.812250848161056638e-04
4.734848625957965851e-04
1.268713531317189336e-04
4.642525454983115196e-04
2.531645586714148521e-03
8.912655757740139961e-04
2.500000037252902985e-02
8.539709378965198994e-04
1.138952211476862431e-03
2.702702768146991730e-02
3.030303120613098145e-02
1.785714365541934967e-02
3.448275849223136902e-02
8.568980265408754349e-04
2.590673684608191252e-04
1.000000014901161194e-01
7.092198356986045837e-04
3.030303120613098145e-02
2.212878898717463017e-04
3.455425030551850796e-04
3.759398590773344040e-03
4.184100311249494553e-03
1.370989921269938350e-04
6.250000000000000000e-02
1.356300053885206580e-04
2.127659507095813751e-03
3.891050582751631737e-03
2.325581386685371399e-02
1.232285867445170879e-04
1.812250848161056638e-04
1.853739922808017582e-05
1.218026853166520596e-03
4.028684270451776683e-05
2.977076510433107615e-04
1.785714365541934967e-02
1.571832690387964249e-04
4.273504484444856644e-03
3.344481578096747398e-03
1.193032658193260431e-04
7.518797065131366253e-04
6.944444496184587479e-03
5.025125574320554733e-04
2.500000037252902985e-02
1.538698270451277494e-04
3.030303120613098145e-02
4.426737432368099689e-04
2.183406148105859756e-03
1.062360533978790045e-04
1.571832690387964249e-04
4.149377811700105667e-03
3.104625793639570475e-04
1.190476235933601856e-03
9.920635493472218513e-04
5.793742602691054344e-04
1.116071478463709354e-03
4.166666883975267410e-03
1.587301678955554962e-02
3.521126694977283478e-03
1.190476212650537491e-02
1.851851865649223328e-02
7.570022717118263245e-04
3.030303120613098145e-02
7.042253389954566956e-03
1.305483048781752586e-03
8.218953007599338889e-05
8.726003579795360565e-04
6.250000093132257462e-03
2.423654805170372128e-04
1.344086020253598690e-03
1.089561992557719350e-04
2.564102597534656525e-02
3.333333432674407959e-01
3.030303120613098145e-02
5.125576863065361977e-04
1.298701274208724499e-03
6.464124307967722416e-04
4.133939510211348534e-04
6.110228423494845629e-05
3.999999910593032837e-02
1.218026853166520596e-03
2.048760507022961974e-04
3.289473708719015121e-03
1.785714365541934967e-02
6.694336479995399714e-05
1.387539959978312254e-04
6.009615608491003513e-04
1.812250848161056638e-04
7.142857182770967484e-03
1.514922041678801179e-04
4.426737432368099689e-04
1.571832690387964249e-04
6.402048747986555099e-04
1.492537325248122215e-03
9.017132688313722610e-04
4.166666883975267410e-03
4.999999888241291046e-03
1.689189230091869831e-04
2.500000037252902985e-02
5.288207321427762508e-04
1.203369465656578541e-03
1.785714365541934967e-02
4.189359024167060852e-04
6.211180239915847778e-03
3.030303120613098145e-02
4.000000189989805222e-03
2.723979196161963046e-05
1.370989921269938350e-04
1.270648062927648425e-04
3.271180903539061546e-04
4.184100311249494553e-03
2.439024392515420914e-03
7.917656330391764641e-04
6.009615608491003513e-04
1.567398081533610821e-03
1.250000000000000000e-01
7.246376946568489075e-03
1.234567910432815552e-02
1.123595517128705978e-02
2.380952425301074982e-02
1.795332180336117744e-03
7.032348657958209515e-04
3.846153849735856056e-03
1.233045593835413456e-03
8.912655757740139961e-04
4.878048785030841827e-03
7.407407276332378387e-03
1.571832690387964249e-04
1.101079033105634153e-04
4.166666883975267410e-03
6.891798693686723709e-04
1.754385977983474731e-02
6.357279198709875345e-05
1.656177482800558209e-04
9.986019722418859601e-05
5.503577413037419319e-04
1.203760530188446864e-05
1.457725884392857552e-04
1.812250848161056638e-04
3.679419478430645540e-06
6.301196990534663200e-04
1.737015845719724894e-04
9.090908803045749664e-03
6.756756920367479324e-03
1.587301609106361866e-03
3.875968977808952332e-03
1.210653805173933506e-03
3.601008211262524128e-04
2.277904422953724861e-03
4.166666883975267410e-03
3.337783855386078358e-04
8.944543660618364811e-04
4.880905908066779375e-05
4.166666883975267410e-03
1.123595517128705978e-02
4.355400742497295141e-04
1.123595517128705978e-02
1.937984488904476166e-03
2.525252522900700569e-03
3.009328793268650770e-04
4.184100311249494553e-03
3.003003075718879700e-03
2.000000029802322388e-01
8.196720853447914124e-03
1.102535868994891644e-03
5.181347019970417023e-03
4.347826167941093445e-02
8.030838216654956341e-05
1.098901126533746719e-02
7.299270015209913254e-03
1.370989921269938350e-04
9.695559128886088729e-05
1.669449033215641975e-03
1.812250848161056638e-04
1.480384962633252144e-04
3.082613984588533640e-04
3.039513714611530304e-03
2.424242411507293582e-04
7.623694546055048704e-05
1.785714365541934967e-02
1.190476212650537491e-02
2.849002834409475327e-03
7.299270015209913254e-03
2.500000037252902985e-02
1.315789530053734779e-03
1.019367948174476624e-03
3.186235335306264460e-05
1.999999955296516418e-02
6.520137503684964031e-06
1.054407402989454567e-04
1.250000000000000000e-01
1.052631624042987823e-02
1.001000986434519291e-03
8.282945054816082120e-05
1.562500000000000000e-02
1.571832690387964249e-04
8.695651777088642120e-03
1.344086020253598690e-03
1.571832690387964249e-04
3.030303120613098145e-02
1.812250848161056638e-04
1.689189230091869831e-03
2.898550825193524361e-03
3.030303120613098145e-02
3.030303120613098145e-02
1.754386001266539097e-03
2.784739772323518991e-04
1.190476212650537491e-02
7.117437780834734440e-04
1.240694778971374035e-03
1.785714365541934967e-02
4.939003338222391903e-05
1.923076924867928028e-03
3.030303120613098145e-02
5.780346691608428955e-03
5.633803084492683411e-04
3.194888122379779816e-03
1.923076924867928028e-03
3.401360474526882172e-03
5.555555596947669983e-02
9.761811816133558750e-05
1.259445794858038425e-03
2.735229791142046452e-04
3.030303120613098145e-02
3.601008211262524128e-04
4.048583097755908966e-03
6.752194603905081749e-04
6.759497046004980803e-05
3.436780389165505767e-05
1.785714365541934967e-02
6.305567512754350901e-05
8.333333581686019897e-02
3.236245829612016678e-04
1.344266638625413179e-04
3.404835006222128868e-04
1.412429381161928177e-03
1.571832690387964249e-04
4.091653099749237299e-04
1.052631624042987823e-02
3.030303120613098145e-02
1.190476212650537491e-02
2.000000029802322388e-01
1.123595517128705978e-02
1.262626261450350285e-03
1.315789483487606049e-02
6.154982111183926463e-05
9.029345528688281775e-05
4.166666883975267410e-03
4.184100311249494553e-03
1.203369465656578541e-03
1.111111119389533997e-01
1.370989921269938350e-04
1.769911497831344604e-03
1.666666707023978233e-03
6.202319491421803832e-05
5.027652368880808353e-04
1.571832690387964249e-04
1.107910502469167113e-04
4.140786768402904272e-04
7.412898412439972162e-05
3.401360474526882172e-03
2.777777845039963722e-03
9.803921915590763092e-03
1.689189230091869831e-03
2.409638604149222374e-03
1.362397801131010056e-03
1.636661181692034006e-04
7.692307978868484497e-02
9.200478234561160207e-05
3.030303120613098145e-02
3.952569328248500824e-03
1.811594236642122269e-03
1.588309969520196319e-04
1.019367948174476624e-03
1.102535868994891644e-03
1.250000000000000000e-01
3.448275849223136902e-02
2.419550000922754407e-04
1.272264635190367699e-03
2.500000037252902985e-02
1.333333365619182587e-02
1.571832690387964249e-04
3.030303120613098145e-02
4.184100311249494553e-03
9.920635493472218513e-04
1.218026853166520596e-03
3.977091910201124847e-05
1.785714365541934967e-02
7.308873318834230304e-05
1.344086020253598690e-03
2.577319508418440819e-03
1.388888899236917496e-02
4.426737432368099689e-04
1.234567910432815552e-02
2.202643081545829773e-03
4.184100311249494553e-03
5.000000074505805969e-02
3.194888122379779816e-03
1.063829753547906876e-02
7.751937955617904663e-03
1.370989921269938350e-04
5.917159840464591980e-03
3.357958339620381594e-04
9.920635493472218513e-04
1.666666707023978233e-03
1.499250414781272411e-03
8.333333581686019897e-02
1.123595517128705978e-02
1.149425283074378967e-03
1.370989921269938350e-04
9.124087519012391567e-04
1.123595517128705978e-02
3.601008211262524128e-04
5.000000074505805969e-02
3.194888122379779816e-03
2.336448524147272110e-03
2.793296007439494133e-03
4.484305158257484436e-03
2.369668334722518921e-03
4.599815874826163054e-04
1.923076924867928028e-03
3.030303120613098145e-02
5.627461941912770271e-04
1.116071478463709354e-03
1.218026853166520596e-03
8.653513214085251093e-05
1.737015845719724894e-04
1.370989921269938350e-04
3.533568931743502617e-03
2.129925414919853210e-04
3.178639453835785389e-04
3.558718832209706306e-03
7.631257903994992375e-05
3.370407794136554003e-04
4.875670420005917549e-04
3.030303120613098145e-02
1.920122886076569557e-04
4.426737432368099689e-04
1.812250848161056638e-04
3.164557041600346565e-03
3.610108280554413795e-03
1.785714365541934967e-02
3.999999910593032837e-02
1.785714365541934967e-02
2.310536074219271541e-04
1.812250848161056638e-04
1.009081723168492317e-03
6.578947417438030243e-03
1.960784383118152618e-02
3.021148033440113068e-03
1.230012276209890842e-03
6.779661052860319614e-04
1.812250848161056638e-04
1.356852124445140362e-03
3.601008211262524128e-04
2.150583895854651928e-05
2.801120514050126076e-03
1.477323094150051475e-04
3.030303120613098145e-02
4.184100311249494553e-03
1.416631275787949562e-04
1.123595517128705978e-02
3.003003075718879700e-03
1.612903201021254063e-03
1.562500000000000000e-02
1.587301609106361866e-03
1.785714365541934967e-02
3.176619939040392637e-04
1.795332180336117744e-03
2.818489156197756529e-04
1.218026853166520596e-03
2.044989727437496185e-03
1.785714365541934967e-02
1.028383412631228566e-04
1.269680069526657462e-04
6.009615608491003513e-04
1.689189230091869831e-03
5.882352963089942932e-02
1.506250991951674223e-04
2.659574383869767189e-03
4.166666883975267410e-03
1.785714365541934967e-02
8.453085320070385933e-04
2.583979396149516106e-03
1.175778961624018848e-04
1.275510177947580814e-03
3.068049409193918109e-05
9.199632040690630674e-05
1.479289960116147995e-03
3.448275849223136902e-02
3.030303120613098145e-02
1.812250848161056638e-04
1.136363670229911804e-02
1.218026853166520596e-03
2.652519848197698593e-03
1.812250848161056638e-04
2.068252360913902521e-04
3.030303120613098145e-02
1.812250848161056638e-04
1.370989921269938350e-04
1.812250848161056638e-04
4.184100311249494553e-03
8.333333581686019897e-02
1.454968733014538884e-04
5.882352963089942932e-02
1.960784383118152618e-02
1.422475092113018036e-03
5.530973430722951889e-04
8.547008968889713287e-03
5.224660271778702736e-04
3.601008211262524128e-04
9.832842042669653893e-04
1.351351384073495865e-02
1.123595517128705978e-02
9.208103292621672153e-04
4.184100311249494553e-03
3.178639453835785389e-04
2.500000037252902985e-02
5.649717524647712708e-03
2.183406148105859756e-03
1.571832690387964249e-04
3.344481578096747398e-03
3.223726525902748108e-04
3.344481578096747398e-03
1.189060625620186329e-03
6.578947068192064762e-05
1.161440159194171429e-03
1.123595517128705978e-02
4.629629664123058319e-03
3.278688527643680573e-03
1.633986947126686573e-03
2.392344409599900246e-03
3.030303120613098145e-02
4.587155766785144806e-03
1.019367948174476624e-03
1.136363670229911804e-02
3.906250000000000000e-03
1.571832690387964249e-04
2.310536074219271541e-04
1.785714365541934967e-02
3.703703731298446655e-02
1.785714365541934967e-02
3.115264698863029480e-03
6.963788182474672794e-04
4.440497432369738817e-04
5.291005130857229233e-03
3.178639453835785389e-04
1.250000000000000000e-01
5.882352963089942932e-02
5.988024175167083740e-03
5.000000074505805969e-02
1.612903201021254063e-03
3.030303120613098145e-02
1.812250848161056638e-04
1.553036127006635070e-04
2.153316163457930088e-04
2.189621154684573412e-04
5.319148767739534378e-03
1.612903201021254063e-03
4.098360426723957062e-03
1.642036077100783587e-04
2.938583493232727051e-04
2.500000037252902985e-02
3.601008211262524128e-04
1.980198081582784653e-03
1.250000000000000000e-01
4.878048785030841827e-03
6.009615608491003513e-04
1.138952211476862431e-03
3.447859853622503579e-06
8.596234692959114909e-05
2.498126414138823748e-04
6.150061381049454212e-04
4.166666883975267410e-03
1.812250848161056638e-04
3.610108280554413795e-03
1.030927803367376328e-02
6.506181089207530022e-04
6.060605868697166443e-03
1.923076994717121124e-02
1.389660901622846723e-04
1.481701037846505642e-04
3.030303120613098145e-02
1.234567910432815552e-02
1.052631624042987823e-02
2.500000037252902985e-02
1.851851865649223328e-02
1.101321540772914886e-03
6.097560748457908630e-03
2.577319508418440819e-03
2.500000037252902985e-02
4.166666883975267410e-03
2.500000037252902985e-02
8.165265171555802226e-05
2.678810596989933401e-05
1.406469731591641903e-03
8.097165846265852451e-04
8.264462463557720184e-03
1.381215522997081280e-03
7.443799404427409172e-05
1.737015845719724894e-04
9.259259328246116638e-03
2.324500237591564655e-04
1.785714365541934967e-02
5.376344081014394760e-03
1.370989921269938350e-04
1.577287097461521626e-03
1.851851865649223328e-02
2.279462059959769249e-04
1.019367948174476624e-03
5.882352963089942932e-02
2.461174881318584085e-05
1.785714365541934967e-02
