9.990367293357849121e-01
8.673859238624572754e-01
5.199909210205078125e-01
6.065584421157836914e-01
8.679313659667968750e-01
9.989168643951416016e-01
9.958100318908691406e-01
9.923608899116516113e-01
9.971159696578979492e-01
9.183157682418823242e-01
9.994186758995056152e-01
9.440912008285522461e-01
9.983028173446655273e-01
9.979559779167175293e-01
9.846823215484619141e-01
9.989154934883117676e-01
9.880937933921813965e-01
9.328017830848693848e-01
8.595308661460876465e-01
9.976959228515625000e-01
9.047341346740722656e-01
9.947202801704406738e-01
8.446826934814453125e-01
9.180833697319030762e-01
9.956005811691284180e-01
4.959150552749633789e-01
9.987953901290893555e-01
9.980611205101013184e-01
9.938254952430725098e-01
9.999531507492065430e-01
9.999333024024963379e-01
9.813921451568603516e-01
6.568415164947509766e-01
9.998539090156555176e-01
9.628456830978393555e-01
9.896033406257629395e-01
8.617142438888549805e-01
9.992916584014892578e-01
8.038402199745178223e-01
6.684566140174865723e-01
4.471341967582702637e-01
9.975113868713378906e-01
9.998197555541992188e-01
9.529838562011718750e-01
9.995703101158142090e-01
7.751103639602661133e-01
5.111598968505859375e-01
9.996588826179504395e-01
9.926209449768066406e-01
7.955998778343200684e-01
9.887984991073608398e-01
9.999505281448364258e-01
9.501519203186035156e-01
9.997525811195373535e-01
9.985034465789794922e-01
8.221449851989746094e-01
6.369314193725585938e-01
5.697774291038513184e-01
9.995089769363403320e-01
5.800487399101257324e-01
7.505991458892822266e-01
7.531397938728332520e-01
9.984291791915893555e-01
9.137781858444213867e-01
6.477760672569274902e-01
9.885594248771667480e-01
9.940130114555358887e-01
9.991794228553771973e-01
4.828301966190338135e-01
8.789890408515930176e-01
4.980183541774749756e-01
7.971347570419311523e-01
9.998546838760375977e-01
9.993963241577148438e-01
9.710803031921386719e-01
9.532101750373840332e-01
9.861223101615905762e-01
9.914841055870056152e-01
9.976245164871215820e-01
9.139559268951416016e-01
9.996919631958007812e-01
5.728333592414855957e-01
7.009037137031555176e-01
8.556960225105285645e-01
9.587786793708801270e-01
9.505155086517333984e-01
9.991235733032226562e-01
9.938245415687561035e-01
9.561435580253601074e-01
9.408782124519348145e-01
9.978877305984497070e-01
9.998548030853271484e-01
9.995654225349426270e-01
9.995661973953247070e-01
9.658226966857910156e-01
9.454185366630554199e-01
8.154013752937316895e-01
9.989008307456970215e-01
9.976593852043151855e-01
9.135020375251770020e-01
4.939210116863250732e-01
9.973767995834350586e-01
9.927303791046142578e-01
9.965925812721252441e-01
9.995039105415344238e-01
9.165331125259399414e-01
9.998028278350830078e-01
7.647230625152587891e-01
9.627813100814819336e-01
9.742566943168640137e-01
9.991008043289184570e-01
5.433658957481384277e-01
9.986795186996459961e-01
9.794149994850158691e-01
9.970477223396301270e-01
9.644687771797180176e-01
5.967595577239990234e-01
9.910185933113098145e-01
5.837176442146301270e-01
9.998401999473571777e-01
9.352455139160156250e-01
9.915582537651062012e-01
9.214226007461547852e-01
9.036078453063964844e-01
9.883705973625183105e-01
9.335101246833801270e-01
7.115614414215087891e-01
9.328548312187194824e-01
9.979669451713562012e-01
5.310758948326110840e-01
9.993467330932617188e-01
9.747719764709472656e-01
9.477408528327941895e-01
4.758791327476501465e-01
8.820623755455017090e-01
9.963355660438537598e-01
9.446880817413330078e-01
5.393725037574768066e-01
4.995796382427215576e-01
9.994592666625976562e-01
9.995554685592651367e-01
9.989255070686340332e-01
9.989740848541259766e-01
9.931717514991760254e-01
9.989359974861145020e-01
9.695405960083007812e-01
8.880208730697631836e-01
9.965211153030395508e-01
9.994567632675170898e-01
9.964096546173095703e-01
5.921440124511718750e-01
4.618922770023345947e-01
4.938112199306488037e-01
9.932267069816589355e-01
9.195569157600402832e-01
7.936636805534362793e-01
8.579247593879699707e-01
9.749874472618103027e-01
4.121007621288299561e-01
9.996129870414733887e-01
9.988477826118469238e-01
9.996607303619384766e-01
9.998512864112854004e-01
8.797737360000610352e-01
9.850958585739135742e-01
9.979634284973144531e-01
5.257542133331298828e-01
9.988846182823181152e-01
5.013507604598999023e-01
9.608815312385559082e-01
9.997939467430114746e-01
8.905453681945800781e-01
9.996557831764221191e-01
4.691544175148010254e-01
9.951294660568237305e-01
9.920951128005981445e-01
9.445556402206420898e-01
9.957429170608520508e-01
5.647080540657043457e-01
6.331511139869689941e-01
8.249768018722534180e-01
9.959695339202880859e-01
9.999670386314392090e-01
9.994109869003295898e-01
8.272781372070312500e-01
9.807556271553039551e-01
9.995595812797546387e-01
9.886242151260375977e-01
9.986889958381652832e-01
9.919286966323852539e-01
5.841065049171447754e-01
9.981703758239746094e-01
9.610087275505065918e-01
6.487134695053100586e-01
6.494584679603576660e-01
9.998365640640258789e-01
9.984760880470275879e-01
9.964591860771179199e-01
9.998622536659240723e-01
9.034361243247985840e-01
8.768860697746276855e-01
9.802748560905456543e-01
9.999197125434875488e-01
9.996005892753601074e-01
4.244312345981597900e-01
9.987221360206604004e-01
9.827335476875305176e-01
9.982779026031494141e-01
5.245422124862670898e-01
7.804742455482482910e-01
4.200201034545898438e-01
9.438450336456298828e-01
5.300971269607543945e-01
9.998545646667480469e-01
9.988995790481567383e-01
7.293297648429870605e-01
6.419655680656433105e-01
9.917889833450317383e-01
6.433135271072387695e-01
9.415945410728454590e-01
7.913522124290466309e-01
9.820047020912170410e-01
9.117816090583801270e-01
9.751831889152526855e-01
9.974644780158996582e-01
9.913205504417419434e-01
9.502583146095275879e-01
8.572615385055541992e-01
9.157953262329101562e-01
9.992089867591857910e-01
9.995889067649841309e-01
9.988824129104614258e-01
9.987859725952148438e-01
9.960674643516540527e-01
7.124221324920654297e-01
9.967144131660461426e-01
9.990772008895874023e-01
3.337267339229583740e-01
9.888098835945129395e-01
9.986690878868103027e-01
9.987639784812927246e-01
9.530390501022338867e-01
9.995694160461425781e-01
4.735215008258819580e-01
9.947802424430847168e-01
9.998351335525512695e-01
9.997692704200744629e-01
9.779213666915893555e-01
6.739162206649780273e-01
9.897800683975219727e-01
9.993073344230651855e-01
9.541641473770141602e-01
6.589801907539367676e-01
9.960658550262451172e-01
9.410706162452697754e-01
5.000143647193908691e-01
8.650572896003723145e-01
9.640108942985534668e-01
9.958916306495666504e-01
9.881407022476196289e-01
9.916445016860961914e-01
9.996624588966369629e-01
9.987819194793701172e-01
9.871571063995361328e-01
5.949877500534057617e-01
9.991599917411804199e-01
9.992166161537170410e-01
8.034675717353820801e-01
9.987593889236450195e-01
9.181275367736816406e-01
9.698172807693481445e-01
5.490049719810485840e-01
8.210007548332214355e-01
4.619749784469604492e-01
9.990019798278808594e-01
9.980745911598205566e-01
9.956344366073608398e-01
6.329808235168457031e-01
9.976561069488525391e-01
9.962916374206542969e-01
9.973900914192199707e-01
9.967163205146789551e-01
6.603478789329528809e-01
9.854559898376464844e-01
9.982109069824218750e-01
9.988356232643127441e-01
9.620460867881774902e-01
9.880171418190002441e-01
9.603736400604248047e-01
8.469756245613098145e-01
5.138121843338012695e-01
9.867234826087951660e-01
9.998298287391662598e-01
9.333842396736145020e-01
9.993425011634826660e-01
9.998506903648376465e-01
9.998130202293395996e-01
2.602320909500122070e-01
5.182855725288391113e-01
9.739314913749694824e-01
9.683017730712890625e-01
8.142395615577697754e-01
9.289089441299438477e-01
9.992674589157104492e-01
7.593504190444946289e-01
3.468762338161468506e-01
9.993007779121398926e-01
7.857286334037780762e-01
7.860949039459228516e-01
8.445855379104614258e-01
8.871159553527832031e-01
8.199512362480163574e-01
9.983619451522827148e-01
9.897537827491760254e-01
9.993388652801513672e-01
7.904635667800903320e-01
9.614797830581665039e-01
9.725357294082641602e-01
9.930487871170043945e-01
9.978276491165161133e-01
9.985256791114807129e-01
7.003135681152343750e-01
6.037778258323669434e-01
9.974847435951232910e-01
9.995757341384887695e-01
9.986668229103088379e-01
7.587093114852905273e-01
4.037349224090576172e-01
7.047150135040283203e-01
2.617761790752410889e-01
9.320227503776550293e-01
8.226390480995178223e-01
6.400659084320068359e-01
9.998452663421630859e-01
9.984122514724731445e-01
4.965662956237792969e-01
6.906828880310058594e-01
9.999113678932189941e-01
7.010112404823303223e-01
7.572950720787048340e-01
5.910080075263977051e-01
9.986057281494140625e-01
9.993438720703125000e-01
9.998553991317749023e-01
9.991562366485595703e-01
5.269223451614379883e-01
6.555884480476379395e-01
9.167972803115844727e-01
8.606902360916137695e-01
9.177508950233459473e-01
9.806489348411560059e-01
9.893659949302673340e-01
9.977139234542846680e-01
9.875569343566894531e-01
9.994942545890808105e-01
4.822087883949279785e-01
6.077187657356262207e-01
9.906376600265502930e-01
9.782490730285644531e-01
9.983708262443542480e-01
5.671900510787963867e-01
9.439861178398132324e-01
5.275512337684631348e-01
5.707446932792663574e-01
9.998259544372558594e-01
9.272472262382507324e-01
7.833853363990783691e-01
6.084443926811218262e-01
9.844387769699096680e-01
9.967246651649475098e-01
9.839584827423095703e-01
9.944264292716979980e-01
5.169818401336669922e-01
2.542512714862823486e-01
9.714429378509521484e-01
9.152296185493469238e-01
9.997674822807312012e-01
9.998412132263183594e-01
9.984290003776550293e-01
9.997421503067016602e-01
8.423873186111450195e-01
9.851623177528381348e-01
9.017747640609741211e-01
9.899097084999084473e-01
9.885312914848327637e-01
6.455144882202148438e-01
8.086439371109008789e-01
8.948912024497985840e-01
9.869124293327331543e-01
9.982901811599731445e-01
6.236301064491271973e-01
9.051964282989501953e-01
7.771657109260559082e-01
9.856309294700622559e-01
9.877234697341918945e-01
9.971486330032348633e-01
9.990568757057189941e-01
7.420454025268554688e-01
9.906366467475891113e-01
9.981219172477722168e-01
7.023639678955078125e-01
7.167992591857910156e-01
3.988849222660064697e-01
9.281153082847595215e-01
5.580238699913024902e-01
9.969404339790344238e-01
5.108689069747924805e-01
9.993891716003417969e-01
9.696993827819824219e-01
9.996272325515747070e-01
9.911429286003112793e-01
9.541919231414794922e-01
7.970123887062072754e-01
4.861287474632263184e-01
9.998452663421630859e-01
7.920855283737182617e-01
9.992315769195556641e-01
9.998500943183898926e-01
5.406121611595153809e-01
9.996790885925292969e-01
9.961917996406555176e-01
9.988784790039062500e-01
9.605891108512878418e-01
7.630727291107177734e-01
9.680700898170471191e-01
2.355614304542541504e-02
9.092813730239868164e-01
9.736201167106628418e-01
9.978652596473693848e-01
9.998399615287780762e-01
7.692008614540100098e-01
7.748728394508361816e-01
8.261726498603820801e-01
9.839255213737487793e-01
9.995228648185729980e-01
9.999116063117980957e-01
9.838600158691406250e-01
6.487975716590881348e-01
7.554216384887695312e-01
9.834222197532653809e-01
9.952648878097534180e-01
7.987768054008483887e-01
9.945418238639831543e-01
9.928555488586425781e-01
9.775139689445495605e-01
8.925341367721557617e-01
9.952610135078430176e-01
9.674809575080871582e-01
9.877316951751708984e-01
9.968817234039306641e-01
8.605297207832336426e-01
9.979879260063171387e-01
9.288370609283447266e-01
8.837540149688720703e-01
9.579228758811950684e-01
7.243641614913940430e-01
5.042962431907653809e-01
8.275067210197448730e-01
5.475051403045654297e-01
3.909600973129272461e-01
8.023550510406494141e-01
8.432112932205200195e-01
9.801262021064758301e-01
6.077041625976562500e-01
9.989002346992492676e-01
9.964325428009033203e-01
8.435971736907958984e-01
9.960555434226989746e-01
5.031165480613708496e-01
8.016853332519531250e-01
6.756758689880371094e-01
9.732193350791931152e-01
9.786035418510437012e-01
4.094169437885284424e-01
9.995773434638977051e-01
9.318436384201049805e-01
9.839449524879455566e-01
5.951083302497863770e-01
9.990802407264709473e-01
9.851118922233581543e-01
7.311372756958007812e-01
9.833078384399414062e-01
9.931557178497314453e-01
4.598399102687835693e-01
9.991806149482727051e-01
6.421501636505126953e-01
9.922854304313659668e-01
9.968278408050537109e-01
9.933831691741943359e-01
9.849839210510253906e-01
8.846405744552612305e-01
9.006153941154479980e-01
8.697624206542968750e-01
9.685258865356445312e-01
9.958645105361938477e-01
8.889487385749816895e-01
9.025993347167968750e-01
4.567478001117706299e-01
9.004386067390441895e-01
6.500821113586425781e-01
5.555832982063293457e-01
9.559630751609802246e-01
9.745443463325500488e-01
9.900318384170532227e-01
9.346260428428649902e-01
9.718511104583740234e-01
4.951681792736053467e-01
9.907951951026916504e-01
8.043977618217468262e-01
9.731578230857849121e-01
8.066271543502807617e-01
9.996550083160400391e-01
9.981343150138854980e-01
9.978843331336975098e-01
9.900502562522888184e-01
9.847185015678405762e-01
5.622174739837646484e-01
9.960020780563354492e-01
9.998122453689575195e-01
7.700276374816894531e-01
9.951606392860412598e-01
6.535904407501220703e-01
9.962708353996276855e-01
7.925459146499633789e-01
9.940576553344726562e-01
4.084143042564392090e-01
9.994623064994812012e-01
6.709800362586975098e-01
4.589565694332122803e-01
7.519932389259338379e-01
9.993801712989807129e-01
4.972593486309051514e-01
8.780637383460998535e-01
9.426258206367492676e-01
5.099217891693115234e-01
9.689907431602478027e-01
7.925246953964233398e-01
9.873186349868774414e-01
6.617759466171264648e-01
4.729712903499603271e-01
9.989497661590576172e-01
8.812016248703002930e-01
9.992602467536926270e-01
9.989596605300903320e-01
9.378046393394470215e-01
5.154070854187011719e-01
9.401177167892456055e-01
2.017494477331638336e-02
9.934034943580627441e-01
9.997405409812927246e-01
9.981727600097656250e-01
5.029985308647155762e-01
9.996015429496765137e-01
6.071677803993225098e-01
9.981640577316284180e-01
7.345352172851562500e-01
8.417958021163940430e-01
9.919162392616271973e-01
4.553818404674530029e-01
7.809089422225952148e-01
5.099584460258483887e-01
8.431881666183471680e-01
9.934372305870056152e-01
9.847003221511840820e-01
9.109725952148437500e-01
8.468223214149475098e-01
9.750483036041259766e-01
9.997718334197998047e-01
9.990800023078918457e-01
9.989618659019470215e-01
8.770750164985656738e-01
7.950609922409057617e-01
9.966972470283508301e-01
9.886598587036132812e-01
9.992975592613220215e-01
5.490622520446777344e-01
8.566570281982421875e-01
7.558626532554626465e-01
5.242562294006347656e-01
9.996910095214843750e-01
9.970638155937194824e-01
9.540686011314392090e-01
9.994378685951232910e-01
8.083007931709289551e-01
9.939860701560974121e-01
9.987847208976745605e-01
9.946604967117309570e-01
5.371189117431640625e-01
9.994392395019531250e-01
9.069648981094360352e-01
5.603123307228088379e-01
5.080035328865051270e-01
9.996752738952636719e-01
9.911424517631530762e-01
8.611970543861389160e-01
6.337937116622924805e-01
9.449965953826904297e-01
9.816169738769531250e-01
9.978398680686950684e-01
8.589942455291748047e-01
9.795323014259338379e-01
8.346601128578186035e-01
9.560666680335998535e-01
9.995896220207214355e-01
9.994620680809020996e-01
9.869617223739624023e-01
9.539697766304016113e-01
6.549975872039794922e-01
5.129030346870422363e-01
9.959083199501037598e-01
4.603130519390106201e-01
9.792417287826538086e-01
5.330987572669982910e-01
9.987468719482421875e-01
9.948622584342956543e-01
5.879384875297546387e-01
6.254262924194335938e-01
9.993649721145629883e-01
9.986608028411865234e-01
9.891352653503417969e-01
9.982163310050964355e-01
9.996151924133300781e-01
9.984742999076843262e-01
9.991756677627563477e-01
9.823539853096008301e-01
9.997221827507019043e-01
9.952307343482971191e-01
6.561684012413024902e-01
6.723209023475646973e-01
9.996265172958374023e-01
9.988883137702941895e-01
9.641953706741333008e-01
9.997386932373046875e-01
9.954068660736083984e-01
6.890536546707153320e-01
9.851187467575073242e-01
9.902667403221130371e-01
3.897815644741058350e-01
7.176725268363952637e-01
9.980523586273193359e-01
9.995857477188110352e-01
9.759929180145263672e-01
6.029504537582397461e-01
8.737525939941406250e-01
8.128230571746826172e-01
9.823150634765625000e-01
9.191454052925109863e-01
9.896373152732849121e-01
6.335126757621765137e-01
9.993966221809387207e-01
9.960020184516906738e-01
7.653785347938537598e-01
9.993183016777038574e-01
8.600316047668457031e-01
9.995706677436828613e-01
9.803922772407531738e-01
6.719658970832824707e-01
9.740837812423706055e-01
9.990376830101013184e-01
9.442869424819946289e-01
9.989712834358215332e-01
9.338014125823974609e-01
9.983024597167968750e-01
9.128373861312866211e-01
9.559528231620788574e-01
9.873964190483093262e-01
9.987937808036804199e-01
9.996070265769958496e-01
8.176369071006774902e-01
9.627768993377685547e-01
9.698503017425537109e-01
9.993044734001159668e-01
6.898225545883178711e-01
5.893948674201965332e-01
3.406873643398284912e-01
7.550911307334899902e-01
9.994682669639587402e-01
9.967561960220336914e-01
9.678905606269836426e-01
9.996311664581298828e-01
9.982418417930603027e-01
9.866828918457031250e-01
9.997135996818542480e-01
6.006565093994140625e-01
9.840173125267028809e-01
9.977176785469055176e-01
9.559462666511535645e-01
9.995228052139282227e-01
5.137465000152587891e-01
9.989054203033447266e-01
7.050070166587829590e-01
5.501357913017272949e-01
5.918784737586975098e-01
9.524123072624206543e-01
4.950964450836181641e-01
8.575624227523803711e-01
9.997012019157409668e-01
7.761225700378417969e-01
5.199941992759704590e-01
9.933282136917114258e-01
9.989359974861145020e-01
8.583299517631530762e-01
9.944899082183837891e-01
9.227669835090637207e-01
7.209296822547912598e-01
9.628505706787109375e-01
9.808182120323181152e-01
9.820021390914916992e-01
9.982805848121643066e-01
9.986534118652343750e-01
9.707286953926086426e-01
9.795823097229003906e-01
9.757519364356994629e-01
7.427465319633483887e-01
9.951131343841552734e-01
6.971119642257690430e-01
9.763890504837036133e-01
9.751703143119812012e-01
9.590408802032470703e-01
9.743076562881469727e-01
9.683027267456054688e-01
9.996659755706787109e-01
6.794373989105224609e-01
9.618408679962158203e-01
1.588118076324462891e-02
7.433116436004638672e-01
7.838963866233825684e-01
4.754911363124847412e-01
5.685893893241882324e-01
9.994782209396362305e-01
9.946323037147521973e-01
9.992975592613220215e-01
9.997360706329345703e-01
9.878191947937011719e-01
9.678556919097900391e-01
4.982807040214538574e-01
9.966231584548950195e-01
9.980780482292175293e-01
7.998346090316772461e-01
6.757058501243591309e-01
9.736127257347106934e-01
8.567433357238769531e-01
9.992173910140991211e-01
8.071667551994323730e-01
9.563130736351013184e-01
6.130922436714172363e-01
9.904418587684631348e-01
9.983977675437927246e-01
7.647643089294433594e-01
9.999955296516418457e-01
9.846768379211425781e-01
9.998211264610290527e-01
9.992111325263977051e-01
9.997959733009338379e-01
7.269550561904907227e-01
5.456113219261169434e-01
9.969561696052551270e-01
6.921553015708923340e-01
9.994723796844482422e-01
7.954846620559692383e-01
9.991281628608703613e-01
9.997978806495666504e-01
3.442944288253784180e-01
6.286314129829406738e-01
2.748912572860717773e-02
9.994884133338928223e-01
9.994058609008789062e-01
5.293985605239868164e-01
9.971529245376586914e-01
5.154064893722534180e-01
9.916734695434570312e-01
6.831726431846618652e-01
9.944083094596862793e-01
8.049003481864929199e-01
9.974230527877807617e-01
5.598137974739074707e-01
8.935688138008117676e-01
9.597910046577453613e-01
9.457553029060363770e-01
9.460775852203369141e-01
6.291785240173339844e-01
5.473441481590270996e-01
9.998678565025329590e-01
9.998314976692199707e-01
8.068280816078186035e-01
6.682185530662536621e-01
7.198483943939208984e-01
8.358528614044189453e-01
8.751591444015502930e-01
9.998306632041931152e-01
9.739398956298828125e-01
9.988629221916198730e-01
9.996575713157653809e-01
9.997166395187377930e-01
9.755486845970153809e-01
9.936636686325073242e-01
9.596943855285644531e-01
9.997693896293640137e-01
5.050609111785888672e-01
7.237834930419921875e-01
8.761801123619079590e-01
4.944568276405334473e-01
9.093514084815979004e-01
9.989349246025085449e-01
6.890226602554321289e-01
5.797389149665832520e-01
9.997426867485046387e-01
6.802908182144165039e-01
9.697967767715454102e-01
8.134642243385314941e-01
9.860330820083618164e-01
8.649449944496154785e-01
6.937064528465270996e-01
9.994347691535949707e-01
9.997973442077636719e-01
9.809703230857849121e-01
8.031687736511230469e-01
9.996176958084106445e-01
9.412039518356323242e-01
9.940776824951171875e-01
9.965378046035766602e-01
9.996296763420104980e-01
9.900164604187011719e-01
8.999730944633483887e-01
5.495688319206237793e-01
7.975291609764099121e-01
9.929128289222717285e-01
4.445439875125885010e-01
6.332681775093078613e-01
9.457073211669921875e-01
8.267381191253662109e-01
9.987927079200744629e-01
5.318518877029418945e-01
6.045662760734558105e-01
9.357363581657409668e-01
8.266816139221191406e-01
8.646284341812133789e-01
9.996101856231689453e-01
7.435790300369262695e-01
9.995753169059753418e-01
9.998486638069152832e-01
9.757237434387207031e-01
9.843719601631164551e-01
9.999527931213378906e-01
9.936774969100952148e-01
9.034169316291809082e-01
9.081301689147949219e-01
8.656967282295227051e-01
9.766027331352233887e-01
9.824826121330261230e-01
9.945032000541687012e-01
9.173344969749450684e-01
9.376640915870666504e-01
9.132099747657775879e-01
9.990377426147460938e-01
9.748085737228393555e-01
8.162088394165039062e-01
9.969103336334228516e-01
8.031409382820129395e-01
8.366060853004455566e-01
7.471413612365722656e-01
9.666803479194641113e-01
6.737244129180908203e-01
9.630829691886901855e-01
9.866336584091186523e-01
9.699903130531311035e-01
4.971792101860046387e-01
7.566962242126464844e-01
9.988176226615905762e-01
9.166216850280761719e-01
9.917668104171752930e-01
9.569036364555358887e-01
6.644919514656066895e-01
6.655367612838745117e-01
9.983657598495483398e-01
9.971913099288940430e-01
8.567742109298706055e-01
7.954709529876708984e-01
9.990253448486328125e-01
9.984854459762573242e-01
9.829187989234924316e-01
9.306944012641906738e-01
9.997379183769226074e-01
9.997639656066894531e-01
8.971529006958007812e-01
9.937452673912048340e-01
9.912703037261962891e-01
9.840310215950012207e-01
2.970254421234130859e-02
9.905515313148498535e-01
9.972305893898010254e-01
8.517756462097167969e-01
9.930954575538635254e-01
8.948186635971069336e-01
9.998416900634765625e-01
6.364274024963378906e-01
8.896023631095886230e-01
9.622219204902648926e-01
9.504081010818481445e-01
6.599236726760864258e-01
9.986504316329956055e-01
9.503134489059448242e-01
7.002265453338623047e-01
9.717990756034851074e-01
5.516814589500427246e-01
9.720449447631835938e-01
5.283108949661254883e-01
9.856083989143371582e-01
9.980490803718566895e-01
4.378155469894409180e-01
9.995478987693786621e-01
9.948868751525878906e-01
3.990578055381774902e-01
8.916258811950683594e-04
9.930285811424255371e-01
9.914482831954956055e-01
5.900299549102783203e-01
7.047508955001831055e-01
9.996243715286254883e-01
5.165920853614807129e-01
8.823791742324829102e-01
9.986359477043151855e-01
8.789026141166687012e-01
4.972437322139739990e-01
9.975060820579528809e-01
9.982212185859680176e-01
9.757481813430786133e-01
9.820586442947387695e-01
9.643765687942504883e-01
6.581605672836303711e-01
9.974094033241271973e-01
7.734394669532775879e-01
9.987385869026184082e-01
9.887717962265014648e-01
5.179018378257751465e-01
9.333490133285522461e-01
9.993338584899902344e-01
4.496095478534698486e-01
9.997005462646484375e-01
6.033521890640258789e-01
8.849492073059082031e-01
8.637046217918395996e-01
5.884638428688049316e-01
9.554960131645202637e-01
9.892296791076660156e-01
9.954637885093688965e-01
9.952090978622436523e-01
9.953438639640808105e-01
5.068145990371704102e-01
7.850105166435241699e-01
8.740600347518920898e-01
9.994267821311950684e-01
8.044056892395019531e-01
9.114874601364135742e-01
9.994062185287475586e-01
9.722731113433837891e-01
9.101548194885253906e-01
9.962375164031982422e-01
9.986349344253540039e-01
9.997496008872985840e-01
5.959274768829345703e-01
7.842754125595092773e-01
4.984538555145263672e-01
4.958252906799316406e-01
6.687228679656982422e-01
8.252105116844177246e-01
6.487119793891906738e-01
6.084352135658264160e-01
8.388680815696716309e-01
6.044164299964904785e-01
9.994655251502990723e-01
6.560382246971130371e-01
9.722461700439453125e-01
9.991825222969055176e-01
7.018048763275146484e-01
9.771139025688171387e-01
2.016186714172363281e-02
9.811389446258544922e-01
9.998304247856140137e-01
9.919192194938659668e-01
9.179198741912841797e-01
5.763949155807495117e-01
9.996653795242309570e-01
9.995372891426086426e-01
9.984319806098937988e-01
9.996024370193481445e-01
9.988173246383666992e-01
9.990471601486206055e-01
9.999123215675354004e-01
9.998160004615783691e-01
9.701876640319824219e-01
9.985043406486511230e-01
9.990829825401306152e-01
9.982555508613586426e-01
6.612917780876159668e-01
9.972254037857055664e-01
9.958649277687072754e-01
9.400435090065002441e-01
9.988338947296142578e-01
6.756666302680969238e-01
5.978447794914245605e-01
7.235797643661499023e-01
9.976388812065124512e-01
6.196123361587524414e-01
7.490812540054321289e-01
9.982556104660034180e-01
7.969691157341003418e-01
9.775677323341369629e-01
9.976150393486022949e-01
9.996204972267150879e-01
9.930832982063293457e-01
9.975495338439941406e-01
9.988991022109985352e-01
7.197861075401306152e-01
9.953266978263854980e-01
5.079046487808227539e-01
6.575220823287963867e-01
6.020639538764953613e-01
5.786396265029907227e-01
9.974611997604370117e-01
6.954377889633178711e-01
9.948858618736267090e-01
7.403276562690734863e-01
6.718379855155944824e-01
9.994144439697265625e-01
9.993994235992431641e-01
6.256898045539855957e-01
8.692669868469238281e-01
9.967810511589050293e-01
9.996680617332458496e-01
9.975097179412841797e-01
9.981811046600341797e-01
9.720237255096435547e-01
9.976040124893188477e-01
7.867227196693420410e-01
9.701508283615112305e-01
9.881083965301513672e-01
9.909797906875610352e-01
4.691364765167236328e-01
9.919986724853515625e-01
9.994460940361022949e-01
9.756316542625427246e-01
9.810991883277893066e-01
9.790965318679809570e-01
4.187364578247070312e-01
4.205076098442077637e-01
9.969938397407531738e-01
5.802745223045349121e-01
5.609146952629089355e-01
9.958755970001220703e-01
9.998587369918823242e-01
5.670274496078491211e-01
9.994803667068481445e-01
8.865077495574951172e-01
9.992480278015136719e-01
9.588636755943298340e-01
8.319007754325866699e-01
6.581830978393554688e-01
9.905963540077209473e-01
8.599860668182373047e-01
9.865584969520568848e-01
6.761493086814880371e-01
9.997529387474060059e-01
9.988255500793457031e-01
8.295677304267883301e-01
8.127282261848449707e-01
9.744320511817932129e-01
8.339768052101135254e-01
9.929819703102111816e-01
9.957346916198730469e-01
6.781347393989562988e-01
8.105376362800598145e-01
6.048028469085693359e-01
9.807912111282348633e-01
8.091419935226440430e-01
9.479909539222717285e-01
9.997694492340087891e-01
9.923050999641418457e-01
9.975972771644592285e-01
9.971365928649902344e-01
9.211185574531555176e-01
9.998022913932800293e-01
9.558511972427368164e-01
8.364646434783935547e-01
8.440353274345397949e-01
9.958387017250061035e-01
6.237939000129699707e-01
9.998042583465576172e-01
4.412175714969635010e-01
5.776254534721374512e-01
9.978521466255187988e-01
7.020319104194641113e-01
9.990466833114624023e-01
9.984904527664184570e-01
9.942455887794494629e-01
9.741463065147399902e-01
9.975000023841857910e-01
9.458470344543457031e-01
9.720137119293212891e-01
9.968112707138061523e-01
9.429126977920532227e-01
9.977295398712158203e-01
9.394301772117614746e-01
9.988096952438354492e-01
9.960112571716308594e-01
9.078710675239562988e-01
9.623860120773315430e-01
9.207013249397277832e-01
7.260279059410095215e-01
9.963981509208679199e-01
9.997587203979492188e-01
9.978303909301757812e-01
9.813131093978881836e-01
9.955865144729614258e-01
6.767626404762268066e-01
9.989709258079528809e-01
9.994954466819763184e-01
9.986544251441955566e-01
9.950505495071411133e-01
9.480103850364685059e-01
6.274592876434326172e-01
9.995710849761962891e-01
9.992638230323791504e-01
8.435696959495544434e-01
9.739449024200439453e-01
5.356339812278747559e-01
9.351076483726501465e-01
9.467216134071350098e-01
6.761441826820373535e-01
9.684376716613769531e-01
9.977458119392395020e-01
9.962003827095031738e-01
8.379595279693603516e-01
9.954140186309814453e-01
7.861341834068298340e-01
9.992421269416809082e-01
9.130652546882629395e-01
8.178921937942504883e-01
9.986692070960998535e-01
9.989757537841796875e-01
3.395154476165771484e-01
9.996069073677062988e-01
7.310822010040283203e-01
9.989804029464721680e-01
9.382219910621643066e-01
9.997892379760742188e-01
7.136356234550476074e-01
9.988678097724914551e-01
7.070830464363098145e-01
9.994140267372131348e-01
9.039351344108581543e-01
9.063878059387207031e-01
9.760352373123168945e-01
9.999812841415405273e-01
9.993351697921752930e-01
9.977052211761474609e-01
8.957392573356628418e-01
8.922756910324096680e-01
9.990319609642028809e-01
9.998449683189392090e-01
5.436422824859619141e-01
9.998350143432617188e-01
9.997226595878601074e-01
9.658272266387939453e-01
9.945656657218933105e-01
9.956803917884826660e-01
9.294735789299011230e-01
9.984880685806274414e-01
9.957489371299743652e-01
5.678429007530212402e-01
9.981901049613952637e-01
9.966575503349304199e-01
7.120835185050964355e-01
9.986531734466552734e-01
8.675268888473510742e-01
9.196085333824157715e-01
9.982612133026123047e-01
7.985436320304870605e-01
9.993507266044616699e-01
6.721274852752685547e-01
9.987359046936035156e-01
6.252133250236511230e-01
3.873933255672454834e-01
6.692113280296325684e-01
9.995647072792053223e-01
9.991655349731445312e-01
9.987122416496276855e-01
9.982993006706237793e-01
9.913985729217529297e-01
6.736663579940795898e-01
9.819191098213195801e-01
9.807499647140502930e-01
9.873455762863159180e-01
9.246290922164916992e-01
6.986808776855468750e-01
4.556095004081726074e-01
9.988598227500915527e-01
9.995404481887817383e-01
9.283300638198852539e-01
9.976243972778320312e-01
9.996849894523620605e-01
8.818851113319396973e-01
8.958071470260620117e-01
9.964809417724609375e-01
4.003100991249084473e-01
8.994362950325012207e-01
7.188384532928466797e-01
9.871307611465454102e-01
8.260657191276550293e-01
9.829527735710144043e-01
4.657614529132843018e-01
9.994851350784301758e-01
9.996591210365295410e-01
9.785942435264587402e-01
9.951198697090148926e-01
5.894516706466674805e-01
9.962232112884521484e-01
9.992995262145996094e-01
8.937748074531555176e-01
4.901635050773620605e-01
9.361940026283264160e-01
9.894620180130004883e-01
9.799907803535461426e-01
9.998006224632263184e-01
9.986227750778198242e-01
8.999704122543334961e-01
9.629341959953308105e-01
7.518692016601562500e-01
9.103909134864807129e-01
4.932268261909484863e-01
9.991533160209655762e-01
9.514671564102172852e-01
9.990932941436767578e-01
9.887161254882812500e-01
9.854241013526916504e-01
9.996549487113952637e-01
4.652715325355529785e-01
9.649730324745178223e-01
9.773890972137451172e-01
9.631844758987426758e-01
8.571843504905700684e-01
4.710092544555664062e-01
9.814809560775756836e-01
5.815258026123046875e-01
7.987028360366821289e-01
9.810163974761962891e-01
9.997059106826782227e-01
7.850397825241088867e-01
9.424505233764648438e-01
9.961729049682617188e-01
9.956996440887451172e-01
6.674076914787292480e-01
9.918749928474426270e-01
9.993997812271118164e-01
9.989008307456970215e-01
7.915608286857604980e-01
7.878932356834411621e-01
7.575118541717529297e-01
9.407142400741577148e-01
7.895023822784423828e-01
6.308085322380065918e-01
5.854190587997436523e-01
9.939326643943786621e-01
9.540073275566101074e-01
3.430313766002655029e-01
9.155953526496887207e-01
9.874377846717834473e-01
9.544023275375366211e-01
9.569076895713806152e-01
6.089469790458679199e-01
6.803746223449707031e-01
9.464850425720214844e-01
9.944247603416442871e-01
9.214600920677185059e-01
5.905675292015075684e-01
9.994148015975952148e-01
9.822850823402404785e-01
5.968838930130004883e-01
9.994666576385498047e-01
9.696810841560363770e-01
5.005136132240295410e-01
9.976869225502014160e-01
9.959496259689331055e-01
5.340900421142578125e-01
5.010976195335388184e-01
9.997424483299255371e-01
9.964430928230285645e-01
9.517456889152526855e-01
9.944319128990173340e-01
9.989767670631408691e-01
9.994114637374877930e-01
9.974886775016784668e-01
5.073005557060241699e-01
3.819712698459625244e-01
7.734751701354980469e-01
7.643890380859375000e-01
9.835268855094909668e-01
8.473993539810180664e-01
9.951917529106140137e-01
9.643089771270751953e-01
9.997336268424987793e-01
6.603415012359619141e-01
2.033613175153732300e-01
9.998008012771606445e-01
