1.190476212650537491e-02
3.968254197388887405e-03
9.514747653156518936e-04
1.785714365541934967e-02
4.873531725024804473e-05
1.370989921269938350e-04
9.803922148421406746e-04
3.042287717107683420e-04
3.398932676645927131e-05
6.535947788506746292e-03
1.291655935347080231e-04
5.793742602691054344e-04
1.291989610763266683e-04
9.718172950670123100e-04
2.958579920232295990e-03
2.866972354240715504e-04
8.756567258387804031e-04
5.740527994930744171e-04
3.038959403056651354e-05
2.958579920232295990e-03
2.173913083970546722e-02
1.812250848161056638e-04
7.299270015209913254e-03
1.766784465871751308e-03
1.209189882501959801e-03
3.906250000000000000e-03
4.230118356645107269e-04
9.803921915590763092e-03
1.571832690387964249e-04
4.405286163091659546e-03
1.204819302074611187e-03
2.857959480024874210e-04
3.999999910593032837e-02
1.190476212650537491e-02
5.000000074505805969e-02
1.190476212650537491e-02
2.188183862017467618e-04
8.849557489156723022e-04
7.194244768470525742e-03
2.325581386685371399e-02
6.844627205282449722e-04
1.356852153548970819e-04
1.315789483487606049e-02
1.546790444990620017e-04
3.831417532637715340e-03
2.252252306789159775e-03
1.315789483487606049e-02
7.407407276332378387e-03
1.612903177738189697e-02
9.920635493472218513e-04
2.680965233594179153e-03
6.024822141625918448e-05
1.562500023283064365e-03
4.911591531708836555e-04
3.694126207847148180e-04
6.662225350737571716e-04
7.358893344644457102e-05
4.889975534752011299e-04
1.812250848161056638e-04
5.494505632668733597e-03
2.183406148105859756e-03
6.497725844383239746e-04
6.925207562744617462e-04
1.812250848161056638e-04
1.785714365541934967e-02
1.061345756170339882e-04
3.831417532637715340e-03
2.006420545512810349e-04
1.250000000000000000e-01
2.157031995011493564e-04
1.421060151187703013e-04
1.356852153548970819e-04
3.579738768166862428e-05
5.899704992771148682e-04
3.125000046566128731e-03
3.448275849223136902e-02
5.181347019970417023e-03
7.230658084154129028e-04
1.408450654707849026e-03
4.199563409201800823e-05
9.256687917513772845e-05
3.441156295593827963e-04
1.190476212650537491e-02
3.908081998815760016e-05
1.675322564551606774e-04
8.571918442612513900e-05
2.232142956927418709e-03
1.141552464105188847e-03
6.460365693783387542e-05
3.134796163067221642e-03
6.017933264956809580e-05
3.125000046566128731e-03
1.812250848161056638e-04
5.470459582284092903e-04
1.408450654707849026e-03
1.322576426900923252e-04
1.912045874632894993e-03
1.851851865649223328e-02
3.042287717107683420e-04
9.090908803045749664e-03
3.126954252365976572e-04
1.209189882501959801e-03
1.023855875246226788e-04
2.439024299383163452e-02
7.295010436791926622e-05
3.889537183567881584e-04
2.325581386685371399e-02
4.952946910634636879e-04
1.226542372023686767e-04
2.592016535345464945e-04
5.952381179668009281e-04
2.375297015532851219e-03
8.620689623057842255e-03
3.042287717107683420e-04
1.035196706652641296e-03
8.695651777088642120e-03
6.604583904845640063e-05
4.142502148170024157e-04
3.188775444868952036e-04
5.181347019970417023e-03
1.035196706652641296e-03
3.977724700234830379e-04
6.944444496184587479e-03
8.333333581686019897e-02
1.198753307107836008e-04
8.695651777088642120e-03
1.219512149691581726e-02
8.849557489156723022e-04
1.190476212650537491e-02
4.065371103934012353e-05
6.635700119659304619e-04
1.480384962633252144e-04
2.325581386685371399e-02
1.785714365541934967e-02
1.408450654707849026e-03
2.487562131136655807e-03
8.327088289661332965e-05
3.408316406421363354e-04
3.906250000000000000e-03
1.492537278681993484e-02
3.717472078278660774e-03
3.067484649363905191e-04
1.019367948174476624e-03
3.125976945739239454e-04
1.007150785881094635e-04
1.571832690387964249e-04
1.067235833033919334e-03
1.189060625620186329e-03
1.333333365619182587e-02
3.125000046566128731e-03
6.355258665280416608e-05
7.246376946568489075e-03
1.795332180336117744e-03
3.042287717107683420e-04
1.408450654707849026e-03
3.178639453835785389e-04
9.203018271364271641e-05
1.370989921269938350e-04
3.906250000000000000e-03
3.125976945739239454e-04
4.500652721617370844e-05
1.190476212650537491e-02
1.694915257394313812e-02
1.061345756170339882e-04
5.047955783084034920e-04
1.386501025990583003e-05
1.370989921269938350e-04
3.178639453835785389e-04
3.460207663010805845e-04
1.785714365541934967e-02
9.920635493472218513e-04
3.194888122379779816e-03
2.876869984902441502e-04
5.583472666330635548e-04
3.042287717107683420e-04
5.376344081014394760e-03
5.740527994930744171e-04
5.243838531896471977e-04
1.593676279298961163e-05
6.925207562744617462e-04
1.839926408138126135e-04
3.831417532637715340e-03
1.052631624042987823e-02
8.598452550359070301e-04
9.433962404727935791e-03
4.761904850602149963e-02
1.035196706652641296e-03
2.362949016969650984e-04
6.134969182312488556e-03
9.049773798324167728e-04
1.370989921269938350e-04
1.812250848161056638e-04
1.480384962633252144e-04
1.754386001266539097e-03
4.030632844660431147e-04
9.920635493472218513e-04
1.694915257394313812e-02
4.539264773484319448e-04
1.408450677990913391e-02
1.754386001266539097e-03
7.246376946568489075e-03
1.666666753590106964e-02
1.116071478463709354e-03
4.405286163091659546e-03
8.510638144798576832e-04
1.408450654707849026e-03
1.315789483487606049e-02
8.129420166369527578e-05
1.015950401779264212e-04
1.612903201021254063e-03
1.812250848161056638e-04
6.205398676684126258e-05
7.407407392747700214e-04
1.265822816640138626e-02
1.050640858011320233e-04
1.785714365541934967e-02
1.190476212650537491e-02
9.203018271364271641e-05
3.601008211262524128e-04
4.761904850602149963e-02
7.993605104275047779e-04
5.263158120214939117e-03
3.042287717107683420e-04
5.780346691608428955e-03
3.584229387342929840e-03
1.102535868994891644e-03
1.250000000000000000e-01
1.035196706652641296e-03
1.960784383118152618e-02
3.571428731083869934e-02
8.327088289661332965e-05
1.203369465656578541e-03
1.007150785881094635e-04
2.259376342408359051e-04
1.538461539894342422e-02
1.297521666856482625e-04
1.189060625620186329e-03
1.190476212650537491e-02
8.510638144798576832e-04
1.315789483487606049e-02
3.125976945739239454e-04
2.298322215210646391e-04
4.030632844660431147e-04
9.642271470511332154e-05
4.424778744578361511e-03
1.408450654707849026e-03
3.601008211262524128e-04
2.487562131136655807e-03
1.150747993960976601e-04
1.190476212650537491e-02
1.480384962633252144e-04
4.952946910634636879e-04
1.513317256467416883e-04
5.390835576690733433e-04
8.771929889917373657e-03
8.695651777088642120e-03
1.408450654707849026e-03
3.067484649363905191e-04
8.764241938479244709e-04
1.234567956998944283e-03
1.785714365541934967e-02
2.500000037252902985e-02
1.190476212650537491e-02
1.190476212650537491e-02
3.297065559308975935e-04
1.185677028843201697e-04
1.795332180336117744e-03
1.370989921269938350e-04
1.408450654707849026e-03
4.199915856588631868e-04
2.310536074219271541e-04
7.894528971519321203e-05
5.617977585643529892e-03
1.351351384073495865e-02
1.370989921269938350e-04
3.297065559308975935e-04
3.205128305125981569e-04
1.733102253638207912e-03
3.620564821176230907e-04
3.639010246843099594e-04
2.001200664381030947e-05
2.876869984902441502e-04
5.524862091988325119e-03
1.102535868994891644e-03
1.200480153784155846e-03
1.477104844525456429e-03
1.480384962633252144e-04
7.230658084154129028e-04
1.295504625886678696e-04
4.426737432368099689e-04
1.190476212650537491e-02
4.405286163091659546e-03
4.424778744578361511e-03
7.911392604000866413e-04
2.134471724275499582e-04
9.628346015233546495e-05
1.370989921269938350e-04
9.920635493472218513e-04
2.380952425301074982e-02
3.561253543011844158e-04
8.510638144798576832e-04
5.181347019970417023e-03
8.912655757740139961e-04
1.612903201021254063e-03
4.142502148170024157e-04
1.821493613533675671e-03
3.906250000000000000e-03
1.812250848161056638e-04
1.037344452925026417e-03
1.233045593835413456e-03
3.225806355476379395e-02
1.370989921269938350e-04
3.610108396969735622e-04
1.812250848161056638e-04
1.865671656560152769e-04
2.247191034257411957e-03
3.042287717107683420e-04
1.666666716337203979e-01
4.065371103934012353e-05
1.370989921269938350e-04
7.326007471419870853e-04
1.748251728713512421e-03
6.452861998695880175e-05
2.747026337601710111e-05
1.049317885190248489e-03
4.093327734153717756e-04
1.204819302074611187e-03
3.297065559308975935e-04
1.793722040019929409e-04
9.718172950670123100e-04
3.571428731083869934e-02
1.370989921269938350e-04
1.571832690387964249e-04
1.694915257394313812e-02
3.042287717107683420e-04
5.017561488784849644e-04
4.030632844660431147e-04
1.399580069119110703e-04
2.762431045994162560e-03
3.448275849223136902e-02
4.048583097755908966e-03
1.748251728713512421e-03
5.924521610722877085e-05
1.315789483487606049e-02
2.876869984902441502e-04
1.812250848161056638e-04
4.768717190017923713e-05
7.230658084154129028e-04
1.310616033151745796e-03
2.132650843122974038e-04
7.874015718698501587e-03
4.450378182809799910e-04
1.019367948174476624e-03
3.906250000000000000e-03
4.142502148170024157e-04
5.698005770682357252e-05
3.125000046566128731e-03
1.633986947126686573e-03
1.733102253638207912e-03
5.181347019970417023e-03
3.769317700061947107e-04
8.333333581686019897e-02
3.419972781557589769e-04
7.936508394777774811e-03
1.785714365541934967e-02
1.666666648816317320e-04
1.310616033151745796e-03
1.812250848161056638e-04
1.064735915861092508e-04
3.042287717107683420e-04
1.190476212650537491e-02
1.061345756170339882e-04
1.692047342658042908e-03
1.560062402859330177e-03
6.925207562744617462e-04
1.836884621297940612e-04
5.151983350515365601e-04
1.785714365541934967e-02
3.042287717107683420e-04
4.030632844660431147e-04
3.999999910593032837e-02
2.288329415023326874e-03
3.254149050917476416e-04
1.480384962633252144e-04
4.219409078359603882e-03
2.876869984902441502e-04
1.689189230091869831e-03
4.424778744578361511e-03
1.123595517128705978e-02
8.130080997943878174e-03
2.380952425301074982e-02
1.697792904451489449e-04
2.467917220201343298e-04
1.190476212650537491e-02
1.061345756170339882e-04
1.037344452925026417e-03
5.988024175167083740e-03
4.351609968580305576e-04
4.030632844660431147e-04
3.504099731799215078e-05
1.102535868994891644e-03
9.920635493472218513e-04
1.908396952785551548e-03
2.876869984902441502e-04
1.132502802647650242e-03
1.680954737821593881e-04
2.140136166417505592e-05
1.019367948174476624e-03
1.531393616460263729e-03
1.237623742781579494e-03
1.785714365541934967e-02
4.424778744578361511e-03
1.485442626290023327e-04
1.556178031023591757e-04
5.662514013238251209e-04
3.473428369034081697e-04
5.555555596947669983e-02
9.514747653156518936e-04
1.863585493993014097e-04
8.196720853447914124e-03
1.141552464105188847e-03
1.689189230091869831e-03
2.472676897014025599e-05
5.443657864816486835e-04
4.166666767559945583e-04
1.785714365541934967e-02
8.196720853447914124e-03
1.408450654707849026e-03
3.119346365565434098e-05
9.999999776482582092e-03
1.735508558340370655e-04
1.212709175888448954e-04
1.587301678955554962e-02
1.190476212650537491e-02
1.143510598922148347e-04
1.785714365541934967e-02
8.333333581686019897e-02
9.099181042984127998e-04
3.113324928563088179e-04
1.222344435518607497e-04
3.194888122379779816e-03
5.376344081014394760e-03
1.209189882501959801e-03
1.851851865649223328e-02
1.292490633204579353e-04
2.325581386685371399e-02
3.419387940084561706e-05
2.141327597200870514e-03
1.680672285147011280e-03
2.242152579128742218e-03
2.173912944272160530e-03
3.906250000000000000e-03
9.514747653156518936e-04
1.170274990727193654e-04
1.103691829484887421e-05
1.785714365541934967e-02
7.142857182770967484e-03
1.037344452925026417e-03
2.431078974041156471e-05
3.448275849223136902e-02
1.555209979414939880e-03
1.346619974356144667e-04
1.912045874632894993e-03
4.863813228439539671e-04
3.694126207847148180e-04
4.184100311249494553e-03
7.330840890062972903e-05
1.190476212650537491e-02
1.724137924611568451e-02
1.812250848161056638e-04
1.571832690387964249e-04
1.812250848161056638e-04
1.061345756170339882e-04
1.061345756170339882e-04
2.113718073815107346e-04
3.067484649363905191e-04
1.331557868979871273e-03
1.596627953404095024e-05
1.146000431617721915e-04
3.042287717107683420e-04
1.492537278681993484e-02
1.231527072377502918e-03
2.127659507095813751e-02
5.025125574320554733e-03
7.722007576376199722e-04
1.851851819083094597e-03
1.075268816202878952e-02
1.272264635190367699e-03
8.665511268191039562e-05
8.333333581686019897e-02
2.816901309415698051e-03
7.961783558130264282e-04
7.142857462167739868e-02
3.999999910593032837e-02
4.458314797375351191e-04
1.586797880008816719e-04
1.571832690387964249e-04
2.173913083970546722e-02
8.333333581686019897e-02
3.639010246843099594e-04
5.617977585643529892e-03
1.615508925169706345e-03
1.078748609870672226e-03
5.880277603864669800e-05
3.194888122379779816e-03
2.347417874261736870e-03
1.571832690387964249e-04
6.250000093132257462e-03
3.512469411361962557e-04
4.353504627943038940e-04
1.785714365541934967e-02
6.925207562744617462e-04
4.166666883975267410e-03
8.333333581686019897e-02
2.876869984902441502e-04
9.155832231044769287e-05
3.030303120613098145e-02
4.761904850602149963e-02
6.925207562744617462e-04
2.173913083970546722e-02
2.249718818347901106e-04
3.862495068460702896e-04
9.920635493472218513e-04
7.299270015209913254e-03
2.729257685132324696e-04
1.763668376952409744e-03
5.555555596947669983e-02
1.612903177738189697e-02
1.785714365541934967e-02
4.166666883975267410e-03
1.694915257394313812e-02
1.279099524253979325e-04
1.190476212650537491e-02
1.190476212650537491e-02
2.173913083970546722e-02
9.920635493472218513e-04
9.920635493472218513e-04
2.988643245771527290e-04
7.419498433591797948e-05
9.718172950670123100e-04
1.785714365541934967e-02
1.061345756170339882e-04
1.190476212650537491e-02
3.125000046566128731e-03
8.007687574718147516e-05
2.467064769007265568e-05
7.812500000000000000e-03
9.671180159784853458e-04
5.128205288201570511e-03
5.913660279475152493e-04
3.703703731298446655e-02
9.514747653156518936e-04
5.740527994930744171e-04
1.785714365541934967e-02
1.571832690387964249e-04
1.019367948174476624e-03
4.184100311249494553e-03
1.061345756170339882e-04
7.299270015209913254e-03
5.181347019970417023e-03
1.851851865649223328e-02
7.299270015209913254e-03
9.433962404727935791e-03
1.558117801323533058e-04
3.506311331875622272e-04
1.571832690387964249e-04
1.785714365541934967e-02
9.894133108900859952e-05
7.220216793939471245e-04
2.000000029802322388e-01
2.183406148105859756e-03
1.785714365541934967e-02
7.241129642352461815e-04
3.866975894197821617e-04
2.928257745224982500e-04
2.232142956927418709e-03
1.019367948174476624e-03
1.562500023283064365e-03
4.761904850602149963e-02
3.694126207847148180e-04
4.755111876875162125e-04
2.739726100116968155e-03
1.377790031256154180e-04
1.187648507766425610e-03
7.570022717118263245e-04
1.785714365541934967e-02
1.237623742781579494e-03
1.408450654707849026e-03
1.812250848161056638e-04
6.666666828095912933e-03
1.810282410588115454e-04
1.328374055447056890e-04
3.581662022043019533e-04
1.480384962633252144e-04
1.754386001266539097e-03
5.175983533263206482e-04
1.310616033151745796e-03
2.055076038232073188e-04
8.333333581686019897e-02
4.608294984791427851e-04
6.666666828095912933e-03
8.835483458824455738e-05
2.173913083970546722e-02
1.812250848161056638e-04
1.789869274944067001e-04
4.142502148170024157e-04
9.917683200910687447e-05
1.428571436554193497e-02
4.184100311249494553e-03
1.567398081533610821e-03
3.571428731083869934e-02
3.094633939326740801e-05
3.621876239776611328e-04
1.190476212650537491e-02
1.785714365541934967e-02
3.906250000000000000e-03
2.328288683202117682e-04
1.916443143272772431e-04
1.333333365619182587e-02
8.865247946232557297e-04
1.190476212650537491e-02
7.230658084154129028e-04
4.166666883975267410e-03
1.204819302074611187e-03
1.204819302074611187e-03
1.428571492433547974e-01
8.849557489156723022e-03
7.407407276332378387e-03
8.333333581686019897e-02
4.504504613578319550e-03
2.127659507095813751e-03
9.920635493472218513e-04
1.167678638012148440e-04
1.815211435314267874e-04
1.408450654707849026e-03
4.405286163091659546e-03
2.409638604149222374e-03
1.190476212650537491e-02
9.920635493472218513e-04
5.924170836806297302e-04
6.891798693686723709e-04
4.405286163091659546e-03
2.232142956927418709e-03
1.190476212650537491e-02
1.612903177738189697e-02
1.204819302074611187e-03
3.042287717107683420e-04
2.876869984902441502e-04
2.325581386685371399e-02
4.543389368336647749e-04
4.539264773484319448e-04
3.178639453835785389e-04
5.025125574320554733e-03
1.222045684698969126e-04
2.908667956944555044e-04
2.500000037252902985e-02
3.694126207847148180e-04
2.512815444788429886e-05
1.350074307993054390e-04
1.785714365541934967e-02
9.514747653156518936e-04
3.125000046566128731e-03
1.190476212650537491e-02
7.279610144905745983e-05
5.224660271778702736e-04
9.433962404727935791e-03
1.785714365541934967e-02
8.726003579795360565e-04
4.291845485568046570e-03
1.785714365541934967e-02
3.125000046566128731e-03
2.316423488082364202e-04
9.920635493472218513e-04
6.925207562744617462e-04
4.184100311249494553e-03
4.901961074210703373e-04
1.370989921269938350e-04
3.178639453835785389e-04
1.785714365541934967e-02
3.601008211262524128e-04
3.773869684664532542e-05
7.190106407506391406e-05
1.190476212650537491e-02
3.042287717107683420e-04
2.487562131136655807e-03
1.812250848161056638e-04
2.500000037252902985e-02
4.484304809011518955e-04
8.643042529001832008e-04
2.214201958850026131e-05
1.369863003492355347e-02
3.999999910593032837e-02
1.562500000000000000e-02
1.067235833033919334e-03
4.539264773484319448e-04
1.190476212650537491e-02
1.733102253638207912e-03
1.556178031023591757e-04
5.364806856960058212e-04
5.602241144515573978e-04
1.141552464105188847e-03
1.571832690387964249e-04
5.555555690079927444e-03
1.279099524253979325e-04
1.383872313454048708e-05
1.571832690387964249e-04
3.745318390429019928e-03
1.812250848161056638e-04
1.748251728713512421e-03
3.694126207847148180e-04
5.740527994930744171e-04
9.980039903894066811e-04
1.190476212650537491e-02
5.181347019970417023e-03
3.968254022765904665e-04
2.500000037252902985e-02
1.459427876397967339e-04
1.785714365541934967e-02
1.219512149691581726e-02
8.333333581686019897e-02
3.039513714611530304e-03
3.627130936365574598e-04
5.376344081014394760e-03
6.665333785349503160e-05
5.813953466713428497e-04
2.941176481544971466e-02
3.297065559308975935e-04
6.847439362900331616e-05
3.571428591385483742e-03
3.076923079788684845e-03
1.519756857305765152e-03
1.019367948174476624e-03
4.570592864183709025e-05
1.091822268790565431e-04
4.761904850602149963e-02
2.232142956927418709e-03
7.299270015209913254e-03
1.234567910432815552e-02
2.469135913997888565e-03
1.851851865649223328e-02
3.042287717107683420e-04
4.424778744578361511e-03
1.061345756170339882e-04
1.512859249487519264e-03
1.689189230091869831e-03
1.737015845719724894e-04
7.843137136660516262e-04
3.906250000000000000e-03
1.408450654707849026e-03
1.061345756170339882e-04
1.253761292900890112e-04
9.920635493472218513e-04
1.754386001266539097e-03
1.394700142554938793e-03
8.598452550359070301e-04
7.776049897074699402e-04
9.624639060348272324e-04
3.571428731083869934e-02
1.510117726866155863e-04
1.030927803367376328e-02
1.785714365541934967e-02
1.748251728713512421e-03
1.265822816640138626e-02
1.315789483487606049e-02
1.470588240772485733e-02
5.740527994930744171e-04
2.272727340459823608e-02
2.457002410665154457e-03
1.190476212650537491e-02
1.408450654707849026e-03
1.912045874632894993e-03
1.408450654707849026e-03
5.181347369216382504e-04
1.812250848161056638e-04
1.190476212650537491e-02
1.127014547819271684e-05
5.882352963089942932e-02
1.315789483487606049e-02
3.042287717107683420e-04
2.088991022901609540e-04
3.275466733612120152e-04
8.849557489156723022e-03
2.881844295188784599e-03
3.262429891037754714e-05
7.880220655351877213e-04
1.383125898428261280e-03
1.751927047735080123e-04
1.326787896687164903e-04
1.689189230091869831e-03
3.042287717107683420e-04
3.125000046566128731e-03
2.016128972172737122e-03
1.265822816640138626e-02
1.370989921269938350e-04
7.291286601684987545e-05
3.801269485848024487e-05
1.795332180336117744e-03
5.948839825578033924e-04
1.785714365541934967e-02
3.486750356387346983e-04
1.785714365541934967e-02
2.227171557024121284e-03
4.405286163091659546e-03
1.562500023283064365e-03
1.404494396410882473e-03
1.176470541395246983e-03
9.986019722418859601e-05
7.692307699471712112e-03
5.740527994930744171e-04
2.500000037252902985e-02
1.812250848161056638e-04
8.149959030561149120e-04
4.259905381331918761e-06
3.999999910593032837e-02
1.785714365541934967e-02
2.178649185225367546e-03
9.920635493472218513e-04
2.257846063002943993e-04
1.558117801323533058e-04
1.072501108865253627e-04
1.279099524253979325e-04
3.997121893917210400e-05
1.054296226357109845e-04
2.487562131136655807e-03
1.204819302074611187e-03
2.232142956927418709e-03
4.142502148170024157e-04
1.204819302074611187e-03
3.194888122379779816e-03
2.232142956927418709e-03
1.812250848161056638e-04
1.480384962633252144e-04
2.702702768146991730e-02
1.449275389313697815e-02
1.812250848161056638e-04
4.030632844660431147e-04
3.906250000000000000e-03
3.547357337083667517e-04
2.865329443011432886e-04
1.019367948174476624e-03
1.190476212650537491e-02
4.422234997036866844e-05
1.386904841638170183e-05
1.315789483487606049e-02
2.046663867076858878e-04
4.166666883975267410e-03
2.439024299383163452e-02
6.329114083200693130e-03
1.405876537319272757e-04
4.081632476300001144e-03
7.194244768470525742e-03
4.142502148170024157e-04
1.715854450594633818e-04
2.127659507095813751e-03
2.288853283971548080e-04
1.265822816640138626e-02
3.125000046566128731e-03
1.748251728713512421e-03
1.019367948174476624e-03
4.424778744578361511e-03
7.427213131450116634e-05
4.655493539758026600e-04
1.785714365541934967e-02
1.141552464105188847e-03
1.324503333307802677e-03
1.812250848161056638e-04
1.812250848161056638e-04
1.631773920962586999e-05
5.497526144608855247e-04
1.908396952785551548e-03
3.610108280554413795e-03
1.812250848161056638e-04
2.487562131136655807e-03
1.424907386535778642e-04
1.250000000000000000e-01
7.518797181546688080e-03
3.703703731298446655e-02
8.510638144798576832e-04
2.777777798473834991e-02
9.920635493472218513e-04
1.190476212650537491e-02
2.083333395421504974e-02
1.754078257363289595e-04
1.480384962633252144e-04
6.088650843594223261e-05
1.754078257363289595e-04
1.370989921269938350e-04
8.391302799282129854e-06
3.906250000000000000e-03
1.428571436554193497e-02
3.042287717107683420e-04
1.571832690387964249e-04
1.795332180336117744e-03
8.333333581686019897e-02
8.327088289661332965e-05
1.041666697710752487e-02
4.166666883975267410e-03
2.439024299383163452e-02
1.571832690387964249e-04
1.684068702161312103e-04
4.030632844660431147e-04
1.689189230091869831e-03
4.184100311249494553e-03
3.300330135971307755e-03
6.925207562744617462e-04
4.897159524261951447e-04
1.000000014901161194e-01
1.785714365541934967e-02
2.386634936556220055e-03
3.831417532637715340e-03
1.754078257363289595e-04
9.920635493472218513e-04
3.885003970935940742e-04
5.518154648598283529e-05
1.754078257363289595e-04
7.684563570364844054e-06
2.844950358849018812e-04
3.042287717107683420e-04
4.184100311249494553e-03
1.538461539894342422e-02
7.980845985002815723e-04
7.812500000000000000e-03
2.659574383869767189e-03
1.785714365541934967e-02
1.190476212650537491e-02
2.232142956927418709e-03
1.007333412417210639e-05
3.194888122379779816e-03
8.510638144798576832e-04
1.733102253638207912e-03
1.279099524253979325e-04
6.925207562744617462e-04
1.921598741319030523e-04
4.316298509365878999e-05
3.042287717107683420e-04
2.367984852753579617e-04
6.925207562744617462e-04
8.333333581686019897e-02
9.233610471710562706e-04
2.186748315580189228e-04
1.479727798141539097e-04
5.583472666330635548e-04
7.407407276332378387e-03
4.184100311249494553e-03
3.158559557050466537e-04
2.487562131136655807e-03
3.341129340697079897e-04
3.042287717107683420e-04
1.201923121698200703e-03
1.812250848161056638e-04
8.474576286971569061e-03
2.816108171828091145e-04
1.571832690387964249e-04
6.653359741903841496e-04
1.571832690387964249e-04
6.060605868697166443e-03
1.924557291204109788e-04
3.999999910593032837e-02
8.598452550359070301e-04
1.190476212650537491e-02
1.480384962633252144e-04
1.169864262919872999e-04
5.649717524647712708e-03
1.086956541985273361e-02
4.065371103934012353e-05
4.142502148170024157e-04
2.922267594840377569e-04
3.042287717107683420e-04
1.499250414781272411e-03
1.590836764080449939e-04
1.356852153548970819e-04
9.920635493472218513e-04
7.887679385021328926e-05
6.451612804085016251e-03
1.908396952785551548e-03
9.578543831594288349e-04
1.571832690387964249e-04
3.178639453835785389e-04
3.906250000000000000e-03
4.347826167941093445e-02
3.601008211262524128e-04
1.190476212650537491e-02
8.327088289661332965e-05
1.019367948174476624e-03
9.259259095415472984e-04
1.785714365541934967e-02
8.764241938479244709e-04
2.487562131136655807e-03
4.559963417705148458e-04
1.035196706652641296e-03
1.102535868994891644e-03
1.030927803367376328e-02
2.958579920232295990e-03
1.812250848161056638e-04
1.035196706652641296e-03
3.448275849223136902e-02
3.042287717107683420e-04
1.333333365619182587e-02
8.510638144798576832e-04
8.333333581686019897e-02
5.181347019970417023e-03
7.143877883208915591e-05
3.012048080563545227e-03
5.762028376921080053e-05
1.204819302074611187e-03
3.448275849223136902e-02
6.570302066393196583e-04
6.925207562744617462e-04
9.920635493472218513e-04
1.480384962633252144e-04
4.219409078359603882e-03
2.767017285805195570e-04
4.184100311249494553e-03
4.065371103934012353e-05
4.142502148170024157e-04
1.812250848161056638e-04
1.785714365541934967e-02
3.042287717107683420e-04
1.536334311822429299e-04
5.300259726936928928e-05
6.435006507672369480e-04
1.851851865649223328e-02
1.282051298767328262e-02
4.065371103934012353e-05
1.538461539894342422e-02
1.672800281085073948e-04
1.190476212650537491e-02
8.695652359165251255e-04
1.083423616364598274e-03
9.920635493472218513e-04
4.761904850602149963e-02
3.601008211262524128e-04
1.160766114480793476e-04
3.601008211262524128e-04
1.219512149691581726e-02
9.920635493472218513e-04
4.065371103934012353e-05
1.785714365541934967e-02
1.825483777793124318e-04
3.906250000000000000e-03
1.425618393113836646e-05
5.740527994930744171e-04
1.754385977983474731e-02
4.814636486116796732e-04
1.265822816640138626e-02
1.755309785949066281e-04
3.906250000000000000e-03
4.716981202363967896e-03
1.315789483487606049e-02
3.639010246843099594e-04
4.030632844660431147e-04
1.314060413278639317e-03
3.906250000000000000e-03
1.408450677990913391e-02
1.788908732123672962e-03
4.539264773484319448e-04
4.242681316100060940e-04
8.771929889917373657e-03
5.072794738225638866e-05
3.194888122379779816e-03
4.539264773484319448e-04
1.785714365541934967e-02
1.349527621641755104e-03
3.906250000000000000e-03
1.785714365541934967e-02
9.004141611512750387e-05
3.601008211262524128e-04
1.388888899236917496e-02
1.315789483487606049e-02
3.906250000000000000e-03
3.522367042023688555e-04
4.065371103934012353e-05
4.426737432368099689e-04
1.785714365541934967e-02
4.030632844660431147e-04
2.487562131136655807e-03
1.209189882501959801e-03
1.556178031023591757e-04
1.370989921269938350e-04
3.601008211262524128e-04
1.209189882501959801e-03
7.267441833391785622e-04
9.920635493472218513e-04
1.189060625620186329e-03
9.671180159784853458e-04
1.480384962633252144e-04
1.562500023283064365e-03
3.126954252365976572e-04
1.019367948174476624e-03
4.539264773484319448e-04
1.789869274944067001e-04
3.125000046566128731e-03
1.581027609063312411e-04
1.812250848161056638e-04
1.424501417204737663e-03
8.510638144798576832e-04
9.920635493472218513e-04
3.012048080563545227e-03
4.454342997632920742e-04
3.694126207847148180e-04
6.493506487458944321e-03
1.855631853686645627e-04
5.073566571809351444e-04
1.396843144902959466e-04
8.795074536465108395e-04
3.906250000000000000e-03
7.299270015209913254e-03
1.019367948174476624e-03
1.288659754209220409e-03
3.042287717107683420e-04
3.042287717107683420e-04
8.327088289661332965e-05
1.194743163068778813e-04
4.539264773484319448e-04
3.042287717107683420e-04
1.189060625620186329e-03
2.932551316916942596e-03
1.190476212650537491e-02
1.812250848161056638e-04
1.019367948174476624e-03
1.571832690387964249e-04
5.882352963089942932e-02
3.906250000000000000e-03
1.812250848161056638e-04
8.510638144798576832e-04
4.255319072399288416e-04
1.070893122232519090e-04
7.032349094515666366e-05
4.385964944958686829e-03
5.740527994930744171e-04
4.405286163091659546e-03
1.356852153548970819e-04
3.745318390429019928e-03
4.566209856420755386e-03
3.178639453835785389e-04
2.310536074219271541e-04
1.908396952785551548e-03
1.574803172843530774e-04
7.812500000000000000e-03
1.201923121698200703e-03
9.920635493472218513e-04
2.762431045994162560e-03
9.514747653156518936e-04
1.812250848161056638e-04
4.424778744578361511e-03
1.812250848161056638e-04
6.802720949053764343e-03
4.576659121084958315e-04
6.925207562744617462e-04
3.403676091693341732e-04
1.763668376952409744e-03
1.614465581951662898e-04
1.851851865649223328e-02
2.487562131136655807e-03
3.205128246918320656e-03
1.571832690387964249e-04
3.114294668193906546e-04
4.975124611519277096e-04
2.564102644100785255e-03
1.238390104845166206e-04
1.071811348083429039e-04
2.857142873108386993e-02
2.538071013987064362e-03
2.424242411507293582e-04
5.464481073431670666e-04
4.539264773484319448e-04
1.237623742781579494e-03
1.571832690387964249e-04
1.315789483487606049e-02
5.747126415371894836e-03
3.042287717107683420e-04
1.301236188737675548e-04
1.279099524253979325e-04
1.190476212650537491e-02
2.403846243396401405e-03
1.470588264055550098e-03
2.325581386685371399e-02
4.405286163091659546e-03
1.851851865649223328e-02
3.906250000000000000e-03
6.378771649906411767e-05
1.141552464105188847e-03
1.075384425348602235e-04
5.181347019970417023e-03
4.597701190505176783e-04
1.399580069119110703e-04
2.325581386685371399e-02
1.246727333636954427e-04
9.920635493472218513e-04
8.598452550359070301e-04
1.190476212650537491e-02
3.225806355476379395e-02
1.795332180336117744e-03
6.341154221445322037e-04
3.042287717107683420e-04
1.237623742781579494e-03
2.173913083970546722e-02
9.203018271364271641e-05
9.000900317914783955e-04
1.304291072301566601e-04
9.041591547429561615e-04
1.772421092027798295e-04
2.183406148105859756e-03
1.219512149691581726e-02
1.925298420246690512e-04
5.405405536293983459e-03
1.635055523365736008e-04
1.408450654707849026e-03
6.803184078307822347e-05
5.714285653084516525e-03
6.756756920367479324e-04
4.224899839755380526e-06
5.773672019131481647e-04
7.044734229566529393e-05
2.100399142364040017e-04
3.042287717107683420e-04
3.448275849223136902e-02
5.740527994930744171e-04
1.250000000000000000e-01
1.689189230091869831e-03
5.586592014878988266e-04
1.189060625620186329e-03
1.370989921269938350e-04
3.601008211262524128e-04
3.042287717107683420e-04
4.977600765414535999e-04
3.773584961891174316e-03
8.695651777088642120e-03
1.030927803367376328e-02
1.812250848161056638e-04
5.181347019970417023e-03
4.936321420245803893e-05
8.264462463557720184e-03
1.019367948174476624e-03
4.863813228439539671e-04
1.571832690387964249e-04
4.251700593158602715e-04
3.012048080563545227e-03
3.559985780157148838e-04
1.369863003492355347e-02
9.920635493472218513e-04
1.370989921269938350e-04
8.598452550359070301e-04
1.158748564193956554e-04
1.851851865649223328e-02
5.685048527084290981e-04
4.142502148170024157e-04
2.127659507095813751e-03
6.207324913702905178e-04
1.785714365541934967e-02
3.194888122379779816e-03
1.658374792896211147e-03
3.125976945739239454e-04
1.265822816640138626e-02
9.615384973585605621e-03
1.812250848161056638e-04
1.189060625620186329e-03
3.125976945739239454e-04
8.598452550359070301e-04
1.250000000000000000e-01
1.356852153548970819e-04
5.740527994930744171e-04
1.019367948174476624e-03
9.000900317914783955e-04
7.518797181546688080e-03
6.925207562744617462e-04
3.663003677502274513e-03
8.474576286971569061e-03
1.265822816640138626e-02
2.070393413305282593e-03
1.112718382501043379e-04
8.510638144798576832e-04
1.733102253638207912e-03
7.883948273956775665e-05
4.000000189989805222e-03
2.812939637806266546e-04
4.911591531708836555e-04
1.355674885417101905e-05
3.639010246843099594e-04
1.000000000000000000e+00
4.403346683830022812e-04
4.592422556015662849e-05
2.100840443745255470e-03
3.601008211262524128e-04
1.851851865649223328e-02
1.754078257363289595e-04
3.731343196704983711e-03
1.061345756170339882e-04
2.631578966975212097e-02
6.763154669897630811e-05
6.925207562744617462e-04
1.571832690387964249e-04
1.282051298767328262e-02
1.271779183298349380e-04
1.655629137530922890e-03
1.190476212650537491e-02
7.538635691162198782e-05
2.272727340459823608e-02
2.087682718411087990e-03
4.029008850920945406e-04
6.787944585084915161e-05
