9.979274868965148926e-01
9.953064322471618652e-01
9.831102490425109863e-01
9.936730861663818359e-01
9.993654489517211914e-01
9.932812452316284180e-01
9.983679652214050293e-01
9.988443255424499512e-01
9.988191127777099609e-01
9.972078204154968262e-01
9.929984807968139648e-01
9.900379776954650879e-01
9.915001988410949707e-01
9.927679896354675293e-01
9.961715936660766602e-01
9.956724047660827637e-01
9.931292533874511719e-01
9.991623759269714355e-01
9.963792562484741211e-01
9.881117343902587891e-01
9.994778037071228027e-01
9.999738335609436035e-01
9.981026649475097656e-01
9.953055381774902344e-01
9.979417920112609863e-01
9.994316697120666504e-01
9.988340735435485840e-01
9.998684525489807129e-01
9.966447353363037109e-01
9.844586253166198730e-01
9.648942947387695312e-01
9.875714182853698730e-01
9.875809550285339355e-01
9.988756179809570312e-01
9.980454444885253906e-01
9.984713792800903320e-01
9.991911053657531738e-01
9.996672868728637695e-01
9.977005124092102051e-01
9.960108995437622070e-01
9.984751343727111816e-01
9.950641393661499023e-01
9.950408935546875000e-01
9.983461499214172363e-01
9.999181032180786133e-01
9.998458623886108398e-01
9.961867332458496094e-01
9.995108842849731445e-01
9.994717240333557129e-01
9.984539151191711426e-01
9.976496100425720215e-01
9.921802282333374023e-01
9.724602103233337402e-01
9.967832565307617188e-01
9.963185191154479980e-01
9.900366067886352539e-01
9.953217506408691406e-01
9.991918802261352539e-01
9.944972991943359375e-01
9.947161674499511719e-01
9.981414079666137695e-01
9.987326860427856445e-01
9.960089921951293945e-01
9.964612126350402832e-01
9.955354332923889160e-01
9.963715672492980957e-01
9.947636723518371582e-01
9.949648976325988770e-01
9.960408210754394531e-01
9.975211024284362793e-01
9.924551844596862793e-01
9.979693293571472168e-01
9.952311515808105469e-01
9.954762458801269531e-01
9.976103305816650391e-01
9.988648891448974609e-01
9.983963370323181152e-01
9.902297258377075195e-01
9.999758601188659668e-01
9.994544982910156250e-01
9.966237545013427734e-01
9.983471035957336426e-01
9.996420741081237793e-01
9.939951896667480469e-01
9.997799992561340332e-01
9.971692562103271484e-01
9.964891672134399414e-01
9.720714092254638672e-01
9.984039664268493652e-01
9.942103624343872070e-01
9.984954595565795898e-01
9.968343973159790039e-01
9.977183938026428223e-01
9.972037672996520996e-01
9.990085363388061523e-01
9.997966885566711426e-01
9.982975125312805176e-01
9.981974959373474121e-01
9.981709718704223633e-01
9.986843466758728027e-01
9.984314441680908203e-01
9.947378635406494141e-01
9.988712072372436523e-01
9.944816827774047852e-01
9.870268702507019043e-01
9.920300841331481934e-01
9.980146884918212891e-01
9.985872507095336914e-01
9.987218976020812988e-01
9.979105591773986816e-01
9.959260821342468262e-01
9.987798929214477539e-01
9.914159178733825684e-01
9.982330799102783203e-01
9.960877895355224609e-01
9.955806732177734375e-01
9.942395687103271484e-01
9.990666508674621582e-01
9.998235702514648438e-01
9.928500056266784668e-01
9.969376325607299805e-01
9.933931827545166016e-01
9.792930483818054199e-01
9.957804083824157715e-01
9.940576553344726562e-01
9.970269799232482910e-01
9.968217015266418457e-01
9.990666508674621582e-01
9.965434670448303223e-01
9.884235262870788574e-01
9.885785579681396484e-01
9.991698861122131348e-01
9.973688721656799316e-01
9.995486736297607422e-01
9.965617060661315918e-01
9.978513121604919434e-01
9.882574677467346191e-01
9.944795370101928711e-01
9.969845414161682129e-01
9.947955608367919922e-01
9.942277669906616211e-01
9.990052580833435059e-01
9.806329607963562012e-01
9.981138110160827637e-01
9.975024461746215820e-01
9.991739392280578613e-01
9.833524823188781738e-01
9.765193462371826172e-01
9.855723977088928223e-01
9.987199306488037109e-01
9.985991716384887695e-01
9.990317821502685547e-01
9.972690939903259277e-01
9.970505237579345703e-01
9.939283728599548340e-01
9.983319044113159180e-01
9.907405972480773926e-01
9.668574333190917969e-01
9.933988451957702637e-01
9.797661900520324707e-01
9.991691708564758301e-01
9.986441135406494141e-01
9.932407736778259277e-01
9.988752603530883789e-01
9.995756149291992188e-01
9.980154037475585938e-01
9.863898158073425293e-01
9.934188127517700195e-01
9.977122545242309570e-01
9.969891309738159180e-01
9.843115806579589844e-01
9.984610676765441895e-01
9.925398230552673340e-01
9.992706775665283203e-01
9.950794577598571777e-01
9.982542395591735840e-01
9.997249841690063477e-01
9.986850619316101074e-01
9.980580210685729980e-01
9.990985989570617676e-01
9.971042275428771973e-01
9.989324808120727539e-01
9.986687302589416504e-01
9.952712059020996094e-01
9.981481432914733887e-01
9.973577857017517090e-01
9.985291361808776855e-01
9.980824589729309082e-01
9.996804594993591309e-01
9.988574385643005371e-01
9.962632060050964355e-01
9.991059303283691406e-01
9.973749518394470215e-01
9.935211539268493652e-01
9.998458027839660645e-01
9.947059750556945801e-01
9.973730444908142090e-01
9.868286252021789551e-01
9.915404915809631348e-01
9.995345473289489746e-01
9.980847835540771484e-01
9.994431138038635254e-01
9.903085827827453613e-01
9.990601539611816406e-01
9.959946870803833008e-01
9.998691678047180176e-01
9.996326565742492676e-01
9.895381331443786621e-01
9.932276010513305664e-01
9.999256134033203125e-01
9.985905885696411133e-01
9.979987740516662598e-01
9.986740946769714355e-01
9.958904981613159180e-01
9.987592101097106934e-01
9.957842230796813965e-01
9.999684095382690430e-01
9.999026060104370117e-01
9.974715709686279297e-01
9.991580247879028320e-01
9.989020824432373047e-01
9.963890314102172852e-01
9.973998069763183594e-01
9.989759922027587891e-01
9.965262413024902344e-01
9.976942539215087891e-01
9.946334958076477051e-01
9.992522597312927246e-01
9.982213377952575684e-01
9.989427328109741211e-01
9.958727359771728516e-01
9.982331395149230957e-01
9.997475743293762207e-01
9.959354996681213379e-01
9.841772317886352539e-01
9.950849413871765137e-01
9.914581775665283203e-01
9.974650740623474121e-01
9.995580315589904785e-01
9.956099987030029297e-01
9.962612986564636230e-01
9.983335733413696289e-01
9.978796243667602539e-01
9.997645616531372070e-01
9.979179501533508301e-01
9.988209605216979980e-01
9.986683726310729980e-01
9.946609139442443848e-01
9.954115152359008789e-01
9.982398748397827148e-01
9.972739219665527344e-01
9.999873042106628418e-01
9.977086782455444336e-01
9.991729855537414551e-01
9.960976243019104004e-01
9.924240112304687500e-01
9.946892261505126953e-01
9.990128278732299805e-01
9.972867369651794434e-01
9.977300167083740234e-01
9.889371991157531738e-01
9.992605447769165039e-01
9.940843582153320312e-01
9.955200552940368652e-01
9.987041950225830078e-01
9.890881180763244629e-01
9.987769722938537598e-01
9.918584823608398438e-01
9.973815679550170898e-01
9.951254725456237793e-01
9.995053410530090332e-01
9.823276400566101074e-01
9.928608536720275879e-01
9.973543882369995117e-01
9.999235272407531738e-01
9.959553480148315430e-01
9.749722480773925781e-01
9.983344674110412598e-01
9.903921484947204590e-01
9.988958239555358887e-01
9.976721405982971191e-01
9.975312948226928711e-01
9.981442093849182129e-01
9.972662329673767090e-01
9.938395619392395020e-01
9.982519149780273438e-01
9.992617368698120117e-01
9.974623918533325195e-01
9.957479238510131836e-01
9.902971386909484863e-01
9.953501820564270020e-01
9.923795461654663086e-01
9.957463145256042480e-01
9.996156096458435059e-01
9.950161576271057129e-01
9.995126724243164062e-01
9.981650114059448242e-01
9.988194108009338379e-01
9.957323074340820312e-01
9.889048933982849121e-01
9.990448355674743652e-01
9.967711567878723145e-01
9.921303391456604004e-01
9.928137660026550293e-01
9.981328845024108887e-01
9.975755810737609863e-01
9.978162050247192383e-01
9.989632368087768555e-01
9.937721490859985352e-01
9.952641725540161133e-01
9.996259212493896484e-01
9.730498790740966797e-01
9.922497272491455078e-01
9.980798363685607910e-01
9.984575510025024414e-01
9.974753260612487793e-01
9.992125034332275391e-01
9.986070394515991211e-01
9.983789920806884766e-01
9.999870657920837402e-01
9.872115850448608398e-01
9.958038330078125000e-01
9.991095662117004395e-01
9.967671036720275879e-01
9.927257299423217773e-01
9.998344182968139648e-01
9.957899451255798340e-01
9.995068907737731934e-01
9.916862249374389648e-01
9.973809123039245605e-01
9.951600432395935059e-01
9.906238317489624023e-01
9.901559352874755859e-01
9.962815642356872559e-01
9.961712956428527832e-01
9.988751411437988281e-01
9.888674020767211914e-01
9.970973730087280273e-01
9.936569929122924805e-01
9.979318380355834961e-01
9.984846711158752441e-01
9.965100288391113281e-01
9.968313574790954590e-01
9.775187373161315918e-01
9.954727888107299805e-01
9.996390938758850098e-01
9.908832311630249023e-01
9.944983720779418945e-01
9.988337755203247070e-01
9.963763952255249023e-01
9.989724755287170410e-01
9.994897842407226562e-01
9.978213906288146973e-01
9.977110624313354492e-01
9.873723983764648438e-01
9.987167119979858398e-01
9.977527260780334473e-01
9.915993809700012207e-01
9.974690675735473633e-01
9.973629713058471680e-01
9.981135129928588867e-01
9.965655207633972168e-01
9.946181178092956543e-01
9.964839220046997070e-01
9.989460706710815430e-01
9.991554021835327148e-01
9.989101290702819824e-01
9.983602166175842285e-01
9.951494336128234863e-01
9.969155192375183105e-01
9.991302490234375000e-01
9.918442368507385254e-01
9.999895095825195312e-01
9.988533258438110352e-01
9.936567544937133789e-01
9.985151886940002441e-01
9.949454069137573242e-01
9.975843429565429688e-01
9.929386377334594727e-01
9.922749996185302734e-01
9.910992980003356934e-01
9.927186369895935059e-01
9.975786805152893066e-01
9.982349276542663574e-01
9.991557598114013672e-01
9.935625791549682617e-01
9.952576160430908203e-01
9.538779854774475098e-01
9.955494999885559082e-01
9.932340979576110840e-01
9.991986155509948730e-01
9.948375225067138672e-01
9.992802143096923828e-01
9.952621459960937500e-01
9.966369867324829102e-01
9.987874627113342285e-01
9.970317482948303223e-01
9.974079728126525879e-01
9.946693181991577148e-01
9.984242320060729980e-01
9.980885982513427734e-01
9.968694448471069336e-01
9.981188178062438965e-01
9.951449036598205566e-01
9.927424788475036621e-01
9.940081238746643066e-01
9.981604814529418945e-01
9.986007809638977051e-01
9.971595406532287598e-01
9.791784286499023438e-01
9.937931895256042480e-01
9.922190904617309570e-01
9.993057847023010254e-01
9.933382272720336914e-01
9.959344267845153809e-01
9.946818351745605469e-01
9.899725317955017090e-01
9.967241287231445312e-01
9.941434860229492188e-01
9.952656626701354980e-01
9.935464859008789062e-01
9.986868500709533691e-01
9.964793324470520020e-01
9.977380037307739258e-01
9.978355169296264648e-01
9.985583424568176270e-01
9.967113137245178223e-01
9.963526129722595215e-01
9.989722371101379395e-01
9.976556897163391113e-01
9.952099919319152832e-01
9.981861114501953125e-01
9.957655668258666992e-01
9.711499810218811035e-01
9.988923668861389160e-01
9.963768720626831055e-01
9.952684640884399414e-01
9.994905591011047363e-01
9.997092485427856445e-01
9.969851374626159668e-01
9.838568568229675293e-01
9.975075721740722656e-01
9.989928603172302246e-01
9.961507916450500488e-01
9.938647747039794922e-01
9.962983131408691406e-01
9.955348372459411621e-01
9.950399398803710938e-01
9.962429404258728027e-01
9.961938261985778809e-01
9.949440360069274902e-01
9.994986653327941895e-01
9.980803132057189941e-01
9.991679787635803223e-01
9.997503757476806641e-01
9.979428648948669434e-01
9.971964359283447266e-01
9.968367815017700195e-01
9.959337711334228516e-01
9.999887943267822266e-01
9.980130195617675781e-01
9.999204277992248535e-01
9.993660449981689453e-01
9.899993538856506348e-01
9.989066720008850098e-01
9.933005571365356445e-01
9.978585243225097656e-01
9.972222447395324707e-01
9.996218681335449219e-01
9.959534406661987305e-01
9.998388290405273438e-01
9.972323179244995117e-01
9.985714554786682129e-01
9.948080778121948242e-01
9.991059303283691406e-01
9.979611635208129883e-01
9.986185431480407715e-01
9.989098310470581055e-01
9.946996569633483887e-01
9.965595006942749023e-01
9.973696470260620117e-01
9.987277984619140625e-01
9.989895820617675781e-01
9.994214177131652832e-01
9.991826415061950684e-01
9.977949261665344238e-01
9.978419542312622070e-01
9.829612374305725098e-01
9.912607073783874512e-01
9.993474483489990234e-01
9.997695684432983398e-01
9.999154806137084961e-01
9.932534694671630859e-01
9.977762699127197266e-01
9.988304376602172852e-01
9.965751767158508301e-01
9.986820816993713379e-01
9.968986511230468750e-01
9.964768290519714355e-01
9.946771264076232910e-01
9.987661242485046387e-01
9.972776770591735840e-01
9.968897104263305664e-01
9.991793632507324219e-01
9.991106986999511719e-01
9.959791898727416992e-01
9.979088902473449707e-01
9.962664246559143066e-01
9.907727837562561035e-01
9.967834353446960449e-01
9.947158098220825195e-01
9.908561706542968750e-01
9.976177215576171875e-01
9.980846643447875977e-01
9.967080950736999512e-01
9.729714393615722656e-01
9.988267421722412109e-01
9.991591572761535645e-01
9.999200105667114258e-01
9.787910580635070801e-01
9.994723200798034668e-01
9.969465136528015137e-01
9.990995526313781738e-01
9.975602030754089355e-01
9.958783388137817383e-01
9.822246432304382324e-01
9.694278240203857422e-01
9.996683597564697266e-01
9.983018040657043457e-01
9.990887045860290527e-01
9.988734126091003418e-01
9.986070394515991211e-01
9.900970458984375000e-01
9.966449141502380371e-01
9.940955042839050293e-01
9.959777593612670898e-01
9.981910586357116699e-01
9.697317481040954590e-01
9.960027933120727539e-01
9.966056942939758301e-01
9.986124634742736816e-01
9.980328083038330078e-01
9.944511055946350098e-01
9.992713332176208496e-01
9.994217157363891602e-01
9.995676875114440918e-01
9.996244907379150391e-01
9.967041015625000000e-01
9.987748861312866211e-01
9.958482384681701660e-01
9.962047934532165527e-01
9.981773495674133301e-01
9.986305832862854004e-01
9.983384013175964355e-01
9.986925125122070312e-01
9.948318004608154297e-01
9.959665536880493164e-01
9.990684390068054199e-01
9.987291097640991211e-01
9.904825091361999512e-01
9.992258548736572266e-01
9.959635138511657715e-01
9.994546175003051758e-01
9.980842471122741699e-01
9.998618364334106445e-01
9.972741007804870605e-01
9.926009774208068848e-01
9.983327984809875488e-01
9.966596961021423340e-01
9.905312061309814453e-01
9.952908754348754883e-01
9.925349950790405273e-01
9.975826144218444824e-01
9.995304346084594727e-01
9.858620762825012207e-01
9.990493059158325195e-01
9.983123540878295898e-01
9.908309578895568848e-01
9.929934740066528320e-01
9.863645434379577637e-01
9.947521090507507324e-01
9.963496923446655273e-01
9.913487434387207031e-01
9.939520955085754395e-01
9.914863705635070801e-01
9.908574223518371582e-01
9.975375533103942871e-01
9.954640269279479980e-01
9.992439150810241699e-01
9.990105628967285156e-01
9.982387423515319824e-01
9.990405440330505371e-01
9.964025020599365234e-01
9.979397058486938477e-01
9.904835820198059082e-01
9.981040954589843750e-01
9.943244457244873047e-01
9.976749420166015625e-01
9.987600445747375488e-01
9.950879216194152832e-01
9.993625283241271973e-01
9.980692863464355469e-01
9.958979487419128418e-01
9.967999458312988281e-01
9.993000030517578125e-01
9.955739974975585938e-01
9.925560355186462402e-01
9.884858727455139160e-01
9.994841217994689941e-01
9.974498748779296875e-01
9.974089264869689941e-01
9.966556429862976074e-01
9.988202452659606934e-01
9.988944530487060547e-01
9.979452490806579590e-01
9.975286126136779785e-01
9.972319006919860840e-01
9.960473179817199707e-01
9.917513728141784668e-01
9.976667761802673340e-01
9.928599596023559570e-01
9.967156052589416504e-01
9.834889769554138184e-01
9.987523555755615234e-01
9.786565303802490234e-01
9.969058036804199219e-01
9.958308935165405273e-01
9.968839883804321289e-01
9.960899949073791504e-01
9.960805177688598633e-01
9.941379427909851074e-01
9.894521236419677734e-01
9.996364116668701172e-01
9.978417754173278809e-01
9.889529347419738770e-01
9.993183016777038574e-01
9.992004036903381348e-01
9.991178512573242188e-01
9.981219172477722168e-01
9.971535205841064453e-01
9.965092539787292480e-01
9.934731721878051758e-01
9.995971322059631348e-01
9.978604912757873535e-01
9.967032670974731445e-01
9.958227872848510742e-01
9.933707118034362793e-01
9.955880045890808105e-01
9.534223675727844238e-01
9.995053410530090332e-01
9.983676075935363770e-01
9.971301555633544922e-01
9.973723888397216797e-01
9.965663552284240723e-01
9.972742795944213867e-01
9.978753328323364258e-01
9.994593262672424316e-01
9.975583553314208984e-01
9.959476590156555176e-01
9.987339973449707031e-01
9.998654723167419434e-01
9.984647631645202637e-01
9.998401999473571777e-01
9.877974987030029297e-01
9.981716275215148926e-01
9.920620322227478027e-01
9.992899298667907715e-01
9.978407025337219238e-01
9.965774416923522949e-01
9.989973902702331543e-01
9.932820796966552734e-01
9.952602386474609375e-01
9.992263913154602051e-01
9.948487877845764160e-01
9.985624551773071289e-01
9.967849254608154297e-01
9.992595314979553223e-01
9.940987825393676758e-01
9.979902505874633789e-01
9.996845722198486328e-01
9.946227669715881348e-01
9.994238018989562988e-01
9.693598747253417969e-01
9.958255290985107422e-01
9.994743466377258301e-01
9.995211958885192871e-01
9.955924153327941895e-01
9.987317323684692383e-01
9.953256249427795410e-01
9.963141679763793945e-01
9.965772628784179688e-01
9.977045059204101562e-01
9.986829757690429688e-01
9.988792538642883301e-01
9.980947375297546387e-01
9.973950386047363281e-01
9.912918806076049805e-01
9.989656805992126465e-01
9.973071813583374023e-01
9.962686896324157715e-01
9.983084797859191895e-01
9.971282482147216797e-01
9.992963075637817383e-01
9.989273548126220703e-01
9.969128966331481934e-01
9.962120652198791504e-01
9.991201162338256836e-01
9.997768998146057129e-01
9.955908656120300293e-01
9.953100085258483887e-01
9.963230490684509277e-01
9.952938556671142578e-01
9.989103078842163086e-01
9.983524084091186523e-01
9.976509213447570801e-01
9.979196190834045410e-01
9.981918334960937500e-01
9.971497058868408203e-01
9.966335296630859375e-01
9.982038736343383789e-01
9.985564947128295898e-01
9.981042146682739258e-01
9.954181313514709473e-01
9.909358620643615723e-01
9.964227080345153809e-01
9.989303350448608398e-01
9.929754137992858887e-01
9.943798780441284180e-01
9.990212917327880859e-01
9.963731765747070312e-01
9.972666501998901367e-01
9.892435073852539062e-01
9.933790564537048340e-01
9.956714510917663574e-01
9.992266893386840820e-01
9.972130656242370605e-01
9.994164109230041504e-01
9.984357953071594238e-01
9.962061643600463867e-01
9.985856413841247559e-01
9.991552829742431641e-01
9.945049285888671875e-01
9.906963706016540527e-01
9.997116327285766602e-01
9.999279975891113281e-01
9.953553676605224609e-01
9.997851252555847168e-01
9.994411468505859375e-01
9.923059344291687012e-01
9.956116676330566406e-01
9.978412985801696777e-01
9.975115060806274414e-01
9.947081208229064941e-01
9.872152805328369141e-01
9.928821921348571777e-01
9.964340329170227051e-01
9.970590472221374512e-01
9.999673366546630859e-01
9.993909597396850586e-01
9.920834302902221680e-01
9.983289241790771484e-01
9.939643740653991699e-01
9.962092041969299316e-01
9.991520047187805176e-01
9.986365437507629395e-01
9.975301027297973633e-01
9.977460503578186035e-01
9.909422993659973145e-01
9.939694404602050781e-01
9.959911704063415527e-01
9.925163388252258301e-01
9.954526424407958984e-01
9.946939349174499512e-01
9.945415854454040527e-01
9.959765672683715820e-01
9.963960051536560059e-01
9.949875473976135254e-01
9.922866821289062500e-01
9.956065416336059570e-01
9.987060427665710449e-01
9.994653463363647461e-01
9.750338792800903320e-01
9.992551803588867188e-01
9.960976839065551758e-01
9.946646690368652344e-01
9.979236721992492676e-01
9.986525774002075195e-01
9.931352734565734863e-01
9.986085891723632812e-01
9.984257817268371582e-01
9.994735121726989746e-01
9.976700544357299805e-01
9.988171458244323730e-01
9.988243579864501953e-01
9.953503012657165527e-01
9.992568492889404297e-01
9.949704408645629883e-01
9.980061054229736328e-01
9.997345209121704102e-01
9.949778318405151367e-01
9.992599487304687500e-01
9.972684383392333984e-01
9.964828491210937500e-01
9.973966479301452637e-01
9.980142712593078613e-01
9.987789988517761230e-01
9.967191815376281738e-01
9.965786337852478027e-01
9.965906143188476562e-01
9.990516901016235352e-01
9.959651827812194824e-01
9.997641444206237793e-01
9.964575171470642090e-01
9.962329268455505371e-01
9.971393942832946777e-01
9.991666078567504883e-01
9.900406002998352051e-01
9.947075843811035156e-01
9.973878264427185059e-01
9.761828184127807617e-01
9.984790682792663574e-01
9.953861236572265625e-01
9.950154423713684082e-01
9.968334436416625977e-01
9.880946278572082520e-01
9.967712163925170898e-01
9.987919926643371582e-01
9.965454936027526855e-01
9.997704625129699707e-01
9.871439933776855469e-01
9.961839914321899414e-01
9.920742511749267578e-01
9.966602325439453125e-01
9.881339669227600098e-01
9.993700385093688965e-01
9.958344697952270508e-01
9.984930753707885742e-01
9.907538890838623047e-01
9.964588880538940430e-01
9.971601963043212891e-01
9.995775222778320312e-01
9.995355606079101562e-01
9.939739704132080078e-01
9.993870258331298828e-01
9.946900606155395508e-01
9.998176097869873047e-01
9.954229593276977539e-01
9.966816902160644531e-01
9.977740645408630371e-01
9.950556755065917969e-01
9.968318343162536621e-01
9.999394416809082031e-01
9.939411878585815430e-01
9.975857734680175781e-01
9.990811944007873535e-01
9.986004233360290527e-01
9.974918365478515625e-01
9.962561726570129395e-01
9.924897551536560059e-01
9.972811341285705566e-01
9.988991618156433105e-01
9.984651207923889160e-01
9.986934661865234375e-01
9.985627532005310059e-01
9.944747090339660645e-01
9.990715980529785156e-01
9.987159967422485352e-01
9.957824349403381348e-01
9.922548532485961914e-01
9.971679449081420898e-01
9.966853260993957520e-01
9.951032996177673340e-01
9.970894455909729004e-01
9.992831945419311523e-01
9.980068206787109375e-01
9.587078094482421875e-01
9.947639107704162598e-01
9.993693828582763672e-01
9.921005368232727051e-01
9.992586970329284668e-01
9.981304407119750977e-01
9.974150657653808594e-01
9.961516857147216797e-01
9.998769760131835938e-01
9.976731538772583008e-01
9.999672770500183105e-01
9.967879652976989746e-01
9.979647397994995117e-01
9.969421029090881348e-01
9.934536218643188477e-01
9.931669831275939941e-01
9.927999973297119141e-01
9.986108541488647461e-01
9.990098476409912109e-01
9.973800778388977051e-01
9.967401027679443359e-01
9.866790771484375000e-01
9.961244463920593262e-01
9.955004453659057617e-01
9.995375871658325195e-01
9.926831126213073730e-01
9.984977245330810547e-01
9.885680675506591797e-01
9.981706142425537109e-01
9.971784949302673340e-01
9.988664984703063965e-01
9.987263083457946777e-01
9.959909319877624512e-01
9.984542131423950195e-01
9.961196184158325195e-01
9.992464780807495117e-01
9.986408948898315430e-01
9.980065226554870605e-01
9.988223314285278320e-01
9.990178942680358887e-01
9.992562532424926758e-01
9.992417693138122559e-01
9.955595135688781738e-01
9.846389889717102051e-01
9.896702766418457031e-01
9.903323650360107422e-01
9.924500584602355957e-01
9.911906123161315918e-01
9.983452558517456055e-01
9.989210367202758789e-01
9.965054392814636230e-01
9.965431690216064453e-01
9.980037212371826172e-01
9.965946078300476074e-01
9.976710081100463867e-01
9.995905756950378418e-01
9.946426749229431152e-01
9.990244507789611816e-01
9.999181628227233887e-01
9.919705986976623535e-01
9.956802725791931152e-01
9.956613779067993164e-01
9.970712065696716309e-01
9.962065219879150391e-01
9.969081878662109375e-01
9.961405396461486816e-01
9.974729418754577637e-01
9.918574690818786621e-01
9.990339279174804688e-01
9.981704354286193848e-01
9.970941543579101562e-01
9.931392073631286621e-01
9.898692369461059570e-01
9.957350492477416992e-01
9.916831851005554199e-01
9.927545785903930664e-01
9.997189640998840332e-01
9.985288381576538086e-01
9.993431568145751953e-01
9.992331266403198242e-01
9.989282488822937012e-01
9.951565861701965332e-01
9.984528422355651855e-01
9.949930906295776367e-01
9.985871315002441406e-01
9.979176521301269531e-01
9.965115785598754883e-01
9.979731440544128418e-01
9.891354441642761230e-01
9.975420832633972168e-01
9.969797730445861816e-01
9.991340637207031250e-01
9.955326318740844727e-01
9.992191791534423828e-01
9.960738420486450195e-01
9.984647035598754883e-01
9.916304349899291992e-01
9.987767338752746582e-01
9.904945492744445801e-01
9.979029297828674316e-01
9.992086291313171387e-01
9.840856790542602539e-01
9.981386661529541016e-01
9.977521300315856934e-01
9.649214148521423340e-01
9.945876598358154297e-01
9.992129802703857422e-01
9.971650838851928711e-01
9.970217347145080566e-01
9.963021278381347656e-01
9.980116486549377441e-01
9.769638776779174805e-01
9.955517649650573730e-01
9.960970282554626465e-01
9.987252950668334961e-01
9.971917271614074707e-01
9.985285997390747070e-01
9.838339090347290039e-01
9.992552399635314941e-01
9.993228316307067871e-01
9.995576739311218262e-01
9.981955289840698242e-01
9.953012466430664062e-01
9.838262200355529785e-01
9.987172484397888184e-01
9.975275397300720215e-01
9.988891482353210449e-01
9.880015850067138672e-01
9.973374605178833008e-01
9.901919364929199219e-01
9.989978075027465820e-01
9.994469285011291504e-01
9.967904090881347656e-01
9.932153820991516113e-01
9.972109794616699219e-01
9.947595000267028809e-01
9.980159997940063477e-01
9.968906044960021973e-01
9.993025660514831543e-01
9.984397888183593750e-01
9.821844100952148438e-01
9.969005584716796875e-01
9.978807568550109863e-01
9.887440800666809082e-01
9.963839650154113770e-01
9.941031932830810547e-01
9.974632859230041504e-01
9.876655936241149902e-01
9.879998564720153809e-01
9.989494681358337402e-01
9.990481734275817871e-01
9.949197173118591309e-01
9.956471323966979980e-01
9.954456090927124023e-01
9.990307092666625977e-01
9.950342178344726562e-01
9.976266026496887207e-01
9.948305487632751465e-01
9.880769252777099609e-01
9.989249110221862793e-01
9.979681372642517090e-01
9.989302158355712891e-01
9.993553161621093750e-01
9.985346198081970215e-01
9.990586638450622559e-01
9.985052347183227539e-01
9.995370507240295410e-01
9.877293705940246582e-01
9.992337226867675781e-01
9.825128912925720215e-01
9.977577328681945801e-01
9.972950816154479980e-01
9.993494153022766113e-01
9.976662397384643555e-01
9.975769519805908203e-01
9.995424747467041016e-01
9.962651729583740234e-01
9.961426854133605957e-01
9.955179691314697266e-01
9.980323314666748047e-01
9.957366585731506348e-01
9.745072126388549805e-01
9.862121939659118652e-01
9.972417354583740234e-01
9.994315505027770996e-01
9.983540773391723633e-01
9.916941523551940918e-01
9.969875216484069824e-01
9.979934096336364746e-01
9.981793165206909180e-01
9.974271655082702637e-01
9.983719587326049805e-01
9.912883043289184570e-01
9.973706007003784180e-01
9.980831742286682129e-01
9.977610707283020020e-01
9.927251935005187988e-01
9.966524839401245117e-01
9.946305155754089355e-01
9.993072748184204102e-01
9.829743504524230957e-01
9.988859295845031738e-01
9.971811771392822266e-01
9.880313277244567871e-01
9.996287822723388672e-01
9.972649216651916504e-01
9.993320107460021973e-01
9.980320334434509277e-01
9.987561106681823730e-01
9.974051117897033691e-01
9.934447407722473145e-01
9.978433251380920410e-01
9.974271059036254883e-01
9.978305697441101074e-01
9.976255297660827637e-01
9.950905442237854004e-01
9.981638789176940918e-01
9.977252483367919922e-01
9.796370863914489746e-01
9.979497194290161133e-01
9.928448200225830078e-01
9.914131164550781250e-01
9.931716322898864746e-01
9.979214072227478027e-01
9.961928129196166992e-01
9.963933229446411133e-01
9.898098111152648926e-01
9.983092546463012695e-01
9.999091625213623047e-01
9.984652400016784668e-01
9.994060397148132324e-01
9.981342554092407227e-01
9.994468092918395996e-01
9.753623008728027344e-01
9.972695112228393555e-01
9.977108836174011230e-01
9.981408119201660156e-01
9.999354481697082520e-01
9.936831593513488770e-01
9.965682625770568848e-01
9.992003440856933594e-01
9.987865090370178223e-01
9.964793920516967773e-01
9.942240118980407715e-01
9.909684062004089355e-01
9.961045384407043457e-01
9.990042448043823242e-01
9.965669512748718262e-01
9.924538135528564453e-01
9.994013309478759766e-01
9.788585305213928223e-01
9.949308633804321289e-01
9.958553314208984375e-01
9.984006881713867188e-01
9.839786291122436523e-01
9.962862730026245117e-01
9.997091889381408691e-01
9.741138815879821777e-01
9.822292327880859375e-01
9.975599646568298340e-01
9.990431666374206543e-01
9.987336397171020508e-01
9.986383318901062012e-01
9.966760277748107910e-01
9.897581934928894043e-01
9.994642138481140137e-01
9.986764788627624512e-01
9.949866533279418945e-01
9.958388209342956543e-01
9.949642419815063477e-01
9.986821413040161133e-01
9.998751878738403320e-01
9.955260157585144043e-01
9.953418970108032227e-01
9.984343647956848145e-01
9.989404678344726562e-01
9.932491183280944824e-01
9.991639852523803711e-01
9.997856020927429199e-01
9.992079138755798340e-01
9.901954531669616699e-01
9.928277730941772461e-01
9.982842206954956055e-01
9.990458488464355469e-01
9.972911477088928223e-01
9.991980195045471191e-01
9.990642070770263672e-01
9.951270818710327148e-01
9.988095164299011230e-01
9.980940222740173340e-01
9.895583391189575195e-01
9.967621564865112305e-01
9.951283931732177734e-01
8.995090126991271973e-01
9.970239400863647461e-01
9.963166117668151855e-01
9.906035661697387695e-01
9.952151179313659668e-01
9.969499707221984863e-01
9.935677051544189453e-01
9.988774657249450684e-01
9.908167123794555664e-01
9.976677894592285156e-01
9.987642168998718262e-01
9.942690730094909668e-01
9.981536865234375000e-01
9.991708397865295410e-01
9.946367740631103516e-01
9.970055818557739258e-01
9.994339346885681152e-01
9.945223927497863770e-01
9.950674176216125488e-01
9.960145354270935059e-01
9.967133402824401855e-01
9.988926053047180176e-01
9.996083974838256836e-01
9.950885176658630371e-01
9.986658692359924316e-01
9.990056753158569336e-01
9.993220567703247070e-01
9.985409975051879883e-01
9.993377923965454102e-01
9.972425103187561035e-01
9.972523450851440430e-01
9.978660345077514648e-01
9.934911131858825684e-01
9.990352392196655273e-01
9.968406558036804199e-01
9.932237267494201660e-01
9.952908754348754883e-01
9.923598170280456543e-01
9.937467575073242188e-01
9.955694079399108887e-01
9.900668263435363770e-01
9.986743927001953125e-01
9.974563717842102051e-01
9.986050724983215332e-01
9.986894130706787109e-01
9.966173171997070312e-01
9.971280097961425781e-01
9.998023509979248047e-01
9.972538352012634277e-01
9.876842498779296875e-01
9.983270168304443359e-01
9.989061355590820312e-01
9.952882528305053711e-01
9.927389025688171387e-01
9.935342073440551758e-01
9.953675866127014160e-01
9.970914125442504883e-01
9.940838813781738281e-01
9.982665181159973145e-01
9.984788894653320312e-01
9.970385432243347168e-01
9.910004138946533203e-01
9.995075464248657227e-01
9.900795817375183105e-01
9.983878135681152344e-01
9.988402724266052246e-01
9.943099021911621094e-01
9.979343414306640625e-01
9.959600567817687988e-01
9.993601441383361816e-01
9.958849549293518066e-01
9.993498921394348145e-01
9.970560073852539062e-01
9.993155598640441895e-01
9.888500571250915527e-01
9.905491471290588379e-01
9.980832934379577637e-01
9.908073544502258301e-01
9.951637983322143555e-01
9.992063641548156738e-01
9.965027570724487305e-01
9.898422360420227051e-01
9.988956451416015625e-01
9.823566675186157227e-01
9.979825019836425781e-01
9.987710118293762207e-01
9.966306686401367188e-01
9.949871301651000977e-01
9.981048107147216797e-01
9.997234344482421875e-01
9.915385246276855469e-01
9.928530454635620117e-01
9.968532323837280273e-01
9.993714094161987305e-01
9.963087439537048340e-01
9.952076673507690430e-01
9.969589114189147949e-01
9.986507296562194824e-01
9.777253866195678711e-01
9.882292151451110840e-01
9.981231093406677246e-01
9.991891980171203613e-01
9.987863302230834961e-01
9.984312653541564941e-01
9.991640448570251465e-01
9.999209642410278320e-01
9.956225752830505371e-01
9.993043541908264160e-01
9.992817044258117676e-01
9.989634752273559570e-01
9.989709854125976562e-01
9.997090697288513184e-01
9.959504008293151855e-01
9.988973736763000488e-01
9.916779398918151855e-01
9.976745247840881348e-01
9.971097111701965332e-01
9.984481930732727051e-01
9.986712336540222168e-01
9.970594048500061035e-01
9.988232851028442383e-01
9.991223216056823730e-01
9.894934892654418945e-01
9.981203079223632812e-01
9.951123595237731934e-01
9.994137287139892578e-01
9.993317723274230957e-01
9.979473352432250977e-01
9.975923299789428711e-01
9.998617768287658691e-01
9.945793151855468750e-01
9.985911250114440918e-01
9.975684881210327148e-01
9.964346289634704590e-01
9.934082031250000000e-01
9.968060851097106934e-01
9.139918684959411621e-01
9.970103502273559570e-01
9.832698702812194824e-01
9.934479594230651855e-01
9.987908601760864258e-01
9.994244575500488281e-01
9.671066403388977051e-01
