9.434350728988647461e-01
9.905239343643188477e-01
9.225678443908691406e-01
9.965996146202087402e-01
8.618094325065612793e-01
9.956136345863342285e-01
9.199135303497314453e-01
9.876866340637207031e-01
9.533774852752685547e-01
9.725043177604675293e-01
9.729568958282470703e-01
9.581059217453002930e-01
9.836422801017761230e-01
9.812864661216735840e-01
9.801346063613891602e-01
9.938568472862243652e-01
8.709084987640380859e-01
9.922980666160583496e-01
9.721433520317077637e-01
9.094095826148986816e-01
9.697257876396179199e-01
9.423264861106872559e-01
9.703955054283142090e-01
9.846836328506469727e-01
9.857617616653442383e-01
9.877263307571411133e-01
9.983593821525573730e-01
9.936453104019165039e-01
9.158503413200378418e-01
9.577855467796325684e-01
9.865216612815856934e-01
9.872406125068664551e-01
9.744747281074523926e-01
9.910467267036437988e-01
9.817891120910644531e-01
9.441102743148803711e-01
9.279927611351013184e-01
9.630768299102783203e-01
9.727077484130859375e-01
9.848014712333679199e-01
9.412765502929687500e-01
9.863961935043334961e-01
9.976130723953247070e-01
8.903087973594665527e-01
9.852800369262695312e-01
9.827498197555541992e-01
9.333382844924926758e-01
9.778079986572265625e-01
9.003731608390808105e-01
9.442379474639892578e-01
9.815990924835205078e-01
9.150037169456481934e-01
9.806507229804992676e-01
9.919354319572448730e-01
9.252399206161499023e-01
8.432091474533081055e-01
9.651033878326416016e-01
9.916908144950866699e-01
9.979230165481567383e-01
9.722855687141418457e-01
9.922190308570861816e-01
8.780458569526672363e-01
9.918945431709289551e-01
9.916195869445800781e-01
9.736067652702331543e-01
9.308400154113769531e-01
9.635739922523498535e-01
9.968694448471069336e-01
9.840100407600402832e-01
9.917581677436828613e-01
9.996208548545837402e-01
9.681794643402099609e-01
9.880251288414001465e-01
9.857137799263000488e-01
9.838803410530090332e-01
9.756260514259338379e-01
9.889837503433227539e-01
9.551663398742675781e-01
9.723821878433227539e-01
9.954452514648437500e-01
9.956877827644348145e-01
9.817249774932861328e-01
9.906191229820251465e-01
9.960683584213256836e-01
9.989832043647766113e-01
9.825659394264221191e-01
9.972400665283203125e-01
9.976172447204589844e-01
9.821841120719909668e-01
9.600397944450378418e-01
9.793251156806945801e-01
9.603045582771301270e-01
9.801819920539855957e-01
9.486922621726989746e-01
9.783258438110351562e-01
9.839217066764831543e-01
9.767329096794128418e-01
9.304796457290649414e-01
9.827644824981689453e-01
9.748857617378234863e-01
9.863906502723693848e-01
9.630834460258483887e-01
8.927995562553405762e-01
9.757789969444274902e-01
9.771264791488647461e-01
9.453770518302917480e-01
9.787321090698242188e-01
9.911240935325622559e-01
9.800906181335449219e-01
9.861941337585449219e-01
9.721858501434326172e-01
9.687607884407043457e-01
9.878576397895812988e-01
9.197211265563964844e-01
9.970642328262329102e-01
9.799683094024658203e-01
9.469679594039916992e-01
9.572142958641052246e-01
9.932914972305297852e-01
9.164165258407592773e-01
9.837260842323303223e-01
9.611068367958068848e-01
8.807449340820312500e-01
9.628892540931701660e-01
9.865868687629699707e-01
9.555314183235168457e-01
9.760282635688781738e-01
9.971306920051574707e-01
9.001302719116210938e-01
9.595085978507995605e-01
9.988297820091247559e-01
9.940180182456970215e-01
9.276687502861022949e-01
9.520408511161804199e-01
9.354634881019592285e-01
8.960257172584533691e-01
9.770723581314086914e-01
9.988411664962768555e-01
9.801355004310607910e-01
9.963252544403076172e-01
9.851371049880981445e-01
9.516236186027526855e-01
9.550385475158691406e-01
9.486275315284729004e-01
9.898095130920410156e-01
9.836146235466003418e-01
9.746979475021362305e-01
9.431783556938171387e-01
9.498770236968994141e-01
9.893284440040588379e-01
9.840763807296752930e-01
9.897529482841491699e-01
8.166492581367492676e-01
9.636607170104980469e-01
9.671316742897033691e-01
9.177876114845275879e-01
9.741629958152770996e-01
9.806602597236633301e-01
9.870572686195373535e-01
9.085931777954101562e-01
9.928931593894958496e-01
9.545764327049255371e-01
9.817334413528442383e-01
9.934046268463134766e-01
9.263771176338195801e-01
9.778386950492858887e-01
9.937514066696166992e-01
9.837709665298461914e-01
9.948480725288391113e-01
9.873776435852050781e-01
9.873636960983276367e-01
8.434758186340332031e-01
9.808483719825744629e-01
9.826336503028869629e-01
9.952734112739562988e-01
9.958661794662475586e-01
9.902558326721191406e-01
9.936028122901916504e-01
9.802815914154052734e-01
9.949953556060791016e-01
9.993574619293212891e-01
9.803041219711303711e-01
8.918966650962829590e-01
9.819949865341186523e-01
9.951835870742797852e-01
9.926083683967590332e-01
9.354364871978759766e-01
9.918193817138671875e-01
9.761717319488525391e-01
9.934691786766052246e-01
9.973689317703247070e-01
9.878575801849365234e-01
9.930147528648376465e-01
9.527424573898315430e-01
9.900634288787841797e-01
8.031469583511352539e-01
9.922887086868286133e-01
9.698997139930725098e-01
9.902323484420776367e-01
9.074315428733825684e-01
9.904804229736328125e-01
9.903048276901245117e-01
9.558120965957641602e-01
9.856670498847961426e-01
8.995769023895263672e-01
9.804698228836059570e-01
9.992488622665405273e-01
9.496352076530456543e-01
9.564130902290344238e-01
9.753521084785461426e-01
9.563624858856201172e-01
9.916197061538696289e-01
9.931709766387939453e-01
9.305641055107116699e-01
9.994187951087951660e-01
9.919822216033935547e-01
9.952671527862548828e-01
9.872705340385437012e-01
9.909076690673828125e-01
9.976993799209594727e-01
9.454995989799499512e-01
9.798605442047119141e-01
9.796728491783142090e-01
9.498279094696044922e-01
9.554100632667541504e-01
9.853212237358093262e-01
9.788656830787658691e-01
9.952341318130493164e-01
9.894353151321411133e-01
9.891197681427001953e-01
9.762387275695800781e-01
9.529266953468322754e-01
9.480034112930297852e-01
9.905949831008911133e-01
9.962058067321777344e-01
9.786190390586853027e-01
9.760967493057250977e-01
9.548472166061401367e-01
9.916584491729736328e-01
9.904206395149230957e-01
9.662635326385498047e-01
9.332128167152404785e-01
9.797226190567016602e-01
9.879619479179382324e-01
9.569188952445983887e-01
9.665077328681945801e-01
9.510192871093750000e-01
9.901132583618164062e-01
9.757533669471740723e-01
9.358796477317810059e-01
9.661811590194702148e-01
9.755428433418273926e-01
9.754111170768737793e-01
9.916172623634338379e-01
9.836030006408691406e-01
9.981363415718078613e-01
9.484627842903137207e-01
9.344358444213867188e-01
9.750677943229675293e-01
9.246613979339599609e-01
9.826021194458007812e-01
9.897428750991821289e-01
9.756874442100524902e-01
9.856569766998291016e-01
9.747697114944458008e-01
9.639099240303039551e-01
9.810943603515625000e-01
8.293150067329406738e-01
9.663895964622497559e-01
9.740410447120666504e-01
9.850190281867980957e-01
9.600046277046203613e-01
9.799684882164001465e-01
9.818039536476135254e-01
9.905205368995666504e-01
9.669700860977172852e-01
9.847050905227661133e-01
9.979260563850402832e-01
9.625554680824279785e-01
9.996013641357421875e-01
9.940475821495056152e-01
9.775637984275817871e-01
9.571654200553894043e-01
9.593860507011413574e-01
9.477205276489257812e-01
8.993826508522033691e-01
9.779228568077087402e-01
9.786850214004516602e-01
9.907322525978088379e-01
9.712988734245300293e-01
9.778823256492614746e-01
9.967650771141052246e-01
9.953309297561645508e-01
9.303062558174133301e-01
9.697632789611816406e-01
9.939727187156677246e-01
9.993267655372619629e-01
9.797718524932861328e-01
9.266294240951538086e-01
9.771459102630615234e-01
9.748475551605224609e-01
9.338513612747192383e-01
9.797344207763671875e-01
9.585388302803039551e-01
9.793045520782470703e-01
9.700311422348022461e-01
9.776449203491210938e-01
9.988721013069152832e-01
9.914736747741699219e-01
9.838325977325439453e-01
9.798045158386230469e-01
9.547599554061889648e-01
9.652153849601745605e-01
9.840375781059265137e-01
9.756891727447509766e-01
9.674336314201354980e-01
9.984845519065856934e-01
9.835085868835449219e-01
9.452268481254577637e-01
9.865931272506713867e-01
9.861033558845520020e-01
9.714073538780212402e-01
9.978432059288024902e-01
9.874542951583862305e-01
9.423155784606933594e-01
9.998422861099243164e-01
9.490485787391662598e-01
9.984365105628967285e-01
9.241221547126770020e-01
9.932313561439514160e-01
9.142774939537048340e-01
9.758375883102416992e-01
9.403522610664367676e-01
9.871827960014343262e-01
9.995691776275634766e-01
9.751754403114318848e-01
9.454231858253479004e-01
9.490822553634643555e-01
9.432658553123474121e-01
9.592877626419067383e-01
9.710750579833984375e-01
9.926286339759826660e-01
9.422817826271057129e-01
9.985468387603759766e-01
9.981212019920349121e-01
9.599421024322509766e-01
9.764730334281921387e-01
9.882485270500183105e-01
9.925290942192077637e-01
9.797050356864929199e-01
9.917849302291870117e-01
9.424111843109130859e-01
9.892585277557373047e-01
9.645788669586181641e-01
9.723969697952270508e-01
9.978644251823425293e-01
9.629716873168945312e-01
9.998239278793334961e-01
9.808251857757568359e-01
8.635474443435668945e-01
9.329020380973815918e-01
9.884210228919982910e-01
9.814144968986511230e-01
9.905166029930114746e-01
9.575175046920776367e-01
9.958931803703308105e-01
9.900515675544738770e-01
9.889278411865234375e-01
9.790580272674560547e-01
8.933491706848144531e-01
9.336094260215759277e-01
9.772747159004211426e-01
9.904279112815856934e-01
9.472373723983764648e-01
9.712369441986083984e-01
9.026769399642944336e-01
9.670820832252502441e-01
9.973475337028503418e-01
9.915516972541809082e-01
9.957824945449829102e-01
8.710947036743164062e-01
9.682574868202209473e-01
9.980192184448242188e-01
6.579514741897583008e-01
9.895724654197692871e-01
9.634948968887329102e-01
9.968593120574951172e-01
9.656545519828796387e-01
9.908376932144165039e-01
9.932773709297180176e-01
9.916476011276245117e-01
9.601248502731323242e-01
9.817197918891906738e-01
9.834141135215759277e-01
8.961133956909179688e-01
9.415176510810852051e-01
9.915464520454406738e-01
9.987464547157287598e-01
9.760536551475524902e-01
9.113469719886779785e-01
9.774679541587829590e-01
9.844549298286437988e-01
9.547706246376037598e-01
9.853597283363342285e-01
9.872137904167175293e-01
9.870421886444091797e-01
9.948670864105224609e-01
9.990177154541015625e-01
9.453986883163452148e-01
9.728993177413940430e-01
9.806365966796875000e-01
9.769370555877685547e-01
9.988183379173278809e-01
9.648254513740539551e-01
9.815230965614318848e-01
9.744479060173034668e-01
9.844297170639038086e-01
9.994874596595764160e-01
9.378398060798645020e-01
9.876767992973327637e-01
9.955728054046630859e-01
8.847330212593078613e-01
9.822134971618652344e-01
8.783426284790039062e-01
9.974808692932128906e-01
9.967668056488037109e-01
9.747770428657531738e-01
9.940236210823059082e-01
9.949904680252075195e-01
9.323437809944152832e-01
9.910089969635009766e-01
9.740940332412719727e-01
9.435058236122131348e-01
9.301404356956481934e-01
9.917895197868347168e-01
9.948374032974243164e-01
9.532060623168945312e-01
9.209791421890258789e-01
9.979203343391418457e-01
9.777625799179077148e-01
9.952241778373718262e-01
9.849661588668823242e-01
9.686415791511535645e-01
9.764047265052795410e-01
8.894327282905578613e-01
9.731327295303344727e-01
9.934091567993164062e-01
9.382410645484924316e-01
9.954199790954589844e-01
9.793615341186523438e-01
9.293354153633117676e-01
9.924933910369873047e-01
9.488546848297119141e-01
9.905121326446533203e-01
9.810757637023925781e-01
9.886358976364135742e-01
9.921476244926452637e-01
9.905908107757568359e-01
9.423652887344360352e-01
9.685777425765991211e-01
9.954062700271606445e-01
9.695338010787963867e-01
9.428498148918151855e-01
9.958327412605285645e-01
9.861448407173156738e-01
9.840076565742492676e-01
9.980878233909606934e-01
9.975103139877319336e-01
9.646759033203125000e-01
9.411967396736145020e-01
9.989944696426391602e-01
9.988723993301391602e-01
9.577428698539733887e-01
9.853054881095886230e-01
9.808086156845092773e-01
9.952549934387207031e-01
9.901856184005737305e-01
9.188238978385925293e-01
9.652841687202453613e-01
8.629078865051269531e-01
9.967023730278015137e-01
9.501101374626159668e-01
9.571998119354248047e-01
9.937564730644226074e-01
9.967746734619140625e-01
9.443976879119873047e-01
9.473295211791992188e-01
9.963353872299194336e-01
9.475955963134765625e-01
9.936549067497253418e-01
9.674720764160156250e-01
9.879913926124572754e-01
9.995077848434448242e-01
9.786859154701232910e-01
9.784302115440368652e-01
9.540492892265319824e-01
9.916517138481140137e-01
9.892675876617431641e-01
9.726032018661499023e-01
9.196625351905822754e-01
9.930899739265441895e-01
9.875997304916381836e-01
9.975614547729492188e-01
9.538736939430236816e-01
9.926588535308837891e-01
9.671486020088195801e-01
9.508449435234069824e-01
9.855569601058959961e-01
9.862847328186035156e-01
9.918146729469299316e-01
9.885705709457397461e-01
9.832854866981506348e-01
9.958086013793945312e-01
9.895601868629455566e-01
9.866682887077331543e-01
9.479907155036926270e-01
9.932090044021606445e-01
9.863020181655883789e-01
9.243766665458679199e-01
9.439062476158142090e-01
9.777845144271850586e-01
9.995834231376647949e-01
9.708561301231384277e-01
9.636103510856628418e-01
9.977846741676330566e-01
9.552003741264343262e-01
9.970776438713073730e-01
9.649243950843811035e-01
9.864745140075683594e-01
9.835273623466491699e-01
9.899184107780456543e-01
9.947639703750610352e-01
9.350172281265258789e-01
9.570760726928710938e-01
9.729416966438293457e-01
9.810965657234191895e-01
9.923986196517944336e-01
9.757105112075805664e-01
9.080467224121093750e-01
9.995575547218322754e-01
9.896159768104553223e-01
9.447209239006042480e-01
9.985613226890563965e-01
9.951074719429016113e-01
9.692432880401611328e-01
9.951536059379577637e-01
9.942193627357482910e-01
9.784033894538879395e-01
9.843316078186035156e-01
9.442430138587951660e-01
9.585326910018920898e-01
9.940137267112731934e-01
8.538534641265869141e-01
9.880466461181640625e-01
9.901261329650878906e-01
9.629749059677124023e-01
9.905334711074829102e-01
9.990244507789611816e-01
9.661585092544555664e-01
8.844547867774963379e-01
9.817600846290588379e-01
9.963160157203674316e-01
9.592167735099792480e-01
9.827679991722106934e-01
9.749723076820373535e-01
9.777389168739318848e-01
9.950065016746520996e-01
9.972717761993408203e-01
9.331306219100952148e-01
9.915769100189208984e-01
9.221111536026000977e-01
9.681215882301330566e-01
9.994357824325561523e-01
9.886546134948730469e-01
9.860312342643737793e-01
9.896202087402343750e-01
8.492575883865356445e-01
9.862747788429260254e-01
9.881099462509155273e-01
9.808860421180725098e-01
9.382973313331604004e-01
9.940993785858154297e-01
9.476024508476257324e-01
8.799776434898376465e-01
9.786880016326904297e-01
9.431121945381164551e-01
9.847390055656433105e-01
9.918050169944763184e-01
9.448724389076232910e-01
9.885660409927368164e-01
9.974245429039001465e-01
9.851511120796203613e-01
8.940463066101074219e-01
9.819064140319824219e-01
9.447990059852600098e-01
9.935358762741088867e-01
9.779906272888183594e-01
9.886530041694641113e-01
9.788121581077575684e-01
9.936605095863342285e-01
8.796536326408386230e-01
9.856293201446533203e-01
9.699341058731079102e-01
7.862496972084045410e-01
9.946127533912658691e-01
9.927654862403869629e-01
9.502916336059570312e-01
9.904471039772033691e-01
9.909326434135437012e-01
9.798390865325927734e-01
9.843598604202270508e-01
9.345991015434265137e-01
9.444813132286071777e-01
9.908549785614013672e-01
9.890818595886230469e-01
9.895861744880676270e-01
9.949559569358825684e-01
9.850437045097351074e-01
9.033033847808837891e-01
9.447035789489746094e-01
9.802865982055664062e-01
9.919230341911315918e-01
9.704455137252807617e-01
9.957767724990844727e-01
9.925085902214050293e-01
9.802052974700927734e-01
9.346760511398315430e-01
9.535398483276367188e-01
9.440174102783203125e-01
9.885299801826477051e-01
9.789097905158996582e-01
9.897235035896301270e-01
9.723216295242309570e-01
8.891788125038146973e-01
9.876747727394104004e-01
9.800980091094970703e-01
9.575708508491516113e-01
9.846215844154357910e-01
9.930710196495056152e-01
9.979703426361083984e-01
9.564652442932128906e-01
9.911690354347229004e-01
8.515839576721191406e-01
9.829615354537963867e-01
9.003961682319641113e-01
9.452290534973144531e-01
9.762821197509765625e-01
9.803928732872009277e-01
9.964352846145629883e-01
9.750082492828369141e-01
9.470572471618652344e-01
9.595176577568054199e-01
9.877131581306457520e-01
9.680694937705993652e-01
9.986697435379028320e-01
9.982265830039978027e-01
9.848254323005676270e-01
9.531834125518798828e-01
9.356041550636291504e-01
9.818086624145507812e-01
9.942333698272705078e-01
9.879921078681945801e-01
9.095306396484375000e-01
9.839217662811279297e-01
9.939627051353454590e-01
9.372049570083618164e-01
9.901100397109985352e-01
9.622684121131896973e-01
9.920683503150939941e-01
9.805265665054321289e-01
9.367010593414306641e-01
9.799960851669311523e-01
9.895392060279846191e-01
9.595810770988464355e-01
9.572551250457763672e-01
9.901413321495056152e-01
9.821439981460571289e-01
9.222670793533325195e-01
9.808273315429687500e-01
9.700253009796142578e-01
9.717655181884765625e-01
9.863668680191040039e-01
9.806572198867797852e-01
9.898512959480285645e-01
9.949015974998474121e-01
9.941799044609069824e-01
9.869166612625122070e-01
9.786927103996276855e-01
9.005396366119384766e-01
9.950532317161560059e-01
9.849362373352050781e-01
9.604407548904418945e-01
9.815464019775390625e-01
9.850836396217346191e-01
9.796153903007507324e-01
9.831802845001220703e-01
9.333806633949279785e-01
9.886174201965332031e-01
9.784739613533020020e-01
9.440159201622009277e-01
9.823924899101257324e-01
9.839744567871093750e-01
8.678897619247436523e-01
9.737895727157592773e-01
8.796073794364929199e-01
9.900231957435607910e-01
9.923117160797119141e-01
9.332985281944274902e-01
9.928652644157409668e-01
9.974885582923889160e-01
9.807196855545043945e-01
9.506446719169616699e-01
9.709819555282592773e-01
9.921792149543762207e-01
9.523163437843322754e-01
9.940253496170043945e-01
9.451397657394409180e-01
9.841116666793823242e-01
9.722399115562438965e-01
9.896332621574401855e-01
9.744009375572204590e-01
8.678972721099853516e-01
8.951702713966369629e-01
9.815964102745056152e-01
9.331441521644592285e-01
9.556552171707153320e-01
9.904910326004028320e-01
9.921264648437500000e-01
9.709496498107910156e-01
9.794101715087890625e-01
9.919889569282531738e-01
9.954982399940490723e-01
9.564386606216430664e-01
9.935059547424316406e-01
8.571968078613281250e-01
9.866577982902526855e-01
9.875086545944213867e-01
9.938943982124328613e-01
9.761382341384887695e-01
9.064685702323913574e-01
9.677395224571228027e-01
9.854671955108642578e-01
9.931294322013854980e-01
9.898951053619384766e-01
9.487968087196350098e-01
9.360099434852600098e-01
9.514221549034118652e-01
9.926715493202209473e-01
9.997467398643493652e-01
9.812880754470825195e-01
9.838159680366516113e-01
9.562094211578369141e-01
9.893876314163208008e-01
9.453833103179931641e-01
9.919063448905944824e-01
9.626476168632507324e-01
9.536925554275512695e-01
9.553591012954711914e-01
9.993567466735839844e-01
9.896275997161865234e-01
9.541117548942565918e-01
9.782359600067138672e-01
9.783384799957275391e-01
9.997296333312988281e-01
9.969167709350585938e-01
9.878597855567932129e-01
9.973151087760925293e-01
9.979233741760253906e-01
9.494158029556274414e-01
9.850846529006958008e-01
9.973189830780029297e-01
9.939896464347839355e-01
9.065777063369750977e-01
9.956757426261901855e-01
9.817185997962951660e-01
9.813000559806823730e-01
9.862684011459350586e-01
9.240810871124267578e-01
9.945358037948608398e-01
9.816499948501586914e-01
9.693590402603149414e-01
9.561529159545898438e-01
9.932211637496948242e-01
8.999037146568298340e-01
9.831049442291259766e-01
9.895104765892028809e-01
9.591985344886779785e-01
9.694375395774841309e-01
9.756458401679992676e-01
9.784389734268188477e-01
9.065380692481994629e-01
9.922231435775756836e-01
9.606924057006835938e-01
9.454477429389953613e-01
9.552514553070068359e-01
9.832590222358703613e-01
9.820245504379272461e-01
9.587222337722778320e-01
9.557198286056518555e-01
9.936948418617248535e-01
9.657963514328002930e-01
9.775001406669616699e-01
9.754333496093750000e-01
9.861040711402893066e-01
9.647983908653259277e-01
9.865303039550781250e-01
9.878908991813659668e-01
9.607629179954528809e-01
9.931058883666992188e-01
9.491557478904724121e-01
9.120954275131225586e-01
9.360065460205078125e-01
9.996148943901062012e-01
9.973085522651672363e-01
9.557348489761352539e-01
9.719207882881164551e-01
9.622368216514587402e-01
9.901844859123229980e-01
9.213310480117797852e-01
9.820527434349060059e-01
9.312133789062500000e-01
9.748401641845703125e-01
9.951854348182678223e-01
9.819467663764953613e-01
9.546275734901428223e-01
9.818013310432434082e-01
9.410421848297119141e-01
9.949393272399902344e-01
9.713494181632995605e-01
9.491649866104125977e-01
9.925595521926879883e-01
9.900103211402893066e-01
9.544379115104675293e-01
9.833166003227233887e-01
9.889510273933410645e-01
9.826598167419433594e-01
9.904302954673767090e-01
9.773167967796325684e-01
8.692048192024230957e-01
9.958665370941162109e-01
9.752579331398010254e-01
9.589082598686218262e-01
9.622715115547180176e-01
9.912036657333374023e-01
9.835296273231506348e-01
9.912645220756530762e-01
9.886761903762817383e-01
9.292184710502624512e-01
9.740337729454040527e-01
9.085349440574645996e-01
9.778472781181335449e-01
9.833852648735046387e-01
9.392812848091125488e-01
9.685389995574951172e-01
9.335066676139831543e-01
9.909954071044921875e-01
9.696109890937805176e-01
9.771023988723754883e-01
9.820112586021423340e-01
9.995614290237426758e-01
9.811053276062011719e-01
9.776737689971923828e-01
9.333391785621643066e-01
9.501215815544128418e-01
9.667257666587829590e-01
9.754687547683715820e-01
9.982725381851196289e-01
9.545397758483886719e-01
9.980237483978271484e-01
9.755088686943054199e-01
9.819762110710144043e-01
9.961611628532409668e-01
9.869951605796813965e-01
9.846727252006530762e-01
9.794045090675354004e-01
9.443265199661254883e-01
9.995571970939636230e-01
9.894741773605346680e-01
9.912309050559997559e-01
9.647801518440246582e-01
9.860100150108337402e-01
9.477641582489013672e-01
9.423826932907104492e-01
9.875035881996154785e-01
9.961631298065185547e-01
9.527303576469421387e-01
9.608059525489807129e-01
9.868579506874084473e-01
9.934789538383483887e-01
9.850630164146423340e-01
9.363840818405151367e-01
9.818161129951477051e-01
9.518898129463195801e-01
9.586632251739501953e-01
9.531251192092895508e-01
9.898658990859985352e-01
9.916195273399353027e-01
9.854303002357482910e-01
9.436959624290466309e-01
9.786584377288818359e-01
9.458407163619995117e-01
9.671233296394348145e-01
9.990752935409545898e-01
9.529685974121093750e-01
8.163236975669860840e-01
9.731691479682922363e-01
9.919018149375915527e-01
9.950060248374938965e-01
9.660615921020507812e-01
9.892315268516540527e-01
9.261528849601745605e-01
9.845389127731323242e-01
9.960170984268188477e-01
9.836845397949218750e-01
9.854985475540161133e-01
9.044135212898254395e-01
9.834445714950561523e-01
9.913663864135742188e-01
9.862664341926574707e-01
9.976311326026916504e-01
9.795862436294555664e-01
9.889243841171264648e-01
9.648596644401550293e-01
9.812932610511779785e-01
9.887914061546325684e-01
9.767731428146362305e-01
9.799671173095703125e-01
9.891207218170166016e-01
9.602898359298706055e-01
9.332196116447448730e-01
9.844099283218383789e-01
9.906368851661682129e-01
9.911953806877136230e-01
9.358343482017517090e-01
9.995200634002685547e-01
9.967325329780578613e-01
9.819415807723999023e-01
9.941437244415283203e-01
9.773798584938049316e-01
9.086735844612121582e-01
8.977768421173095703e-01
9.669504165649414062e-01
9.566830992698669434e-01
9.768258929252624512e-01
9.840373396873474121e-01
9.740061759948730469e-01
9.811884760856628418e-01
9.453510642051696777e-01
9.707825183868408203e-01
9.837346673011779785e-01
9.810211062431335449e-01
9.934580922126770020e-01
9.654427766799926758e-01
9.382400512695312500e-01
9.707395434379577637e-01
9.812671542167663574e-01
9.657484889030456543e-01
9.929559230804443359e-01
9.692754745483398438e-01
9.836288690567016602e-01
8.175052404403686523e-01
9.861102700233459473e-01
9.893676638603210449e-01
8.756284713745117188e-01
9.737059473991394043e-01
9.791190624237060547e-01
9.903247952461242676e-01
9.652809500694274902e-01
9.794161915779113770e-01
9.462550878524780273e-01
9.786482453346252441e-01
9.891550540924072266e-01
9.922319650650024414e-01
9.706795215606689453e-01
9.938949346542358398e-01
9.986332654953002930e-01
9.974787831306457520e-01
9.488983750343322754e-01
9.851928353309631348e-01
9.887207746505737305e-01
9.946694374084472656e-01
9.918652772903442383e-01
9.574432969093322754e-01
9.848983287811279297e-01
9.567750692367553711e-01
9.911158680915832520e-01
9.905993938446044922e-01
9.689643383026123047e-01
9.949918985366821289e-01
9.921975731849670410e-01
9.870606064796447754e-01
9.707387089729309082e-01
9.884171485900878906e-01
9.946272373199462891e-01
9.976029992103576660e-01
9.512783885002136230e-01
9.927763938903808594e-01
9.595020413398742676e-01
9.960636496543884277e-01
9.811845421791076660e-01
9.714906811714172363e-01
9.787826538085937500e-01
7.875843644142150879e-01
9.918078780174255371e-01
9.896467328071594238e-01
9.963799118995666504e-01
9.882897138595581055e-01
9.926129579544067383e-01
9.869591593742370605e-01
9.571987986564636230e-01
9.539257884025573730e-01
9.571911692619323730e-01
9.833317995071411133e-01
9.867848157882690430e-01
9.220910668373107910e-01
8.709411025047302246e-01
9.907513856887817383e-01
9.589745402336120605e-01
9.389412999153137207e-01
9.340289831161499023e-01
9.914872050285339355e-01
9.680201411247253418e-01
9.866960048675537109e-01
9.879591464996337891e-01
9.906533956527709961e-01
9.810587167739868164e-01
9.645541310310363770e-01
9.437482357025146484e-01
9.630423784255981445e-01
9.661235213279724121e-01
9.891930818557739258e-01
9.779626727104187012e-01
9.811145067214965820e-01
9.770301580429077148e-01
9.608794450759887695e-01
9.895674586296081543e-01
9.705090522766113281e-01
9.803901910781860352e-01
9.390354752540588379e-01
9.774640798568725586e-01
9.855211377143859863e-01
9.967820644378662109e-01
8.879013061523437500e-01
9.685069918632507324e-01
9.999452829360961914e-01
9.906604886054992676e-01
9.855161905288696289e-01
9.104872941970825195e-01
9.923889040946960449e-01
9.731938242912292480e-01
9.914578795433044434e-01
9.835681915283203125e-01
9.960950613021850586e-01
9.609884023666381836e-01
9.995744824409484863e-01
9.834950566291809082e-01
7.637007236480712891e-01
9.844557642936706543e-01
9.861108064651489258e-01
9.471843838691711426e-01
9.900037646293640137e-01
9.906795620918273926e-01
9.977424740791320801e-01
9.879799485206604004e-01
9.075157642364501953e-01
9.342570304870605469e-01
9.849292039871215820e-01
9.555556178092956543e-01
9.952449798583984375e-01
9.864152669906616211e-01
9.308147430419921875e-01
9.741422533988952637e-01
9.971781969070434570e-01
9.798997044563293457e-01
9.255080819129943848e-01
9.854072332382202148e-01
9.541908502578735352e-01
9.862092137336730957e-01
9.978737831115722656e-01
9.311292171478271484e-01
9.446693062782287598e-01
9.932082891464233398e-01
9.879080653190612793e-01
9.710087776184082031e-01
9.490491151809692383e-01
9.945290088653564453e-01
9.922688007354736328e-01
9.786620736122131348e-01
9.812577366828918457e-01
9.759085178375244141e-01
9.995687603950500488e-01
9.916914701461791992e-01
9.864419102668762207e-01
9.569132924079895020e-01
9.881667494773864746e-01
9.780504107475280762e-01
9.842929840087890625e-01
9.899554252624511719e-01
9.537254571914672852e-01
9.285684823989868164e-01
9.766639471054077148e-01
8.948927521705627441e-01
9.805821776390075684e-01
9.866973757743835449e-01
9.952285885810852051e-01
9.770461916923522949e-01
9.807920455932617188e-01
9.740998148918151855e-01
9.251761436462402344e-01
9.897873401641845703e-01
9.849739670753479004e-01
9.905476570129394531e-01
9.767303466796875000e-01
9.894581437110900879e-01
9.239727258682250977e-01
9.541783928871154785e-01
9.812456965446472168e-01
9.901228547096252441e-01
9.989166259765625000e-01
9.199912548065185547e-01
9.812394976615905762e-01
9.793311357498168945e-01
9.959521293640136719e-01
9.919174313545227051e-01
9.807484745979309082e-01
9.900278449058532715e-01
9.927274584770202637e-01
9.264611601829528809e-01
9.906898736953735352e-01
9.390954971313476562e-01
9.867504835128784180e-01
9.790869355201721191e-01
9.889079332351684570e-01
9.420858621597290039e-01
9.694270491600036621e-01
9.952723979949951172e-01
9.881144762039184570e-01
9.901198744773864746e-01
9.728696942329406738e-01
9.807115197181701660e-01
9.806033968925476074e-01
9.807196855545043945e-01
9.865506887435913086e-01
9.607737064361572266e-01
9.877911210060119629e-01
9.862636327743530273e-01
9.866718053817749023e-01
9.835782051086425781e-01
9.994933009147644043e-01
9.953457713127136230e-01
9.619618654251098633e-01
9.904495477676391602e-01
9.931929111480712891e-01
9.888932108879089355e-01
9.835469722747802734e-01
9.357235431671142578e-01
9.115101695060729980e-01
9.435395002365112305e-01
9.609067440032958984e-01
9.623556137084960938e-01
9.277426600456237793e-01
9.421811699867248535e-01
9.326050281524658203e-01
9.753991961479187012e-01
9.699866771697998047e-01
9.660441875457763672e-01
9.937722086906433105e-01
9.868990778923034668e-01
9.803812503814697266e-01
9.964727163314819336e-01
9.178976416587829590e-01
8.671144843101501465e-01
9.320824146270751953e-01
8.124006390571594238e-01
9.290861487388610840e-01
9.952439069747924805e-01
9.704313278198242188e-01
9.532899260520935059e-01
9.431020617485046387e-01
8.363980054855346680e-01
8.646838665008544922e-01
9.963153600692749023e-01
9.660953879356384277e-01
9.957484006881713867e-01
9.584320187568664551e-01
9.290556311607360840e-01
9.775491356849670410e-01
9.758800864219665527e-01
9.890243411064147949e-01
9.847809076309204102e-01
9.949393272399902344e-01
9.984561204910278320e-01
9.466028213500976562e-01
9.557431340217590332e-01
9.886360168457031250e-01
9.948184490203857422e-01
9.138173460960388184e-01
9.837667942047119141e-01
9.227649569511413574e-01
9.666522145271301270e-01
9.606458544731140137e-01
9.719119668006896973e-01
9.859461188316345215e-01
8.894555568695068359e-01
9.474269747734069824e-01
9.809606671333312988e-01
9.650467038154602051e-01
9.309263825416564941e-01
9.679693579673767090e-01
9.947305917739868164e-01
9.579852223396301270e-01
9.805597662925720215e-01
9.786873459815979004e-01
9.891043305397033691e-01
9.723395705223083496e-01
9.850330948829650879e-01
9.858978986740112305e-01
9.528194069862365723e-01
9.906978607177734375e-01
9.839126467704772949e-01
9.914193749427795410e-01
9.567037820816040039e-01
9.845674037933349609e-01
9.824796915054321289e-01
9.838293790817260742e-01
9.731969237327575684e-01
9.291750788688659668e-01
9.555022120475769043e-01
8.324780464172363281e-01
9.920482635498046875e-01
9.865651130676269531e-01
9.487264156341552734e-01
9.959425330162048340e-01
9.694236516952514648e-01
9.819930791854858398e-01
9.951516985893249512e-01
9.719123840332031250e-01
9.906162619590759277e-01
9.565935134887695312e-01
9.931054711341857910e-01
9.415093660354614258e-01
9.928066134452819824e-01
9.942567348480224609e-01
9.320942163467407227e-01
9.957597851753234863e-01
9.893422126770019531e-01
9.808019995689392090e-01
9.897386431694030762e-01
9.798309206962585449e-01
9.999673962593078613e-01
9.494420289993286133e-01
9.867666959762573242e-01
9.717381596565246582e-01
9.446069002151489258e-01
9.730191230773925781e-01
9.846990108489990234e-01
9.920914173126220703e-01
9.356420636177062988e-01
9.501602053642272949e-01
9.784090518951416016e-01
9.712219834327697754e-01
9.724597334861755371e-01
9.668185710906982422e-01
9.836912751197814941e-01
9.989951848983764648e-01
9.783605933189392090e-01
9.870752096176147461e-01
8.974958658218383789e-01
9.808226227760314941e-01
9.801619648933410645e-01
8.488945364952087402e-01
9.911903738975524902e-01
9.889867901802062988e-01
9.021944403648376465e-01
9.825926423072814941e-01
9.530897140502929688e-01
9.428654313087463379e-01
9.728597402572631836e-01
9.499422907829284668e-01
9.806842803955078125e-01
9.733278155326843262e-01
9.897913336753845215e-01
9.565046429634094238e-01
9.846771955490112305e-01
9.719567894935607910e-01
9.719586372375488281e-01
9.889859557151794434e-01
9.689205288887023926e-01
9.894553422927856445e-01
9.740855097770690918e-01
9.540569782257080078e-01
8.860604166984558105e-01
9.953070282936096191e-01
8.667099475860595703e-01
9.952337741851806641e-01
9.861720204353332520e-01
9.908627867698669434e-01
9.960549473762512207e-01
9.868782162666320801e-01
9.642486572265625000e-01
9.815543293952941895e-01
9.763765931129455566e-01
9.786869883537292480e-01
9.926926493644714355e-01
