9.771906137466430664e-01
9.448328614234924316e-01
4.831141531467437744e-01
3.638898730278015137e-01
8.532084822654724121e-01
9.895489215850830078e-01
9.763652086257934570e-01
9.635403752326965332e-01
9.899091720581054688e-01
8.430731892585754395e-01
9.927492141723632812e-01
8.184095025062561035e-01
9.967492222785949707e-01
9.968708157539367676e-01
9.997311830520629883e-01
9.979428052902221680e-01
9.930863380432128906e-01
9.571010470390319824e-01
9.991722702980041504e-01
9.626031517982482910e-01
9.949426651000976562e-01
9.772949814796447754e-01
9.866183996200561523e-01
9.912227988243103027e-01
9.908716678619384766e-01
9.548102617263793945e-01
9.911715984344482422e-01
9.422084689140319824e-01
9.935662150382995605e-01
9.995575547218322754e-01
9.990909099578857422e-01
9.726104140281677246e-01
9.353724122047424316e-01
9.219501018524169922e-01
9.172054529190063477e-01
9.928123354911804199e-01
7.904361486434936523e-01
9.833653569221496582e-01
9.528744816780090332e-01
9.552369713783264160e-01
9.826509356498718262e-01
9.634772539138793945e-01
9.957134723663330078e-01
8.190489411354064941e-01
9.789319038391113281e-01
9.710901975631713867e-01
8.478512763977050781e-01
9.795910120010375977e-01
9.151503443717956543e-01
9.884694218635559082e-01
9.781909584999084473e-01
9.952970743179321289e-01
9.809502363204956055e-01
9.900001883506774902e-01
9.979237914085388184e-01
9.331147670745849609e-01
9.950206279754638672e-01
9.219451546669006348e-01
9.978247284889221191e-01
7.093533873558044434e-01
9.972872138023376465e-01
8.897025585174560547e-01
9.753174781799316406e-01
9.739041328430175781e-01
8.199563622474670410e-01
9.032608270645141602e-01
9.873690009117126465e-01
9.706895351409912109e-01
9.281007051467895508e-01
9.764560461044311523e-01
5.549291372299194336e-01
9.944728612899780273e-01
9.318579435348510742e-01
9.898501634597778320e-01
9.842306375503540039e-01
9.769092798233032227e-01
9.922132492065429688e-01
9.411289095878601074e-01
9.572338461875915527e-01
9.891843199729919434e-01
9.463908672332763672e-01
9.058479070663452148e-01
9.602972269058227539e-01
8.780267834663391113e-01
9.684163331985473633e-01
8.941048383712768555e-01
9.930320382118225098e-01
8.912023305892944336e-01
9.958435297012329102e-01
9.754538536071777344e-01
9.952599406242370605e-01
9.349129796028137207e-01
9.268077611923217773e-01
9.929323196411132812e-01
9.991148114204406738e-01
9.975028038024902344e-01
9.757733941078186035e-01
9.635885357856750488e-01
7.023461461067199707e-01
8.653201460838317871e-01
9.502861499786376953e-01
9.921928644180297852e-01
9.145894646644592285e-01
9.864759445190429688e-01
9.309437870979309082e-01
9.878023862838745117e-01
9.254672527313232422e-01
8.592814207077026367e-01
9.886747002601623535e-01
9.836822748184204102e-01
8.939774036407470703e-01
9.863750934600830078e-01
8.988091349601745605e-01
9.854491949081420898e-01
9.958040118217468262e-01
7.431777715682983398e-01
9.783462285995483398e-01
9.918001890182495117e-01
9.320864081382751465e-01
9.117985963821411133e-01
9.969356656074523926e-01
9.720450639724731445e-01
9.703444242477416992e-01
9.910067319869995117e-01
9.721534252166748047e-01
9.854040741920471191e-01
8.009055256843566895e-01
9.992477297782897949e-01
9.913243651390075684e-01
9.227644205093383789e-01
9.351895451545715332e-01
9.225108623504638672e-01
9.099082946777343750e-01
9.877099990844726562e-01
9.828520417213439941e-01
8.571386337280273438e-01
9.356039762496948242e-01
9.980649352073669434e-01
9.915623068809509277e-01
9.293498396873474121e-01
9.987674355506896973e-01
8.991708159446716309e-01
9.880664348602294922e-01
9.691056609153747559e-01
9.915609955787658691e-01
9.913591742515563965e-01
9.339681267738342285e-01
9.998437762260437012e-01
8.090515136718750000e-01
9.937838912010192871e-01
9.927695393562316895e-01
8.823822736740112305e-01
9.717367887496948242e-01
9.879138469696044922e-01
8.649717569351196289e-01
8.576727509498596191e-01
9.223348498344421387e-01
9.724897742271423340e-01
9.186835289001464844e-01
9.732522368431091309e-01
9.815720915794372559e-01
5.463979840278625488e-01
8.325245380401611328e-01
9.967278838157653809e-01
9.936533570289611816e-01
9.116069674491882324e-01
9.780422449111938477e-01
3.759851157665252686e-01
9.946666955947875977e-01
9.818998575210571289e-01
9.747221469879150391e-01
9.720910191535949707e-01
9.824193120002746582e-01
9.506437778472900391e-01
9.512529373168945312e-01
8.858625292778015137e-01
9.582826495170593262e-01
9.860801100730895996e-01
9.752637147903442383e-01
8.823722004890441895e-01
9.989187717437744141e-01
9.922221302986145020e-01
9.841616749763488770e-01
9.827311038970947266e-01
9.947103261947631836e-01
9.351778626441955566e-01
9.889154434204101562e-01
9.692485928535461426e-01
6.656396389007568359e-01
9.501646161079406738e-01
9.177998900413513184e-01
8.715386390686035156e-01
8.123260140419006348e-01
9.394150376319885254e-01
9.873240590095520020e-01
9.841006398200988770e-01
9.250341653823852539e-01
9.590361714363098145e-01
9.977759122848510742e-01
9.715741872787475586e-01
9.941449761390686035e-01
9.944964051246643066e-01
9.826217293739318848e-01
9.920387268066406250e-01
9.010209441184997559e-01
9.930658340454101562e-01
9.945516586303710938e-01
7.275839447975158691e-01
6.029180884361267090e-01
8.822535872459411621e-01
9.872274398803710938e-01
9.297245144844055176e-01
9.817026257514953613e-01
8.984261155128479004e-01
9.318009018898010254e-01
9.894493818283081055e-01
9.736188054084777832e-01
9.251024723052978516e-01
4.089595675468444824e-01
9.825813174247741699e-01
9.059259295463562012e-01
9.706046581268310547e-01
9.810581803321838379e-01
8.435364365577697754e-01
9.644157290458679199e-01
6.844460368156433105e-01
9.293268918991088867e-01
9.795182347297668457e-01
9.553607106208801270e-01
9.374510049819946289e-01
8.952710628509521484e-01
9.840644001960754395e-01
8.367572426795959473e-01
9.875621795654296875e-01
9.895198941230773926e-01
9.895321726799011230e-01
8.703708648681640625e-01
9.968729615211486816e-01
9.937096834182739258e-01
9.668299555778503418e-01
9.992461800575256348e-01
9.642198085784912109e-01
9.698318839073181152e-01
9.862036705017089844e-01
9.709110856056213379e-01
9.921252131462097168e-01
9.959356784820556641e-01
9.591289162635803223e-01
9.845007658004760742e-01
9.944134950637817383e-01
9.861625432968139648e-01
9.567483663558959961e-01
9.784925580024719238e-01
9.511440992355346680e-01
8.399353027343750000e-01
9.831349849700927734e-01
9.926015734672546387e-01
9.881590008735656738e-01
7.926980853080749512e-01
9.660561680793762207e-01
9.940564632415771484e-01
9.669036865234375000e-01
9.866811633110046387e-01
9.805877208709716797e-01
9.655399322509765625e-01
9.909249544143676758e-01
9.856312274932861328e-01
8.408823013305664062e-01
7.066088914871215820e-01
7.458093762397766113e-01
9.774505496025085449e-01
9.949475526809692383e-01
9.778122901916503906e-01
9.790001511573791504e-01
9.971869587898254395e-01
9.807794690132141113e-01
9.800735712051391602e-01
9.899367690086364746e-01
9.558799862861633301e-01
9.694563150405883789e-01
9.682425260543823242e-01
8.457114696502685547e-01
9.967563748359680176e-01
9.952678680419921875e-01
6.354860067367553711e-01
9.965644478797912598e-01
9.571490287780761719e-01
9.957906007766723633e-01
8.059347271919250488e-01
9.980726242065429688e-01
9.783255457878112793e-01
9.596999883651733398e-01
9.825742840766906738e-01
9.825751781463623047e-01
9.736284613609313965e-01
9.852333664894104004e-01
9.922655224800109863e-01
9.906725883483886719e-01
9.885874986648559570e-01
8.642567396163940430e-01
9.493374824523925781e-01
9.979237914085388184e-01
5.177334547042846680e-01
9.673574566841125488e-01
9.641467928886413574e-01
9.903241991996765137e-01
9.178085327148437500e-01
8.620599508285522461e-01
8.788256049156188965e-01
9.696889519691467285e-01
9.951555728912353516e-01
9.757893681526184082e-01
9.785733222961425781e-01
9.933677911758422852e-01
9.924275279045104980e-01
9.611256122589111328e-01
8.570209741592407227e-01
9.923982024192810059e-01
7.474467158317565918e-01
8.656395077705383301e-01
6.369702219963073730e-01
9.832995533943176270e-01
9.813500046730041504e-01
9.468733668327331543e-01
9.173661470413208008e-01
9.460309147834777832e-01
9.358218312263488770e-01
8.223618268966674805e-01
9.852626323699951172e-01
9.945242404937744141e-01
9.717113971710205078e-01
9.347457289695739746e-01
9.684538245201110840e-01
9.810004830360412598e-01
9.111105203628540039e-01
9.873674511909484863e-01
9.602579474449157715e-01
6.609675884246826172e-01
5.342228412628173828e-01
8.713667988777160645e-01
9.615629315376281738e-01
9.261651635169982910e-01
9.737426638603210449e-01
6.019191741943359375e-01
9.996837377548217773e-01
9.602501988410949707e-01
9.869382381439208984e-01
9.607262611389160156e-01
9.911621212959289551e-01
9.552072286605834961e-01
9.086724519729614258e-01
9.432282447814941406e-01
9.994775056838989258e-01
6.258046627044677734e-01
9.299262166023254395e-01
9.697324633598327637e-01
9.897220134735107422e-01
9.976813197135925293e-01
9.400261640548706055e-01
9.738013148307800293e-01
4.802501499652862549e-01
9.440881013870239258e-01
9.751257300376892090e-01
6.739828586578369141e-01
9.737831354141235352e-01
9.686338305473327637e-01
9.944676160812377930e-01
9.995594024658203125e-01
9.815311431884765625e-01
8.816870450973510742e-01
9.910171627998352051e-01
9.937243461608886719e-01
9.924891591072082520e-01
9.939064383506774902e-01
9.854960441589355469e-01
9.707059264183044434e-01
8.208049535751342773e-01
9.838407039642333984e-01
6.769498586654663086e-01
9.725555777549743652e-01
8.733755350112915039e-01
9.830461144447326660e-01
9.946466684341430664e-01
9.460086226463317871e-01
9.977949261665344238e-01
9.694840312004089355e-01
9.683229923248291016e-01
8.842737078666687012e-01
9.565331935882568359e-01
9.785587191581726074e-01
9.969239830970764160e-01
9.884448051452636719e-01
9.879850745201110840e-01
9.912506937980651855e-01
9.804536700248718262e-01
9.932937622070312500e-01
8.852027058601379395e-01
9.923083782196044922e-01
9.892733097076416016e-01
9.537488222122192383e-01
9.792096018791198730e-01
7.020919322967529297e-01
4.835048913955688477e-01
9.856323599815368652e-01
8.554884791374206543e-01
9.910891056060791016e-01
9.586580991744995117e-01
9.996522665023803711e-01
9.942331910133361816e-01
9.716340899467468262e-01
9.924858212471008301e-01
9.363885521888732910e-01
9.345497488975524902e-01
9.867245554924011230e-01
9.136096239089965820e-01
9.304002523422241211e-01
9.441409111022949219e-01
9.901320934295654297e-01
9.548735618591308594e-01
9.871178269386291504e-01
9.935260415077209473e-01
9.503221511840820312e-01
9.192731976509094238e-01
9.793910980224609375e-01
9.624628424644470215e-01
9.589483141899108887e-01
9.573364853858947754e-01
9.357522130012512207e-01
9.948107600212097168e-01
9.912025332450866699e-01
9.978078603744506836e-01
9.889277815818786621e-01
9.826457500457763672e-01
9.941064715385437012e-01
9.778712987899780273e-01
9.667221903800964355e-01
9.394323229789733887e-01
8.305792808532714844e-01
9.633823037147521973e-01
9.007677435874938965e-01
8.721204996109008789e-01
9.779132008552551270e-01
9.838338494300842285e-01
9.872733354568481445e-01
9.650861620903015137e-01
9.711115360260009766e-01
9.777752161026000977e-01
9.523769021034240723e-01
9.841499924659729004e-01
9.346448779106140137e-01
8.468720316886901855e-01
8.414949178695678711e-01
9.882692694664001465e-01
9.553744196891784668e-01
9.925729632377624512e-01
9.959946870803833008e-01
7.645161747932434082e-01
9.606668353080749512e-01
9.198796749114990234e-01
9.243978857994079590e-01
9.906151890754699707e-01
9.930735826492309570e-01
9.603802561759948730e-01
9.065942168235778809e-01
9.151349663734436035e-01
9.700434207916259766e-01
9.982236027717590332e-01
9.887053370475769043e-01
4.205879271030426025e-01
9.669192433357238770e-01
9.862445592880249023e-01
9.941518902778625488e-01
9.787743091583251953e-01
6.473177671432495117e-01
8.882456421852111816e-01
6.234371066093444824e-01
9.826464056968688965e-01
9.823386073112487793e-01
9.873708486557006836e-01
9.945794939994812012e-01
9.640519022941589355e-01
9.894638657569885254e-01
9.507676362991333008e-01
9.347567558288574219e-01
8.662714958190917969e-01
9.910289645195007324e-01
9.530602693557739258e-01
9.768370985984802246e-01
8.762846589088439941e-01
8.252651691436767578e-01
3.407119810581207275e-01
9.922599196434020996e-01
8.251324892044067383e-01
6.870788335800170898e-01
9.948074221611022949e-01
8.784468173980712891e-01
9.683051705360412598e-01
9.957423210144042969e-01
9.438128471374511719e-01
9.838367104530334473e-01
9.761446118354797363e-01
7.487700581550598145e-01
9.426790475845336914e-01
9.303935766220092773e-01
9.618299007415771484e-01
9.968385100364685059e-01
9.963194727897644043e-01
9.953963160514831543e-01
9.906553030014038086e-01
9.954352378845214844e-01
8.994343280792236328e-01
8.304607868194580078e-01
9.892799258232116699e-01
9.539349675178527832e-01
9.914606809616088867e-01
9.952147006988525391e-01
9.996657967567443848e-01
9.865006208419799805e-01
8.424055576324462891e-01
9.977506995201110840e-01
9.713265299797058105e-01
9.872493743896484375e-01
9.849520325660705566e-01
8.463026881217956543e-01
9.868331551551818848e-01
9.718909263610839844e-01
8.167474865913391113e-01
9.584069848060607910e-01
9.530124664306640625e-01
9.389150142669677734e-01
9.851612448692321777e-01
9.863317012786865234e-01
9.901105165481567383e-01
9.771963953971862793e-01
9.596865177154541016e-01
9.840531349182128906e-01
9.263350367546081543e-01
9.945638775825500488e-01
8.462300896644592285e-01
9.829345345497131348e-01
9.721259474754333496e-01
9.807335138320922852e-01
9.515943527221679688e-01
9.015198945999145508e-01
9.779264926910400391e-01
9.810896515846252441e-01
9.596332907676696777e-01
9.891311526298522949e-01
9.988228678703308105e-01
9.792063832283020020e-01
9.977058768272399902e-01
9.145234227180480957e-01
9.942577481269836426e-01
9.640801548957824707e-01
9.812649488449096680e-01
9.819292426109313965e-01
8.119680881500244141e-01
9.884143471717834473e-01
9.836115837097167969e-01
9.881203770637512207e-01
9.728634953498840332e-01
9.885520935058593750e-01
9.991645216941833496e-01
9.927881956100463867e-01
9.876379370689392090e-01
9.992922544479370117e-01
9.894185066223144531e-01
9.424126148223876953e-01
9.920805096626281738e-01
9.917885065078735352e-01
9.904883503913879395e-01
9.137061238288879395e-01
9.675945043563842773e-01
9.331765770912170410e-01
9.851709604263305664e-01
7.688204646110534668e-01
7.847417593002319336e-01
9.947367906570434570e-01
9.764863252639770508e-01
9.629015922546386719e-01
9.071719050407409668e-01
9.775944352149963379e-01
9.710421562194824219e-01
9.617073535919189453e-01
9.724631309509277344e-01
9.406096935272216797e-01
9.848451614379882812e-01
9.775710701942443848e-01
9.735950231552124023e-01
9.032332897186279297e-01
9.988372921943664551e-01
9.993870854377746582e-01
9.836781024932861328e-01
9.757722020149230957e-01
9.113404154777526855e-01
9.902513623237609863e-01
9.206038117408752441e-01
9.972775578498840332e-01
8.708080053329467773e-01
9.146530032157897949e-01
9.681106805801391602e-01
9.261811971664428711e-01
9.745975732803344727e-01
9.798017144203186035e-01
9.880896806716918945e-01
9.527335762977600098e-01
9.164963960647583008e-01
8.850560784339904785e-01
9.664694070816040039e-01
9.890255331993103027e-01
9.848355650901794434e-01
9.864886403083801270e-01
9.885371923446655273e-01
9.234516024589538574e-01
8.503192663192749023e-01
9.625540375709533691e-01
9.562407732009887695e-01
9.433128833770751953e-01
9.940248131752014160e-01
9.892571568489074707e-01
9.951795935630798340e-01
9.601900577545166016e-01
7.677126526832580566e-01
9.710809588432312012e-01
9.792833328247070312e-01
9.677038788795471191e-01
9.872130155563354492e-01
9.952846765518188477e-01
9.247610569000244141e-01
9.507985115051269531e-01
9.408795833587646484e-01
9.662531614303588867e-01
9.595589637756347656e-01
9.778877496719360352e-01
9.845837950706481934e-01
9.705002903938293457e-01
9.075792431831359863e-01
9.284079670906066895e-01
9.828516840934753418e-01
9.695973396301269531e-01
9.453248977661132812e-01
9.591563344001770020e-01
9.996804594993591309e-01
9.225884079933166504e-01
9.793217778205871582e-01
9.486504793167114258e-01
9.293504357337951660e-01
9.976341128349304199e-01
9.502606391906738281e-01
9.847084283828735352e-01
9.881707429885864258e-01
9.590836167335510254e-01
9.174479842185974121e-01
9.599760174751281738e-01
9.781129360198974609e-01
9.755901694297790527e-01
9.543715715408325195e-01
9.645916223526000977e-01
8.909220695495605469e-01
9.751823544502258301e-01
9.973574876785278320e-01
9.537228941917419434e-01
8.730466961860656738e-01
9.962235093116760254e-01
9.342325329780578613e-01
9.071465134620666504e-01
9.867051243782043457e-01
9.093360900878906250e-01
9.831134676933288574e-01
9.058713912963867188e-01
9.850701093673706055e-01
9.975382089614868164e-01
9.513878226280212402e-01
9.961093068122863770e-01
9.695713520050048828e-01
9.716870784759521484e-01
9.881031513214111328e-01
9.461624026298522949e-01
9.909835457801818848e-01
9.844207763671875000e-01
9.726801514625549316e-01
9.087096452713012695e-01
9.827020168304443359e-01
9.889194965362548828e-01
8.032119870185852051e-01
9.683924317359924316e-01
9.927220940589904785e-01
8.899454474449157715e-01
9.990481734275817871e-01
9.904968142509460449e-01
9.898362159729003906e-01
9.738571047782897949e-01
5.968021154403686523e-01
9.768451452255249023e-01
9.812446236610412598e-01
9.579745531082153320e-01
9.091250896453857422e-01
9.833655953407287598e-01
9.972044229507446289e-01
9.801900982856750488e-01
9.974288344383239746e-01
8.986476659774780273e-01
9.174104928970336914e-01
8.895645737648010254e-01
9.883238673210144043e-01
8.933697342872619629e-01
8.633679747581481934e-01
9.391467571258544922e-01
9.459944963455200195e-01
9.905989170074462891e-01
9.054521918296813965e-01
7.574351429939270020e-01
9.947962164878845215e-01
9.874074459075927734e-01
9.365888237953186035e-01
9.772137403488159180e-01
9.673311114311218262e-01
9.384493231773376465e-01
9.559407830238342285e-01
9.897065162658691406e-01
9.444240927696228027e-01
9.372327923774719238e-01
9.825015664100646973e-01
8.657461404800415039e-01
9.868526458740234375e-01
9.618375301361083984e-01
9.709304571151733398e-01
9.212551712989807129e-01
9.853124618530273438e-01
9.941266775131225586e-01
9.506873488426208496e-01
9.925522804260253906e-01
9.650890231132507324e-01
9.380005002021789551e-01
9.853697419166564941e-01
9.286380410194396973e-01
9.383103847503662109e-01
5.698497891426086426e-01
9.930229783058166504e-01
9.555823206901550293e-01
9.939303994178771973e-01
9.656523466110229492e-01
9.870635271072387695e-01
7.683731317520141602e-01
9.959564208984375000e-01
9.763858318328857422e-01
9.727103710174560547e-01
9.545526504516601562e-01
9.311630129814147949e-01
9.863906502723693848e-01
9.611194729804992676e-01
9.748852252960205078e-01
2.867662906646728516e-01
9.384254813194274902e-01
9.890069365501403809e-01
9.815713167190551758e-01
9.896655678749084473e-01
9.953758716583251953e-01
9.754152894020080566e-01
9.870660305023193359e-01
9.711973667144775391e-01
9.973608851432800293e-01
9.953671693801879883e-01
9.885159134864807129e-01
9.868126511573791504e-01
9.790198802947998047e-01
9.998056888580322266e-01
9.970444440841674805e-01
9.567072391510009766e-01
8.610795736312866211e-01
9.608975648880004883e-01
9.864241480827331543e-01
9.727314114570617676e-01
8.252779245376586914e-01
9.985909461975097656e-01
9.845682382583618164e-01
9.533822536468505859e-01
9.952475428581237793e-01
9.163676500320434570e-01
6.962004899978637695e-01
9.319050312042236328e-01
9.892966747283935547e-01
9.961785078048706055e-01
8.833807110786437988e-01
7.957855463027954102e-01
9.684313535690307617e-01
9.950720667839050293e-01
9.367137551307678223e-01
9.934627413749694824e-01
9.376435279846191406e-01
9.901148080825805664e-01
9.792131185531616211e-01
9.439257383346557617e-01
9.489868283271789551e-01
9.523327350616455078e-01
9.719208478927612305e-01
7.666402459144592285e-01
9.069351553916931152e-01
8.938202857971191406e-01
7.385894656181335449e-01
9.734122157096862793e-01
9.486331939697265625e-01
9.492441415786743164e-01
9.188569188117980957e-01
9.423549771308898926e-01
9.552447795867919922e-01
9.693789482116699219e-01
8.476563096046447754e-01
9.130432605743408203e-01
9.784044623374938965e-01
9.971944093704223633e-01
9.952344894409179688e-01
9.833737611770629883e-01
9.982047080993652344e-01
8.040606975555419922e-01
9.786234498023986816e-01
8.403452038764953613e-01
9.870565533638000488e-01
9.904057979583740234e-01
9.940152764320373535e-01
9.954047799110412598e-01
9.434106349945068359e-01
9.252885580062866211e-01
9.369395971298217773e-01
9.968934655189514160e-01
6.960745453834533691e-01
9.566298127174377441e-01
9.251527786254882812e-01
9.618201255798339844e-01
9.162022471427917480e-01
8.876472711563110352e-01
9.128220677375793457e-01
9.319965243339538574e-01
9.852045774459838867e-01
5.337495207786560059e-01
9.379402399063110352e-01
9.929467439651489258e-01
9.931942820549011230e-01
9.697984457015991211e-01
9.520730972290039062e-01
9.969207048416137695e-01
9.993072748184204102e-01
9.986366629600524902e-01
9.797402024269104004e-01
7.346880435943603516e-01
9.809941649436950684e-01
9.904690384864807129e-01
9.837086796760559082e-01
9.813832044601440430e-01
9.354895353317260742e-01
9.950342178344726562e-01
9.739720225334167480e-01
9.681012034416198730e-01
9.866690039634704590e-01
9.999213218688964844e-01
9.123953580856323242e-01
9.764280915260314941e-01
8.449309468269348145e-01
9.859564900398254395e-01
9.308632612228393555e-01
9.854321479797363281e-01
9.672231674194335938e-01
9.917999505996704102e-01
9.969653487205505371e-01
7.631998658180236816e-01
8.427504897117614746e-01
9.713863730430603027e-01
9.908645153045654297e-01
9.543262720108032227e-01
9.490314126014709473e-01
9.478880763053894043e-01
9.571357369422912598e-01
9.763824343681335449e-01
9.928367733955383301e-01
9.877744317054748535e-01
9.798759818077087402e-01
9.707555770874023438e-01
9.502477049827575684e-01
9.653273224830627441e-01
9.777158498764038086e-01
9.893448352813720703e-01
9.895757436752319336e-01
7.587389945983886719e-01
9.878731966018676758e-01
9.723157882690429688e-01
7.110276222229003906e-01
9.893923401832580566e-01
9.898290038108825684e-01
9.756443500518798828e-01
9.832477569580078125e-01
9.656009674072265625e-01
9.779069423675537109e-01
9.317319989204406738e-01
9.946687221527099609e-01
9.538128376007080078e-01
8.119802474975585938e-01
9.862735271453857422e-01
9.826300740242004395e-01
9.958962798118591309e-01
9.802960753440856934e-01
9.316826462745666504e-01
9.696519970893859863e-01
9.769693017005920410e-01
9.790751338005065918e-01
9.207922816276550293e-01
9.877123832702636719e-01
9.634702205657958984e-01
4.549530446529388428e-01
9.917640089988708496e-01
9.925696849822998047e-01
9.592946767807006836e-01
9.989472627639770508e-01
9.222102165222167969e-01
9.939105510711669922e-01
7.858462333679199219e-01
8.113541603088378906e-01
9.231374263763427734e-01
9.807686805725097656e-01
9.823301434516906738e-01
9.911906123161315918e-01
8.515975475311279297e-01
9.745166897773742676e-01
9.935309886932373047e-01
9.949101805686950684e-01
9.862145781517028809e-01
9.913108944892883301e-01
9.952608942985534668e-01
9.102801084518432617e-01
9.827156662940979004e-01
9.672310948371887207e-01
8.901283144950866699e-01
9.316343069076538086e-01
9.967963695526123047e-01
9.613104462623596191e-01
9.934321045875549316e-01
9.953227639198303223e-01
9.689652323722839355e-01
9.889925718307495117e-01
9.277467727661132812e-01
6.914734840393066406e-01
8.485071063041687012e-01
9.971789121627807617e-01
9.489003419876098633e-01
9.996560811996459961e-01
9.906012415885925293e-01
9.778885245323181152e-01
8.505139946937561035e-01
9.837145209312438965e-01
9.959828257560729980e-01
9.881128668785095215e-01
9.838058352470397949e-01
9.771319627761840820e-01
9.842908382415771484e-01
9.061692953109741211e-01
9.887721538543701172e-01
8.862762451171875000e-01
9.952647686004638672e-01
9.778708815574645996e-01
9.685654640197753906e-01
9.631292819976806641e-01
7.342674136161804199e-01
9.520496129989624023e-01
9.890964627265930176e-01
9.249739050865173340e-01
9.801819324493408203e-01
9.962445497512817383e-01
5.874422788619995117e-01
9.219981431961059570e-01
9.772358536720275879e-01
9.957799911499023438e-01
9.901918172836303711e-01
9.932640194892883301e-01
7.811710834503173828e-01
9.998396039009094238e-01
9.721200466156005859e-01
9.744164943695068359e-01
9.788298010826110840e-01
9.829722046852111816e-01
9.888819456100463867e-01
9.881899356842041016e-01
9.733144044876098633e-01
9.958648681640625000e-01
8.893709182739257812e-01
9.614538550376892090e-01
9.585025906562805176e-01
9.830051660537719727e-01
9.802954792976379395e-01
9.864362478256225586e-01
9.981237649917602539e-01
8.878992795944213867e-01
9.954755902290344238e-01
9.819913506507873535e-01
9.991825222969055176e-01
8.674305677413940430e-01
9.606892466545104980e-01
9.361683726310729980e-01
9.892641305923461914e-01
9.922114610671997070e-01
9.215851426124572754e-01
9.954159259796142578e-01
9.991024136543273926e-01
9.845048189163208008e-01
9.121017456054687500e-01
9.752138853073120117e-01
8.540146946907043457e-01
9.824342131614685059e-01
9.314576387405395508e-01
9.595656394958496094e-01
9.824479222297668457e-01
9.683299064636230469e-01
8.942032456398010254e-01
9.651901721954345703e-01
9.936258196830749512e-01
9.853600263595581055e-01
9.790444374084472656e-01
8.654476404190063477e-01
9.880692362785339355e-01
9.424763917922973633e-01
9.683277010917663574e-01
9.849637746810913086e-01
8.745129108428955078e-01
9.095892310142517090e-01
9.925243258476257324e-01
7.271974682807922363e-01
9.780389666557312012e-01
9.307017326354980469e-01
9.703665971755981445e-01
9.813689589500427246e-01
9.961044788360595703e-01
9.609910249710083008e-01
9.809483885765075684e-01
9.847212433815002441e-01
9.931149482727050781e-01
9.875388741493225098e-01
9.854267239570617676e-01
9.915993213653564453e-01
9.740457534790039062e-01
9.802117943763732910e-01
9.953585267066955566e-01
9.992458224296569824e-01
8.240823149681091309e-01
9.779510498046875000e-01
9.900535941123962402e-01
9.992861747741699219e-01
9.716808199882507324e-01
8.442104458808898926e-01
9.749718308448791504e-01
9.287824630737304688e-01
7.645664215087890625e-01
9.912546873092651367e-01
9.878595471382141113e-01
9.667665958404541016e-01
9.242065548896789551e-01
9.771611094474792480e-01
9.641836881637573242e-01
9.744959473609924316e-01
9.087091088294982910e-01
9.606024026870727539e-01
6.803973317146301270e-01
9.770971536636352539e-01
9.717955589294433594e-01
9.852617383003234863e-01
9.923757314682006836e-01
9.733442068099975586e-01
9.816547036170959473e-01
9.153932332992553711e-01
9.863887429237365723e-01
9.840300083160400391e-01
9.908933043479919434e-01
9.798841476440429688e-01
9.995226263999938965e-01
9.904427528381347656e-01
8.004424571990966797e-01
9.421728253364562988e-01
9.895797371864318848e-01
9.801217913627624512e-01
9.500212073326110840e-01
9.496742486953735352e-01
9.404860138893127441e-01
9.423195123672485352e-01
8.042171001434326172e-01
8.485267162322998047e-01
9.934805631637573242e-01
9.957343339920043945e-01
9.855494499206542969e-01
9.642166495323181152e-01
7.213157415390014648e-01
9.874107241630554199e-01
9.040721654891967773e-01
9.998291730880737305e-01
9.610915184020996094e-01
9.486640095710754395e-01
9.892793893814086914e-01
9.647312164306640625e-01
9.118258357048034668e-01
9.574818015098571777e-01
9.881383776664733887e-01
9.143264293670654297e-01
9.521586894989013672e-01
9.608894586563110352e-01
9.964827299118041992e-01
9.507365226745605469e-01
9.436674714088439941e-01
9.502210021018981934e-01
9.956457018852233887e-01
9.670301675796508789e-01
9.969512224197387695e-01
9.818152189254760742e-01
9.670500755310058594e-01
8.677037358283996582e-01
9.447763562202453613e-01
9.857680201530456543e-01
9.996790885925292969e-01
9.797719717025756836e-01
9.619542956352233887e-01
9.856726527214050293e-01
9.038164019584655762e-01
9.464027285575866699e-01
9.942845702171325684e-01
9.754793047904968262e-01
9.758109450340270996e-01
9.968208670616149902e-01
9.933629035949707031e-01
9.561424255371093750e-01
9.861513972282409668e-01
8.929498791694641113e-01
9.729769825935363770e-01
9.985871911048889160e-01
9.923769235610961914e-01
3.280593156814575195e-01
9.979121088981628418e-01
8.674570322036743164e-01
9.587363600730895996e-01
9.956364631652832031e-01
9.018103480339050293e-01
9.716228246688842773e-01
9.892862439155578613e-01
9.916055798530578613e-01
9.852194190025329590e-01
8.721975088119506836e-01
9.766083955764770508e-01
8.726037740707397461e-01
9.995348453521728516e-01
9.511911273002624512e-01
9.888728260993957520e-01
9.790825843811035156e-01
9.887993931770324707e-01
8.458625674247741699e-01
8.750554919242858887e-01
9.431232810020446777e-01
9.734339714050292969e-01
9.995835423469543457e-01
8.736726641654968262e-01
9.992720484733581543e-01
9.960528612136840820e-01
9.856452941894531250e-01
9.306091666221618652e-01
9.800423383712768555e-01
9.341244697570800781e-01
9.648466110229492188e-01
9.888445734977722168e-01
9.834860563278198242e-01
9.959709644317626953e-01
9.927610158920288086e-01
9.326848983764648438e-01
9.707263708114624023e-01
9.821676611900329590e-01
9.760788083076477051e-01
9.893840551376342773e-01
9.960324168205261230e-01
9.952348470687866211e-01
9.763032793998718262e-01
9.887768626213073730e-01
9.783172607421875000e-01
9.689535498619079590e-01
9.895380735397338867e-01
9.889264702796936035e-01
9.985647797584533691e-01
9.644772410392761230e-01
9.935067892074584961e-01
9.295078516006469727e-01
9.717625975608825684e-01
9.496125578880310059e-01
9.826809167861938477e-01
9.806061983108520508e-01
9.901944398880004883e-01
9.443979859352111816e-01
9.592722058296203613e-01
9.580475091934204102e-01
9.868510961532592773e-01
9.161612391471862793e-01
9.813405871391296387e-01
9.326243996620178223e-01
9.514860510826110840e-01
9.743151664733886719e-01
9.515931010246276855e-01
9.752067327499389648e-01
9.872854948043823242e-01
6.053184270858764648e-01
9.638099670410156250e-01
9.872212409973144531e-01
7.744124531745910645e-01
9.774754643440246582e-01
9.294850826263427734e-01
7.991513609886169434e-01
9.505801796913146973e-01
9.531806111335754395e-01
9.478117823600769043e-01
9.853968024253845215e-01
9.878247976303100586e-01
9.671139121055603027e-01
9.279982447624206543e-01
9.968829751014709473e-01
9.608801007270812988e-01
9.642317295074462891e-01
9.912272691726684570e-01
9.875762462615966797e-01
9.620027542114257812e-01
9.972800016403198242e-01
9.917429685592651367e-01
9.362610578536987305e-01
8.812999129295349121e-01
9.933187961578369141e-01
9.750925302505493164e-01
9.630941748619079590e-01
9.373205900192260742e-01
9.703922271728515625e-01
9.187836050987243652e-01
9.663736820220947266e-01
9.895511269569396973e-01
9.751512408256530762e-01
9.973167777061462402e-01
9.687439799308776855e-01
9.275367259979248047e-01
9.517399072647094727e-01
8.912790417671203613e-01
9.209586381912231445e-01
9.936161041259765625e-01
9.596596956253051758e-01
9.862748980522155762e-01
9.757629036903381348e-01
9.503976106643676758e-01
9.993410110473632812e-01
9.893700480461120605e-01
9.886536598205566406e-01
9.950452446937561035e-01
9.898333549499511719e-01
9.909554123878479004e-01
5.885465741157531738e-01
8.329988718032836914e-01
9.921202659606933594e-01
9.707991480827331543e-01
9.861111640930175781e-01
9.933798313140869141e-01
9.604771733283996582e-01
9.509959220886230469e-01
9.551965594291687012e-01
9.708364605903625488e-01
9.243703484535217285e-01
8.811280131340026855e-01
9.199180603027343750e-01
9.857659339904785156e-01
9.976499080657958984e-01
9.645661711692810059e-01
9.685772061347961426e-01
9.858798384666442871e-01
9.627990722656250000e-01
9.858533143997192383e-01
9.417709112167358398e-01
9.999452829360961914e-01
8.393273949623107910e-01
9.978569746017456055e-01
9.923549294471740723e-01
9.190044999122619629e-01
9.755110144615173340e-01
9.942914247512817383e-01
7.637794613838195801e-01
6.161283850669860840e-01
9.985182881355285645e-01
9.738149046897888184e-01
7.616685032844543457e-01
9.832620024681091309e-01
9.649311900138854980e-01
9.900221228599548340e-01
9.973889589309692383e-01
9.920732378959655762e-01
8.986366391181945801e-01
9.917453527450561523e-01
8.663463592529296875e-01
9.720088243484497070e-01
5.463371872901916504e-01
9.770093560218811035e-01
9.940269589424133301e-01
9.977113008499145508e-01
9.496796131134033203e-01
9.413225054740905762e-01
9.794566631317138672e-01
9.982489347457885742e-01
9.879028797149658203e-01
9.884005784988403320e-01
9.722620248794555664e-01
