9.984510540962219238e-01
9.960384368896484375e-01
9.817252755165100098e-01
9.816969633102416992e-01
9.994655847549438477e-01
9.999464154243469238e-01
9.995107054710388184e-01
9.983881115913391113e-01
9.993343949317932129e-01
9.935609698295593262e-01
9.991283416748046875e-01
9.946378469467163086e-01
9.989481568336486816e-01
9.962733387947082520e-01
9.999191164970397949e-01
9.996772408485412598e-01
9.971450567245483398e-01
9.990938901901245117e-01
9.961094260215759277e-01
9.919587373733520508e-01
9.961229562759399414e-01
9.967518448829650879e-01
9.809867143630981445e-01
9.975636005401611328e-01
9.995073676109313965e-01
9.840539097785949707e-01
9.989682435989379883e-01
9.979774355888366699e-01
9.999756217002868652e-01
9.999018311500549316e-01
9.997898340225219727e-01
9.960604310035705566e-01
9.924863576889038086e-01
9.998410940170288086e-01
9.785558581352233887e-01
9.756619334220886230e-01
9.901744723320007324e-01
9.992253780364990234e-01
9.925732016563415527e-01
9.992974400520324707e-01
9.784633517265319824e-01
9.954492449760437012e-01
9.998237490653991699e-01
9.953765869140625000e-01
9.994521141052246094e-01
9.999955296516418457e-01
9.993999600410461426e-01
9.999743700027465820e-01
9.976599216461181641e-01
9.992309808731079102e-01
9.998392462730407715e-01
9.959934949874877930e-01
9.996981620788574219e-01
9.993441104888916016e-01
9.904035925865173340e-01
9.975223541259765625e-01
9.987269043922424316e-01
9.995973110198974609e-01
9.893207550048828125e-01
9.949381947517395020e-01
9.875692725181579590e-01
9.987040758132934570e-01
9.922102093696594238e-01
9.897528886795043945e-01
9.961692094802856445e-01
9.988351464271545410e-01
9.988681077957153320e-01
9.878830909729003906e-01
9.971624612808227539e-01
9.925026297569274902e-01
9.968014955520629883e-01
9.998392462730407715e-01
9.989973902702331543e-01
9.966294765472412109e-01
9.926056265830993652e-01
9.971590042114257812e-01
9.986951351165771484e-01
9.980555772781372070e-01
9.961264729499816895e-01
9.995765089988708496e-01
9.988213181495666504e-01
9.961501359939575195e-01
9.937199354171752930e-01
9.994268417358398438e-01
9.919409155845642090e-01
9.999831318855285645e-01
9.952454566955566406e-01
9.990833997726440430e-01
9.958549141883850098e-01
9.991797208786010742e-01
9.998447895050048828e-01
9.994904994964599609e-01
9.993858933448791504e-01
9.999520182609558105e-01
9.990685582160949707e-01
9.907709360122680664e-01
9.991173744201660156e-01
9.998441338539123535e-01
9.955297112464904785e-01
9.948067069053649902e-01
9.986922144889831543e-01
9.989960789680480957e-01
9.979977607727050781e-01
9.993989467620849609e-01
9.949236512184143066e-01
9.997526407241821289e-01
9.883742928504943848e-01
9.934197664260864258e-01
9.999237656593322754e-01
9.990663528442382812e-01
9.851691722869873047e-01
9.994154572486877441e-01
9.938180446624755859e-01
9.917827248573303223e-01
9.972193837165832520e-01
9.900889396667480469e-01
9.970740675926208496e-01
9.982756376266479492e-01
9.998397827148437500e-01
9.957823753356933594e-01
9.960290193557739258e-01
9.979304671287536621e-01
9.985866546630859375e-01
9.936683773994445801e-01
9.974145889282226562e-01
9.946383237838745117e-01
9.988871812820434570e-01
9.855169057846069336e-01
9.992887377738952637e-01
9.953657984733581543e-01
9.923508167266845703e-01
9.773989915847778320e-01
9.913539886474609375e-01
9.968116283416748047e-01
9.977424740791320801e-01
9.941365718841552734e-01
9.992457032203674316e-01
9.996384382247924805e-01
9.932107329368591309e-01
9.983337521553039551e-01
9.999535679817199707e-01
9.984682798385620117e-01
9.969776272773742676e-01
9.978818893432617188e-01
9.979202747344970703e-01
9.994608759880065918e-01
9.996817708015441895e-01
9.969591498374938965e-01
9.982466697692871094e-01
9.750799536705017090e-01
9.964020848274230957e-01
9.955268502235412598e-01
9.961901307106018066e-01
9.995627403259277344e-01
9.950616359710693359e-01
9.912695288658142090e-01
9.996957182884216309e-01
9.985179901123046875e-01
9.994454979896545410e-01
9.997987151145935059e-01
9.920886754989624023e-01
9.958845973014831543e-01
9.978445172309875488e-01
9.980893135070800781e-01
9.988582730293273926e-01
9.893493652343750000e-01
9.932150840759277344e-01
9.997745752334594727e-01
9.982929229736328125e-01
9.996463060379028320e-01
9.994955062866210938e-01
9.987667202949523926e-01
9.992080330848693848e-01
9.981325864791870117e-01
9.967350959777832031e-01
9.961937069892883301e-01
9.956076145172119141e-01
9.925259351730346680e-01
9.960469007492065430e-01
9.999509453773498535e-01
9.995815157890319824e-01
9.941995739936828613e-01
9.957271814346313477e-01
9.995709657669067383e-01
9.984852671623229980e-01
9.995118975639343262e-01
9.952489137649536133e-01
9.788957834243774414e-01
9.990508556365966797e-01
9.944700598716735840e-01
9.881859421730041504e-01
9.785819649696350098e-01
9.998400807380676270e-01
9.984269738197326660e-01
9.967688322067260742e-01
9.998456835746765137e-01
9.949767589569091797e-01
9.975760579109191895e-01
9.961465597152709961e-01
9.999575614929199219e-01
9.997817873954772949e-01
9.977433085441589355e-01
9.987969994544982910e-01
9.515379071235656738e-01
9.999687075614929199e-01
9.996643066406250000e-01
9.885897040367126465e-01
9.930027127265930176e-01
9.889846444129943848e-01
9.945375919342041016e-01
9.998350143432617188e-01
9.996307492256164551e-01
9.933370351791381836e-01
9.778072834014892578e-01
9.975664615631103516e-01
9.989973902702331543e-01
9.911186695098876953e-01
9.861431121826171875e-01
9.957320690155029297e-01
9.425736069679260254e-01
9.984449744224548340e-01
9.983671903610229492e-01
9.962017536163330078e-01
9.873747229576110840e-01
9.927483797073364258e-01
9.947797656059265137e-01
9.991570711135864258e-01
9.992595314979553223e-01
9.988621473312377930e-01
9.985721707344055176e-01
9.984019398689270020e-01
9.988290667533874512e-01
9.970906376838684082e-01
9.993975758552551270e-01
9.927201271057128906e-01
9.971310496330261230e-01
9.998428821563720703e-01
9.990724921226501465e-01
9.964861869812011719e-01
9.998275041580200195e-01
9.822549819946289062e-01
9.981940388679504395e-01
9.989326596260070801e-01
9.996719956398010254e-01
9.961729645729064941e-01
9.953280687332153320e-01
9.998906254768371582e-01
9.992936849594116211e-01
9.978817105293273926e-01
9.900679588317871094e-01
9.977607727050781250e-01
9.960432648658752441e-01
9.962656497955322266e-01
9.995660781860351562e-01
9.905272126197814941e-01
9.999240040779113770e-01
9.979443550109863281e-01
9.943410158157348633e-01
9.995090961456298828e-01
9.982640743255615234e-01
9.990370869636535645e-01
9.931424260139465332e-01
9.991213679313659668e-01
9.984048008918762207e-01
9.934322237968444824e-01
9.986380338668823242e-01
9.959966540336608887e-01
9.921849370002746582e-01
9.880993962287902832e-01
9.983275532722473145e-01
9.978989362716674805e-01
9.992053508758544922e-01
9.973940253257751465e-01
9.948712587356567383e-01
9.742094874382019043e-01
9.991448521614074707e-01
9.999167919158935547e-01
9.954569935798645020e-01
9.972813725471496582e-01
9.945898652076721191e-01
9.951255321502685547e-01
9.998651742935180664e-01
9.989663362503051758e-01
9.941669106483459473e-01
9.968172907829284668e-01
9.989189505577087402e-01
9.968861341476440430e-01
9.990488290786743164e-01
9.929863214492797852e-01
9.998130798339843750e-01
9.991472363471984863e-01
9.983383417129516602e-01
9.998323321342468262e-01
9.997887015342712402e-01
9.969867467880249023e-01
9.905581474304199219e-01
9.975947141647338867e-01
9.984994530677795410e-01
9.826732873916625977e-01
9.989934563636779785e-01
9.994061589241027832e-01
9.953352808952331543e-01
9.992874264717102051e-01
9.984307885169982910e-01
9.962251186370849609e-01
9.990389347076416016e-01
9.994828701019287109e-01
9.911875128746032715e-01
9.993702173233032227e-01
9.987446665763854980e-01
9.992429018020629883e-01
9.990143179893493652e-01
9.972443580627441406e-01
9.962101578712463379e-01
9.952635169029235840e-01
9.958562254905700684e-01
9.982138872146606445e-01
9.988748431205749512e-01
9.861878156661987305e-01
9.805343151092529297e-01
9.982738494873046875e-01
9.993898272514343262e-01
9.983974695205688477e-01
9.891052246093750000e-01
9.858441948890686035e-01
9.917187690734863281e-01
9.995709657669067383e-01
9.966541528701782227e-01
9.583845138549804688e-01
9.878904819488525391e-01
9.998281002044677734e-01
9.973590373992919922e-01
9.692801237106323242e-01
9.977719187736511230e-01
9.998574852943420410e-01
9.923754930496215820e-01
9.952692985534667969e-01
9.795613288879394531e-01
9.988715052604675293e-01
9.991381168365478516e-01
9.998258352279663086e-01
9.990012645721435547e-01
9.745372533798217773e-01
9.994261860847473145e-01
9.979035258293151855e-01
9.994143843650817871e-01
9.972648620605468750e-01
9.988749623298645020e-01
9.938089251518249512e-01
9.969874620437622070e-01
9.947667121887207031e-01
9.996907711029052734e-01
9.879775643348693848e-01
9.904453754425048828e-01
9.972905516624450684e-01
9.958778619766235352e-01
9.992160797119140625e-01
9.871931672096252441e-01
9.997999072074890137e-01
9.767610430717468262e-01
9.963963031768798828e-01
9.997799992561340332e-01
9.912198781967163086e-01
9.783871173858642578e-01
9.889047145843505859e-01
9.982423186302185059e-01
9.993533492088317871e-01
9.953702688217163086e-01
9.997047781944274902e-01
9.930829405784606934e-01
9.952594041824340820e-01
9.990649819374084473e-01
9.998303651809692383e-01
9.998112320899963379e-01
9.978886842727661133e-01
9.997856616973876953e-01
9.987753629684448242e-01
9.979031085968017578e-01
9.866300821304321289e-01
9.989637136459350586e-01
9.978643655776977539e-01
9.936025738716125488e-01
9.962235093116760254e-01
9.976562857627868652e-01
9.992974996566772461e-01
9.983718395233154297e-01
9.908392429351806641e-01
9.909686446189880371e-01
9.962025284767150879e-01
9.986478090286254883e-01
9.969113469123840332e-01
9.954228997230529785e-01
9.983102679252624512e-01
9.915528893470764160e-01
9.969722628593444824e-01
9.967483282089233398e-01
9.893366098403930664e-01
9.985222220420837402e-01
9.882792234420776367e-01
9.862071871757507324e-01
9.750506877899169922e-01
9.988344907760620117e-01
9.897248148918151855e-01
9.984526634216308594e-01
9.920241832733154297e-01
9.996999502182006836e-01
9.958429932594299316e-01
9.940783977508544922e-01
9.873402118682861328e-01
9.978523254394531250e-01
9.998338818550109863e-01
9.962779879570007324e-01
9.992582798004150391e-01
9.998353719711303711e-01
9.960478544235229492e-01
9.993441104888916016e-01
9.964730143547058105e-01
9.987382292747497559e-01
9.965558648109436035e-01
9.987908601760864258e-01
9.934229850769042969e-01
9.941512346267700195e-01
9.980500936508178711e-01
9.957580566406250000e-01
9.976814389228820801e-01
9.998255372047424316e-01
9.950801134109497070e-01
9.856989383697509766e-01
9.975030422210693359e-01
9.965617060661315918e-01
9.990103244781494141e-01
1.000000000000000000e+00
9.967300891876220703e-01
9.832611083984375000e-01
9.987260103225708008e-01
9.956621527671813965e-01
9.964459538459777832e-01
9.955763816833496094e-01
9.969519972801208496e-01
9.980046153068542480e-01
9.985724687576293945e-01
9.950522184371948242e-01
9.973953366279602051e-01
9.952099919319152832e-01
9.991775155067443848e-01
9.966332316398620605e-01
9.964327216148376465e-01
9.979062676429748535e-01
9.906499385833740234e-01
9.925889968872070312e-01
9.747307896614074707e-01
9.792793393135070801e-01
9.906839132308959961e-01
9.977433681488037109e-01
9.917261600494384766e-01
9.850019812583923340e-01
9.946601986885070801e-01
9.906397461891174316e-01
9.989926218986511230e-01
9.952877163887023926e-01
9.996524453163146973e-01
9.984340071678161621e-01
9.924092888832092285e-01
9.994295239448547363e-01
9.925200343132019043e-01
9.951600432395935059e-01
9.870733022689819336e-01
9.987359642982482910e-01
9.998273253440856934e-01
9.982609748840332031e-01
9.995399117469787598e-01
9.900946021080017090e-01
9.941831231117248535e-01
9.758934974670410156e-01
9.989532828330993652e-01
9.955719113349914551e-01
9.999899864196777344e-01
9.997017979621887207e-01
9.976257681846618652e-01
9.785038828849792480e-01
9.976424574851989746e-01
9.748110175132751465e-01
9.951993823051452637e-01
9.983053803443908691e-01
9.980338811874389648e-01
9.992670416831970215e-01
9.951481223106384277e-01
9.917113184928894043e-01
9.963176846504211426e-01
9.988362193107604980e-01
9.948353171348571777e-01
9.986544847488403320e-01
9.981735944747924805e-01
9.884749650955200195e-01
9.946621656417846680e-01
9.926691651344299316e-01
9.676692485809326172e-01
9.965910315513610840e-01
9.980125427246093750e-01
9.996493458747863770e-01
9.952339529991149902e-01
9.989238381385803223e-01
9.669959545135498047e-01
9.998943209648132324e-01
9.914445877075195312e-01
9.974505305290222168e-01
9.991912841796875000e-01
9.992430210113525391e-01
9.985842108726501465e-01
9.974485635757446289e-01
9.973227977752685547e-01
9.973639845848083496e-01
9.975883960723876953e-01
9.986357688903808594e-01
9.997991919517517090e-01
9.996587038040161133e-01
9.937745332717895508e-01
9.959744215011596680e-01
9.818662405014038086e-01
9.927023053169250488e-01
9.845579266548156738e-01
9.967516660690307617e-01
9.811699390411376953e-01
9.990628957748413086e-01
9.999483227729797363e-01
9.960978627204895020e-01
9.942663311958312988e-01
9.994312524795532227e-01
9.802922606468200684e-01
9.948998689651489258e-01
9.992933273315429688e-01
9.974314570426940918e-01
9.962850809097290039e-01
9.959611296653747559e-01
9.900155067443847656e-01
9.993636608123779297e-01
9.998583793640136719e-01
9.989419579505920410e-01
9.990619421005249023e-01
9.992927908897399902e-01
9.981332421302795410e-01
9.938310980796813965e-01
9.944434762001037598e-01
9.978265166282653809e-01
9.846051931381225586e-01
9.976974725723266602e-01
9.987609982490539551e-01
9.981550574302673340e-01
9.750103950500488281e-01
9.997206330299377441e-01
9.813272953033447266e-01
9.967871308326721191e-01
9.937867522239685059e-01
9.985450506210327148e-01
9.986726045608520508e-01
9.827594161033630371e-01
9.925987720489501953e-01
9.969071745872497559e-01
9.968956112861633301e-01
9.976738095283508301e-01
9.998752474784851074e-01
9.946905374526977539e-01
9.888801574707031250e-01
9.969072341918945312e-01
9.985194206237792969e-01
9.993386864662170410e-01
9.966850280761718750e-01
9.988410472869873047e-01
9.986637234687805176e-01
9.993402361869812012e-01
9.989832043647766113e-01
9.900332093238830566e-01
9.929162859916687012e-01
9.864411950111389160e-01
9.738281369209289551e-01
9.997125864028930664e-01
9.998099803924560547e-01
9.991519451141357422e-01
9.989906549453735352e-01
9.990721940994262695e-01
9.967010617256164551e-01
9.969977140426635742e-01
9.992051720619201660e-01
9.922890663146972656e-01
9.989296793937683105e-01
9.980458021163940430e-01
9.979212880134582520e-01
9.807294011116027832e-01
9.998278021812438965e-01
9.989269971847534180e-01
9.955545067787170410e-01
9.981608986854553223e-01
9.929681420326232910e-01
9.962903857231140137e-01
9.973932504653930664e-01
9.927710890769958496e-01
9.947141408920288086e-01
8.011271953582763672e-01
9.980688095092773438e-01
9.996381998062133789e-01
9.987484812736511230e-01
9.968581795692443848e-01
9.941256046295166016e-01
9.987692832946777344e-01
9.995166063308715820e-01
9.943343997001647949e-01
9.899990558624267578e-01
9.995414614677429199e-01
9.852530360221862793e-01
9.997505545616149902e-01
9.962749481201171875e-01
9.898696541786193848e-01
9.915347099304199219e-01
9.987531900405883789e-01
9.968029260635375977e-01
9.842458367347717285e-01
9.999715089797973633e-01
9.991812109947204590e-01
9.993005990982055664e-01
9.994157552719116211e-01
9.976775646209716797e-01
9.995390772819519043e-01
9.985770583152770996e-01
9.884964823722839355e-01
9.958095550537109375e-01
9.995827078819274902e-01
9.985406994819641113e-01
9.951240420341491699e-01
9.997280240058898926e-01
9.999011158943176270e-01
9.968484044075012207e-01
9.942564368247985840e-01
9.999464154243469238e-01
9.977998733520507812e-01
9.902707338333129883e-01
9.981341361999511719e-01
9.990260004997253418e-01
9.959174394607543945e-01
9.935183525085449219e-01
9.928688406944274902e-01
9.992646574974060059e-01
9.985010623931884766e-01
9.968624711036682129e-01
9.880638122558593750e-01
9.995284080505371094e-01
9.977302551269531250e-01
9.952095746994018555e-01
9.999926090240478516e-01
9.986044764518737793e-01
9.996899366378784180e-01
9.989551305770874023e-01
9.872350692749023438e-01
9.998862743377685547e-01
9.989467263221740723e-01
9.939193129539489746e-01
9.987831115722656250e-01
9.973258972167968750e-01
9.992735981941223145e-01
9.916025400161743164e-01
9.967118501663208008e-01
9.969686865806579590e-01
9.979701638221740723e-01
9.996213316917419434e-01
9.960463047027587891e-01
9.941986799240112305e-01
9.969651699066162109e-01
9.992519021034240723e-01
9.949791431427001953e-01
9.922568202018737793e-01
9.971907734870910645e-01
9.961655735969543457e-01
9.990043640136718750e-01
9.971744418144226074e-01
9.985947012901306152e-01
9.997248649597167969e-01
9.985714554786682129e-01
9.999955296516418457e-01
9.997321367263793945e-01
9.991256594657897949e-01
9.964366555213928223e-01
9.989809393882751465e-01
9.937141537666320801e-01
9.989513158798217773e-01
9.993091225624084473e-01
9.985352754592895508e-01
9.916476607322692871e-01
9.975327253341674805e-01
9.971958994865417480e-01
9.994695186614990234e-01
8.035414218902587891e-01
9.930519461631774902e-01
9.997639060020446777e-01
9.975163340568542480e-01
9.992572665214538574e-01
9.986720085144042969e-01
1.000000000000000000e+00
9.953802227973937988e-01
9.992601871490478516e-01
9.961241483688354492e-01
9.974811673164367676e-01
9.952022433280944824e-01
9.994136691093444824e-01
9.967575669288635254e-01
9.985033273696899414e-01
9.985867738723754883e-01
9.973182082176208496e-01
9.985350966453552246e-01
9.983062744140625000e-01
9.794770479202270508e-01
9.985988140106201172e-01
9.891701340675354004e-01
9.964178800582885742e-01
9.996669292449951172e-01
9.958121776580810547e-01
9.981250762939453125e-01
9.963769316673278809e-01
9.991962909698486328e-01
9.957482814788818359e-01
9.944689869880676270e-01
9.755711555480957031e-01
9.987832903861999512e-01
9.942063689231872559e-01
9.991732239723205566e-01
9.849564433097839355e-01
9.993616342544555664e-01
9.980001449584960938e-01
9.993722438812255859e-01
9.997344613075256348e-01
9.948694109916687012e-01
9.935308694839477539e-01
9.967604279518127441e-01
9.975423216819763184e-01
9.976857900619506836e-01
9.860990643501281738e-01
9.895123243331909180e-01
9.975678920745849609e-01
9.932769536972045898e-01
9.894137382507324219e-01
9.842224121093750000e-01
9.988243579864501953e-01
9.979223012924194336e-01
9.898394346237182617e-01
9.999423027038574219e-01
9.997026324272155762e-01
9.999201893806457520e-01
9.992313385009765625e-01
9.997779726982116699e-01
9.893456101417541504e-01
9.902241826057434082e-01
9.981179237365722656e-01
8.315483927726745605e-01
9.990525245666503906e-01
9.806033372879028320e-01
9.990034699440002441e-01
9.997629523277282715e-01
9.966409206390380859e-01
9.946995377540588379e-01
9.998602271080017090e-01
9.993037581443786621e-01
9.992898106575012207e-01
9.945849180221557617e-01
9.998930692672729492e-01
9.956875443458557129e-01
9.962018132209777832e-01
9.990383386611938477e-01
9.947224259376525879e-01
9.995049834251403809e-01
9.985083341598510742e-01
9.897152781486511230e-01
9.963237643241882324e-01
9.968279004096984863e-01
9.983107447624206543e-01
9.916732311248779297e-01
9.881933331489562988e-01
9.928047060966491699e-01
9.998344779014587402e-01
9.999430775642395020e-01
9.797549247741699219e-01
9.857861399650573730e-01
9.843652844429016113e-01
9.991423487663269043e-01
9.983375668525695801e-01
9.998310804367065430e-01
9.997531771659851074e-01
9.988650679588317871e-01
9.994522929191589355e-01
9.996408820152282715e-01
9.984204769134521484e-01
9.971072077751159668e-01
9.955474138259887695e-01
9.996684193611145020e-01
8.710575103759765625e-01
9.985337257385253906e-01
9.957642555236816406e-01
9.886490106582641602e-01
9.878344535827636719e-01
9.991516470909118652e-01
9.477384090423583984e-01
9.995854496955871582e-01
9.997040629386901855e-01
9.790495038032531738e-01
9.937598109245300293e-01
9.924901127815246582e-01
9.992579817771911621e-01
9.986820220947265625e-01
9.930226802825927734e-01
9.997375011444091797e-01
9.967646002769470215e-01
9.995836615562438965e-01
9.824116826057434082e-01
9.994510412216186523e-01
9.977901577949523926e-01
9.985473155975341797e-01
9.986069798469543457e-01
9.997305870056152344e-01
9.994500279426574707e-01
9.926528334617614746e-01
9.883286952972412109e-01
9.918511509895324707e-01
9.961529970169067383e-01
9.737938046455383301e-01
9.986088275909423828e-01
9.971309304237365723e-01
9.992594718933105469e-01
9.986468553543090820e-01
9.975494146347045898e-01
9.992645382881164551e-01
9.959694743156433105e-01
9.943242073059082031e-01
9.804601073265075684e-01
9.993904232978820801e-01
9.967393875122070312e-01
9.995008707046508789e-01
9.999348521232604980e-01
9.990479946136474609e-01
9.988832473754882812e-01
9.999452829360961914e-01
9.963150024414062500e-01
9.945058822631835938e-01
9.892299771308898926e-01
9.942854046821594238e-01
9.954821467399597168e-01
9.903425574302673340e-01
9.976035952568054199e-01
9.941092133522033691e-01
9.973315000534057617e-01
9.966154694557189941e-01
9.967415332794189453e-01
9.993331432342529297e-01
9.998329281806945801e-01
9.975159168243408203e-01
9.966706633567810059e-01
9.972074627876281738e-01
9.960733652114868164e-01
9.977967143058776855e-01
9.948858618736267090e-01
9.882192015647888184e-01
9.981123805046081543e-01
9.969791769981384277e-01
9.957253932952880859e-01
9.958258867263793945e-01
9.987789988517761230e-01
9.950023889541625977e-01
9.963876008987426758e-01
9.967584013938903809e-01
9.967139959335327148e-01
9.993034005165100098e-01
9.989225268363952637e-01
9.994028210639953613e-01
9.935050010681152344e-01
8.416166305541992188e-01
9.983906149864196777e-01
9.993584752082824707e-01
9.985902905464172363e-01
9.896067976951599121e-01
9.988619089126586914e-01
9.998754262924194336e-01
9.934824109077453613e-01
9.993079900741577148e-01
9.936727881431579590e-01
9.949144124984741211e-01
9.987288117408752441e-01
9.979824423789978027e-01
9.998233914375305176e-01
9.904330372810363770e-01
9.950317740440368652e-01
9.925794601440429688e-01
9.998339414596557617e-01
9.907673001289367676e-01
9.880966544151306152e-01
9.962284564971923828e-01
9.954589605331420898e-01
9.889593720436096191e-01
9.984094500541687012e-01
9.956496357917785645e-01
9.915500283241271973e-01
9.978771805763244629e-01
9.877582788467407227e-01
9.948270320892333984e-01
9.902565479278564453e-01
9.999883770942687988e-01
9.989967346191406250e-01
9.829247593879699707e-01
9.995030760765075684e-01
9.989247918128967285e-01
9.817214608192443848e-01
9.993863105773925781e-01
9.990044236183166504e-01
9.952710270881652832e-01
9.903026819229125977e-01
9.917288422584533691e-01
9.994962811470031738e-01
9.984536767005920410e-01
9.983962774276733398e-01
9.999074339866638184e-01
9.995281696319580078e-01
9.983230829238891602e-01
9.999543428421020508e-01
9.979711174964904785e-01
9.960625171661376953e-01
9.995069503784179688e-01
9.980491399765014648e-01
9.970068931579589844e-01
9.993253946304321289e-01
9.955874681472778320e-01
9.986106753349304199e-01
9.946606755256652832e-01
9.881559610366821289e-01
9.936276674270629883e-01
9.999891519546508789e-01
9.828550219535827637e-01
9.995827674865722656e-01
9.963803291320800781e-01
9.960448741912841797e-01
9.937984347343444824e-01
9.798318147659301758e-01
9.969537854194641113e-01
9.991994500160217285e-01
9.999557733535766602e-01
9.967003464698791504e-01
9.961751103401184082e-01
9.957743287086486816e-01
9.963183999061584473e-01
9.989917874336242676e-01
9.999280571937561035e-01
9.805486202239990234e-01
9.973500370979309082e-01
9.987304806709289551e-01
9.928877353668212891e-01
9.960432052612304688e-01
9.975373148918151855e-01
9.989854693412780762e-01
9.996137022972106934e-01
9.991648793220520020e-01
9.930863976478576660e-01
9.947261810302734375e-01
9.941703081130981445e-01
9.751850962638854980e-01
9.997814893722534180e-01
9.931790232658386230e-01
9.997835755348205566e-01
9.966664314270019531e-01
9.960228204727172852e-01
9.994354844093322754e-01
9.999364614486694336e-01
9.978897571563720703e-01
9.994372129440307617e-01
9.861238002777099609e-01
9.981629252433776855e-01
9.993672370910644531e-01
9.961736798286437988e-01
9.998246431350708008e-01
9.957384467124938965e-01
9.913929700851440430e-01
9.966667890548706055e-01
9.993596076965332031e-01
9.997771382331848145e-01
9.984590411186218262e-01
9.996178746223449707e-01
9.971209168434143066e-01
9.987784028053283691e-01
9.999219179153442383e-01
9.998551011085510254e-01
9.959665536880493164e-01
9.988844394683837891e-01
9.994137287139892578e-01
9.985938668251037598e-01
9.920051097869873047e-01
9.986271262168884277e-01
9.991167783737182617e-01
9.922798275947570801e-01
9.986776709556579590e-01
9.939571022987365723e-01
9.996255636215209961e-01
9.949358105659484863e-01
9.986958503723144531e-01
9.955806732177734375e-01
9.917531609535217285e-01
9.981451630592346191e-01
9.966002106666564941e-01
9.924054741859436035e-01
9.983002543449401855e-01
9.996374249458312988e-01
9.934181571006774902e-01
9.964077472686767578e-01
9.987909793853759766e-01
9.892468452453613281e-01
9.993536472320556641e-01
9.962880015373229980e-01
9.893443584442138672e-01
9.955384135246276855e-01
9.733424186706542969e-01
9.975517392158508301e-01
9.867657423019409180e-01
9.974523186683654785e-01
9.944905042648315430e-01
9.826214909553527832e-01
9.993856549263000488e-01
9.994563460350036621e-01
9.816645979881286621e-01
9.947100877761840820e-01
9.972908496856689453e-01
9.997107982635498047e-01
9.986987113952636719e-01
9.988373517990112305e-01
9.919698238372802734e-01
9.995884299278259277e-01
9.956710338592529297e-01
9.991320967674255371e-01
9.958547949790954590e-01
9.993965625762939453e-01
9.921355843544006348e-01
9.948260188102722168e-01
9.990761280059814453e-01
9.997470974922180176e-01
9.958613514900207520e-01
9.865222573280334473e-01
9.998623728752136230e-01
9.996006488800048828e-01
9.917604327201843262e-01
9.800050258636474609e-01
9.984900355339050293e-01
9.998412132263183594e-01
9.981697201728820801e-01
9.997772574424743652e-01
9.962871670722961426e-01
9.993033409118652344e-01
9.924180507659912109e-01
9.931166768074035645e-01
9.934035539627075195e-01
9.983332753181457520e-01
9.929494261741638184e-01
9.851331114768981934e-01
9.950773715972900391e-01
9.996741414070129395e-01
9.989436268806457520e-01
9.929609298706054688e-01
9.909387230873107910e-01
9.984116554260253906e-01
9.997975230216979980e-01
9.967441558837890625e-01
9.994360804557800293e-01
9.782494306564331055e-01
9.984778761863708496e-01
9.921886920928955078e-01
9.990998506546020508e-01
9.903295040130615234e-01
9.934449791908264160e-01
9.997000694274902344e-01
9.975626468658447266e-01
9.963208436965942383e-01
9.997085332870483398e-01
9.951850175857543945e-01
9.997952580451965332e-01
9.912458062171936035e-01
9.944475293159484863e-01
9.956820011138916016e-01
9.987131953239440918e-01
9.940559267997741699e-01
9.998209476470947266e-01
9.806845784187316895e-01
9.879930615425109863e-01
9.995429515838623047e-01
9.946163296699523926e-01
9.994520545005798340e-01
9.989228248596191406e-01
9.953635334968566895e-01
9.982590675354003906e-01
9.948825240135192871e-01
9.957141876220703125e-01
9.966191649436950684e-01
9.996811151504516602e-01
9.872486591339111328e-01
9.991984367370605469e-01
9.954675436019897461e-01
9.978197216987609863e-01
9.999782443046569824e-01
9.931526184082031250e-01
9.936043024063110352e-01
9.926231503486633301e-01
9.474019408226013184e-01
9.991300702095031738e-01
9.998881816864013672e-01
9.991247057914733887e-01
9.922524690628051758e-01
9.971117377281188965e-01
9.895092844963073730e-01
9.996184706687927246e-01
9.994202852249145508e-01
9.974858164787292480e-01
9.998188614845275879e-01
9.946789741516113281e-01
9.975236654281616211e-01
9.997593760490417480e-01
9.991183280944824219e-01
9.986718297004699707e-01
9.991036057472229004e-01
9.994695186614990234e-01
9.973960518836975098e-01
9.992948770523071289e-01
9.984615445137023926e-01
9.916970133781433105e-01
9.996738433837890625e-01
9.990404844284057617e-01
9.919557571411132812e-01
9.971826672554016113e-01
9.896188378334045410e-01
9.989128708839416504e-01
9.940098524093627930e-01
9.874271154403686523e-01
9.986245036125183105e-01
9.981170892715454102e-01
9.641187787055969238e-01
9.994382262229919434e-01
9.978159666061401367e-01
9.985151886940002441e-01
9.914045333862304688e-01
9.997493624687194824e-01
9.963038563728332520e-01
9.997684955596923828e-01
9.867041110992431641e-01
9.985587596893310547e-01
9.859544634819030762e-01
9.976310729980468750e-01
9.933449625968933105e-01
9.998280405998229980e-01
9.995242357254028320e-01
9.963825345039367676e-01
9.920259118080139160e-01
9.978836178779602051e-01
9.978707432746887207e-01
9.998444318771362305e-01
9.840400815010070801e-01
9.998273253440856934e-01
9.997052550315856934e-01
9.957687854766845703e-01
9.981538057327270508e-01
9.990233182907104492e-01
9.989546537399291992e-01
9.949171543121337891e-01
9.980172514915466309e-01
9.832391738891601562e-01
9.974793791770935059e-01
9.981402158737182617e-01
9.813015460968017578e-01
9.997922778129577637e-01
9.965919852256774902e-01
9.962079524993896484e-01
9.992392659187316895e-01
9.805651307106018066e-01
9.999418258666992188e-01
9.989652633666992188e-01
9.991325736045837402e-01
9.942207336425781250e-01
9.964809417724609375e-01
9.976183772087097168e-01
9.994893074035644531e-01
9.984949231147766113e-01
9.991710782051086426e-01
9.967428445816040039e-01
9.980154037475585938e-01
9.986376166343688965e-01
9.989438652992248535e-01
9.947206377983093262e-01
9.994511604309082031e-01
9.931495189666748047e-01
9.920395612716674805e-01
9.576910138130187988e-01
9.985195994377136230e-01
9.996222853660583496e-01
9.929984211921691895e-01
9.954913854598999023e-01
9.996467232704162598e-01
9.878210425376892090e-01
9.965721964836120605e-01
9.978311061859130859e-01
9.883222579956054688e-01
9.981974363327026367e-01
9.923100471496582031e-01
9.934980273246765137e-01
9.883285164833068848e-01
9.982098340988159180e-01
9.881532192230224609e-01
9.982070326805114746e-01
9.997441172599792480e-01
9.938068985939025879e-01
9.969679117202758789e-01
9.924786686897277832e-01
9.979010820388793945e-01
9.984945654869079590e-01
9.928874969482421875e-01
9.999532699584960938e-01
9.871009588241577148e-01
9.973976612091064453e-01
9.968069791793823242e-01
9.998091459274291992e-01
9.986615777015686035e-01
9.988343119621276855e-01
9.978026747703552246e-01
9.947410225868225098e-01
9.928202033042907715e-01
9.985412955284118652e-01
9.990189671516418457e-01
9.986822605133056641e-01
9.988325238227844238e-01
9.943295717239379883e-01
9.741442799568176270e-01
9.994759559631347656e-01
9.843714833259582520e-01
9.987191557884216309e-01
9.949384331703186035e-01
9.908508062362670898e-01
9.974581003189086914e-01
9.954223632812500000e-01
9.996800422668457031e-01
9.889226555824279785e-01
9.960415959358215332e-01
9.988787174224853516e-01
9.948329329490661621e-01
9.987111091613769531e-01
9.993760585784912109e-01
9.960507154464721680e-01
9.801463484764099121e-01
9.983775019645690918e-01
9.999054074287414551e-01
9.987267255783081055e-01
9.993518590927124023e-01
9.992554783821105957e-01
9.969654679298400879e-01
9.769029617309570312e-01
9.927370548248291016e-01
9.982227087020874023e-01
9.920258522033691406e-01
9.969369173049926758e-01
9.914460778236389160e-01
9.981002211570739746e-01
9.971313476562500000e-01
9.963108301162719727e-01
9.952086210250854492e-01
9.721183776855468750e-01
9.761903285980224609e-01
9.596612453460693359e-01
9.963220953941345215e-01
9.985517263412475586e-01
9.930531382560729980e-01
9.940919876098632812e-01
9.997385144233703613e-01
9.948831200599670410e-01
9.922428131103515625e-01
9.997835159301757812e-01
9.935743212699890137e-01
9.997320175170898438e-01
1.000000000000000000e+00
9.940919280052185059e-01
9.844655394554138184e-01
9.890226721763610840e-01
9.993543028831481934e-01
9.977058768272399902e-01
9.966735839843750000e-01
9.909446835517883301e-01
9.987867474555969238e-01
9.991576075553894043e-01
9.973554015159606934e-01
9.982219338417053223e-01
9.838894009590148926e-01
9.868870377540588379e-01
9.939627051353454590e-01
9.989723563194274902e-01
9.907442927360534668e-01
9.992710351943969727e-01
9.975935220718383789e-01
1.000000000000000000e+00
9.912099838256835938e-01
9.999831318855285645e-01
9.998087882995605469e-01
