9.984637498855590820e-01
7.173517346382141113e-01
5.004814863204956055e-01
5.952332615852355957e-01
8.226174712181091309e-01
9.999254345893859863e-01
9.960827231407165527e-01
9.905276298522949219e-01
9.952492713928222656e-01
9.485887885093688965e-01
9.992036819458007812e-01
8.977802395820617676e-01
9.755201935768127441e-01
9.970827102661132812e-01
9.995748996734619141e-01
9.966911673545837402e-01
9.849572777748107910e-01
9.644489884376525879e-01
4.511117637157440186e-01
9.977313280105590820e-01
9.965701103210449219e-01
8.726452589035034180e-01
7.600378990173339844e-01
8.932562470436096191e-01
9.969205856323242188e-01
6.727958917617797852e-01
9.987675547599792480e-01
9.921020865440368652e-01
9.999749064445495605e-01
9.999902844429016113e-01
9.993425011634826660e-01
9.901972413063049316e-01
6.072534322738647461e-01
9.998762011528015137e-01
7.939618825912475586e-01
9.938008189201354980e-01
8.517322540283203125e-01
9.992118477821350098e-01
7.164622545242309570e-01
7.312431931495666504e-01
5.895857810974121094e-01
9.882639646530151367e-01
9.998797774314880371e-01
9.357030987739562988e-01
9.995098710060119629e-01
9.746523499488830566e-01
9.994931817054748535e-01
5.914910435676574707e-01
9.817677140235900879e-01
9.852355122566223145e-01
9.998992085456848145e-01
8.652440905570983887e-01
9.997280240058898926e-01
9.991490840911865234e-01
7.717769145965576172e-01
4.673388898372650146e-01
7.749583125114440918e-01
9.986698627471923828e-01
8.514119982719421387e-01
6.599776148796081543e-01
6.248786449432373047e-01
9.894372820854187012e-01
8.690066933631896973e-01
5.004161596298217773e-01
9.688997268676757812e-01
9.988961219787597656e-01
9.979084134101867676e-01
4.258001744747161865e-01
8.606253266334533691e-01
5.330839753150939941e-01
5.910180807113647461e-01
9.998676180839538574e-01
9.993811845779418945e-01
7.739208936691284180e-01
9.705796241760253906e-01
9.953145980834960938e-01
9.927399158477783203e-01
9.986994862556457520e-01
8.641701340675354004e-01
9.996708631515502930e-01
9.817570447921752930e-01
6.087858676910400391e-01
3.775584697723388672e-01
9.962300658226013184e-01
9.065322279930114746e-01
9.989880919456481934e-01
9.902121424674987793e-01
7.929377555847167969e-01
9.564208388328552246e-01
9.797926545143127441e-01
9.998774528503417969e-01
9.941450357437133789e-01
9.994336962699890137e-01
9.992072582244873047e-01
9.336832761764526367e-01
7.944811582565307617e-01
9.990944862365722656e-01
9.991073608398437500e-01
8.935519456863403320e-01
4.667770862579345703e-01
9.983153343200683594e-01
9.989154338836669922e-01
9.951593279838562012e-01
9.994174242019653320e-01
8.996275067329406738e-01
9.998251795768737793e-01
7.608986496925354004e-01
9.540442228317260742e-01
9.958162307739257812e-01
9.988606572151184082e-01
4.895464181900024414e-01
9.991827607154846191e-01
9.593836665153503418e-01
9.419647455215454102e-01
9.771707057952880859e-01
4.061440527439117432e-01
9.223502278327941895e-01
6.170196533203125000e-01
9.998778700828552246e-01
9.005116820335388184e-01
9.053347110748291016e-01
8.102641701698303223e-01
9.863758087158203125e-01
9.231646656990051270e-01
8.198261857032775879e-01
9.244567155838012695e-01
8.032501339912414551e-01
6.348438262939453125e-01
9.990845918655395508e-01
9.418876767158508301e-01
9.038101434707641602e-01
5.279807448387145996e-01
9.279782772064208984e-01
9.916255474090576172e-01
9.141620397567749023e-01
7.145769000053405762e-01
9.993945360183715820e-01
9.996801018714904785e-01
6.284036636352539062e-01
9.985914230346679688e-01
9.697909355163574219e-01
9.987090826034545898e-01
8.360766172409057617e-01
9.214617013931274414e-01
9.621109366416931152e-01
9.987010955810546875e-01
9.993296265602111816e-01
5.593495368957519531e-01
9.932357668876647949e-01
7.421680688858032227e-01
9.919638633728027344e-01
9.368437528610229492e-01
7.348440289497375488e-01
8.251000642776489258e-01
9.701164960861206055e-01
3.669033050537109375e-01
9.996405839920043945e-01
9.986336827278137207e-01
9.994825124740600586e-01
9.998501539230346680e-01
8.738029003143310547e-01
9.711533784866333008e-01
7.269784808158874512e-01
5.463089346885681152e-01
9.989200234413146973e-01
6.874052882194519043e-01
9.444946050643920898e-01
9.998397231101989746e-01
8.770844340324401855e-01
9.996411204338073730e-01
3.617558479309082031e-01
9.983653426170349121e-01
9.968318343162536621e-01
9.070516228675842285e-01
9.957225918769836426e-01
5.877174139022827148e-01
6.700413227081298828e-01
6.965724229812622070e-01
9.922722578048706055e-01
9.993185400962829590e-01
9.990002512931823730e-01
7.935598492622375488e-01
2.685238122940063477e-01
9.995811581611633301e-01
9.507789015769958496e-01
9.995580911636352539e-01
7.900048494338989258e-01
5.675947666168212891e-01
9.982782006263732910e-01
9.123944640159606934e-01
6.988879442214965820e-01
9.930885434150695801e-01
9.998731017112731934e-01
9.969773888587951660e-01
9.963396787643432617e-01
9.998918175697326660e-01
9.376428723335266113e-01
8.875723481178283691e-01
9.975668191909790039e-01
9.998780488967895508e-01
9.997399449348449707e-01
9.893490076065063477e-01
9.982093572616577148e-01
6.229094862937927246e-01
8.572294116020202637e-01
9.994330406188964844e-01
7.938646674156188965e-01
4.197769165039062500e-01
9.507053494453430176e-01
6.336517333984375000e-01
9.998833537101745605e-01
9.998345375061035156e-01
6.644144058227539062e-01
4.052845537662506104e-01
9.978814721107482910e-01
9.935164451599121094e-01
9.253130555152893066e-01
7.929859161376953125e-01
3.365638256072998047e-01
8.360800147056579590e-01
9.729621410369873047e-01
9.682615399360656738e-01
9.808804392814636230e-01
9.316766858100891113e-01
8.232176899909973145e-01
9.078547358512878418e-01
9.990721940994262695e-01
9.995560646057128906e-01
9.989402294158935547e-01
9.986976981163024902e-01
9.980219602584838867e-01
7.191166877746582031e-01
9.228131771087646484e-01
9.995138049125671387e-01
3.336373269557952881e-01
9.970615506172180176e-01
9.991930127143859863e-01
9.839209318161010742e-01
9.427440762519836426e-01
9.998364448547363281e-01
4.092053771018981934e-01
9.983189105987548828e-01
9.984208941459655762e-01
9.998016357421875000e-01
9.704833626747131348e-01
6.917291283607482910e-01
9.915507435798645020e-01
9.993332624435424805e-01
9.458634257316589355e-01
2.121322154998779297e-01
9.973925352096557617e-01
9.360945820808410645e-01
7.314107418060302734e-01
8.476114869117736816e-01
8.987711668014526367e-01
9.996710419654846191e-01
2.553145289421081543e-01
6.967129707336425781e-01
9.996635913848876953e-01
9.988017678260803223e-01
8.257653117179870605e-01
5.954675078392028809e-01
9.990869760513305664e-01
9.987482428550720215e-01
8.606323003768920898e-01
9.979712367057800293e-01
7.741760611534118652e-01
9.172701239585876465e-01
6.103696227073669434e-01
8.136864304542541504e-01
3.407437801361083984e-01
9.995291233062744141e-01
9.890403151512145996e-01
9.914283156394958496e-01
4.609775841236114502e-01
9.990313649177551270e-01
9.971261620521545410e-01
9.902568459510803223e-01
9.956322908401489258e-01
8.421838879585266113e-01
9.712426066398620605e-01
8.828182816505432129e-01
9.855054020881652832e-01
9.631580114364624023e-01
7.091141939163208008e-01
8.985024690628051758e-01
8.380889892578125000e-01
7.657194137573242188e-01
9.925271868705749512e-01
9.998710751533508301e-01
9.671402573585510254e-01
9.874616265296936035e-01
9.998926520347595215e-01
9.998679161071777344e-01
2.723192572593688965e-01
5.922282338142395020e-01
8.979226350784301758e-01
9.441509842872619629e-01
7.835740447044372559e-01
9.636456966400146484e-01
9.991359710693359375e-01
7.409467101097106934e-01
9.751131534576416016e-01
9.985933303833007812e-01
7.722654938697814941e-01
6.867890954017639160e-01
7.966969013214111328e-01
4.135290384292602539e-01
9.890086650848388672e-01
9.910396933555603027e-01
9.858809113502502441e-01
9.993274211883544922e-01
8.548141121864318848e-01
8.333104848861694336e-01
9.547958374023437500e-01
9.928678870201110840e-01
9.880796670913696289e-01
9.983834028244018555e-01
7.126208543777465820e-01
8.006741404533386230e-01
9.959870576858520508e-01
9.993682503700256348e-01
9.980025887489318848e-01
8.145869374275207520e-01
2.786092162132263184e-01
4.890553653240203857e-01
5.498378872871398926e-01
9.778369665145874023e-01
8.122123479843139648e-01
5.754720568656921387e-01
9.998828172683715820e-01
9.983606338500976562e-01
5.219798088073730469e-01
6.643564701080322266e-01
9.998670220375061035e-01
5.599331259727478027e-01
6.567200422286987305e-01
7.249821424484252930e-01
9.985421299934387207e-01
9.991445541381835938e-01
9.998664855957031250e-01
9.984322786331176758e-01
5.831707119941711426e-01
9.978640675544738770e-01
9.488789439201354980e-01
9.126688241958618164e-01
9.521458148956298828e-01
9.621577858924865723e-01
9.804850816726684570e-01
9.968206286430358887e-01
9.956826567649841309e-01
9.994931817054748535e-01
5.606580972671508789e-01
8.079404234886169434e-01
1.829952001571655273e-02
9.725539088249206543e-01
9.994994997978210449e-01
6.434578299522399902e-01
9.982265830039978027e-01
4.723177850246429443e-01
4.310372471809387207e-01
9.998618960380554199e-01
9.169967770576477051e-01
7.415052056312561035e-01
4.441392719745635986e-01
9.821376204490661621e-01
9.590783119201660156e-01
9.944263100624084473e-01
9.840199351310729980e-01
4.854506850242614746e-01
9.443210959434509277e-01
7.288796901702880859e-01
9.997928738594055176e-01
9.998671412467956543e-01
9.916002154350280762e-01
9.998480081558227539e-01
8.372890949249267578e-01
9.870583415031433105e-01
8.752849698066711426e-01
9.285714030265808105e-01
9.836853742599487305e-01
9.754453897476196289e-01
7.591131329536437988e-01
9.301695823669433594e-01
9.960781335830688477e-01
9.984478950500488281e-01
6.467866897583007812e-01
9.293489456176757812e-01
7.629290223121643066e-01
9.720590710639953613e-01
9.080030322074890137e-01
9.859144091606140137e-01
9.992920756340026855e-01
6.111447215080261230e-01
9.743655920028686523e-01
8.580144047737121582e-01
6.000409722328186035e-01
4.434177577495574951e-01
5.267312526702880859e-01
9.125767946243286133e-01
6.177354454994201660e-01
9.946022033691406250e-01
5.495042800903320312e-01
9.833812713623046875e-01
8.954523205757141113e-01
9.996704459190368652e-01
9.944842457771301270e-01
9.216970801353454590e-01
7.403340339660644531e-01
6.674625873565673828e-01
9.998741745948791504e-01
7.183709144592285156e-01
9.991402029991149902e-01
9.998683929443359375e-01
4.800324440002441406e-01
9.996250867843627930e-01
8.881763815879821777e-01
9.981506466865539551e-01
8.784846663475036621e-01
4.930113852024078369e-01
9.277701973915100098e-01
7.417058944702148438e-01
9.295725822448730469e-01
9.711054563522338867e-01
9.985376000404357910e-01
9.998599886894226074e-01
8.261398673057556152e-01
7.461279630661010742e-01
8.270823359489440918e-01
5.106380581855773926e-01
9.994030594825744629e-01
9.999168515205383301e-01
9.900182485580444336e-01
6.767579913139343262e-01
5.184236764907836914e-01
9.829704761505126953e-01
9.956695437431335449e-01
8.544619083404541016e-01
9.893207550048828125e-01
9.413008093833923340e-01
9.614445567131042480e-01
9.252011179924011230e-01
9.978642463684082031e-01
8.682063221931457520e-01
9.845264554023742676e-01
9.837325215339660645e-01
9.007537364959716797e-01
9.978535771369934082e-01
9.518284201622009277e-01
7.528412938117980957e-01
9.720589518547058105e-01
6.963931918144226074e-01
2.174443751573562622e-01
6.780673861503601074e-01
5.904171466827392578e-01
5.918713808059692383e-01
7.943778038024902344e-01
7.652224898338317871e-01
9.958087801933288574e-01
6.626861691474914551e-01
9.991213679313659668e-01
9.977784752845764160e-01
8.362080454826354980e-01
9.993994832038879395e-01
5.068215131759643555e-01
8.224654197692871094e-01
6.413912773132324219e-01
9.214519262313842773e-01
8.981953263282775879e-01
3.485603630542755127e-01
9.987336993217468262e-01
9.317063093185424805e-01
9.758207201957702637e-01
5.209532380104064941e-01
9.984816312789916992e-01
9.369161128997802734e-01
9.995111823081970215e-01
9.995017051696777344e-01
9.977248907089233398e-01
5.274721384048461914e-01
9.991856813430786133e-01
4.599277675151824951e-01
9.883382916450500488e-01
9.981242418289184570e-01
9.969208240509033203e-01
9.856283068656921387e-01
8.664776682853698730e-01
8.696783781051635742e-01
8.449164032936096191e-01
9.521744251251220703e-01
9.004586338996887207e-01
8.841736316680908203e-01
7.438774704933166504e-01
4.394691288471221924e-01
8.117681741714477539e-01
6.491113305091857910e-01
5.143007040023803711e-01
9.246724843978881836e-01
9.544095396995544434e-01
9.999625086784362793e-01
8.823264241218566895e-01
7.412994503974914551e-01
4.750439822673797607e-01
9.996531009674072266e-01
9.982486963272094727e-01
9.866506457328796387e-01
6.173176169395446777e-01
9.996056556701660156e-01
9.978739023208618164e-01
9.975620508193969727e-01
9.924418330192565918e-01
9.925513267517089844e-01
5.462937951087951660e-01
9.252212047576904297e-01
9.998916387557983398e-01
9.967713356018066406e-01
7.377896308898925781e-01
9.828409552574157715e-01
6.793017983436584473e-01
9.961083531379699707e-01
5.005552172660827637e-01
9.965207576751708984e-01
5.251722335815429688e-01
9.994233846664428711e-01
9.997220039367675781e-01
5.973595380783081055e-01
8.323224186897277832e-01
9.994055628776550293e-01
7.630147337913513184e-01
6.995688676834106445e-01
9.582691788673400879e-01
6.648016571998596191e-01
9.965239763259887695e-01
8.112900853157043457e-01
9.931747317314147949e-01
4.353599548339843750e-01
9.769376516342163086e-01
9.989280700683593750e-01
9.200171232223510742e-01
9.991607666015625000e-01
9.989650845527648926e-01
9.044078588485717773e-01
5.243200063705444336e-01
9.639050364494323730e-01
5.291465520858764648e-01
9.948787093162536621e-01
9.949969649314880371e-01
9.985209107398986816e-01
7.781507968902587891e-01
9.995236396789550781e-01
5.856499075889587402e-01
9.980149269104003906e-01
9.828109145164489746e-01
8.670563101768493652e-01
9.921325445175170898e-01
7.525826692581176758e-01
7.749992609024047852e-01
6.694657802581787109e-01
6.501298546791076660e-01
9.949465990066528320e-01
9.313359856605529785e-01
4.676669836044311523e-03
9.958521127700805664e-01
9.834343791007995605e-01
9.984536767005920410e-01
9.991433024406433105e-01
7.981244921684265137e-01
6.657840609550476074e-01
9.916917681694030762e-01
9.991580843925476074e-01
9.992021322250366211e-01
4.268426299095153809e-01
6.987391710281372070e-01
6.730436682701110840e-01
5.776635408401489258e-01
9.996218085289001465e-01
9.854045510292053223e-01
9.164038896560668945e-01
9.991589784622192383e-01
9.932397007942199707e-01
9.940432310104370117e-01
9.898221492767333984e-01
9.971735477447509766e-01
4.770525097846984863e-01
9.993668794631958008e-01
9.049908518791198730e-01
6.471789479255676270e-01
5.361885428428649902e-01
9.997968673706054688e-01
9.945062398910522461e-01
8.360430598258972168e-01
7.058609127998352051e-01
9.326283931732177734e-01
8.889642357826232910e-01
9.981188774108886719e-01
5.819815397262573242e-01
9.658139348030090332e-01
9.700087308883666992e-01
9.413296580314636230e-01
9.996497035026550293e-01
9.990558624267578125e-01
9.923408031463623047e-01
8.097267150878906250e-01
4.430585801601409912e-01
6.429768204689025879e-01
9.919777512550354004e-01
5.170775055885314941e-01
6.333898901939392090e-01
6.128348708152770996e-01
9.995233416557312012e-01
6.243253350257873535e-01
7.388162612915039062e-01
3.791205286979675293e-01
9.839522838592529297e-01
9.988391995429992676e-01
7.496351003646850586e-01
9.997890591621398926e-01
9.994554519653320312e-01
9.988843798637390137e-01
9.992009997367858887e-01
9.827759265899658203e-01
9.997122883796691895e-01
6.731931567192077637e-01
6.507649421691894531e-01
6.777249574661254883e-01
9.994074702262878418e-01
9.988122582435607910e-01
9.683151841163635254e-01
9.997500181198120117e-01
9.807410240173339844e-01
6.617406010627746582e-01
9.921292662620544434e-01
8.955941200256347656e-01
5.014642477035522461e-01
8.009445667266845703e-01
9.894194602966308594e-01
9.985250234603881836e-01
9.894004464149475098e-01
1.662814170122146606e-01
8.901864290237426758e-01
6.966767907142639160e-01
8.866590261459350586e-01
8.321588039398193359e-01
5.334684252738952637e-01
9.992539882659912109e-01
9.969905018806457520e-01
7.402452230453491211e-01
9.994802474975585938e-01
8.733839988708496094e-01
9.996517300605773926e-01
9.708423614501953125e-01
6.150843501091003418e-01
9.612454175949096680e-01
9.989003539085388184e-01
7.932729721069335938e-01
9.989588260650634766e-01
8.558524250984191895e-01
9.984043240547180176e-01
9.174241423606872559e-01
9.362278580665588379e-01
9.962527155876159668e-01
9.984371066093444824e-01
9.996506571769714355e-01
8.012563586235046387e-01
8.615932464599609375e-01
9.489552378654479980e-01
9.993192553520202637e-01
5.077766180038452148e-01
3.240412473678588867e-01
8.473852276802062988e-01
7.392320036888122559e-01
9.884042143821716309e-01
9.942607283592224121e-01
9.612953066825866699e-01
9.997449517250061035e-01
9.843140244483947754e-01
9.847410917282104492e-01
9.996448159217834473e-01
6.461640596389770508e-01
9.806689023971557617e-01
9.985676407814025879e-01
9.651653766632080078e-01
9.976602196693420410e-01
9.692131876945495605e-01
9.989237785339355469e-01
7.437716722488403320e-01
5.057514905929565430e-01
9.885573387145996094e-01
9.804326295852661133e-01
5.057421922683715820e-01
9.938895106315612793e-01
9.998720288276672363e-01
8.912733197212219238e-01
5.787077546119689941e-01
9.961832165718078613e-01
9.999980926513671875e-01
5.759151577949523926e-01
9.995649456977844238e-01
9.416468143463134766e-01
7.152705788612365723e-01
9.505237936973571777e-01
9.978547692298889160e-01
9.684462547302246094e-01
9.982498288154602051e-01
9.988123774528503418e-01
9.976581931114196777e-01
9.749421477317810059e-01
9.475233554840087891e-01
5.941089987754821777e-01
1.197439432144165039e-02
6.335594058036804199e-01
9.752206802368164062e-01
9.846174716949462891e-01
9.539039134979248047e-01
9.975220561027526855e-01
9.699627757072448730e-01
9.996027946472167969e-01
5.224879980087280273e-01
9.533202648162841797e-01
1.159240379929542542e-01
6.770461797714233398e-01
6.401113271713256836e-01
3.948885202407836914e-01
5.116041898727416992e-01
9.994647502899169922e-01
3.461916446685791016e-01
9.986566305160522461e-01
9.997675418853759766e-01
9.690593481063842773e-01
9.929313063621520996e-01
7.261111736297607422e-01
9.807880520820617676e-01
9.978269934654235840e-01
4.567670524120330811e-01
6.277399063110351562e-01
9.633004665374755859e-01
8.704099655151367188e-01
7.349566221237182617e-01
6.002255082130432129e-01
9.858224391937255859e-01
9.979994893074035645e-01
7.283499240875244141e-01
9.996290802955627441e-01
4.564200341701507568e-01
9.998692870140075684e-01
9.987533092498779297e-01
9.998683333396911621e-01
7.585871815681457520e-01
5.604930520057678223e-01
9.967876672744750977e-01
6.963561773300170898e-01
9.994109272956848145e-01
8.890809416770935059e-01
9.921754598617553711e-01
9.998190402984619141e-01
9.848265051841735840e-01
6.433385610580444336e-01
9.983170628547668457e-01
9.994039535522460938e-01
9.993963241577148438e-01
5.857918262481689453e-01
9.986162781715393066e-01
7.180916666984558105e-01
9.854875802993774414e-01
8.039203882217407227e-01
9.847129583358764648e-01
9.947114586830139160e-01
9.900537729263305664e-01
5.477017164230346680e-01
9.718993902206420898e-01
9.237708449363708496e-01
4.407876729965209961e-02
9.023802280426025391e-01
7.508267164230346680e-01
5.819835066795349121e-01
9.998723268508911133e-01
9.998912811279296875e-01
5.675492882728576660e-01
4.696243107318878174e-01
7.046078443527221680e-01
6.813428401947021484e-01
7.172490954399108887e-01
9.998670220375061035e-01
7.994368076324462891e-01
9.988999962806701660e-01
9.994708299636840820e-01
9.997377991676330566e-01
3.466598987579345703e-01
9.789511561393737793e-01
9.709622859954833984e-01
9.997503161430358887e-01
5.448619127273559570e-01
7.248668670654296875e-01
9.207717776298522949e-01
6.406015157699584961e-01
6.637123823165893555e-01
9.985444545745849609e-01
5.237963199615478516e-01
6.391507387161254883e-01
9.997394084930419922e-01
6.599609851837158203e-01
9.279834032058715820e-01
7.841280102729797363e-01
9.991075992584228516e-01
8.786672353744506836e-01
5.307242870330810547e-01
9.986465573310852051e-01
6.617228388786315918e-01
6.660155653953552246e-01
7.282043099403381348e-01
9.995334744453430176e-01
9.126148223876953125e-01
8.812848925590515137e-01
9.980817437171936035e-01
9.955172538757324219e-01
9.692663550376892090e-01
9.066802263259887695e-01
6.443122625350952148e-01
9.912882447242736816e-01
9.918487668037414551e-01
4.534730315208435059e-01
3.903197944164276123e-01
9.974110722541809082e-01
3.612600266933441162e-01
9.986758232116699219e-01
5.663111805915832520e-01
6.689102053642272949e-01
9.472073912620544434e-01
6.464248895645141602e-01
6.982119083404541016e-01
9.995382428169250488e-01
6.827610135078430176e-01
9.987734556198120117e-01
9.973816871643066406e-01
9.641787409782409668e-01
9.976112842559814453e-01
9.993829727172851562e-01
9.548258185386657715e-01
8.879253864288330078e-01
8.854406476020812988e-01
8.833480477333068848e-01
9.837516546249389648e-01
8.859273791313171387e-01
9.972548484802246094e-01
9.162784218788146973e-01
9.220150113105773926e-01
9.555717706680297852e-01
9.868080019950866699e-01
9.834332466125488281e-01
9.972928166389465332e-01
9.980282783508300781e-01
7.983586192131042480e-01
8.412343859672546387e-01
7.083553671836853027e-01
9.824937582015991211e-01
6.737115979194641113e-01
9.554288387298583984e-01
9.965758323669433594e-01
9.492440223693847656e-01
4.849707186222076416e-01
7.593876719474792480e-01
9.991310238838195801e-01
9.015807509422302246e-01
9.761521220207214355e-01
9.571303129196166992e-01
5.103743076324462891e-01
2.278089523315429688e-02
9.985634088516235352e-01
9.966744184494018555e-01
8.360915184020996094e-01
4.428343772888183594e-01
9.977315068244934082e-01
9.985644817352294922e-01
9.987704157829284668e-01
9.357099533081054688e-01
9.958580136299133301e-01
9.997882843017578125e-01
8.580348491668701172e-01
6.369621157646179199e-01
9.729682207107543945e-01
9.362813830375671387e-01
9.992278218269348145e-01
9.892362356185913086e-01
9.977068305015563965e-01
5.970792770385742188e-01
9.822346568107604980e-01
9.174157977104187012e-01
9.998832941055297852e-01
5.990946888923645020e-01
8.896176218986511230e-01
9.342711567878723145e-01
9.426513910293579102e-01
5.379540324211120605e-01
9.984892010688781738e-01
9.299573302268981934e-01
7.210959792137145996e-01
9.974643588066101074e-01
6.236606836318969727e-01
8.869190812110900879e-01
5.677772164344787598e-01
9.996309876441955566e-01
9.980828762054443359e-01
5.172310471534729004e-01
9.993400573730468750e-01
5.808883905410766602e-01
8.081071972846984863e-01
9.919732213020324707e-01
9.888657927513122559e-01
9.964924454689025879e-01
4.516672790050506592e-01
6.315176486968994141e-01
9.996220469474792480e-01
6.212516427040100098e-01
8.331803083419799805e-01
9.999569058418273926e-01
8.285538554191589355e-01
9.883560538291931152e-01
9.960649013519287109e-01
9.981399178504943848e-01
9.991435408592224121e-01
9.991802573204040527e-01
9.632732272148132324e-01
5.839480161666870117e-01
9.995751976966857910e-01
9.305688142776489258e-01
9.987331628799438477e-01
9.625328779220581055e-01
5.564277768135070801e-01
9.044095277786254883e-01
9.998785853385925293e-01
7.475556731224060059e-01
9.997608661651611328e-01
8.553048372268676758e-01
7.499639391899108887e-01
8.879114985466003418e-01
7.586502432823181152e-01
4.975876808166503906e-01
9.969212412834167480e-01
4.563152790069580078e-03
9.363913536071777344e-01
9.599289894104003906e-01
4.510159492492675781e-01
7.665773630142211914e-01
8.300318717956542969e-01
9.806987047195434570e-01
6.580398082733154297e-01
7.945017814636230469e-01
9.978561997413635254e-01
9.609326124191284180e-01
9.909246563911437988e-01
9.963397383689880371e-01
9.987211823463439941e-01
9.997539520263671875e-01
4.973242878913879395e-01
8.868736624717712402e-01
6.061657667160034180e-01
4.945721328258514404e-01
6.944935917854309082e-01
4.685833454132080078e-01
7.361597418785095215e-01
8.630854487419128418e-01
7.854498028755187988e-01
5.215576887130737305e-01
9.994707703590393066e-01
6.745185852050781250e-01
9.780311584472656250e-01
9.992735981941223145e-01
6.426801085472106934e-01
9.556772112846374512e-01
9.977023005485534668e-01
9.733892083168029785e-01
9.998826384544372559e-01
9.595324397087097168e-01
6.108114719390869141e-01
7.373358607292175293e-01
9.994828104972839355e-01
9.995988011360168457e-01
9.984896779060363770e-01
9.993767738342285156e-01
9.906069636344909668e-01
9.986912012100219727e-01
9.999111890792846680e-01
9.997231364250183105e-01
4.988789558410644531e-03
9.987074136734008789e-01
9.984912276268005371e-01
9.963730573654174805e-01
7.632995247840881348e-01
9.975570440292358398e-01
9.972928166389465332e-01
9.158135652542114258e-01
9.993223547935485840e-01
6.969956159591674805e-01
6.178976297378540039e-01
8.018630743026733398e-01
9.983795285224914551e-01
2.918129265308380127e-01
6.077819466590881348e-01
9.986255168914794922e-01
8.332535624504089355e-01
9.640161991119384766e-01
9.979836344718933105e-01
9.994834065437316895e-01
9.821016788482666016e-01
9.824295639991760254e-01
9.988109469413757324e-01
7.637183666229248047e-01
9.986905455589294434e-01
1.023602485656738281e-02
6.629711985588073730e-01
8.763577342033386230e-01
5.345449447631835938e-01
8.941811919212341309e-01
6.020423769950866699e-01
6.182714700698852539e-01
6.268801689147949219e-01
6.567569375038146973e-01
9.994169473648071289e-01
9.994806647300720215e-01
7.255675196647644043e-01
7.951030135154724121e-01
9.844747185707092285e-01
9.995123147964477539e-01
9.934082031250000000e-01
9.754742383956909180e-01
5.737173557281494141e-01
9.976150393486022949e-01
7.291340231895446777e-01
9.719069600105285645e-01
9.869691133499145508e-01
9.968364238739013672e-01
5.681559443473815918e-01
9.897974729537963867e-01
9.993074536323547363e-01
9.687992334365844727e-01
9.541149735450744629e-01
4.415040314197540283e-01
5.829964876174926758e-01
9.855402112007141113e-01
6.891865730285644531e-01
5.291583538055419922e-01
9.941963553428649902e-01
9.998763799667358398e-01
5.482841134071350098e-01
9.992692470550537109e-01
8.460834026336669922e-01
9.994418025016784668e-01
9.430620670318603516e-01
8.026112318038940430e-01
9.047234654426574707e-01
6.441679596900939941e-01
7.602084875106811523e-01
6.871123313903808594e-01
6.605597138404846191e-01
9.997711777687072754e-01
9.985038638114929199e-01
6.247324943542480469e-01
3.699257075786590576e-01
9.577838778495788574e-01
8.994022607803344727e-01
9.826026558876037598e-01
8.579279184341430664e-01
6.294701099395751953e-01
6.463551521301269531e-01
6.610288619995117188e-01
9.898457527160644531e-01
6.704034805297851562e-01
9.405161142349243164e-01
9.997593760490417480e-01
9.958730340003967285e-01
9.725142717361450195e-01
9.946935772895812988e-01
8.036167621612548828e-01
9.998138546943664551e-01
8.428285717964172363e-01
7.832580208778381348e-01
8.408256769180297852e-01
9.972648620605468750e-01
9.944155216217041016e-01
9.998434185981750488e-01
5.630776286125183105e-01
5.725619792938232422e-01
9.965753555297851562e-01
7.561593055725097656e-01
9.977909326553344727e-01
9.985258579254150391e-01
9.935932755470275879e-01
9.776933789253234863e-01
9.823473095893859863e-01
7.048534154891967773e-01
9.388421773910522461e-01
9.992038011550903320e-01
6.532827019691467285e-01
9.990258812904357910e-01
9.621342420578002930e-01
9.980898499488830566e-01
1.222621202468872070e-01
8.685167431831359863e-01
9.636125564575195312e-01
9.638123512268066406e-01
5.136377811431884766e-01
9.993122816085815430e-01
9.999315142631530762e-01
9.986160993576049805e-01
5.032765269279479980e-01
9.408423304557800293e-01
6.656774282455444336e-01
9.992649555206298828e-01
9.994947314262390137e-01
9.983401298522949219e-01
9.950358271598815918e-01
9.177760481834411621e-01
7.272784113883972168e-01
9.997990131378173828e-01
9.991208314895629883e-01
8.899443745613098145e-01
9.488028883934020996e-01
3.345856666564941406e-01
9.966368079185485840e-01
9.516065716743469238e-01
8.892500400543212891e-01
9.593107700347900391e-01
9.995050430297851562e-01
9.930884838104248047e-01
7.923394441604614258e-01
9.934921264648437500e-01
7.774994969367980957e-01
9.992052912712097168e-01
9.098892807960510254e-01
6.991707086563110352e-01
9.984879493713378906e-01
9.978026151657104492e-01
4.611561298370361328e-01
9.995436072349548340e-01
7.702577710151672363e-01
9.989116787910461426e-01
8.967313766479492188e-01
9.995553493499755859e-01
4.992948174476623535e-01
7.958135604858398438e-01
7.255403995513916016e-01
9.860932230949401855e-01
7.366931438446044922e-01
9.962154626846313477e-01
9.697067737579345703e-01
9.987974166870117188e-01
9.988617897033691406e-01
9.822360277175903320e-01
8.429164290428161621e-01
6.580435633659362793e-01
9.947020411491394043e-01
9.998790025711059570e-01
5.912024378776550293e-01
9.998730421066284180e-01
9.997197985649108887e-01
9.729458093643188477e-01
9.957711100578308105e-01
9.986696243286132812e-01
9.965163469314575195e-01
9.988873600959777832e-01
9.910184741020202637e-01
5.377192497253417969e-01
9.984142184257507324e-01
9.798527359962463379e-01
8.221251964569091797e-01
9.968592524528503418e-01
8.312072753906250000e-01
8.454340696334838867e-01
9.991637468338012695e-01
7.066764235496520996e-01
9.997365474700927734e-01
9.989430904388427734e-01
9.951642155647277832e-01
4.058029651641845703e-01
4.102729260921478271e-01
5.612000226974487305e-01
9.995101690292358398e-01
9.941917061805725098e-01
9.982141852378845215e-01
9.164814949035644531e-01
9.888029098510742188e-01
4.629452824592590332e-01
9.694254398345947266e-01
9.600426554679870605e-01
9.859616160392761230e-01
8.927880525588989258e-01
7.963138222694396973e-01
4.957086741924285889e-01
9.989461898803710938e-01
9.996288418769836426e-01
7.190886139869689941e-01
8.445082306861877441e-01
9.997298717498779297e-01
8.837397694587707520e-01
9.032121896743774414e-01
9.071832895278930664e-01
5.177729129791259766e-01
9.282897710800170898e-01
5.070044398307800293e-01
4.909619092941284180e-01
8.169016242027282715e-01
9.535340666770935059e-01
5.236745476722717285e-01
9.803958535194396973e-01
9.996030926704406738e-01
9.228887557983398438e-01
9.943047165870666504e-01
9.836199283599853516e-01
9.990555047988891602e-01
9.991201758384704590e-01
8.624358773231506348e-01
9.872922897338867188e-01
9.467201828956604004e-01
9.736469984054565430e-01
5.862386822700500488e-01
9.998411536216735840e-01
9.984635114669799805e-01
9.889283776283264160e-01
9.436402320861816406e-01
7.849375009536743164e-01
9.369535446166992188e-01
4.347958564758300781e-01
9.991882443428039551e-01
8.917065262794494629e-01
9.951663613319396973e-01
9.912229776382446289e-01
7.018837928771972656e-01
9.993897676467895508e-01
4.151339232921600342e-01
9.511276483535766602e-01
9.351636171340942383e-01
2.754610776901245117e-02
8.743464946746826172e-01
4.921313524246215820e-01
9.921249747276306152e-01
7.202581167221069336e-01
8.698872327804565430e-01
9.982610940933227539e-01
9.114310145378112793e-01
9.254803061485290527e-01
9.990667104721069336e-01
8.973500132560729980e-01
6.259608268737792969e-01
9.768362641334533691e-01
9.998852014541625977e-01
9.981465935707092285e-01
5.135996341705322266e-01
2.300093509256839752e-02
8.799647688865661621e-01
8.810495734214782715e-01
8.113752603530883789e-01
7.753629088401794434e-01
6.661959290504455566e-01
9.978117346763610840e-01
9.521508812904357910e-01
7.126812338829040527e-01
9.918982982635498047e-01
9.628422856330871582e-01
9.536209106445312500e-01
9.948679804801940918e-01
5.892064571380615234e-01
5.801306366920471191e-01
9.488987922668457031e-01
9.981977343559265137e-01
9.477012753486633301e-01
5.063204765319824219e-01
9.996948242187500000e-01
9.781974554061889648e-01
4.925645589828491211e-01
9.997426271438598633e-01
9.664818644523620605e-01
6.676912307739257812e-01
9.996605515480041504e-01
9.739419221878051758e-01
5.281567573547363281e-01
5.759907960891723633e-01
9.987217187881469727e-01
9.779118299484252930e-01
9.896022081375122070e-01
9.920260310173034668e-01
9.989440441131591797e-01
9.995686411857604980e-01
9.964919090270996094e-01
9.924216866493225098e-01
4.691722989082336426e-01
7.314825057983398438e-01
8.046486377716064453e-01
9.954540729522705078e-01
8.130031228065490723e-01
9.065642952919006348e-01
9.050235152244567871e-01
9.999419450759887695e-01
5.470371246337890625e-01
4.900970160961151123e-01
9.998508691787719727e-01
