9.835759997367858887e-01
9.933256506919860840e-01
4.613725543022155762e-01
3.529815971851348877e-01
8.936384916305541992e-01
9.810207486152648926e-01
9.950273633003234863e-01
9.907593131065368652e-01
9.829490184783935547e-01
8.286899328231811523e-01
9.853237867355346680e-01
7.951273322105407715e-01
9.968495965003967285e-01
9.854477047920227051e-01
9.995991587638854980e-01
9.863919615745544434e-01
9.941900968551635742e-01
9.587315320968627930e-01
9.988456368446350098e-01
9.638553261756896973e-01
9.984294772148132324e-01
9.695960879325866699e-01
9.894690513610839844e-01
9.789662361145019531e-01
9.998810887336730957e-01
9.772068858146667480e-01
9.932093024253845215e-01
9.195495247840881348e-01
9.945361614227294922e-01
9.983796477317810059e-01
9.950565695762634277e-01
9.750204086303710938e-01
9.303115010261535645e-01
9.280518293380737305e-01
9.811472892761230469e-01
9.934996366500854492e-01
7.734026312828063965e-01
9.808076620101928711e-01
9.853387475013732910e-01
9.604936838150024414e-01
9.934538602828979492e-01
9.522649645805358887e-01
9.944307208061218262e-01
8.074892163276672363e-01
9.798812270164489746e-01
9.938468337059020996e-01
9.311328530311584473e-01
9.557834267616271973e-01
9.716518521308898926e-01
9.914338588714599609e-01
9.798339009284973145e-01
9.586486220359802246e-01
9.893916249275207520e-01
9.979264140129089355e-01
9.082162380218505859e-01
9.909063577651977539e-01
9.353346228599548340e-01
9.746236801147460938e-01
9.406905174255371094e-01
9.868706464767456055e-01
8.514217138290405273e-01
9.676579833030700684e-01
9.753851890563964844e-01
6.886063218116760254e-01
9.015611410140991211e-01
9.771844744682312012e-01
9.614360928535461426e-01
9.753932356834411621e-01
9.588754773139953613e-01
6.940798759460449219e-01
9.930154681205749512e-01
9.269067049026489258e-01
9.899758696556091309e-01
9.337103962898254395e-01
9.824227690696716309e-01
9.919246435165405273e-01
6.216179132461547852e-01
9.604532122611999512e-01
9.845334291458129883e-01
9.630582332611083984e-01
9.470080733299255371e-01
9.517207145690917969e-01
9.741520285606384277e-01
9.900514483451843262e-01
8.643764257431030273e-01
9.901472330093383789e-01
8.931200504302978516e-01
9.957138299942016602e-01
9.354137182235717773e-01
9.933542609214782715e-01
9.256419539451599121e-01
9.928795099258422852e-01
9.504748582839965820e-01
9.913142323493957520e-01
9.987630844116210938e-01
9.986535310745239258e-01
9.608039855957031250e-01
8.861435055732727051e-01
9.496888518333435059e-01
8.982280492782592773e-01
9.458611607551574707e-01
9.928189516067504883e-01
8.967976570129394531e-01
9.746414422988891602e-01
9.329285621643066406e-01
9.828774929046630859e-01
9.495596885681152344e-01
8.817003965377807617e-01
9.872673153877258301e-01
9.768123030662536621e-01
9.085915088653564453e-01
9.841477274894714355e-01
9.191758036613464355e-01
9.606978893280029297e-01
9.732114672660827637e-01
6.836684346199035645e-01
9.763732552528381348e-01
9.907669425010681152e-01
9.231696724891662598e-01
9.021051526069641113e-01
9.969356656074523926e-01
9.637016654014587402e-01
9.790117740631103516e-01
9.662460684776306152e-01
9.811546802520751953e-01
9.821041822433471680e-01
8.477475047111511230e-01
9.869739413261413574e-01
9.884376525878906250e-01
9.036619067192077637e-01
9.380089640617370605e-01
9.424965977668762207e-01
9.522352218627929688e-01
9.698225855827331543e-01
9.884083867073059082e-01
7.504752874374389648e-01
9.089189767837524414e-01
9.981938600540161133e-01
9.915795326232910156e-01
9.267851114273071289e-01
9.945214390754699707e-01
8.956700563430786133e-01
9.678978919982910156e-01
9.578905105590820312e-01
9.892087578773498535e-01
9.923382997512817383e-01
9.561654925346374512e-01
9.900974035263061523e-01
9.986374378204345703e-01
9.417862296104431152e-01
9.870447516441345215e-01
9.368218779563903809e-01
8.829572200775146484e-01
9.472817182540893555e-01
9.857567548751831055e-01
8.823209404945373535e-01
8.909909129142761230e-01
9.288343787193298340e-01
9.747725725173950195e-01
9.232563972473144531e-01
9.601694941520690918e-01
9.882967472076416016e-01
4.657489657402038574e-01
8.420207500457763672e-01
9.911698698997497559e-01
9.917061328887939453e-01
9.025155901908874512e-01
9.842581748962402344e-01
4.408172667026519775e-01
9.934774041175842285e-01
9.809564352035522461e-01
9.926325082778930664e-01
9.753445982933044434e-01
9.811781644821166992e-01
9.656609296798706055e-01
8.985851407051086426e-01
8.361344337463378906e-01
9.554390311241149902e-01
9.888175725936889648e-01
9.658329486846923828e-01
8.899988532066345215e-01
9.950123429298400879e-01
9.924786686897277832e-01
9.853608608245849609e-01
9.804961085319519043e-01
9.915269613265991211e-01
9.422729015350341797e-01
9.689794182777404785e-01
9.967333674430847168e-01
8.832095861434936523e-01
9.560661315917968750e-01
9.200196266174316406e-01
8.207522630691528320e-01
8.503550887107849121e-01
9.310687780380249023e-01
9.937798976898193359e-01
9.846586585044860840e-01
9.221336245536804199e-01
9.643025994300842285e-01
9.947812557220458984e-01
9.590241312980651855e-01
9.819939732551574707e-01
9.940399527549743652e-01
9.608402252197265625e-01
9.795402288436889648e-01
9.487630724906921387e-01
9.913100600242614746e-01
9.952955842018127441e-01
6.585327386856079102e-01
6.400661468505859375e-01
8.992585539817810059e-01
9.845804572105407715e-01
9.174174070358276367e-01
9.827661514282226562e-01
9.507388472557067871e-01
9.787493944168090820e-01
9.912553429603576660e-01
9.716685414314270020e-01
9.024389386177062988e-01
6.845684647560119629e-01
9.853079319000244141e-01
9.014102220535278320e-01
9.658748507499694824e-01
9.829972386360168457e-01
8.446861505508422852e-01
9.522546529769897461e-01
6.829930543899536133e-01
9.312733411788940430e-01
9.848065376281738281e-01
9.494828581809997559e-01
9.419902563095092773e-01
8.810787796974182129e-01
9.682649970054626465e-01
8.534069061279296875e-01
9.864939451217651367e-01
9.764334559440612793e-01
9.884983897209167480e-01
8.602887988090515137e-01
9.938853979110717773e-01
9.995360374450683594e-01
9.251503348350524902e-01
9.995601773262023926e-01
9.468934535980224609e-01
9.957612752914428711e-01
9.770675301551818848e-01
9.680755734443664551e-01
9.923484921455383301e-01
9.948463439941406250e-01
9.026468396186828613e-01
9.790791869163513184e-01
9.938941001892089844e-01
9.927412271499633789e-01
9.684479832649230957e-01
9.584850668907165527e-01
9.687782526016235352e-01
8.898493647575378418e-01
9.590797424316406250e-01
9.949497580528259277e-01
9.933360815048217773e-01
9.432880282402038574e-01
9.551174044609069824e-01
9.872559905052185059e-01
9.925337433815002441e-01
9.932737946510314941e-01
9.857680797576904297e-01
9.588562846183776855e-01
9.901818633079528809e-01
9.871300458908081055e-01
8.368179202079772949e-01
6.570471525192260742e-01
7.570809721946716309e-01
9.821592569351196289e-01
9.959437251091003418e-01
9.474567770957946777e-01
9.895356893539428711e-01
9.981777071952819824e-01
9.809940457344055176e-01
9.730589389801025391e-01
9.902532696723937988e-01
9.656125307083129883e-01
9.799343347549438477e-01
9.787157773971557617e-01
8.590002059936523438e-01
9.977528452873229980e-01
9.952337741851806641e-01
6.507730484008789062e-01
9.958964586257934570e-01
9.560076594352722168e-01
9.873290061950683594e-01
8.981612920761108398e-01
9.973360896110534668e-01
9.710114002227783203e-01
9.589595794677734375e-01
9.753963947296142578e-01
9.783118963241577148e-01
9.682338237762451172e-01
9.859455823898315430e-01
9.930148720741271973e-01
9.836013317108154297e-01
9.912088513374328613e-01
8.669769763946533203e-01
9.469724893569946289e-01
9.979222416877746582e-01
7.648516893386840820e-01
9.716701507568359375e-01
9.581661224365234375e-01
9.904485344886779785e-01
9.166006445884704590e-01
8.838773369789123535e-01
9.450182914733886719e-01
9.780045747756958008e-01
9.889363050460815430e-01
9.795638918876647949e-01
9.778565168380737305e-01
9.763225317001342773e-01
9.922602772712707520e-01
9.535116553306579590e-01
8.269460797309875488e-01
9.807510972023010254e-01
8.958905339241027832e-01
8.819687962532043457e-01
8.235826492309570312e-01
9.888317584991455078e-01
9.685608744621276855e-01
9.417008757591247559e-01
9.324870705604553223e-01
9.460301399230957031e-01
8.981547951698303223e-01
9.098219871520996094e-01
9.838762283325195312e-01
9.971755146980285645e-01
9.570298790931701660e-01
9.210744500160217285e-01
9.689971208572387695e-01
9.684246182441711426e-01
9.121054410934448242e-01
9.840024113655090332e-01
9.535712599754333496e-01
6.824137568473815918e-01
5.222316980361938477e-01
8.510794043540954590e-01
9.691019058227539062e-01
9.153478145599365234e-01
9.714086055755615234e-01
5.552375912666320801e-01
9.994400143623352051e-01
9.480490684509277344e-01
9.884061217308044434e-01
9.545249342918395996e-01
9.876421093940734863e-01
9.574613571166992188e-01
9.076255559921264648e-01
9.689404964447021484e-01
9.996483922004699707e-01
4.894738793373107910e-01
9.471006989479064941e-01
9.882084727287292480e-01
9.906804561614990234e-01
9.904465675354003906e-01
9.561424851417541504e-01
9.749149680137634277e-01
5.576109290122985840e-01
9.038711786270141602e-01
9.661321043968200684e-01
6.456574201583862305e-01
9.815104007720947266e-01
9.613445401191711426e-01
9.961804747581481934e-01
9.995498657226562500e-01
9.792851805686950684e-01
8.413918018341064453e-01
9.855249524116516113e-01
9.898639321327209473e-01
9.937482476234436035e-01
9.924881458282470703e-01
9.725150465965270996e-01
8.707001209259033203e-01
9.831175804138183594e-01
6.757935285568237305e-01
9.505304694175720215e-01
8.735607862472534180e-01
9.704866409301757812e-01
9.853006601333618164e-01
9.683108329772949219e-01
9.994959831237792969e-01
9.546552300453186035e-01
9.702177047729492188e-01
8.957602381706237793e-01
9.595199227333068848e-01
9.768503904342651367e-01
9.914567470550537109e-01
9.892995357513427734e-01
9.565756916999816895e-01
9.913932681083679199e-01
9.870245456695556641e-01
9.956756830215454102e-01
9.246910214424133301e-01
9.922229051589965820e-01
9.893283247947692871e-01
9.223572611808776855e-01
9.771110415458679199e-01
7.986007332801818848e-01
6.546760201454162598e-01
9.989416003227233887e-01
9.314441680908203125e-01
9.875447750091552734e-01
9.760488867759704590e-01
9.995971322059631348e-01
9.922401309013366699e-01
9.759907126426696777e-01
9.943592548370361328e-01
9.646570086479187012e-01
9.201247692108154297e-01
9.890339374542236328e-01
9.336221814155578613e-01
9.158009886741638184e-01
9.568858146667480469e-01
9.901764988899230957e-01
9.409674406051635742e-01
9.898264408111572266e-01
9.931837320327758789e-01
9.214115142822265625e-01
9.079236388206481934e-01
9.811521172523498535e-01
9.846892952919006348e-01
9.598904252052307129e-01
9.423894286155700684e-01
9.190190434455871582e-01
9.657657742500305176e-01
9.908344149589538574e-01
9.970188140869140625e-01
9.989817142486572266e-01
9.834103584289550781e-01
9.587479233741760254e-01
9.778885245323181152e-01
9.773219823837280273e-01
9.298100471496582031e-01
8.648069500923156738e-01
9.640879631042480469e-01
9.061188697814941406e-01
8.976770639419555664e-01
9.801546931266784668e-01
9.824725389480590820e-01
9.928101897239685059e-01
9.701988697052001953e-01
9.748878479003906250e-01
9.795073270797729492e-01
9.706792831420898438e-01
9.825042486190795898e-01
9.495494365692138672e-01
9.050923585891723633e-01
8.432011604309082031e-01
9.657821655273437500e-01
8.260032534599304199e-01
9.929667115211486816e-01
9.955803155899047852e-01
7.947863936424255371e-01
9.410409927368164062e-01
8.988825082778930664e-01
9.266126751899719238e-01
9.927935600280761719e-01
9.969533681869506836e-01
9.449641704559326172e-01
8.979896903038024902e-01
8.492178320884704590e-01
9.723728299140930176e-01
9.935514926910400391e-01
9.853451251983642578e-01
4.815182089805603027e-01
9.531069397926330566e-01
9.735836386680603027e-01
9.955508112907409668e-01
9.796397686004638672e-01
6.760391592979431152e-01
8.468933105468750000e-01
8.298848867416381836e-01
9.794472455978393555e-01
9.851066470146179199e-01
9.937194585800170898e-01
9.962102770805358887e-01
9.647941589355468750e-01
9.863069653511047363e-01
9.350016713142395020e-01
9.445153474807739258e-01
8.745113611221313477e-01
9.944002628326416016e-01
9.608319997787475586e-01
9.795021414756774902e-01
8.203073143959045410e-01
8.754274249076843262e-01
3.431196510791778564e-01
9.912938475608825684e-01
8.457517027854919434e-01
6.726043224334716797e-01
9.955779314041137695e-01
9.255541563034057617e-01
9.540515542030334473e-01
9.982354044914245605e-01
9.582799673080444336e-01
9.796589016914367676e-01
9.740551114082336426e-01
9.167914986610412598e-01
7.854995131492614746e-01
9.013525843620300293e-01
9.374126195907592773e-01
8.830189108848571777e-01
9.789223074913024902e-01
9.990753531455993652e-01
9.841752648353576660e-01
9.881393909454345703e-01
9.953398704528808594e-01
9.212398529052734375e-01
8.508163094520568848e-01
9.959883093833923340e-01
9.740692973136901855e-01
9.893277287483215332e-01
9.946650862693786621e-01
9.997909665107727051e-01
9.886164665222167969e-01
8.604634404182434082e-01
9.715741276741027832e-01
8.928993344306945801e-01
9.720674753189086914e-01
9.896313548088073730e-01
8.446394205093383789e-01
9.870700836181640625e-01
9.836775064468383789e-01
9.244179725646972656e-01
9.603689312934875488e-01
9.680052399635314941e-01
9.816421866416931152e-01
9.933667778968811035e-01
9.896057844161987305e-01
9.903881549835205078e-01
9.273372888565063477e-01
9.184045791625976562e-01
8.981136679649353027e-01
9.330828189849853516e-01
9.794942140579223633e-01
8.369985222816467285e-01
9.817711710929870605e-01
9.722979068756103516e-01
9.798824787139892578e-01
9.622060656547546387e-01
9.228701591491699219e-01
9.801728129386901855e-01
9.497642517089843750e-01
9.728525876998901367e-01
9.907749295234680176e-01
9.954416751861572266e-01
9.485785961151123047e-01
9.909960627555847168e-01
9.571681022644042969e-01
9.893033504486083984e-01
9.450069069862365723e-01
9.850481152534484863e-01
9.879978895187377930e-01
9.307551383972167969e-01
9.772158265113830566e-01
9.947575926780700684e-01
9.873523712158203125e-01
9.956271648406982422e-01
9.862387776374816895e-01
9.857084751129150391e-01
9.797596335411071777e-01
9.925026297569274902e-01
9.960126280784606934e-01
9.891291856765747070e-01
9.364714026451110840e-01
9.836167097091674805e-01
9.881218075752258301e-01
9.778587818145751953e-01
9.296226501464843750e-01
9.685330390930175781e-01
9.772635102272033691e-01
9.838503003120422363e-01
6.568481922149658203e-01
8.209080696105957031e-01
9.864568710327148438e-01
9.836220741271972656e-01
9.616973996162414551e-01
9.104301333427429199e-01
9.218155145645141602e-01
9.456613659858703613e-01
9.504306316375732422e-01
9.386737942695617676e-01
9.489735364913940430e-01
9.857717752456665039e-01
9.854207634925842285e-01
9.683774113655090332e-01
9.560440182685852051e-01
9.986562132835388184e-01
9.948198199272155762e-01
9.873427152633666992e-01
9.661034345626831055e-01
9.149246811866760254e-01
9.869445562362670898e-01
9.069561958312988281e-01
9.963572621345520020e-01
8.714404702186584473e-01
9.039570689201354980e-01
9.864226579666137695e-01
9.153815507888793945e-01
9.722429513931274414e-01
9.776815176010131836e-01
9.878408312797546387e-01
9.230955839157104492e-01
9.150541424751281738e-01
9.297316074371337891e-01
9.724200367927551270e-01
9.948711395263671875e-01
9.844455718994140625e-01
9.848237633705139160e-01
9.685972332954406738e-01
8.185099363327026367e-01
9.164295792579650879e-01
9.797099232673645020e-01
9.595702290534973145e-01
6.466130614280700684e-01
9.998223781585693359e-01
9.869473576545715332e-01
9.954057335853576660e-01
9.732286930084228516e-01
8.587653636932373047e-01
9.675690531730651855e-01
9.848330616950988770e-01
9.584934711456298828e-01
9.720925688743591309e-01
9.137644767761230469e-01
9.183430075645446777e-01
9.591940641403198242e-01
9.359363913536071777e-01
9.700647592544555664e-01
9.478948116302490234e-01
9.763879179954528809e-01
9.831807017326354980e-01
9.791097640991210938e-01
8.138704299926757812e-01
9.414854049682617188e-01
9.726247191429138184e-01
9.695069193840026855e-01
8.787784576416015625e-01
9.717648625373840332e-01
9.975674748420715332e-01
7.276965975761413574e-01
9.798315763473510742e-01
9.655815958976745605e-01
9.277047514915466309e-01
9.979230165481567383e-01
9.620195627212524414e-01
9.844578504562377930e-01
9.871764779090881348e-01
9.583801627159118652e-01
9.180006384849548340e-01
9.651123285293579102e-01
9.794137477874755859e-01
9.719716906547546387e-01
9.564514160156250000e-01
9.477369189262390137e-01
9.042382240295410156e-01
9.203655123710632324e-01
9.948577284812927246e-01
9.409230351448059082e-01
8.407022356986999512e-01
9.941596388816833496e-01
9.295797348022460938e-01
9.217795133590698242e-01
9.868426918983459473e-01
9.366232752799987793e-01
9.896332621574401855e-01
8.842548727989196777e-01
9.953505992889404297e-01
9.883861541748046875e-01
9.642143845558166504e-01
9.968910813331604004e-01
9.956619143486022949e-01
9.659200310707092285e-01
9.888845086097717285e-01
9.416164159774780273e-01
9.922742843627929688e-01
9.847304821014404297e-01
9.798493981361389160e-01
9.072270393371582031e-01
9.870858788490295410e-01
9.893037676811218262e-01
7.753068804740905762e-01
9.729971289634704590e-01
9.861304163932800293e-01
8.927716612815856934e-01
9.976485967636108398e-01
9.902633428573608398e-01
9.910909533500671387e-01
9.765493869781494141e-01
8.505128026008605957e-01
9.756211638450622559e-01
9.866824746131896973e-01
9.752840995788574219e-01
9.184149503707885742e-01
9.769002199172973633e-01
9.984755516052246094e-01
9.825266599655151367e-01
9.965618252754211426e-01
8.714444637298583984e-01
9.454981088638305664e-01
8.642033338546752930e-01
9.841787815093994141e-01
9.015529155731201172e-01
8.973514437675476074e-01
8.997820615768432617e-01
9.468506574630737305e-01
9.867954850196838379e-01
9.437531232833862305e-01
9.572644233703613281e-01
9.597759842872619629e-01
9.869606494903564453e-01
9.235098958015441895e-01
9.891675710678100586e-01
9.671483039855957031e-01
9.467114210128784180e-01
9.589503407478332520e-01
9.908459186553955078e-01
9.862394928932189941e-01
9.093325138092041016e-01
9.845731258392333984e-01
8.842160105705261230e-01
9.876185059547424316e-01
9.842460751533508301e-01
9.373611211776733398e-01
9.114063978195190430e-01
9.922973513603210449e-01
9.968744516372680664e-01
9.421509504318237305e-01
9.912096858024597168e-01
9.587137699127197266e-01
9.640069603919982910e-01
9.772159457206726074e-01
9.272421002388000488e-01
9.156850576400756836e-01
6.028991937637329102e-01
9.923170208930969238e-01
9.619836807250976562e-01
9.941042065620422363e-01
9.622491598129272461e-01
9.920699000358581543e-01
7.236990928649902344e-01
9.968725442886352539e-01
9.672883749008178711e-01
9.704923033714294434e-01
9.920313358306884766e-01
9.689949154853820801e-01
9.912562370300292969e-01
9.670405983924865723e-01
9.749494194984436035e-01
3.297366201877593994e-01
9.661773443222045898e-01
9.873027801513671875e-01
8.448046445846557617e-01
9.864453673362731934e-01
9.940729141235351562e-01
9.768559932708740234e-01
9.846171736717224121e-01
9.603671431541442871e-01
9.936486482620239258e-01
9.957500696182250977e-01
9.774987101554870605e-01
9.878487586975097656e-01
9.883746504783630371e-01
9.993981122970581055e-01
9.927635788917541504e-01
9.592218995094299316e-01
9.146950244903564453e-01
9.635496735572814941e-01
9.604492783546447754e-01
9.726454615592956543e-01
8.580387830734252930e-01
9.974833130836486816e-01
9.796522259712219238e-01
9.829185009002685547e-01
9.945335984230041504e-01
6.052961945533752441e-01
7.430031895637512207e-01
9.217023253440856934e-01
9.789940714836120605e-01
9.734991192817687988e-01
9.145972132682800293e-01
8.953731060028076172e-01
9.601181149482727051e-01
9.954714775085449219e-01
9.317120313644409180e-01
9.900798797607421875e-01
9.249960184097290039e-01
9.905610680580139160e-01
9.760033488273620605e-01
9.460301399230957031e-01
9.814773797988891602e-01
9.594655632972717285e-01
9.658622741699218750e-01
8.162420988082885742e-01
9.103814363479614258e-01
9.047220349311828613e-01
8.370321989059448242e-01
9.749382138252258301e-01
9.849578738212585449e-01
8.985720872879028320e-01
9.163521528244018555e-01
9.404758214950561523e-01
9.849200844764709473e-01
9.592310786247253418e-01
7.840490937232971191e-01
9.169998168945312500e-01
9.858765006065368652e-01
9.959331750869750977e-01
9.915904402732849121e-01
9.889695048332214355e-01
9.987074732780456543e-01
6.417407393455505371e-01
9.565638899803161621e-01
7.536764740943908691e-01
9.720773100852966309e-01
9.781408309936523438e-01
9.911842942237854004e-01
9.887678027153015137e-01
9.105365872383117676e-01
9.518007040023803711e-01
8.844649195671081543e-01
9.868751168251037598e-01
7.694019675254821777e-01
9.356117844581604004e-01
9.549915194511413574e-01
9.636813402175903320e-01
9.108906984329223633e-01
9.327045083045959473e-01
9.162678122520446777e-01
9.064208269119262695e-01
9.962239861488342285e-01
6.610294580459594727e-01
9.474555850028991699e-01
9.908809065818786621e-01
9.986635446548461914e-01
9.882056713104248047e-01
9.551244378089904785e-01
9.958088397979736328e-01
9.980293512344360352e-01
9.913942217826843262e-01
9.777251482009887695e-01
6.779628992080688477e-01
9.870237708091735840e-01
9.941458106040954590e-01
9.674251079559326172e-01
9.819448590278625488e-01
9.624172449111938477e-01
9.966920018196105957e-01
9.783334136009216309e-01
9.875825047492980957e-01
9.989187717437744141e-01
9.979761242866516113e-01
9.318493008613586426e-01
9.732316732406616211e-01
9.495019912719726562e-01
9.799720644950866699e-01
9.241806268692016602e-01
9.899807572364807129e-01
9.577496647834777832e-01
9.937262535095214844e-01
9.972535967826843262e-01
7.649036645889282227e-01
8.849523663520812988e-01
9.769346117973327637e-01
9.910804033279418945e-01
9.562847614288330078e-01
9.352228045463562012e-01
9.791072010993957520e-01
9.490640759468078613e-01
9.783130884170532227e-01
9.920589923858642578e-01
9.898009896278381348e-01
9.597077369689941406e-01
9.720361828804016113e-01
9.843101501464843750e-01
9.672168493270874023e-01
9.773091673851013184e-01
9.853147864341735840e-01
9.895730018615722656e-01
8.110499382019042969e-01
9.828204512596130371e-01
9.770128726959228516e-01
8.754017949104309082e-01
9.971541762351989746e-01
9.894155859947204590e-01
9.702563881874084473e-01
9.788274765014648438e-01
9.265276789665222168e-01
9.631265401840209961e-01
9.241491556167602539e-01
9.893891215324401855e-01
9.471895694732666016e-01
9.635570645332336426e-01
9.829452633857727051e-01
9.871324300765991211e-01
9.956236481666564941e-01
9.736779928207397461e-01
9.371364712715148926e-01
9.662673473358154297e-01
9.657043814659118652e-01
9.799385666847229004e-01
8.695843815803527832e-01
9.961606264114379883e-01
9.627676010131835938e-01
6.709751486778259277e-01
9.906494617462158203e-01
9.893256425857543945e-01
9.817004799842834473e-01
9.630697965621948242e-01
9.588355422019958496e-01
9.946550130844116211e-01
9.346828460693359375e-01
8.907022476196289062e-01
9.253133535385131836e-01
9.825711250305175781e-01
9.818693995475769043e-01
9.932972192764282227e-01
8.834485411643981934e-01
9.374669790267944336e-01
9.888669252395629883e-01
9.916852712631225586e-01
9.940689802169799805e-01
9.959430098533630371e-01
9.948213696479797363e-01
9.583978056907653809e-01
9.673678278923034668e-01
9.703116416931152344e-01
8.865972757339477539e-01
9.239876270294189453e-01
9.976912736892700195e-01
9.598448872566223145e-01
9.829844236373901367e-01
9.975255727767944336e-01
9.680469036102294922e-01
9.901822209358215332e-01
9.387797713279724121e-01
9.411451220512390137e-01
9.107020497322082520e-01
9.864101409912109375e-01
9.554230570793151855e-01
9.995920062065124512e-01
9.911403656005859375e-01
9.777112007141113281e-01
9.493350982666015625e-01
9.824216961860656738e-01
9.966053366661071777e-01
9.919934868812561035e-01
9.815294146537780762e-01
9.829078316688537598e-01
9.753658175468444824e-01
8.770778179168701172e-01
9.817680716514587402e-01
9.519857168197631836e-01
9.963161945343017578e-01
9.737456440925598145e-01
9.823694229125976562e-01
9.673030376434326172e-01
6.919083595275878906e-01
9.532060027122497559e-01
9.898945689201354980e-01
9.395213127136230469e-01
9.803273677825927734e-01
9.962233901023864746e-01
8.016648292541503906e-01
9.732108712196350098e-01
9.793180227279663086e-01
9.965075850486755371e-01
9.891519546508789062e-01
9.940940737724304199e-01
8.005500435829162598e-01
9.998429417610168457e-01
9.884340167045593262e-01
9.780572056770324707e-01
9.782841801643371582e-01
9.711912274360656738e-01
9.940830469131469727e-01
9.929413795471191406e-01
9.543799161911010742e-01
9.943377971649169922e-01
8.849792480468750000e-01
9.552869200706481934e-01
9.601578116416931152e-01
9.853673577308654785e-01
9.879798889160156250e-01
9.840372204780578613e-01
9.876333475112915039e-01
8.839940428733825684e-01
9.992729425430297852e-01
9.768966436386108398e-01
9.991821646690368652e-01
8.775107860565185547e-01
9.546664357185363770e-01
9.523127675056457520e-01
9.759818911552429199e-01
9.878990054130554199e-01
9.196559190750122070e-01
9.970425367355346680e-01
9.970952272415161133e-01
9.876006245613098145e-01
9.660128951072692871e-01
9.850149750709533691e-01
9.190618991851806641e-01
9.781627655029296875e-01
9.437168240547180176e-01
9.555239081382751465e-01
9.932166934013366699e-01
9.705179929733276367e-01
8.904978036880493164e-01
9.459057450294494629e-01
9.933547377586364746e-01
9.905821681022644043e-01
7.945144176483154297e-01
9.640083312988281250e-01
9.559034705162048340e-01
9.896999001502990723e-01
9.680187106132507324e-01
9.677938222885131836e-01
9.975759387016296387e-01
8.780265450477600098e-01
9.181554317474365234e-01
9.974834322929382324e-01
7.243517637252807617e-01
9.909687042236328125e-01
9.026176333427429199e-01
9.651894569396972656e-01
9.822194576263427734e-01
9.965339899063110352e-01
9.835873842239379883e-01
9.915274381637573242e-01
9.872573018074035645e-01
9.967745542526245117e-01
9.860659837722778320e-01
9.900778532028198242e-01
9.860832095146179199e-01
9.940451979637145996e-01
9.681971669197082520e-01
9.956949949264526367e-01
9.920695424079895020e-01
8.015953898429870605e-01
9.669884443283081055e-01
9.733154177665710449e-01
9.993608593940734863e-01
9.882118701934814453e-01
8.127021193504333496e-01
9.758136868476867676e-01
9.200340509414672852e-01
9.844546318054199219e-01
9.804667830467224121e-01
9.879872202873229980e-01
9.510443210601806641e-01
9.111315011978149414e-01
9.706945419311523438e-01
9.367629289627075195e-01
9.707243442535400391e-01
9.149306416511535645e-01
9.384653568267822266e-01
7.726457715034484863e-01
9.704809188842773438e-01
9.644601345062255859e-01
9.821456670761108398e-01
9.911267161369323730e-01
9.637197256088256836e-01
9.735780358314514160e-01
8.967031836509704590e-01
9.883924126625061035e-01
9.838726520538330078e-01
9.796251654624938965e-01
9.844146966934204102e-01
9.948175549507141113e-01
9.876796603202819824e-01
8.351128697395324707e-01
9.254859685897827148e-01
9.891836643218994141e-01
9.818181991577148438e-01
9.742811918258666992e-01
9.155746698379516602e-01
9.300066232681274414e-01
9.367613196372985840e-01
7.913752794265747070e-01
9.563770294189453125e-01
9.937641620635986328e-01
9.993992447853088379e-01
9.800280332565307617e-01
9.783887863159179688e-01
7.406976819038391113e-01
9.653843641281127930e-01
8.776904940605163574e-01
9.996641278266906738e-01
9.663772583007812500e-01
9.430061578750610352e-01
9.890211820602416992e-01
9.533292055130004883e-01
7.290434837341308594e-01
9.572193026542663574e-01
9.898825883865356445e-01
9.320483207702636719e-01
9.575140476226806641e-01
9.643968939781188965e-01
9.954039454460144043e-01
9.545715451240539551e-01
9.199914932250976562e-01
9.430527091026306152e-01
9.921883344650268555e-01
9.506779909133911133e-01
9.875434041023254395e-01
9.798042774200439453e-01
9.660659432411193848e-01
8.613312840461730957e-01
9.473397135734558105e-01
9.831195473670959473e-01
9.995958209037780762e-01
9.698143601417541504e-01
9.599517583847045898e-01
9.889544844627380371e-01
9.129502177238464355e-01
9.399943947792053223e-01
9.942074418067932129e-01
9.674022793769836426e-01
9.879842400550842285e-01
9.942640662193298340e-01
9.842227697372436523e-01
8.559338450431823730e-01
9.884834289550781250e-01
9.482003450393676758e-01
9.769311547279357910e-01
9.979739189147949219e-01
9.878476262092590332e-01
3.516001105308532715e-01
9.893872141838073730e-01
8.107647895812988281e-01
9.593749046325683594e-01
9.899984598159790039e-01
8.469520807266235352e-01
9.658580422401428223e-01
9.894424080848693848e-01
9.632328152656555176e-01
9.903430342674255371e-01
8.873993754386901855e-01
9.790465235710144043e-01
9.545253515243530273e-01
9.996588230133056641e-01
9.646528363227844238e-01
9.984759688377380371e-01
9.714415073394775391e-01
9.914771914482116699e-01
7.791171073913574219e-01
9.420433044433593750e-01
9.575209617614746094e-01
9.842544794082641602e-01
9.995462298393249512e-01
8.729771971702575684e-01
9.988872408866882324e-01
9.953311681747436523e-01
9.864693880081176758e-01
9.208502769470214844e-01
9.443290829658508301e-01
9.217625856399536133e-01
9.751431941986083984e-01
9.945564270019531250e-01
9.683450460433959961e-01
9.970615506172180176e-01
9.884727597236633301e-01
9.308508038520812988e-01
9.529266357421875000e-01
9.638576507568359375e-01
9.781914949417114258e-01
9.813997149467468262e-01
9.893707036972045898e-01
9.952348470687866211e-01
9.830523729324340820e-01
9.791156649589538574e-01
9.568321108818054199e-01
9.838509559631347656e-01
9.934634566307067871e-01
9.862071275711059570e-01
9.951666593551635742e-01
9.515298604965209961e-01
9.956359863281250000e-01
9.423074126243591309e-01
9.658575057983398438e-01
9.021391272544860840e-01
9.831051826477050781e-01
9.809753894805908203e-01
9.897614121437072754e-01
9.150481820106506348e-01
9.653628468513488770e-01
9.661725759506225586e-01
9.886187314987182617e-01
9.111312627792358398e-01
9.863399267196655273e-01
7.928766608238220215e-01
9.465796947479248047e-01
9.667176604270935059e-01
9.825327992439270020e-01
9.741448760032653809e-01
9.864174127578735352e-01
5.477411746978759766e-01
8.652938008308410645e-01
9.792212843894958496e-01
8.140738606452941895e-01
9.844117164611816406e-01
8.952599167823791504e-01
8.551979064941406250e-01
9.523224830627441406e-01
9.791520237922668457e-01
8.744862675666809082e-01
9.563043117523193359e-01
9.692268371582031250e-01
9.760788679122924805e-01
9.270339608192443848e-01
9.768103361129760742e-01
9.658763408660888672e-01
9.598413109779357910e-01
9.899019598960876465e-01
9.963704943656921387e-01
9.497825503349304199e-01
9.928284287452697754e-01
9.900594949722290039e-01
9.304736852645874023e-01
9.000298976898193359e-01
9.887464642524719238e-01
9.731376767158508301e-01
9.840155243873596191e-01
9.446287751197814941e-01
9.842993021011352539e-01
9.171072244644165039e-01
9.512510895729064941e-01
9.886943697929382324e-01
9.207637310028076172e-01
9.990663528442382812e-01
9.546557068824768066e-01
9.282562136650085449e-01
9.572419524192810059e-01
8.849999904632568359e-01
5.674097537994384766e-01
8.971814513206481934e-01
9.160087108612060547e-01
9.793218970298767090e-01
9.885004162788391113e-01
9.242361187934875488e-01
9.977847337722778320e-01
9.857075214385986328e-01
9.926270246505737305e-01
9.902532100677490234e-01
9.894351959228515625e-01
9.851109385490417480e-01
8.055357933044433594e-01
8.314979076385498047e-01
9.373174309730529785e-01
9.679002761840820312e-01
9.919185638427734375e-01
9.966737031936645508e-01
9.700091481208801270e-01
9.316225647926330566e-01
9.562738537788391113e-01
9.654092192649841309e-01
9.385570883750915527e-01
8.872602581977844238e-01
9.299854040145874023e-01
9.923818111419677734e-01
9.921236634254455566e-01
8.841999173164367676e-01
9.828932881355285645e-01
9.685134887695312500e-01
9.635484218597412109e-01
9.923628568649291992e-01
9.503557085990905762e-01
9.999449253082275391e-01
8.587754964828491211e-01
9.989168643951416016e-01
9.813356995582580566e-01
9.114645123481750488e-01
9.881394505500793457e-01
9.940946102142333984e-01
6.828417181968688965e-01
4.935453832149505615e-01
9.980896711349487305e-01
9.649585485458374023e-01
7.762166261672973633e-01
9.819853305816650391e-01
9.301894903182983398e-01
9.787697792053222656e-01
9.964910745620727539e-01
9.901178479194641113e-01
8.936274647712707520e-01
9.864190816879272461e-01
9.479523897171020508e-01
9.755945801734924316e-01
6.638371348381042480e-01
9.696563482284545898e-01
9.931177496910095215e-01
9.977701306343078613e-01
9.454958438873291016e-01
9.466348290443420410e-01
9.849795103073120117e-01
9.954049587249755859e-01
9.874631762504577637e-01
9.877685308456420898e-01
9.779346585273742676e-01
