9.987682700157165527e-01
4.960100352764129639e-01
5.521389245986938477e-01
5.399243235588073730e-01
8.355734348297119141e-01
9.997580051422119141e-01
9.987701773643493652e-01
9.016932249069213867e-01
9.992067813873291016e-01
9.402084350585937500e-01
9.818117618560791016e-01
9.017040133476257324e-01
9.962422251701354980e-01
9.932883977890014648e-01
9.997513890266418457e-01
9.990245103836059570e-01
9.934332966804504395e-01
9.657823443412780762e-01
8.101099133491516113e-01
9.981147050857543945e-01
7.536666393280029297e-01
9.951969385147094727e-01
6.654120683670043945e-01
7.389081716537475586e-01
9.982587695121765137e-01
7.511032819747924805e-01
9.984908103942871094e-01
9.896399974822998047e-01
9.999390244483947754e-01
9.997229576110839844e-01
9.898466467857360840e-01
1.350399106740951538e-01
9.999219775199890137e-01
5.755805969238281250e-01
9.944649934768676758e-01
8.240979909896850586e-01
9.991880655288696289e-01
8.144645094871520996e-01
7.480938434600830078e-01
4.152047038078308105e-01
9.846993684768676758e-01
9.998744130134582520e-01
9.318200945854187012e-01
9.995251297950744629e-01
5.147796869277954102e-01
9.807975888252258301e-01
9.996659755706787109e-01
9.979517459869384766e-01
9.639046788215637207e-01
9.463946819305419922e-01
9.980230331420898438e-01
9.358569383621215820e-01
9.997408986091613770e-01
9.984425306320190430e-01
7.668554782867431641e-01
6.787078380584716797e-01
5.598861575126647949e-01
9.984510540962219238e-01
9.850667119026184082e-01
5.619767904281616211e-01
6.062071323394775391e-01
9.982742071151733398e-01
9.156429767608642578e-01
5.631767511367797852e-01
9.716187119483947754e-01
9.981360435485839844e-01
9.975836873054504395e-01
4.238846302032470703e-01
8.474078774452209473e-01
5.295615196228027344e-01
9.772670865058898926e-01
9.999294877052307129e-01
9.994037747383117676e-01
9.012290835380554199e-01
9.538412094116210938e-01
9.976995587348937988e-01
5.127630233764648438e-01
9.958393573760986328e-01
8.222777843475341797e-01
9.996344447135925293e-01
9.845180511474609375e-01
7.954654097557067871e-01
5.824810862541198730e-01
9.952799677848815918e-01
9.150570034980773926e-01
9.998444914817810059e-01
9.907553195953369141e-01
8.309621214866638184e-01
9.233732819557189941e-01
9.990253448486328125e-01
9.999262094497680664e-01
9.956327676773071289e-01
9.994729161262512207e-01
9.996429681777954102e-01
8.371545672416687012e-01
9.094286561012268066e-01
9.988250136375427246e-01
9.989535212516784668e-01
7.212723493576049805e-01
4.759989678859710693e-01
9.983894824981689453e-01
9.973640441894531250e-01
9.895331263542175293e-01
9.996846914291381836e-01
9.139084219932556152e-01
9.998082518577575684e-01
6.289338469505310059e-01
9.562616944313049316e-01
9.994582533836364746e-01
9.990522265434265137e-01
5.871669054031372070e-01
9.986018538475036621e-01
9.796019196510314941e-01
9.971722960472106934e-01
4.924370646476745605e-01
4.672953784465789795e-01
9.902230501174926758e-01
5.659554004669189453e-01
9.999343156814575195e-01
9.518345594406127930e-01
9.861865639686584473e-01
9.604352116584777832e-01
8.910300731658935547e-01
9.933109879493713379e-01
9.327173829078674316e-01
7.549008131027221680e-01
9.471387267112731934e-01
9.802144169807434082e-01
6.061650514602661133e-01
9.988393187522888184e-01
9.608916044235229492e-01
9.275030493736267090e-01
4.178884923458099365e-01
9.295309185981750488e-01
9.177501201629638672e-01
8.596246838569641113e-01
5.945825576782226562e-01
9.872227907180786133e-01
9.993968009948730469e-01
9.996870756149291992e-01
6.686265468597412109e-01
9.990177154541015625e-01
9.879514575004577637e-01
9.985095858573913574e-01
8.949784636497497559e-01
8.237806558609008789e-01
9.923397898674011230e-01
9.942020177841186523e-01
9.988517165184020996e-01
5.588671565055847168e-01
9.933802485466003418e-01
3.280680775642395020e-01
9.926336407661437988e-01
9.940795898437500000e-01
6.336174607276916504e-01
8.269336223602294922e-01
9.512234926223754883e-01
4.426292777061462402e-01
9.997200369834899902e-01
9.986841678619384766e-01
9.996839761734008789e-01
9.998205900192260742e-01
8.842885494232177734e-01
9.470693469047546387e-01
9.659699201583862305e-01
6.828501820564270020e-01
9.988813996315002441e-01
9.866018891334533691e-01
9.574364423751831055e-01
9.998602867126464844e-01
9.362806081771850586e-01
9.996441006660461426e-01
3.939728438854217529e-01
9.993879199028015137e-01
9.928949475288391113e-01
8.304640650749206543e-01
9.887460470199584961e-01
6.430156230926513672e-01
6.809460520744323730e-01
6.529843807220458984e-01
9.924215078353881836e-01
9.999111890792846680e-01
9.988122582435607910e-01
8.186036348342895508e-01
9.789911508560180664e-01
9.995967149734497070e-01
9.865678548812866211e-01
9.994520545005798340e-01
8.946481943130493164e-01
6.014125347137451172e-01
9.985339045524597168e-01
9.676925539970397949e-01
6.435984373092651367e-01
6.727811694145202637e-01
9.999015927314758301e-01
9.955564141273498535e-01
9.841921329498291016e-01
9.999264478683471680e-01
9.258111119270324707e-01
7.966679930686950684e-01
9.969322681427001953e-01
9.999612569808959961e-01
9.997004866600036621e-01
9.967343211174011230e-01
9.767146110534667969e-01
8.933035731315612793e-01
9.982570409774780273e-01
9.961756467819213867e-01
7.836287617683410645e-01
4.985627233982086182e-01
9.334510564804077148e-01
7.518467307090759277e-01
9.999395012855529785e-01
9.996160864830017090e-01
6.973401308059692383e-01
9.981492757797241211e-01
9.972737431526184082e-01
4.921433031558990479e-01
9.497304558753967285e-01
7.325682044029235840e-01
6.501858234405517578e-01
7.522217631340026855e-01
9.852851033210754395e-01
9.965428113937377930e-01
9.497881531715393066e-01
9.343739748001098633e-01
8.541502952575683594e-01
9.118244051933288574e-01
9.989759325981140137e-01
9.994763135910034180e-01
9.988657832145690918e-01
9.987760186195373535e-01
9.945992231369018555e-01
7.993655800819396973e-01
9.958084225654602051e-01
9.992799162864685059e-01
6.532391309738159180e-01
9.917577505111694336e-01
9.986082315444946289e-01
9.976077079772949219e-01
9.591766595840454102e-01
9.994332790374755859e-01
4.882271587848663330e-01
5.545833706855773926e-01
9.997927546501159668e-01
9.997854232788085938e-01
9.792321920394897461e-01
8.203346133232116699e-01
9.999850392341613770e-01
9.994851946830749512e-01
9.544889926910400391e-01
6.569518446922302246e-01
9.941483736038208008e-01
9.751946330070495605e-01
5.925729870796203613e-01
8.457053303718566895e-01
9.554454088211059570e-01
9.997718334197998047e-01
9.894765019416809082e-01
6.230869889259338379e-01
9.996598362922668457e-01
9.983218312263488770e-01
9.612014889717102051e-01
5.005209445953369141e-01
9.991531968116760254e-01
9.987278580665588379e-01
7.996483445167541504e-01
9.922794699668884277e-01
8.069964647293090820e-01
9.512132406234741211e-01
3.787216246128082275e-01
8.340592980384826660e-01
4.467350244522094727e-01
9.988321065902709961e-01
9.950237870216369629e-01
9.963494539260864258e-01
5.251517891883850098e-01
9.977941513061523438e-01
9.718526601791381836e-01
9.700927734375000000e-01
9.952877759933471680e-01
6.663870215415954590e-01
9.636555314064025879e-01
7.228223681449890137e-01
9.998261928558349609e-01
9.728419780731201172e-01
9.935052990913391113e-01
8.966410160064697266e-01
8.660469651222229004e-01
6.368069648742675781e-01
9.956564307212829590e-01
9.998625516891479492e-01
9.622805714607238770e-01
9.367944002151489258e-01
9.999075531959533691e-01
9.998596906661987305e-01
7.774869799613952637e-01
4.296618402004241943e-01
9.804773926734924316e-01
9.757391810417175293e-01
7.942285537719726562e-01
9.633973240852355957e-01
9.980794191360473633e-01
7.145652174949645996e-01
9.623782038688659668e-01
9.983850121498107910e-01
7.887148261070251465e-01
8.316644430160522461e-01
8.668972253799438477e-01
8.199064135551452637e-01
7.526494860649108887e-01
9.988383054733276367e-01
9.511286020278930664e-01
9.995518922805786133e-01
5.484924912452697754e-01
6.633799672126770020e-01
9.939886331558227539e-01
9.962148070335388184e-01
7.556091547012329102e-01
9.987834692001342773e-01
7.028025984764099121e-01
7.917279005050659180e-01
9.966265559196472168e-01
9.994909763336181641e-01
9.983344078063964844e-01
7.191163301467895508e-01
3.292232453823089600e-01
6.291550993919372559e-01
7.321970462799072266e-01
9.318812489509582520e-01
8.790829181671142578e-01
5.631399154663085938e-01
9.999316334724426270e-01
9.983482360839843750e-01
5.584419369697570801e-01
6.074175238609313965e-01
9.997941255569458008e-01
9.249550104141235352e-01
7.214393019676208496e-01
6.157196760177612305e-01
9.988431930541992188e-01
9.992486834526062012e-01
9.999270439147949219e-01
9.990248680114746094e-01
5.537575483322143555e-01
9.991706013679504395e-01
7.724460959434509277e-01
7.801107168197631836e-01
9.356178045272827148e-01
9.836168885231018066e-01
9.760936498641967773e-01
9.942572712898254395e-01
6.547074913978576660e-01
9.985405802726745605e-01
5.121780633926391602e-01
7.765569090843200684e-01
3.159717023372650146e-01
9.811197519302368164e-01
9.997554421424865723e-01
5.086353421211242676e-01
9.229483008384704590e-01
6.390079855918884277e-01
6.572542190551757812e-01
9.998700618743896484e-01
9.356852769851684570e-01
6.254591345787048340e-01
7.055025100708007812e-01
6.308381557464599609e-01
9.891279339790344238e-01
5.390809774398803711e-01
9.951368570327758789e-01
9.859699606895446777e-01
6.632494330406188965e-01
9.568253755569458008e-01
9.470020532608032227e-01
9.998017549514770508e-01
9.998584985733032227e-01
9.908818006515502930e-01
9.998404979705810547e-01
8.484463095664978027e-01
9.900012016296386719e-01
8.714278340339660645e-01
8.173409104347229004e-01
9.942185282707214355e-01
6.042875647544860840e-01
8.379364013671875000e-01
8.948156833648681641e-01
9.977364540100097656e-01
9.984412789344787598e-01
5.614135861396789551e-01
9.432104825973510742e-01
8.043491244316101074e-01
9.882678985595703125e-01
9.099823236465454102e-01
9.813992977142333984e-01
9.994758367538452148e-01
9.808419942855834961e-01
9.818618297576904297e-01
9.937049746513366699e-01
6.644925475120544434e-01
6.711335182189941406e-01
4.407802522182464600e-01
9.337835907936096191e-01
5.704578161239624023e-01
9.984496831893920898e-01
4.577826559543609619e-01
9.983707666397094727e-01
8.767129778861999512e-01
9.996524453163146973e-01
9.932183623313903809e-01
9.401638507843017578e-01
7.287858724594116211e-01
6.467700004577636719e-01
9.999335408210754395e-01
8.559051752090454102e-01
9.991768598556518555e-01
9.999355673789978027e-01
6.353563666343688965e-01
9.995085000991821289e-01
9.966497421264648438e-01
9.124040603637695312e-01
9.640852808952331543e-01
7.255550622940063477e-01
9.296599030494689941e-01
6.730003952980041504e-01
8.719371557235717773e-01
9.832658171653747559e-01
9.962822198867797852e-01
9.999322891235351562e-01
8.690032362937927246e-01
7.696612477302551270e-01
8.003181219100952148e-01
5.016589164733886719e-01
9.992535114288330078e-01
9.999775290489196777e-01
9.947295188903808594e-01
6.073742508888244629e-01
4.820198714733123779e-01
9.800791740417480469e-01
9.944840073585510254e-01
8.182885050773620605e-01
9.906249046325683594e-01
9.897468090057373047e-01
9.871475696563720703e-01
7.531029582023620605e-01
9.949406981468200684e-01
5.997841954231262207e-01
9.464958310127258301e-01
9.699092507362365723e-01
8.570029139518737793e-01
9.981926679611206055e-01
9.144515395164489746e-01
8.281154036521911621e-01
9.956746101379394531e-01
3.881646990776062012e-01
8.851706981658935547e-01
9.370421767234802246e-01
5.308362245559692383e-01
7.569369673728942871e-01
8.337090015411376953e-01
8.633059859275817871e-01
9.798965454101562500e-01
9.812482595443725586e-01
9.993227720260620117e-01
9.957064390182495117e-01
6.638419628143310547e-01
9.976042509078979492e-01
6.038243174552917480e-01
8.815034031867980957e-01
6.540154814720153809e-01
8.799408078193664551e-01
9.992797970771789551e-01
4.304536283016204834e-01
9.985142350196838379e-01
9.435875415802001953e-01
9.794880747795104980e-01
5.407796502113342285e-01
9.982973933219909668e-01
9.967184066772460938e-01
7.526661753654479980e-01
9.984866380691528320e-01
9.925131201744079590e-01
4.613696634769439697e-01
9.991820454597473145e-01
6.592566370964050293e-01
9.936509728431701660e-01
9.974863529205322266e-01
8.882373571395874023e-01
9.437864422798156738e-01
7.064728140830993652e-01
8.774334192276000977e-01
8.497410416603088379e-01
9.865666627883911133e-01
9.175736904144287109e-01
8.808824419975280762e-01
8.611623644828796387e-01
4.653390645980834961e-01
8.729735016822814941e-01
4.950921535491943359e-01
7.984915375709533691e-01
9.754304885864257812e-01
9.557892680168151855e-01
9.952326416969299316e-01
9.306911230087280273e-01
9.932992458343505859e-01
5.054006576538085938e-01
9.983021020889282227e-01
9.982365369796752930e-01
9.972250461578369141e-01
7.380901575088500977e-01
9.994722604751586914e-01
9.967027306556701660e-01
9.907616972923278809e-01
9.970798492431640625e-01
9.854473471641540527e-01
3.683373928070068359e-01
9.982236623764038086e-01
9.998778700828552246e-01
9.992327094078063965e-01
7.121337652206420898e-01
9.912911653518676758e-01
3.949509263038635254e-01
8.863817453384399414e-01
8.305158615112304688e-01
9.856666922569274902e-01
5.005729198455810547e-01
9.995011687278747559e-01
9.897556900978088379e-01
5.862475037574768066e-01
4.340954422950744629e-01
9.994238615036010742e-01
6.482525467872619629e-01
7.645052075386047363e-01
9.032966494560241699e-01
9.850032329559326172e-01
8.219961524009704590e-01
9.039697647094726562e-01
9.894392490386962891e-01
6.587908864021301270e-01
9.716581702232360840e-01
9.990296959877014160e-01
6.070300340652465820e-01
9.990212321281433105e-01
9.985185861587524414e-01
8.802009820938110352e-01
5.979112386703491211e-01
9.478495717048645020e-01
5.888688564300537109e-01
9.847414493560791016e-01
9.997876286506652832e-01
9.991045594215393066e-01
4.053819179534912109e-01
9.997546672821044922e-01
6.946945190429687500e-01
9.804755449295043945e-01
4.288952052593231201e-01
8.021639585494995117e-01
7.605902552604675293e-01
5.418153405189514160e-01
8.424934148788452148e-01
9.932509064674377441e-01
9.333071708679199219e-01
9.996872544288635254e-01
9.982115626335144043e-01
4.936621189117431641e-01
8.363536000251770020e-01
9.886457920074462891e-01
9.998213052749633789e-01
9.990905523300170898e-01
9.993420243263244629e-01
6.872884035110473633e-01
7.257593870162963867e-01
9.968091845512390137e-01
9.993475675582885742e-01
9.993185400962829590e-01
5.300650596618652344e-01
6.514366269111633301e-01
7.097107768058776855e-01
4.755195081233978271e-01
9.997445940971374512e-01
9.973785877227783203e-01
9.097312688827514648e-01
9.993721246719360352e-01
9.835045933723449707e-01
9.944244623184204102e-01
9.829140305519104004e-01
9.944724440574645996e-01
5.502941012382507324e-01
9.995217323303222656e-01
9.099314808845520020e-01
6.782070994377136230e-01
5.930770039558410645e-01
9.991182684898376465e-01
6.793820858001708984e-01
8.466168045997619629e-01
5.954957604408264160e-01
9.436590075492858887e-01
8.896492719650268555e-01
9.983433485031127930e-01
8.547739386558532715e-01
9.508895874023437500e-01
5.289414525032043457e-01
9.727345705032348633e-01
9.997005462646484375e-01
9.990164041519165039e-01
9.924826622009277344e-01
7.047452926635742188e-01
6.962544322013854980e-01
5.871654152870178223e-01
7.488916516304016113e-01
5.385099053382873535e-01
1.980292797088623047e-02
6.332142353057861328e-01
9.995438456535339355e-01
5.594072937965393066e-01
9.719376564025878906e-01
6.523067951202392578e-01
9.972055554389953613e-01
9.978501200675964355e-01
7.095573544502258301e-01
9.998681545257568359e-01
9.993725419044494629e-01
9.982294440269470215e-01
9.992435574531555176e-01
9.970328211784362793e-01
9.997411966323852539e-01
9.909815788269042969e-01
6.559022665023803711e-01
6.885583400726318359e-01
9.993579983711242676e-01
9.987874627113342285e-01
9.333227872848510742e-01
9.998086690902709961e-01
9.885909557342529297e-01
5.569235682487487793e-01
9.866971373558044434e-01
9.983780384063720703e-01
6.490220427513122559e-01
6.836234331130981445e-01
9.863262772560119629e-01
9.993645548820495605e-01
9.871926307678222656e-01
8.253066539764404297e-01
9.379541277885437012e-01
7.325423359870910645e-01
9.871814250946044922e-01
9.510585069656372070e-01
9.758950471878051758e-01
5.843064785003662109e-01
9.958355426788330078e-01
9.112266898155212402e-01
7.934004664421081543e-01
9.997017979621887207e-01
9.116898775100708008e-01
9.997177720069885254e-01
9.898712635040283203e-01
9.617316126823425293e-01
9.996470808982849121e-01
9.989911913871765137e-01
9.326482415199279785e-01
9.988397359848022461e-01
9.848554730415344238e-01
9.984365701675415039e-01
9.374933242797851562e-01
9.533281326293945312e-01
9.881540536880493164e-01
9.904623627662658691e-01
9.996921420097351074e-01
8.196445107460021973e-01
9.335758090019226074e-01
9.711270928382873535e-01
9.993165135383605957e-01
4.754309356212615967e-01
9.545697569847106934e-01
8.181684017181396484e-01
8.467073440551757812e-01
9.977577328681945801e-01
9.673743247985839844e-01
9.760162234306335449e-01
9.997447133064270020e-01
9.960421323776245117e-01
9.997085332870483398e-01
9.996870160102844238e-01
6.563407182693481445e-01
9.723302721977233887e-01
9.976716041564941406e-01
9.627770185470581055e-01
9.865374565124511719e-01
9.903233051300048828e-01
9.987581372261047363e-01
6.271279454231262207e-01
7.216584086418151855e-01
9.912294149398803711e-01
9.545177817344665527e-01
6.604853272438049316e-01
7.503591179847717285e-01
9.999189972877502441e-01
8.992306590080261230e-01
6.203185915946960449e-01
9.995851516723632812e-01
9.999850392341613770e-01
8.355063199996948242e-01
9.962070584297180176e-01
9.390089511871337891e-01
4.678942263126373291e-01
9.793620705604553223e-01
9.989100098609924316e-01
9.847763776779174805e-01
9.984651803970336914e-01
9.984886050224304199e-01
9.653502702713012695e-01
9.817602038383483887e-01
9.548217058181762695e-01
5.792284607887268066e-01
9.880537390708923340e-01
6.383363008499145508e-01
9.971076250076293945e-01
9.936797618865966797e-01
9.446063041687011719e-01
9.879983663558959961e-01
9.767902493476867676e-01
9.994155168533325195e-01
6.348298192024230957e-01
9.449476599693298340e-01
9.946200847625732422e-01
8.208532929420471191e-01
7.522047162055969238e-01
4.895503222942352295e-01
6.642331480979919434e-01
9.994834065437316895e-01
6.644714474678039551e-01
9.984554648399353027e-01
9.998160600662231445e-01
6.688911318778991699e-01
8.496978282928466797e-01
6.029121279716491699e-01
9.963166713714599609e-01
9.974409937858581543e-01
3.550093472003936768e-01
7.230172157287597656e-01
9.718778729438781738e-01
8.706815838813781738e-01
9.998216629028320312e-01
6.514366269111633301e-01
9.968777298927307129e-01
6.162689328193664551e-01
9.867730140686035156e-01
9.980446100234985352e-01
7.573674321174621582e-01
9.997497200965881348e-01
7.859605550765991211e-01
9.998073577880859375e-01
9.988718628883361816e-01
9.998688697814941406e-01
8.509078025817871094e-01
5.498545169830322266e-01
9.525342583656311035e-01
7.346837520599365234e-01
9.995018243789672852e-01
7.291399240493774414e-01
9.920929670333862305e-01
9.998007416725158691e-01
7.473079562187194824e-01
7.443785071372985840e-01
9.981867074966430664e-01
9.995947480201721191e-01
9.993406534194946289e-01
5.776304602622985840e-01
9.952293038368225098e-01
5.348610877990722656e-01
9.839271903038024902e-01
6.494575738906860352e-01
9.608495235443115234e-01
9.898287653923034668e-01
9.880757927894592285e-01
5.701794028282165527e-01
9.049670100212097168e-01
9.644051194190979004e-01
5.163989067077636719e-01
9.629685282707214355e-01
6.311869025230407715e-01
5.364339947700500488e-01
9.999210834503173828e-01
9.999567866325378418e-01
7.540714740753173828e-01
6.487367153167724609e-01
7.662253379821777344e-01
6.536003351211547852e-01
7.974703311920166016e-01
9.998875260353088379e-01
9.301345944404602051e-01
9.991048574447631836e-01
9.995650649070739746e-01
9.997237324714660645e-01
6.686298251152038574e-01
8.061868548393249512e-01
9.268010854721069336e-01
9.997560381889343262e-01
5.034748911857604980e-01
7.396717071533203125e-01
9.257239103317260742e-01
4.698557257652282715e-01
8.528809547424316406e-01
9.991395473480224609e-01
8.857992291450500488e-01
6.845689415931701660e-01
9.997835159301757812e-01
6.413915157318115234e-01
8.656471967697143555e-01
7.578616738319396973e-01
9.987543225288391113e-01
8.000732064247131348e-01
6.916444301605224609e-01
9.992312788963317871e-01
7.418926954269409180e-01
7.744821906089782715e-01
8.170449137687683105e-01
9.996713995933532715e-01
8.615962862968444824e-01
9.967697262763977051e-01
9.987573027610778809e-01
9.996527433395385742e-01
8.519725799560546875e-01
9.374930262565612793e-01
6.273205280303955078e-01
8.604549765586853027e-01
9.843544960021972656e-01
4.702350795269012451e-01
6.031414866447448730e-01
8.766921758651733398e-01
2.529225684702396393e-02
9.989154934883117676e-01
3.811811804771423340e-01
6.483224034309387207e-01
9.362444877624511719e-01
7.497859001159667969e-01
6.578863859176635742e-01
9.994930028915405273e-01
7.449166178703308105e-01
9.984570145606994629e-01
9.970008730888366699e-01
9.836949110031127930e-01
9.868394136428833008e-01
9.997290968894958496e-01
6.630927920341491699e-01
9.394218921661376953e-01
9.033293724060058594e-01
8.709058165550231934e-01
9.747377634048461914e-01
3.746121823787689209e-01
9.928283095359802246e-01
8.367076516151428223e-01
9.643206000328063965e-01
9.366847872734069824e-01
4.928422272205352783e-01
9.957743883132934570e-01
1.408061385154724121e-02
9.981745481491088867e-01
7.650814652442932129e-01
9.966731071472167969e-01
6.478563547134399414e-01
9.819638729095458984e-01
7.174568176269531250e-01
9.882697463035583496e-01
9.961520433425903320e-01
9.158141016960144043e-01
5.274934768676757812e-01
9.962379932403564453e-01
9.980284571647644043e-01
8.105508089065551758e-01
9.765149354934692383e-01
8.865579962730407715e-01
9.833832383155822754e-01
7.568601369857788086e-01
9.981615543365478516e-01
9.978590607643127441e-01
8.949421048164367676e-01
6.610366106033325195e-01
9.975650906562805176e-01
9.977067112922668457e-01
9.951528310775756836e-01
8.556920289993286133e-01
9.997884631156921387e-01
9.997773170471191406e-01
8.884181380271911621e-01
8.191937208175659180e-01
9.789551496505737305e-01
9.304662942886352539e-01
9.859961867332458496e-01
9.937183260917663574e-01
9.965360164642333984e-01
8.094692826271057129e-01
9.551913142204284668e-01
8.132265806198120117e-01
9.999327063560485840e-01
7.029888629913330078e-01
8.532469868659973145e-01
9.085171818733215332e-01
9.546841382980346680e-01
6.875728368759155273e-01
9.984706640243530273e-01
9.291703701019287109e-01
9.867425560951232910e-01
9.740706086158752441e-01
5.798813104629516602e-01
9.467195272445678711e-01
6.548668742179870605e-01
9.999524354934692383e-01
9.926080107688903809e-01
4.995413124561309814e-01
9.986185431480407715e-01
7.859647274017333984e-03
3.666640520095825195e-01
5.384691953659057617e-01
6.699103713035583496e-01
9.883999824523925781e-01
7.152336239814758301e-01
6.575098633766174316e-01
9.996315836906433105e-01
6.117474436759948730e-01
7.694650888442993164e-01
9.989637136459350586e-01
8.435781598091125488e-01
5.020496845245361328e-01
9.974907636642456055e-01
9.976776838302612305e-01
9.754368066787719727e-01
9.721271991729736328e-01
9.859150052070617676e-01
5.729618072509765625e-01
9.996562004089355469e-01
7.950600385665893555e-01
9.987514019012451172e-01
9.761430621147155762e-01
6.205531954765319824e-01
9.322137236595153809e-01
9.984216094017028809e-01
5.956335067749023438e-01
9.996767640113830566e-01
9.905687570571899414e-01
8.700654506683349609e-01
9.833953976631164551e-01
6.384872198104858398e-01
1.274764537811279297e-02
9.959899783134460449e-01
9.989700913429260254e-01
9.893709421157836914e-01
9.857780337333679199e-01
4.445133209228515625e-01
8.311156630516052246e-01
7.481685876846313477e-01
9.994487762451171875e-01
9.787966609001159668e-01
7.948193550109863281e-01
9.994341135025024414e-01
9.640216231346130371e-01
9.421930313110351562e-01
9.955870509147644043e-01
9.989178776741027832e-01
9.998064041137695312e-01
2.567883729934692383e-01
7.918134331703186035e-01
5.353621244430541992e-01
7.098098993301391602e-01
6.698440909385681152e-01
6.929941177368164062e-01
5.983203053474426270e-01
4.097924232482910156e-01
7.870073318481445312e-01
7.298805117607116699e-01
9.994732141494750977e-01
3.576674759387969971e-01
9.650371670722961426e-01
9.996167421340942383e-01
7.260997295379638672e-01
9.539936780929565430e-01
9.973756074905395508e-01
9.773458242416381836e-01
9.998763799667358398e-01
9.901196360588073730e-01
8.652119636535644531e-01
2.677661776542663574e-01
9.996685385704040527e-01
9.999061822891235352e-01
9.984574317932128906e-01
9.993390440940856934e-01
9.851510524749755859e-01
9.994758963584899902e-01
9.999261498451232910e-01
9.998316168785095215e-01
9.981185197830200195e-01
9.985501766204833984e-01
9.981677532196044922e-01
9.979689121246337891e-01
9.829844236373901367e-01
9.982756376266479492e-01
9.995377063751220703e-01
8.801078796386718750e-01
9.996910095214843750e-01
6.982516646385192871e-01
6.691428422927856445e-01
7.738729715347290039e-01
9.967351555824279785e-01
6.181802153587341309e-01
5.280141234397888184e-01
9.961891174316406250e-01
8.170484900474548340e-01
9.934939742088317871e-01
9.835103750228881836e-01
9.993178248405456543e-01
9.858460426330566406e-01
9.369637370109558105e-01
9.988960027694702148e-01
5.314062237739562988e-01
9.977793693542480469e-01
6.670070290565490723e-01
6.101106405258178711e-01
5.423872470855712891e-01
9.843477010726928711e-01
6.434902548789978027e-01
8.833705186843872070e-01
7.653608322143554688e-01
5.552946925163269043e-01
9.995129704475402832e-01
9.995998144149780273e-01
6.049061417579650879e-01
8.112496137619018555e-01
3.843217194080352783e-01
9.996268749237060547e-01
9.949918985366821289e-01
9.931446313858032227e-01
6.502384543418884277e-01
9.986351728439331055e-01
7.878145575523376465e-01
9.607082605361938477e-01
9.826698303222656250e-01
9.986237883567810059e-01
5.277570486068725586e-01
9.868857860565185547e-01
9.995221495628356934e-01
5.072969198226928711e-01
2.429005503654479980e-02
9.583340883255004883e-01
5.610744953155517578e-01
9.539991021156311035e-01
9.985182881355285645e-01
7.172070741653442383e-01
5.262241959571838379e-01
9.942445755004882812e-01
9.999220371246337891e-01
5.366545319557189941e-01
9.977481961250305176e-01
8.327565193176269531e-01
9.988977313041687012e-01
9.551659822463989258e-01
9.975609779357910156e-01
9.351972937583923340e-01
8.978320956230163574e-01
8.074899315834045410e-01
4.803304374217987061e-01
4.688711762428283691e-01
9.997940063476562500e-01
9.995951652526855469e-01
6.629998683929443359e-01
7.655235528945922852e-01
9.944853782653808594e-01
9.995731711387634277e-01
9.568669199943542480e-01
9.966709017753601074e-01
7.414458394050598145e-01
7.427570223808288574e-01
3.804591596126556396e-01
9.827311635017395020e-01
7.277197241783142090e-01
9.202266931533813477e-01
9.998210072517395020e-01
9.856445789337158203e-01
9.861866831779479980e-01
9.988110661506652832e-01
9.422247409820556641e-01
9.998838305473327637e-01
9.083972573280334473e-01
8.421506285667419434e-01
8.349245190620422363e-01
9.914289116859436035e-01
8.759174346923828125e-01
9.998387098312377930e-01
5.722248554229736328e-01
6.214794516563415527e-01
9.998274445533752441e-01
9.907274246215820312e-01
9.994809627532958984e-01
9.989222884178161621e-01
9.888396263122558594e-01
9.684242010116577148e-01
9.850775599479675293e-01
7.106522321701049805e-01
9.687715768814086914e-01
7.315301895141601562e-01
8.461632728576660156e-01
9.990579485893249512e-01
9.587254524230957031e-01
9.960331916809082031e-01
9.995687603950500488e-01
8.728622794151306152e-01
9.464421868324279785e-01
8.343885540962219238e-01
3.550211191177368164e-01
9.971054196357727051e-01
9.999147653579711914e-01
9.987080097198486328e-01
9.891732335090637207e-01
9.244321584701538086e-01
6.784020066261291504e-01
9.984499216079711914e-01
9.996017813682556152e-01
9.985246658325195312e-01
9.990953803062438965e-01
9.398314952850341797e-01
6.070813536643981934e-01
9.996957778930664062e-01
9.993189573287963867e-01
7.714788317680358887e-01
9.648357629776000977e-01
9.403920173645019531e-01
9.477487802505493164e-01
9.130937457084655762e-01
5.666202902793884277e-01
9.480023980140686035e-01
9.997475743293762207e-01
9.996151328086853027e-01
8.392151594161987305e-01
8.318060636520385742e-01
6.501551270484924316e-01
9.992086887359619141e-01
9.953625798225402832e-01
7.123660445213317871e-01
9.985040426254272461e-01
9.603027105331420898e-01
5.632193088531494141e-01
9.997689723968505859e-01
7.549426555633544922e-01
9.990352392196655273e-01
8.658038973808288574e-01
9.999340176582336426e-01
8.534078001976013184e-01
9.994165897369384766e-01
7.566073536872863770e-01
9.943376183509826660e-01
6.359202861785888672e-01
9.978358149528503418e-01
9.409964084625244141e-01
9.998613595962524414e-01
9.988338947296142578e-01
9.813068509101867676e-01
9.906800985336303711e-01
7.263047099113464355e-01
9.347845911979675293e-01
9.999318718910217285e-01
6.981677412986755371e-01
9.999254345893859863e-01
9.995834827423095703e-01
5.030739307403564453e-01
9.972630739212036133e-01
9.927993416786193848e-01
9.965371489524841309e-01
9.981988668441772461e-01
9.738742113113403320e-01
5.708982348442077637e-01
9.966363906860351562e-01
9.970985651016235352e-01
9.894284605979919434e-01
9.994017481803894043e-01
8.558170199394226074e-01
7.473384737968444824e-01
9.985912442207336426e-01
5.438257455825805664e-01
9.977079033851623535e-01
5.077997446060180664e-01
9.962068796157836914e-01
5.026080608367919922e-01
4.361169636249542236e-01
6.012195348739624023e-01
9.996729493141174316e-01
9.989743828773498535e-01
9.989308714866638184e-01
9.572475552558898926e-01
9.945184588432312012e-01
6.546984910964965820e-01
9.907942414283752441e-01
9.649685621261596680e-01
9.926881194114685059e-01
8.224773406982421875e-01
7.991359233856201172e-01
5.391974449157714844e-01
9.989812970161437988e-01
9.996430873870849609e-01
8.530847430229187012e-01
9.980586171150207520e-01
9.997212886810302734e-01
9.060447216033935547e-01
8.550964593887329102e-01
9.322593212127685547e-01
4.908161163330078125e-01
9.093181490898132324e-01
6.800050139427185059e-01
9.362575411796569824e-01
8.355258703231811523e-01
9.563309550285339355e-01
4.468198120594024658e-01
9.993477463722229004e-01
9.997292160987854004e-01
8.349859118461608887e-01
9.901071786880493164e-01
5.075101256370544434e-01
9.961807727813720703e-01
9.990605711936950684e-01
9.118595123291015625e-01
7.538912892341613770e-01
9.327631592750549316e-01
9.804174304008483887e-01
9.944783449172973633e-01
9.998872876167297363e-01
9.987925291061401367e-01
9.947198629379272461e-01
9.442374110221862793e-01
7.607843279838562012e-01
9.342485666275024414e-01
4.370967447757720947e-01
9.991994500160217285e-01
8.972322940826416016e-01
9.871095418930053711e-01
7.227421998977661133e-01
9.050108790397644043e-01
9.994229078292846680e-01
5.259319543838500977e-01
9.747147560119628906e-01
9.310701489448547363e-01
9.836168289184570312e-01
7.455554604530334473e-01
7.606322169303894043e-01
2.041098475456237793e-02
7.111840844154357910e-01
9.930056333541870117e-01
9.939569830894470215e-01
9.998040199279785156e-01
7.492069005966186523e-01
9.627895951271057129e-01
9.991937279701232910e-01
8.942279219627380371e-01
6.359053254127502441e-01
9.973860979080200195e-01
9.996343851089477539e-01
9.977053999900817871e-01
8.275678157806396484e-01
9.895286560058593750e-01
8.197076320648193359e-01
9.396656751632690430e-01
7.388632297515869141e-01
7.367792129516601562e-01
7.373580336570739746e-01
9.932823181152343750e-01
9.416198134422302246e-01
8.014537692070007324e-01
9.913576841354370117e-01
9.615280032157897949e-01
9.777801632881164551e-01
9.953991174697875977e-01
5.805964469909667969e-01
5.521605014801025391e-01
9.412823319435119629e-01
9.988294243812561035e-01
9.685144424438476562e-01
4.798653125762939453e-01
9.997700452804565430e-01
9.849679470062255859e-01
6.782963871955871582e-01
9.995681047439575195e-01
9.647867679595947266e-01
9.696275591850280762e-01
9.994822144508361816e-01
9.419180750846862793e-01
4.507926106452941895e-01
4.943988621234893799e-01
9.016386270523071289e-01
9.972574114799499512e-01
9.966096878051757812e-01
8.393456935882568359e-01
9.990294575691223145e-01
9.992523789405822754e-01
9.977586865425109863e-01
3.020398020744323730e-01
3.762649893760681152e-01
6.408534049987792969e-01
6.650554537773132324e-01
5.291166305541992188e-01
8.120138645172119141e-01
9.203511476516723633e-01
9.654844999313354492e-01
9.999535679817199707e-01
6.634222865104675293e-01
7.374628782272338867e-01
9.998448491096496582e-01
