9.833839535713195801e-01
9.497916102409362793e-01
4.274452328681945801e-01
3.911960422992706299e-01
9.025894403457641602e-01
9.901559948921203613e-01
9.885363578796386719e-01
9.699794054031372070e-01
9.845868945121765137e-01
8.251135945320129395e-01
9.849250912666320801e-01
8.044332861900329590e-01
9.956923723220825195e-01
9.861997961997985840e-01
9.971095919609069824e-01
9.904276728630065918e-01
9.944998025894165039e-01
9.384977221488952637e-01
9.994242787361145020e-01
9.613806009292602539e-01
9.863834977149963379e-01
9.976746439933776855e-01
9.872765541076660156e-01
9.666815400123596191e-01
9.934617877006530762e-01
9.759495258331298828e-01
9.920611977577209473e-01
9.309355020523071289e-01
9.945361614227294922e-01
9.995189905166625977e-01
9.771825075149536133e-01
9.270222187042236328e-01
9.271168112754821777e-01
9.898845553398132324e-01
9.893603324890136719e-01
7.714395523071289062e-01
9.777804017066955566e-01
9.818146824836730957e-01
9.764286279678344727e-01
9.922760128974914551e-01
9.562615752220153809e-01
9.950483441352844238e-01
8.171153664588928223e-01
9.894298315048217773e-01
9.853603839874267578e-01
7.886620163917541504e-01
9.732496738433837891e-01
9.780278801918029785e-01
9.940651655197143555e-01
9.776349663734436035e-01
9.957815408706665039e-01
9.698526859283447266e-01
9.920964837074279785e-01
9.979264140129089355e-01
9.525573849678039551e-01
9.906244874000549316e-01
9.431867003440856934e-01
9.797571897506713867e-01
8.064849376678466797e-01
9.766746759414672852e-01
7.716633677482604980e-01
9.674510359764099121e-01
9.745030403137207031e-01
7.599985599517822266e-01
8.956316113471984863e-01
9.918351173400878906e-01
9.679772853851318359e-01
9.789342880249023438e-01
9.728809595108032227e-01
6.581476330757141113e-01
9.978086948394775391e-01
9.220517277717590332e-01
9.868701100349426270e-01
9.727718234062194824e-01
9.773354530334472656e-01
9.898264408111572266e-01
9.986973404884338379e-01
9.615070819854736328e-01
9.842289090156555176e-01
9.685012698173522949e-01
9.453897476196289062e-01
9.680613875389099121e-01
9.689182639122009277e-01
9.868295192718505859e-01
8.975799083709716797e-01
9.947171211242675781e-01
9.007429480552673340e-01
9.993170499801635742e-01
9.737697243690490723e-01
9.966346025466918945e-01
9.208745360374450684e-01
9.964940547943115234e-01
9.465510845184326172e-01
9.945477843284606934e-01
9.987325668334960938e-01
9.965791106224060059e-01
9.714357852935791016e-01
9.312481880187988281e-01
9.311491250991821289e-01
8.397821187973022461e-01
9.470105171203613281e-01
9.936550855636596680e-01
8.751152753829956055e-01
9.851803779602050781e-01
9.567328095436096191e-01
9.864382147789001465e-01
9.560530781745910645e-01
8.692137002944946289e-01
9.927034378051757812e-01
9.881119728088378906e-01
9.158201813697814941e-01
9.850869178771972656e-01
8.586593866348266602e-01
9.519281983375549316e-01
9.856518507003784180e-01
7.771584391593933105e-01
9.727998971939086914e-01
9.896583557128906250e-01
9.242386817932128906e-01
8.933307528495788574e-01
9.969356656074523926e-01
9.784800410270690918e-01
9.652879834175109863e-01
9.587705135345458984e-01
9.792914986610412598e-01
9.783265590667724609e-01
8.250102400779724121e-01
9.962071180343627930e-01
9.928112626075744629e-01
9.254072308540344238e-01
9.358420372009277344e-01
9.486355185508728027e-01
9.635135531425476074e-01
9.926791191101074219e-01
9.820708036422729492e-01
6.681678295135498047e-01
9.563174247741699219e-01
9.986321926116943359e-01
9.927493929862976074e-01
9.194557666778564453e-01
9.929869174957275391e-01
8.976443409919738770e-01
9.827713370323181152e-01
9.638725519180297852e-01
9.930041432380676270e-01
9.764373898506164551e-01
9.364321827888488770e-01
9.957777857780456543e-01
9.979821443557739258e-01
9.544945359230041504e-01
9.954311251640319824e-01
9.400064349174499512e-01
8.985102176666259766e-01
9.635550379753112793e-01
9.871780872344970703e-01
9.036198854446411133e-01
8.501698970794677734e-01
9.184044003486633301e-01
9.581714868545532227e-01
9.102851748466491699e-01
9.788982868194580078e-01
9.841361641883850098e-01
5.321205854415893555e-01
8.489186763763427734e-01
9.862442016601562500e-01
9.929077029228210449e-01
9.130545258522033691e-01
9.797226786613464355e-01
4.419979751110076904e-01
9.941059350967407227e-01
9.811493754386901855e-01
9.837360382080078125e-01
9.746340513229370117e-01
9.934154152870178223e-01
9.443095922470092773e-01
8.758573532104492188e-01
8.717249631881713867e-01
9.670611619949340820e-01
9.919061064720153809e-01
9.758855104446411133e-01
8.852982521057128906e-01
9.961696267127990723e-01
9.939744472503662109e-01
9.817327857017517090e-01
9.746497273445129395e-01
9.916595220565795898e-01
9.328283071517944336e-01
9.703825116157531738e-01
9.716264605522155762e-01
8.318280577659606934e-01
9.845921993255615234e-01
8.875445127487182617e-01
8.103539347648620605e-01
8.903135657310485840e-01
9.313248395919799805e-01
9.834448695182800293e-01
9.921586513519287109e-01
9.285830259323120117e-01
9.603636860847473145e-01
9.910928010940551758e-01
9.639227986335754395e-01
9.893790483474731445e-01
9.937779307365417480e-01
9.614568352699279785e-01
9.855403900146484375e-01
9.448516964912414551e-01
9.953727722167968750e-01
9.965397715568542480e-01
7.177281975746154785e-01
7.181450128555297852e-01
8.821222186088562012e-01
9.777687788009643555e-01
9.255179166793823242e-01
9.728007316589355469e-01
9.650492668151855469e-01
9.968395233154296875e-01
9.886344671249389648e-01
9.347291588783264160e-01
8.737622499465942383e-01
6.722136139869689941e-01
9.865002632141113281e-01
9.419890046119689941e-01
9.822887182235717773e-01
9.853442311286926270e-01
8.506798148155212402e-01
9.507948160171508789e-01
7.156484127044677734e-01
9.557417035102844238e-01
9.937621355056762695e-01
9.681305885314941406e-01
9.326385855674743652e-01
8.673464059829711914e-01
9.872984886169433594e-01
8.183950185775756836e-01
9.837775230407714844e-01
9.917901754379272461e-01
9.992129802703857422e-01
9.098758101463317871e-01
9.990944862365722656e-01
9.991032481193542480e-01
9.615384340286254883e-01
9.993554949760437012e-01
9.758815169334411621e-01
9.581533074378967285e-01
9.864713549613952637e-01
9.761055707931518555e-01
9.926420450210571289e-01
9.942330718040466309e-01
9.984755516052246094e-01
9.846215844154357910e-01
9.958820343017578125e-01
9.740743041038513184e-01
9.306155443191528320e-01
9.817377328872680664e-01
9.575463533401489258e-01
8.971820473670959473e-01
9.626499414443969727e-01
9.951075315475463867e-01
9.908512830734252930e-01
9.321560859680175781e-01
9.711015224456787109e-01
9.935688376426696777e-01
9.937605261802673340e-01
9.783340692520141602e-01
9.865381121635437012e-01
9.674707651138305664e-01
9.905840158462524414e-01
9.837445020675659180e-01
8.023784756660461426e-01
6.685360670089721680e-01
7.277262806892395020e-01
9.804982542991638184e-01
9.955401420593261719e-01
9.839797019958496094e-01
9.800989627838134766e-01
9.978433847427368164e-01
9.766072630882263184e-01
9.955316781997680664e-01
9.854786396026611328e-01
9.728722572326660156e-01
9.805909991264343262e-01
9.715173244476318359e-01
8.492580056190490723e-01
9.979222416877746582e-01
9.886820316314697266e-01
6.986564397811889648e-01
9.952940940856933594e-01
9.532753229141235352e-01
9.938250780105590820e-01
8.964778780937194824e-01
9.983459115028381348e-01
9.751288294792175293e-01
9.448852539062500000e-01
9.832787513732910156e-01
9.833797216415405273e-01
9.707390069961547852e-01
9.816163182258605957e-01
9.908457398414611816e-01
9.899883270263671875e-01
9.878982305526733398e-01
8.210631012916564941e-01
9.445434808731079102e-01
9.975333809852600098e-01
5.477714538574218750e-01
9.970414042472839355e-01
9.678248167037963867e-01
9.905759692192077637e-01
9.236148595809936523e-01
9.021005630493164062e-01
9.602282643318176270e-01
9.729699492454528809e-01
9.997124075889587402e-01
9.765871763229370117e-01
9.801189303398132324e-01
9.921803474426269531e-01
9.916635751724243164e-01
9.723510146141052246e-01
8.635348081588745117e-01
9.846243262290954590e-01
8.860501050949096680e-01
8.770971894264221191e-01
6.643079519271850586e-01
9.939469099044799805e-01
9.766567349433898926e-01
9.567031264305114746e-01
9.167345762252807617e-01
9.439253807067871094e-01
9.281932115554809570e-01
9.204407930374145508e-01
9.903439879417419434e-01
9.951950907707214355e-01
9.703982472419738770e-01
9.244396686553955078e-01
9.778248667716979980e-01
9.625351428985595703e-01
9.007328152656555176e-01
9.843246340751647949e-01
9.684187769889831543e-01
8.211951851844787598e-01
4.725616574287414551e-01
8.750357031822204590e-01
9.702199697494506836e-01
9.303409457206726074e-01
9.781184792518615723e-01
6.839469075202941895e-01
9.996762275695800781e-01
9.334329962730407715e-01
9.729573130607604980e-01
9.572165608406066895e-01
9.901708364486694336e-01
9.685247540473937988e-01
9.080070853233337402e-01
9.393079876899719238e-01
9.995544552803039551e-01
5.734782814979553223e-01
9.506931304931640625e-01
8.585398793220520020e-01
9.882754683494567871e-01
9.989532828330993652e-01
9.668547511100769043e-01
9.756461977958679199e-01
4.694170951843261719e-01
9.525768756866455078e-01
9.772646427154541016e-01
7.019119858741760254e-01
9.572935700416564941e-01
9.785718917846679688e-01
9.962104558944702148e-01
9.995213150978088379e-01
9.449936151504516602e-01
8.810430169105529785e-01
9.842008352279663086e-01
9.722805619239807129e-01
9.795224666595458984e-01
9.902114272117614746e-01
9.803857803344726562e-01
9.734492301940917969e-01
8.551912903785705566e-01
9.874021410942077637e-01
6.765069365501403809e-01
9.699415564537048340e-01
9.059277176856994629e-01
9.895159006118774414e-01
9.926768541336059570e-01
9.581459760665893555e-01
9.945914149284362793e-01
9.753805994987487793e-01
9.570996761322021484e-01
9.079864621162414551e-01
9.792840480804443359e-01
9.815011620521545410e-01
9.942447543144226074e-01
9.859982728958129883e-01
9.658398628234863281e-01
9.910913705825805664e-01
9.822710156440734863e-01
9.913322329521179199e-01
8.969204425811767578e-01
9.916588664054870605e-01
9.859940409660339355e-01
9.468470215797424316e-01
9.808241128921508789e-01
8.015109300613403320e-01
5.882582068443298340e-01
9.936649203300476074e-01
8.540539741516113281e-01
9.905040860176086426e-01
9.700371623039245605e-01
9.995120763778686523e-01
9.934032559394836426e-01
9.736289978027343750e-01
9.932317137718200684e-01
9.547147750854492188e-01
9.291154742240905762e-01
9.876213073730468750e-01
9.172548651695251465e-01
9.247566461563110352e-01
9.650411009788513184e-01
9.884899854660034180e-01
9.603921771049499512e-01
9.944319128990173340e-01
9.922288656234741211e-01
9.456606507301330566e-01
8.930387496948242188e-01
9.493480324745178223e-01
9.609117507934570312e-01
9.676293730735778809e-01
9.641484022140502930e-01
9.228389859199523926e-01
9.926712512969970703e-01
9.921510815620422363e-01
9.972680211067199707e-01
9.783706068992614746e-01
9.847860336303710938e-01
9.541285634040832520e-01
9.897649288177490234e-01
9.559888839721679688e-01
9.304842948913574219e-01
8.431617617607116699e-01
9.570703506469726562e-01
9.077276587486267090e-01
9.013832211494445801e-01
9.894394874572753906e-01
9.829527139663696289e-01
9.916968345642089844e-01
9.740887880325317383e-01
9.756659269332885742e-01
9.764249920845031738e-01
9.717929959297180176e-01
9.854899048805236816e-01
9.430898427963256836e-01
9.081634283065795898e-01
8.665462732315063477e-01
9.799856543540954590e-01
9.302353262901306152e-01
9.897380471229553223e-01
9.950051307678222656e-01
7.207432985305786133e-01
9.448904991149902344e-01
9.593752622604370117e-01
9.414522051811218262e-01
9.912807941436767578e-01
9.952453970909118652e-01
9.674174189567565918e-01
8.955627679824829102e-01
8.348690867424011230e-01
9.776009321212768555e-01
9.986342787742614746e-01
9.872604012489318848e-01
5.447478294372558594e-01
9.610344171524047852e-01
9.721947908401489258e-01
9.958573579788208008e-01
9.845244288444519043e-01
7.251623272895812988e-01
8.834480047225952148e-01
8.121730089187622070e-01
9.817364811897277832e-01
9.868955612182617188e-01
9.921879172325134277e-01
9.913408160209655762e-01
9.690509438514709473e-01
9.781935811042785645e-01
9.709126353263854980e-01
9.412572979927062988e-01
8.657966852188110352e-01
9.948843717575073242e-01
9.507634043693542480e-01
9.751863479614257812e-01
8.069634437561035156e-01
7.580445408821105957e-01
3.422278761863708496e-01
9.918709397315979004e-01
8.487157225608825684e-01
6.838871240615844727e-01
9.950134754180908203e-01
9.308536648750305176e-01
9.450079798698425293e-01
9.936876296997070312e-01
9.204887151718139648e-01
9.755101203918457031e-01
9.762875437736511230e-01
9.145608544349670410e-01
7.522893548011779785e-01
9.432647228240966797e-01
9.282532334327697754e-01
9.873845577239990234e-01
9.906355738639831543e-01
9.987741708755493164e-01
9.961879253387451172e-01
9.890300631523132324e-01
9.734915494918823242e-01
8.956829905509948730e-01
8.273172974586486816e-01
9.989191293716430664e-01
9.720576405525207520e-01
9.918748736381530762e-01
9.946068525314331055e-01
9.998381733894348145e-01
9.893139600753784180e-01
8.927851319313049316e-01
9.977974891662597656e-01
9.743171334266662598e-01
9.602672457695007324e-01
9.847698807716369629e-01
8.542540073394775391e-01
9.845932722091674805e-01
9.606080651283264160e-01
9.403524994850158691e-01
9.630840420722961426e-01
9.670343399047851562e-01
9.681805372238159180e-01
9.874075055122375488e-01
9.846221208572387695e-01
9.972923398017883301e-01
9.575288295745849609e-01
9.624269008636474609e-01
9.521896243095397949e-01
9.194809794425964355e-01
9.938232302665710449e-01
7.986264228820800781e-01
9.794406294822692871e-01
9.640070796012878418e-01
9.801621437072753906e-01
9.553038477897644043e-01
9.051436185836791992e-01
9.782974123954772949e-01
9.667531251907348633e-01
9.680844545364379883e-01
9.869062900543212891e-01
9.897397160530090332e-01
9.607747793197631836e-01
9.986858963966369629e-01
9.341170191764831543e-01
9.962301850318908691e-01
7.766431570053100586e-01
9.800242185592651367e-01
9.887401461601257324e-01
9.106225967407226562e-01
9.810810685157775879e-01
9.911648631095886230e-01
9.844449162483215332e-01
9.878160357475280762e-01
9.852201938629150391e-01
9.749089479446411133e-01
9.945411086082458496e-01
9.894023537635803223e-01
9.995575547218322754e-01
9.944535493850708008e-01
9.432069659233093262e-01
9.738904237747192383e-01
9.947822093963623047e-01
9.819303750991821289e-01
9.252257943153381348e-01
9.681916832923889160e-01
9.783709645271301270e-01
9.881987571716308594e-01
7.558946609497070312e-01
8.610294461250305176e-01
9.933310747146606445e-01
9.821884632110595703e-01
9.553533792495727539e-01
8.966220617294311523e-01
9.066219329833984375e-01
9.655436277389526367e-01
9.699952006340026855e-01
9.721620678901672363e-01
9.459563493728637695e-01
9.848197102546691895e-01
9.823130369186401367e-01
9.732041358947753906e-01
9.627085328102111816e-01
9.995983242988586426e-01
9.982650876045227051e-01
9.839448928833007812e-01
9.715459346771240234e-01
9.168177247047424316e-01
9.900141954421997070e-01
9.274845719337463379e-01
9.994738698005676270e-01
8.773151636123657227e-01
9.492587447166442871e-01
9.869072437286376953e-01
9.225944280624389648e-01
9.801650643348693848e-01
9.834790825843811035e-01
9.890916943550109863e-01
9.621640443801879883e-01
9.527631998062133789e-01
9.248664975166320801e-01
9.777548909187316895e-01
9.913712143898010254e-01
9.833465218544006348e-01
9.865862727165222168e-01
9.472630620002746582e-01
9.328619837760925293e-01
8.640984296798706055e-01
9.744790196418762207e-01
9.590872526168823242e-01
9.054579734802246094e-01
9.998223781585693359e-01
9.850245118141174316e-01
9.945480823516845703e-01
9.386034011840820312e-01
8.415791988372802734e-01
9.764738082885742188e-01
9.731293320655822754e-01
9.778274297714233398e-01
9.876478910446166992e-01
9.863919019699096680e-01
9.077328443527221680e-01
9.561414122581481934e-01
9.404929876327514648e-01
9.813652038574218750e-01
9.419075250625610352e-01
9.803452491760253906e-01
9.876094460487365723e-01
9.737579226493835449e-01
9.217917323112487793e-01
9.337935447692871094e-01
9.700081944465637207e-01
9.833723902702331543e-01
8.825650215148925781e-01
9.701202511787414551e-01
9.996660351753234863e-01
9.107339382171630859e-01
9.799721240997314453e-01
9.396321177482604980e-01
9.309029579162597656e-01
9.979225993156433105e-01
9.528979063034057617e-01
9.714831709861755371e-01
9.972695708274841309e-01
9.616041779518127441e-01
9.282284379005432129e-01
9.611805081367492676e-01
9.851731061935424805e-01
9.899525642395019531e-01
9.637446999549865723e-01
9.717863202095031738e-01
8.935083746910095215e-01
9.577250480651855469e-01
9.827677607536315918e-01
9.620274901390075684e-01
9.291443228721618652e-01
9.941516518592834473e-01
9.276779294013977051e-01
9.148296713829040527e-01
9.917376637458801270e-01
9.029753208160400391e-01
9.806641936302185059e-01
9.029355049133300781e-01
9.945054650306701660e-01
9.962058663368225098e-01
8.243418335914611816e-01
9.911650419235229492e-01
9.794777035713195801e-01
9.719756245613098145e-01
9.921926856040954590e-01
9.497678875923156738e-01
9.896426796913146973e-01
9.308886528015136719e-01
9.571627974510192871e-01
9.054151177406311035e-01
9.891754984855651855e-01
9.894981384277343750e-01
7.808170914649963379e-01
9.796624183654785156e-01
9.832035899162292480e-01
8.618729114532470703e-01
9.978297948837280273e-01
9.905452132225036621e-01
9.953051805496215820e-01
9.711885452270507812e-01
9.529803395271301270e-01
9.860122799873352051e-01
9.867804646492004395e-01
9.510410428047180176e-01
9.110999703407287598e-01
9.859634637832641602e-01
9.984755516052246094e-01
9.766747355461120605e-01
9.937253594398498535e-01
8.941999673843383789e-01
9.321678280830383301e-01
8.912807106971740723e-01
9.835488796234130859e-01
8.884952068328857422e-01
8.718330264091491699e-01
9.419263005256652832e-01
9.505927562713623047e-01
9.860797524452209473e-01
9.325261116027832031e-01
7.253789305686950684e-01
9.898272752761840820e-01
9.815695881843566895e-01
9.724961519241333008e-01
9.502627253532409668e-01
9.680837392807006836e-01
9.529859423637390137e-01
9.523711204528808594e-01
9.883386492729187012e-01
9.806653261184692383e-01
9.405134320259094238e-01
9.837719202041625977e-01
8.535605072975158691e-01
9.895437359809875488e-01
9.890552759170532227e-01
9.550259709358215332e-01
9.033550620079040527e-01
9.927648901939392090e-01
9.945021867752075195e-01
9.389170408248901367e-01
9.873514771461486816e-01
9.854027628898620605e-01
9.571028947830200195e-01
9.753136634826660156e-01
9.279695749282836914e-01
8.808006644248962402e-01
6.098430752754211426e-01
9.899104833602905273e-01
9.566475749015808105e-01
9.939206242561340332e-01
9.729494452476501465e-01
9.878191947937011719e-01
7.601235508918762207e-01
9.965932965278625488e-01
9.720216393470764160e-01
9.751420617103576660e-01
9.834081530570983887e-01
8.817537426948547363e-01
9.901928901672363281e-01
9.537022113800048828e-01
9.794536232948303223e-01
2.980240881443023682e-01
9.670044779777526855e-01
9.836769104003906250e-01
9.816433787345886230e-01
9.841971993446350098e-01
9.939617514610290527e-01
9.721158742904663086e-01
9.874242544174194336e-01
9.822140932083129883e-01
9.877833127975463867e-01
9.984812140464782715e-01
9.869700670242309570e-01
9.870272278785705566e-01
9.766715764999389648e-01
9.977633953094482422e-01
9.883822798728942871e-01
9.619002938270568848e-01
8.896917700767517090e-01
9.531828761100769043e-01
9.887266159057617188e-01
9.728730916976928711e-01
8.479534983634948730e-01
9.983245134353637695e-01
9.750189185142517090e-01
9.099295139312744141e-01
9.959737658500671387e-01
7.335890531539916992e-01
7.179241776466369629e-01
9.228483438491821289e-01
9.857569932937622070e-01
9.706265926361083984e-01
9.587636590003967285e-01
8.071708083152770996e-01
9.835783243179321289e-01
9.944601058959960938e-01
9.336172342300415039e-01
9.932696223258972168e-01
9.406048655509948730e-01
9.913768172264099121e-01
9.776518344879150391e-01
9.438519477844238281e-01
9.637657999992370605e-01
9.565270543098449707e-01
9.754756093025207520e-01
7.949070930480957031e-01
9.018328189849853516e-01
8.988307118415832520e-01
7.388659715652465820e-01
9.728950262069702148e-01
9.915117621421813965e-01
8.909578323364257812e-01
9.525272250175476074e-01
9.434854388236999512e-01
9.424336552619934082e-01
9.735927581787109375e-01
7.832846045494079590e-01
9.077944755554199219e-01
9.836918115615844727e-01
9.898822307586669922e-01
9.912544488906860352e-01
9.855049848556518555e-01
9.969945549964904785e-01
8.143118619918823242e-01
9.720458984375000000e-01
6.725031733512878418e-01
9.908911585807800293e-01
9.872896671295166016e-01
9.918302893638610840e-01
9.936631321907043457e-01
9.421262145042419434e-01
9.610750079154968262e-01
6.708270907402038574e-01
9.807193279266357422e-01
7.658520936965942383e-01
9.713447093963623047e-01
9.705426096916198730e-01
9.546298384666442871e-01
9.039742946624755859e-01
9.365406036376953125e-01
9.167487621307373047e-01
9.001914262771606445e-01
9.910680055618286133e-01
7.666440606117248535e-01
9.600335955619812012e-01
9.948061704635620117e-01
9.984707236289978027e-01
9.906476140022277832e-01
9.527109861373901367e-01
9.949794411659240723e-01
9.984755516052246094e-01
9.910749793052673340e-01
9.815009236335754395e-01
6.934037804603576660e-01
9.853451848030090332e-01
9.810190200805664062e-01
9.795942902565002441e-01
9.793766140937805176e-01
9.146857261657714844e-01
9.882330298423767090e-01
9.808786511421203613e-01
9.989625811576843262e-01
9.923928380012512207e-01
9.998220205307006836e-01
9.223265647888183594e-01
9.882287979125976562e-01
9.594420790672302246e-01
9.830049872398376465e-01
9.379889965057373047e-01
9.897745847702026367e-01
9.724607467651367188e-01
9.863150715827941895e-01
9.967862963676452637e-01
7.639161944389343262e-01
9.963848590850830078e-01
9.780238866806030273e-01
9.902154207229614258e-01
9.576783180236816406e-01
9.838835000991821289e-01
9.372742176055908203e-01
9.575975537300109863e-01
9.764153957366943359e-01
9.962760210037231445e-01
9.892004728317260742e-01
9.484038352966308594e-01
9.675087332725524902e-01
9.511862993240356445e-01
9.580326676368713379e-01
9.812039732933044434e-01
9.898882508277893066e-01
9.866983294486999512e-01
7.880529761314392090e-01
9.774363040924072266e-01
9.830837249755859375e-01
8.457516431808471680e-01
9.890566468238830566e-01
9.880033731460571289e-01
9.879593253135681152e-01
9.848059415817260742e-01
9.531875848770141602e-01
9.819201827049255371e-01
9.268728494644165039e-01
9.835520982742309570e-01
9.804904460906982422e-01
8.811843991279602051e-01
9.882450699806213379e-01
9.552450776100158691e-01
9.925260543823242188e-01
9.799245595932006836e-01
9.616749882698059082e-01
9.667032361030578613e-01
9.645888209342956543e-01
9.792879223823547363e-01
9.441608786582946777e-01
9.942334890365600586e-01
9.517837166786193848e-01
5.360560417175292969e-01
9.837082028388977051e-01
9.931050539016723633e-01
9.292089343070983887e-01
9.157058000564575195e-01
9.886607527732849121e-01
9.931497573852539062e-01
8.744835257530212402e-01
8.443018794059753418e-01
9.169559478759765625e-01
9.877685308456420898e-01
9.777749776840209961e-01
9.804143309593200684e-01
8.985600471496582031e-01
9.493215084075927734e-01
9.908567667007446289e-01
9.917716979980468750e-01
9.937445521354675293e-01
9.945489168167114258e-01
9.956467151641845703e-01
9.016816020011901855e-01
9.821184873580932617e-01
9.674289822578430176e-01
8.713169097900390625e-01
9.213645458221435547e-01
9.960536956787109375e-01
9.641591310501098633e-01
9.949123263359069824e-01
9.079604744911193848e-01
9.686433076858520508e-01
9.898526668548583984e-01
9.430662393569946289e-01
7.975697517395019531e-01
8.906459808349609375e-01
9.907605051994323730e-01
9.534242153167724609e-01
9.999029636383056641e-01
9.906270503997802734e-01
9.741553664207458496e-01
8.848910331726074219e-01
9.885448217391967773e-01
9.914118051528930664e-01
9.951865673065185547e-01
9.922945499420166016e-01
9.808311462402343750e-01
9.831026196479797363e-01
8.901590704917907715e-01
9.853207468986511230e-01
8.855736851692199707e-01
9.975659847259521484e-01
9.794744849205017090e-01
9.807602763175964355e-01
9.709815979003906250e-01
7.487315535545349121e-01
9.716217517852783203e-01
9.912491440773010254e-01
9.463957548141479492e-01
9.846432805061340332e-01
9.971173405647277832e-01
5.766949057579040527e-01
9.873489737510681152e-01
9.626792669296264648e-01
9.932668805122375488e-01
9.896188378334045410e-01
9.933129549026489258e-01
7.757966518402099609e-01
9.992806911468505859e-01
9.840989708900451660e-01
9.711157083511352539e-01
9.757575988769531250e-01
9.429764747619628906e-01
9.831070899963378906e-01
9.890513420104980469e-01
9.754034876823425293e-01
9.953613281250000000e-01
9.081586003303527832e-01
9.619948863983154297e-01
9.697191715240478516e-01
9.912303090095520020e-01
9.941174983978271484e-01
9.685721397399902344e-01
9.678300619125366211e-01
9.059491157531738281e-01
9.848545789718627930e-01
9.755609035491943359e-01
9.948486685752868652e-01
8.928471803665161133e-01
9.805441498756408691e-01
9.503788352012634277e-01
9.900932312011718750e-01
9.789716601371765137e-01
9.415227770805358887e-01
9.971881508827209473e-01
9.985210299491882324e-01
9.871523380279541016e-01
9.000584483146667480e-01
9.818142056465148926e-01
8.243605494499206543e-01
9.884006977081298828e-01
9.373854398727416992e-01
9.540216326713562012e-01
9.817458391189575195e-01
9.714742302894592285e-01
8.783133029937744141e-01
9.686788320541381836e-01
9.948378205299377441e-01
5.284979939460754395e-01
9.825888872146606445e-01
9.492943286895751953e-01
9.779813885688781738e-01
9.727642536163330078e-01
9.578843116760253906e-01
9.906827211380004883e-01
8.186306953430175781e-01
9.040061235427856445e-01
9.957543015480041504e-01
7.999195456504821777e-01
9.871634244918823242e-01
9.674637913703918457e-01
9.634618163108825684e-01
9.578428268432617188e-01
9.967417120933532715e-01
9.829364418983459473e-01
9.859858751296997070e-01
9.805167913436889648e-01
9.941408038139343262e-01
9.919182062149047852e-01
9.901417493820190430e-01
9.931188225746154785e-01
9.761765003204345703e-01
9.725078940391540527e-01
9.950667023658752441e-01
9.937925338745117188e-01
8.129146099090576172e-01
9.718011617660522461e-01
9.691312313079833984e-01
9.989966750144958496e-01
9.526215195655822754e-01
7.704260349273681641e-01
9.779433012008666992e-01
9.233508706092834473e-01
9.822024703025817871e-01
9.739595651626586914e-01
9.900501966476440430e-01
9.576249122619628906e-01
9.283286929130554199e-01
9.816121459007263184e-01
9.694021940231323242e-01
9.698614478111267090e-01
9.179533720016479492e-01
9.142072200775146484e-01
6.073828935623168945e-01
9.773667454719543457e-01
9.823052883148193359e-01
9.829196929931640625e-01
9.915533661842346191e-01
9.711028337478637695e-01
9.807373881340026855e-01
9.277256727218627930e-01
9.863576889038085938e-01
9.832907915115356445e-01
9.925098419189453125e-01
9.880916476249694824e-01
9.990025162696838379e-01
9.749596118927001953e-01
8.309763669967651367e-01
9.254342913627624512e-01
9.916521310806274414e-01
9.930711388587951660e-01
9.783548116683959961e-01
9.343919754028320312e-01
9.347080588340759277e-01
9.588842988014221191e-01
7.855318784713745117e-01
9.551221728324890137e-01
9.929457902908325195e-01
9.981710314750671387e-01
9.874166846275329590e-01
9.709376096725463867e-01
7.119343876838684082e-01
9.891567826271057129e-01
9.230661392211914062e-01
9.997113943099975586e-01
9.801268577575683594e-01
9.453902244567871094e-01
9.896947145462036133e-01
9.718501567840576172e-01
9.413871765136718750e-01
9.568746089935302734e-01
9.956713318824768066e-01
8.539010882377624512e-01
9.548934102058410645e-01
9.620794653892517090e-01
9.930579066276550293e-01
9.989191293716430664e-01
9.761386513710021973e-01
9.475348591804504395e-01
9.934189319610595703e-01
9.753433465957641602e-01
9.972620606422424316e-01
9.900547862052917480e-01
9.639244079589843750e-01
7.817143201828002930e-01
9.625747799873352051e-01
9.828656315803527832e-01
9.994102716445922852e-01
9.801080226898193359e-01
9.629558324813842773e-01
9.855206608772277832e-01
9.302003979682922363e-01
9.784994721412658691e-01
9.936573505401611328e-01
9.739609360694885254e-01
9.843958616256713867e-01
9.966739416122436523e-01
9.914787411689758301e-01
8.741838932037353516e-01
9.865112900733947754e-01
9.053934812545776367e-01
9.808018803596496582e-01
9.985587596893310547e-01
9.874659776687622070e-01
3.557963967323303223e-01
9.990791082382202148e-01
7.739892601966857910e-01
9.642791748046875000e-01
9.884027838706970215e-01
8.491263985633850098e-01
9.723417162895202637e-01
9.885536432266235352e-01
9.800944328308105469e-01
9.801855087280273438e-01
8.675303459167480469e-01
9.777355194091796875e-01
9.427607655525207520e-01
9.993317127227783203e-01
9.814764857292175293e-01
9.955937266349792480e-01
9.843097925186157227e-01
9.886057376861572266e-01
7.435550093650817871e-01
9.393955469131469727e-01
9.256463050842285156e-01
9.894788861274719238e-01
9.995567798614501953e-01
8.438308238983154297e-01
9.846814274787902832e-01
9.952189326286315918e-01
9.856638908386230469e-01
9.205014109611511230e-01
9.621582627296447754e-01
9.233498573303222656e-01
9.598847031593322754e-01
9.857927560806274414e-01
9.844201803207397461e-01
9.977223873138427734e-01
9.915965795516967773e-01
9.328811764717102051e-01
9.813981652259826660e-01
9.855535626411437988e-01
9.851230978965759277e-01
9.823303222656250000e-01
9.758713841438293457e-01
9.952352643013000488e-01
9.850896000862121582e-01
9.846229553222656250e-01
9.783136248588562012e-01
9.649069309234619141e-01
9.939303994178771973e-01
9.823332428932189941e-01
9.994542598724365234e-01
9.495837092399597168e-01
9.956224560737609863e-01
9.306639432907104492e-01
9.705998897552490234e-01
9.723818898200988770e-01
9.975226521492004395e-01
9.458580017089843750e-01
9.893409013748168945e-01
9.299711585044860840e-01
9.616199731826782227e-01
9.666800498962402344e-01
9.945130348205566406e-01
9.257823228836059570e-01
9.901919364929199219e-01
9.528744220733642578e-01
9.447688460350036621e-01
9.776569008827209473e-01
9.682652950286865234e-01
9.794547557830810547e-01
9.837313890457153320e-01
6.083590388298034668e-01
7.769850492477416992e-01
9.878295063972473145e-01
7.475011348724365234e-01
9.819945096969604492e-01
8.090908527374267578e-01
8.748944401741027832e-01
9.413934946060180664e-01
9.624720215797424316e-01
9.662607908248901367e-01
9.791086316108703613e-01
9.790079593658447266e-01
9.804728031158447266e-01
9.344444870948791504e-01
9.704939126968383789e-01
9.691503643989562988e-01
9.671109318733215332e-01
9.906641840934753418e-01
9.797448515892028809e-01
9.549695253372192383e-01
9.921179413795471191e-01
9.925966262817382812e-01
9.291944503784179688e-01
8.822928667068481445e-01
9.883545637130737305e-01
9.741596579551696777e-01
9.805052876472473145e-01
9.456265568733215332e-01
9.824249744415283203e-01
9.197981953620910645e-01
9.599635601043701172e-01
9.895190596580505371e-01
9.469037055969238281e-01
9.963771700859069824e-01
9.653813242912292480e-01
9.221131801605224609e-01
9.507784247398376465e-01
9.605782628059387207e-01
9.908646941184997559e-01
9.172730445861816406e-01
9.748160243034362793e-01
8.736665248870849609e-01
9.525682330131530762e-01
9.463363885879516602e-01
9.994623661041259766e-01
9.895600676536560059e-01
9.867527484893798828e-01
9.928188920021057129e-01
9.858448505401611328e-01
9.919151663780212402e-01
6.439066529273986816e-01
8.917202949523925781e-01
9.915159940719604492e-01
9.709562063217163086e-01
9.878535866737365723e-01
9.934358596801757812e-01
9.597151279449462891e-01
9.404163956642150879e-01
9.573541879653930664e-01
9.759489297866821289e-01
9.616284966468811035e-01
8.814913630485534668e-01
9.454427361488342285e-01
9.848712682723999023e-01
9.967290759086608887e-01
9.488356113433837891e-01
9.772169589996337891e-01
9.734562635421752930e-01
9.691736698150634766e-01
9.906551837921142578e-01
9.525418281555175781e-01
9.942473173141479492e-01
8.338885903358459473e-01
9.987547993659973145e-01
9.898861050605773926e-01
9.195260405540466309e-01
9.749800562858581543e-01
9.936895966529846191e-01
7.335936427116394043e-01
9.180622100830078125e-01
9.987397193908691406e-01
9.676429033279418945e-01
8.010709285736083984e-01
9.844703078269958496e-01
9.485124349594116211e-01
9.788426756858825684e-01
9.969514608383178711e-01
9.928522109985351562e-01
8.928395509719848633e-01
9.866607189178466797e-01
8.535758852958679199e-01
9.372617006301879883e-01
7.190739512443542480e-01
9.755561351776123047e-01
9.951457381248474121e-01
9.987291693687438965e-01
9.448582530021667480e-01
9.291263818740844727e-01
9.814427495002746582e-01
9.923362731933593750e-01
9.921782612800598145e-01
9.892327189445495605e-01
9.772706627845764160e-01
