9.959638714790344238e-01
9.986251592636108398e-01
9.989627003669738770e-01
9.973326325416564941e-01
9.962591528892517090e-01
9.765022397041320801e-01
9.960655570030212402e-01
9.986086487770080566e-01
9.987694621086120605e-01
9.993588328361511230e-01
9.916710853576660156e-01
9.939242601394653320e-01
9.989271163940429688e-01
9.853842258453369141e-01
9.991276264190673828e-01
9.991868138313293457e-01
9.992294907569885254e-01
9.954219460487365723e-01
9.924654960632324219e-01
9.958855509757995605e-01
9.958571195602416992e-01
9.990411996841430664e-01
9.892029762268066406e-01
9.977409839630126953e-01
9.967344403266906738e-01
9.982693791389465332e-01
9.982858300209045410e-01
9.965003132820129395e-01
9.997868537902832031e-01
9.973157048225402832e-01
9.932249784469604492e-01
9.950159788131713867e-01
9.901694059371948242e-01
9.921783804893493652e-01
9.968274235725402832e-01
9.988741874694824219e-01
9.968082308769226074e-01
9.991910457611083984e-01
9.909834265708923340e-01
9.960605502128601074e-01
9.985581636428833008e-01
9.965916872024536133e-01
9.990460872650146484e-01
9.990267753601074219e-01
9.974778890609741211e-01
9.992250204086303711e-01
9.930136799812316895e-01
9.682297110557556152e-01
9.988537430763244629e-01
9.984768033027648926e-01
9.971513152122497559e-01
9.968866109848022461e-01
9.950940608978271484e-01
9.929371476173400879e-01
9.998764395713806152e-01
9.975005388259887695e-01
9.981667399406433105e-01
9.953698515892028809e-01
9.999182820320129395e-01
9.989727139472961426e-01
9.950132966041564941e-01
9.943732023239135742e-01
9.905703067779541016e-01
9.981115460395812988e-01
9.988969564437866211e-01
9.963350296020507812e-01
9.945595264434814453e-01
9.989902377128601074e-01
9.972767233848571777e-01
9.982207417488098145e-01
9.917067289352416992e-01
9.995263218879699707e-01
9.992652535438537598e-01
9.948289990425109863e-01
9.809880256652832031e-01
9.954779148101806641e-01
9.968649744987487793e-01
9.959563612937927246e-01
9.933530092239379883e-01
9.874385595321655273e-01
9.955594539642333984e-01
9.925196170806884766e-01
9.989632964134216309e-01
9.986501336097717285e-01
9.978337287902832031e-01
9.999033212661743164e-01
9.991221427917480469e-01
9.953486919403076172e-01
9.977865219116210938e-01
9.992451667785644531e-01
9.961214661598205566e-01
9.960042834281921387e-01
9.980493783950805664e-01
9.283784031867980957e-01
9.827467799186706543e-01
9.994929432868957520e-01
9.964426755905151367e-01
9.812619686126708984e-01
9.984850287437438965e-01
9.927762150764465332e-01
9.922597408294677734e-01
9.973310232162475586e-01
9.956626892089843750e-01
9.971214532852172852e-01
9.930220842361450195e-01
9.973967075347900391e-01
9.955006837844848633e-01
9.984176158905029297e-01
9.986439943313598633e-01
9.975965023040771484e-01
9.934332370758056641e-01
9.954729080200195312e-01
9.994466304779052734e-01
9.955023527145385742e-01
9.989508986473083496e-01
9.981482625007629395e-01
9.912485480308532715e-01
9.990662336349487305e-01
9.985954165458679199e-01
9.970777034759521484e-01
9.980333447456359863e-01
9.881772994995117188e-01
9.906221628189086914e-01
9.996960163116455078e-01
9.990282058715820312e-01
9.984487891197204590e-01
9.828591942787170410e-01
9.988790154457092285e-01
9.990227818489074707e-01
9.995843172073364258e-01
9.810035228729248047e-01
9.997767806053161621e-01
9.976404309272766113e-01
9.985131621360778809e-01
9.982624053955078125e-01
9.962560534477233887e-01
9.918665289878845215e-01
9.920433759689331055e-01
9.949337244033813477e-01
9.969922304153442383e-01
9.982850551605224609e-01
9.961838722229003906e-01
9.977108240127563477e-01
9.946485161781311035e-01
9.936192035675048828e-01
9.984447956085205078e-01
9.960156679153442383e-01
9.989361166954040527e-01
9.936391115188598633e-01
9.955676794052124023e-01
9.906766414642333984e-01
9.945194721221923828e-01
9.972550272941589355e-01
9.890285730361938477e-01
9.994660019874572754e-01
9.973316192626953125e-01
9.986008405685424805e-01
9.969174861907958984e-01
9.984701871871948242e-01
9.996507167816162109e-01
9.940991997718811035e-01
9.965143799781799316e-01
9.979761242866516113e-01
9.957635402679443359e-01
9.975324869155883789e-01
9.982915520668029785e-01
9.921838045120239258e-01
9.963013529777526855e-01
9.950356483459472656e-01
9.992280602455139160e-01
9.949283003807067871e-01
9.984129071235656738e-01
9.990950822830200195e-01
9.953605532646179199e-01
9.975616335868835449e-01
9.966184496879577637e-01
9.929918050765991211e-01
9.850677251815795898e-01
9.989930391311645508e-01
9.860297441482543945e-01
9.989770054817199707e-01
9.946522712707519531e-01
9.991644620895385742e-01
9.997184872627258301e-01
9.995675086975097656e-01
9.986000061035156250e-01
9.987372159957885742e-01
9.898134469985961914e-01
9.966629147529602051e-01
9.992252588272094727e-01
9.989910125732421875e-01
9.980548024177551270e-01
9.947788715362548828e-01
9.975874423980712891e-01
9.994052648544311523e-01
9.942654967308044434e-01
9.920556545257568359e-01
9.413767457008361816e-01
9.943002462387084961e-01
9.998433589935302734e-01
9.933332800865173340e-01
9.983464479446411133e-01
9.995760917663574219e-01
9.963322877883911133e-01
9.982116818428039551e-01
9.979192614555358887e-01
9.971421957015991211e-01
9.967212677001953125e-01
9.994731545448303223e-01
9.914050698280334473e-01
9.986566305160522461e-01
9.972433447837829590e-01
9.959562420845031738e-01
9.867695569992065430e-01
9.961266517639160156e-01
9.928452372550964355e-01
9.977375864982604980e-01
9.963387846946716309e-01
9.878748655319213867e-01
9.994046688079833984e-01
9.971093535423278809e-01
9.977252483367919922e-01
9.983955025672912598e-01
9.908357858657836914e-01
9.890757799148559570e-01
9.982185959815979004e-01
9.992989301681518555e-01
9.904369115829467773e-01
9.994029998779296875e-01
9.967212677001953125e-01
9.960584044456481934e-01
9.948598742485046387e-01
9.973670244216918945e-01
9.996596574783325195e-01
9.941114783287048340e-01
9.840029478073120117e-01
9.984750747680664062e-01
9.989169836044311523e-01
9.945748448371887207e-01
9.978646636009216309e-01
9.976391196250915527e-01
9.941653013229370117e-01
9.917383790016174316e-01
9.986172318458557129e-01
9.996601939201354980e-01
9.962208271026611328e-01
9.969140887260437012e-01
9.978374242782592773e-01
9.989931583404541016e-01
9.949507117271423340e-01
9.867563843727111816e-01
9.991601109504699707e-01
9.967993497848510742e-01
9.985058903694152832e-01
9.942400455474853516e-01
9.908004403114318848e-01
9.992215037345886230e-01
9.986308813095092773e-01
9.979575276374816895e-01
9.971964955329895020e-01
9.993653893470764160e-01
9.885775446891784668e-01
9.975273609161376953e-01
9.990597963333129883e-01
9.980220794677734375e-01
9.940925240516662598e-01
9.925942420959472656e-01
9.994962215423583984e-01
9.973746538162231445e-01
9.931272864341735840e-01
9.989618659019470215e-01
9.996505379676818848e-01
9.942589998245239258e-01
9.952842593193054199e-01
9.927573800086975098e-01
9.936241507530212402e-01
9.992517828941345215e-01
9.991512298583984375e-01
9.991896748542785645e-01
9.965611100196838379e-01
9.982599616050720215e-01
9.970096349716186523e-01
9.998407959938049316e-01
9.991649389266967773e-01
9.985383152961730957e-01
9.993765950202941895e-01
9.850714802742004395e-01
9.981610178947448730e-01
9.995313286781311035e-01
9.937167167663574219e-01
9.900702238082885742e-01
9.994394779205322266e-01
9.994328022003173828e-01
9.978665113449096680e-01
9.913991689682006836e-01
9.931434988975524902e-01
9.953339099884033203e-01
9.989013671875000000e-01
9.973878264427185059e-01
9.994419217109680176e-01
9.992639422416687012e-01
9.951042532920837402e-01
9.984129667282104492e-01
9.956868290901184082e-01
9.974349141120910645e-01
9.959772229194641113e-01
9.800469279289245605e-01
9.883381128311157227e-01
9.983963370323181152e-01
9.978064298629760742e-01
9.941847920417785645e-01
9.955937266349792480e-01
9.761970639228820801e-01
9.987350702285766602e-01
9.989858865737915039e-01
9.989441037178039551e-01
9.971408843994140625e-01
9.966673851013183594e-01
9.996194839477539062e-01
9.974242448806762695e-01
9.984469413757324219e-01
9.915027618408203125e-01
9.997749924659729004e-01
9.968606233596801758e-01
9.994322657585144043e-01
9.957566857337951660e-01
9.900493025779724121e-01
9.999383687973022461e-01
9.986246228218078613e-01
9.969741702079772949e-01
9.993369579315185547e-01
9.858358502388000488e-01
9.979707002639770508e-01
9.990334510803222656e-01
9.990068674087524414e-01
9.915626049041748047e-01
9.982386231422424316e-01
9.944155216217041016e-01
9.935733675956726074e-01
9.969574213027954102e-01
9.980962872505187988e-01
9.962648153305053711e-01
9.993378520011901855e-01
9.993436932563781738e-01
9.970742464065551758e-01
9.967105388641357422e-01
9.963861107826232910e-01
9.948168396949768066e-01
9.817131161689758301e-01
9.989455342292785645e-01
9.983735084533691406e-01
9.996989369392395020e-01
9.990684986114501953e-01
9.969960451126098633e-01
9.977449178695678711e-01
9.944295287132263184e-01
9.821171760559082031e-01
9.983968138694763184e-01
9.992337822914123535e-01
9.969494938850402832e-01
9.979984760284423828e-01
9.980199933052062988e-01
9.984405040740966797e-01
9.984665513038635254e-01
9.981094598770141602e-01
9.923515915870666504e-01
9.981321096420288086e-01
9.944224953651428223e-01
9.980192184448242188e-01
9.979483485221862793e-01
9.992752075195312500e-01
9.965142011642456055e-01
9.975166916847229004e-01
9.954785108566284180e-01
9.935721755027770996e-01
9.989798069000244141e-01
9.963068962097167969e-01
9.977198839187622070e-01
9.991859793663024902e-01
9.983709454536437988e-01
9.993952512741088867e-01
9.992178678512573242e-01
9.967856407165527344e-01
9.978725314140319824e-01
9.972805380821228027e-01
9.987556338310241699e-01
9.947418570518493652e-01
9.962596297264099121e-01
9.989795684814453125e-01
9.987804293632507324e-01
9.988694190979003906e-01
9.988846182823181152e-01
9.958308339118957520e-01
9.968393445014953613e-01
9.970914721488952637e-01
9.940024018287658691e-01
9.985646605491638184e-01
9.981126189231872559e-01
9.977676868438720703e-01
9.961217641830444336e-01
9.992586374282836914e-01
9.986231923103332520e-01
9.969688653945922852e-01
9.917712211608886719e-01
9.981240630149841309e-01
9.990370869636535645e-01
9.984369874000549316e-01
9.971306920051574707e-01
9.959641098976135254e-01
9.990862607955932617e-01
9.979979991912841797e-01
9.973387718200683594e-01
9.972083568572998047e-01
9.974038004875183105e-01
9.976708292961120605e-01
9.940376877784729004e-01
9.956735372543334961e-01
9.979891180992126465e-01
9.943927526473999023e-01
9.965301752090454102e-01
9.864974021911621094e-01
9.988118410110473633e-01
9.718768596649169922e-01
9.955241680145263672e-01
9.980350732803344727e-01
9.959918856620788574e-01
9.982321858406066895e-01
9.991406798362731934e-01
9.967910051345825195e-01
9.949685335159301758e-01
9.837729930877685547e-01
9.984753727912902832e-01
9.956187605857849121e-01
9.982579350471496582e-01
9.887212514877319336e-01
9.965568780899047852e-01
9.971766471862792969e-01
9.920656085014343262e-01
9.980512261390686035e-01
9.972640275955200195e-01
9.984955787658691406e-01
9.965566992759704590e-01
9.972944259643554688e-01
9.913798570632934570e-01
9.944536089897155762e-01
9.949474334716796875e-01
9.977251887321472168e-01
9.923309087753295898e-01
9.933301210403442383e-01
9.974438548088073730e-01
9.987744092941284180e-01
9.998500943183898926e-01
9.993432164192199707e-01
9.960145950317382812e-01
9.976814389228820801e-01
9.995238780975341797e-01
9.988759756088256836e-01
9.963331222534179688e-01
9.887303113937377930e-01
9.920858740806579590e-01
9.989418387413024902e-01
9.948628544807434082e-01
9.977643489837646484e-01
9.948700070381164551e-01
9.945487380027770996e-01
9.951330423355102539e-01
9.924828410148620605e-01
9.950880408287048340e-01
9.971205592155456543e-01
9.969846606254577637e-01
9.984871745109558105e-01
9.990797638893127441e-01
9.991530179977416992e-01
9.940261840820312500e-01
9.999484419822692871e-01
9.985156655311584473e-01
9.973379969596862793e-01
9.728204011917114258e-01
9.985734224319458008e-01
9.978660345077514648e-01
9.994964599609375000e-01
9.925435185432434082e-01
9.964916706085205078e-01
9.913568496704101562e-01
9.973426461219787598e-01
9.951230287551879883e-01
9.964439272880554199e-01
9.973138570785522461e-01
9.963902831077575684e-01
9.982250928878784180e-01
9.973036050796508789e-01
9.998156428337097168e-01
9.945793151855468750e-01
9.989078044891357422e-01
9.972503781318664551e-01
9.919167160987854004e-01
9.996419548988342285e-01
9.992887377738952637e-01
9.988663792610168457e-01
9.980496764183044434e-01
9.986715912818908691e-01
9.984838962554931641e-01
9.985094666481018066e-01
9.938917756080627441e-01
9.991905689239501953e-01
9.928082227706909180e-01
9.938282370567321777e-01
9.947255849838256836e-01
9.990769028663635254e-01
9.950426220893859863e-01
9.989756941795349121e-01
9.966826438903808594e-01
9.961217641830444336e-01
9.994640350341796875e-01
9.974932074546813965e-01
9.987093210220336914e-01
9.920209646224975586e-01
9.992869496345520020e-01
9.978965520858764648e-01
9.907757043838500977e-01
9.979560971260070801e-01
9.940924048423767090e-01
9.754881858825683594e-01
9.958071708679199219e-01
9.947112202644348145e-01
9.984690546989440918e-01
9.959974884986877441e-01
9.976871609687805176e-01
9.986876249313354492e-01
9.991688728332519531e-01
9.931137561798095703e-01
9.991582632064819336e-01
9.949968457221984863e-01
9.981596469879150391e-01
9.981724023818969727e-01
9.991985559463500977e-01
9.907732605934143066e-01
9.990729689598083496e-01
9.895186424255371094e-01
9.949038624763488770e-01
9.983283281326293945e-01
9.971847534179687500e-01
9.978575110435485840e-01
9.942405819892883301e-01
9.977828264236450195e-01
9.991637468338012695e-01
9.959349036216735840e-01
9.951836466789245605e-01
9.952653050422668457e-01
9.960572123527526855e-01
9.995139241218566895e-01
9.999170303344726562e-01
9.951179027557373047e-01
9.933687448501586914e-01
9.973782896995544434e-01
9.956974983215332031e-01
9.947784543037414551e-01
9.991247057914733887e-01
9.984488487243652344e-01
9.955732822418212891e-01
9.996482729911804199e-01
9.931200742721557617e-01
9.886535406112670898e-01
9.936246275901794434e-01
9.954476952552795410e-01
9.960300326347351074e-01
9.975201487541198730e-01
9.984324574470520020e-01
9.850737452507019043e-01
9.948811531066894531e-01
9.973883032798767090e-01
9.986070394515991211e-01
9.984648823738098145e-01
9.930589199066162109e-01
9.936609268188476562e-01
9.973658919334411621e-01
9.992930889129638672e-01
9.989854097366333008e-01
9.994705915451049805e-01
9.943238496780395508e-01
9.970149397850036621e-01
9.991461634635925293e-01
9.988360404968261719e-01
9.985873699188232422e-01
9.896634221076965332e-01
9.722956418991088867e-01
9.956843256950378418e-01
9.993947744369506836e-01
9.999223947525024414e-01
9.947950839996337891e-01
9.955562949180603027e-01
9.909711480140686035e-01
9.929876923561096191e-01
9.980266094207763672e-01
9.993507266044616699e-01
9.981380701065063477e-01
9.952166080474853516e-01
9.982175230979919434e-01
9.979167580604553223e-01
9.980551600456237793e-01
9.991417527198791504e-01
9.960932135581970215e-01
9.985324144363403320e-01
9.899723529815673828e-01
8.732746839523315430e-01
9.975442886352539062e-01
9.982368946075439453e-01
9.988833069801330566e-01
9.933356642723083496e-01
9.992097616195678711e-01
9.911286234855651855e-01
9.956436753273010254e-01
9.825649261474609375e-01
9.961038231849670410e-01
9.988984465599060059e-01
9.950024485588073730e-01
9.848626255989074707e-01
9.981744289398193359e-01
9.990583658218383789e-01
9.989365339279174805e-01
9.973373413085937500e-01
9.997233152389526367e-01
9.982410669326782227e-01
9.979168772697448730e-01
9.991177916526794434e-01
9.958248734474182129e-01
9.991270899772644043e-01
9.966372251510620117e-01
9.989357590675354004e-01
9.965759515762329102e-01
9.988806843757629395e-01
9.980689883232116699e-01
9.943383932113647461e-01
9.904094338417053223e-01
9.973645806312561035e-01
9.952836632728576660e-01
9.872767329216003418e-01
9.983563423156738281e-01
9.975084066390991211e-01
9.976772069931030273e-01
9.991247057914733887e-01
9.994094967842102051e-01
9.977602362632751465e-01
9.986806511878967285e-01
9.975004792213439941e-01
9.962581396102905273e-01
9.975397586822509766e-01
9.967133402824401855e-01
9.686117172241210938e-01
9.969313144683837891e-01
9.985576868057250977e-01
9.996015429496765137e-01
9.871816635131835938e-01
9.979274272918701172e-01
9.985054731369018555e-01
9.989068508148193359e-01
9.982415437698364258e-01
9.972530007362365723e-01
9.977226257324218750e-01
9.969800710678100586e-01
9.925242662429809570e-01
9.909852147102355957e-01
9.965199828147888184e-01
9.980921745300292969e-01
9.984942078590393066e-01
9.993687272071838379e-01
9.934720993041992188e-01
9.962633252143859863e-01
9.938349127769470215e-01
9.967792034149169922e-01
9.783959984779357910e-01
9.967756867408752441e-01
9.963599443435668945e-01
9.987660646438598633e-01
9.995683431625366211e-01
9.974872469902038574e-01
9.996648430824279785e-01
9.822268486022949219e-01
9.885134696960449219e-01
9.948795437812805176e-01
9.991666674613952637e-01
9.986206889152526855e-01
9.977676868438720703e-01
9.982711672782897949e-01
9.960142374038696289e-01
9.993790388107299805e-01
9.992944598197937012e-01
9.971237182617187500e-01
9.980588555335998535e-01
9.994883537292480469e-01
9.786385297775268555e-01
9.989926815032958984e-01
9.988581538200378418e-01
9.995629787445068359e-01
9.956933856010437012e-01
9.970834255218505859e-01
9.986984729766845703e-01
9.921975731849670410e-01
9.926298260688781738e-01
9.981986284255981445e-01
9.912613630294799805e-01
9.988638162612915039e-01
9.970543980598449707e-01
9.985461831092834473e-01
9.988625645637512207e-01
9.999970197677612305e-01
9.994901418685913086e-01
9.979189634323120117e-01
9.932379126548767090e-01
9.985760450363159180e-01
9.994400143623352051e-01
9.993169903755187988e-01
9.896296858787536621e-01
9.983792304992675781e-01
9.985018372535705566e-01
9.986500740051269531e-01
9.816749095916748047e-01
9.969651699066162109e-01
9.993038773536682129e-01
9.963276386260986328e-01
9.987125992774963379e-01
9.976289868354797363e-01
9.972312450408935547e-01
9.930635690689086914e-01
9.928900003433227539e-01
9.992004036903381348e-01
9.978564381599426270e-01
9.982076883316040039e-01
9.960265159606933594e-01
9.944173097610473633e-01
9.976319074630737305e-01
9.987499117851257324e-01
9.952719211578369141e-01
9.912899136543273926e-01
9.956284761428833008e-01
9.805033802986145020e-01
9.849933981895446777e-01
9.971539378166198730e-01
9.972982406616210938e-01
9.992278218269348145e-01
9.952988028526306152e-01
9.988738894462585449e-01
9.991523623466491699e-01
9.808244109153747559e-01
9.997204542160034180e-01
9.937807917594909668e-01
9.992439150810241699e-01
9.928742647171020508e-01
9.894570112228393555e-01
9.911573529243469238e-01
9.934450387954711914e-01
9.978167414665222168e-01
9.994677305221557617e-01
9.980359673500061035e-01
9.903419613838195801e-01
9.999902844429016113e-01
9.984142780303955078e-01
9.986016750335693359e-01
9.980900883674621582e-01
9.975318312644958496e-01
9.984059929847717285e-01
9.976391792297363281e-01
9.987231492996215820e-01
9.999244809150695801e-01
9.972244501113891602e-01
9.998119473457336426e-01
9.985440969467163086e-01
9.964816570281982422e-01
9.971884489059448242e-01
9.985204935073852539e-01
9.983151555061340332e-01
9.951436519622802734e-01
9.980836510658264160e-01
9.994094967842102051e-01
9.961810111999511719e-01
9.914388656616210938e-01
9.909328818321228027e-01
9.953879117965698242e-01
9.832519292831420898e-01
9.912182688713073730e-01
9.996390342712402344e-01
9.952061176300048828e-01
9.992275238037109375e-01
9.993499517440795898e-01
9.939526915550231934e-01
9.952887296676635742e-01
9.996148347854614258e-01
9.982977509498596191e-01
9.986264109611511230e-01
9.997144937515258789e-01
9.986556172370910645e-01
9.836199283599853516e-01
9.947041273117065430e-01
9.987472295761108398e-01
9.820243716239929199e-01
9.928188323974609375e-01
9.939299821853637695e-01
9.987366199493408203e-01
9.991745948791503906e-01
9.896001815795898438e-01
9.914783835411071777e-01
9.987190365791320801e-01
9.971070289611816406e-01
9.990563988685607910e-01
9.995672106742858887e-01
9.982491135597229004e-01
9.897228479385375977e-01
9.969316124916076660e-01
9.952825307846069336e-01
9.984502792358398438e-01
9.955730438232421875e-01
9.980095028877258301e-01
9.930240511894226074e-01
9.994192123413085938e-01
9.984295964241027832e-01
9.989047646522521973e-01
9.956428408622741699e-01
9.996716380119323730e-01
9.950333237648010254e-01
9.987266659736633301e-01
9.971367716789245605e-01
9.980837106704711914e-01
9.966167211532592773e-01
9.993397593498229980e-01
9.969412684440612793e-01
9.961950778961181641e-01
9.977973103523254395e-01
9.817606210708618164e-01
9.960532188415527344e-01
9.973175525665283203e-01
9.969949722290039062e-01
9.987939000129699707e-01
9.994620680809020996e-01
9.984833598136901855e-01
9.987018108367919922e-01
9.951046109199523926e-01
9.917106032371520996e-01
9.990335106849670410e-01
9.989296197891235352e-01
9.987484812736511230e-01
9.976627230644226074e-01
9.944589138031005859e-01
9.931896924972534180e-01
9.982842803001403809e-01
9.992215633392333984e-01
9.964648485183715820e-01
9.959989190101623535e-01
9.953099489212036133e-01
9.955821633338928223e-01
9.971778988838195801e-01
9.965386986732482910e-01
9.848200082778930664e-01
9.999787211418151855e-01
9.994087219238281250e-01
9.982100129127502441e-01
9.993963241577148438e-01
9.947929978370666504e-01
9.990847110748291016e-01
9.995324611663818359e-01
9.977715015411376953e-01
9.995467662811279297e-01
9.952089786529541016e-01
9.994096159934997559e-01
9.997771382331848145e-01
9.995974898338317871e-01
9.988062977790832520e-01
9.992832541465759277e-01
9.751151800155639648e-01
9.923834204673767090e-01
9.820825457572937012e-01
9.960111975669860840e-01
9.999076724052429199e-01
9.983854889869689941e-01
9.973765611648559570e-01
9.957617521286010742e-01
9.991135001182556152e-01
9.955815076828002930e-01
9.973195791244506836e-01
9.994517564773559570e-01
9.869754910469055176e-01
9.934039711952209473e-01
9.988922476768493652e-01
9.928838014602661133e-01
9.989640712738037109e-01
9.953437447547912598e-01
9.976215958595275879e-01
9.984830617904663086e-01
9.979299306869506836e-01
9.986968040466308594e-01
9.972663521766662598e-01
9.991505146026611328e-01
9.977684020996093750e-01
9.755225777626037598e-01
9.967212080955505371e-01
9.980342984199523926e-01
9.983643293380737305e-01
9.890905022621154785e-01
9.969418644905090332e-01
9.974347949028015137e-01
9.986580014228820801e-01
9.969002008438110352e-01
9.940685629844665527e-01
9.916538596153259277e-01
9.971387982368469238e-01
9.968105554580688477e-01
9.993193745613098145e-01
9.941806793212890625e-01
9.923945665359497070e-01
9.954276680946350098e-01
9.972405433654785156e-01
9.983451962471008301e-01
9.971091151237487793e-01
9.978537559509277344e-01
9.934184551239013672e-01
9.988948702812194824e-01
9.996524453163146973e-01
9.967165589332580566e-01
9.939360618591308594e-01
9.927537441253662109e-01
9.969733953475952148e-01
9.920131564140319824e-01
9.983862638473510742e-01
9.940284490585327148e-01
9.989003539085388184e-01
9.973707199096679688e-01
9.995499849319458008e-01
9.974449872970581055e-01
9.903981089591979980e-01
9.987595677375793457e-01
9.978136420249938965e-01
9.990732073783874512e-01
9.985269308090209961e-01
9.975280165672302246e-01
9.966485500335693359e-01
9.962420463562011719e-01
9.968230128288269043e-01
9.989436268806457520e-01
9.989466071128845215e-01
9.951842427253723145e-01
9.987523555755615234e-01
9.993702769279479980e-01
9.837749004364013672e-01
9.946624636650085449e-01
9.994249343872070312e-01
9.970331788063049316e-01
9.977326989173889160e-01
9.935467243194580078e-01
9.966194629669189453e-01
9.962679147720336914e-01
9.925025105476379395e-01
9.982419610023498535e-01
9.991894364356994629e-01
9.990673065185546875e-01
9.962553977966308594e-01
9.965292215347290039e-01
9.971203804016113281e-01
9.941653013229370117e-01
9.991785287857055664e-01
9.989942908287048340e-01
9.904182553291320801e-01
9.933939576148986816e-01
9.968577027320861816e-01
9.987217783927917480e-01
9.837224483489990234e-01
9.944311976432800293e-01
9.902519583702087402e-01
9.993857741355895996e-01
9.985635876655578613e-01
9.943885207176208496e-01
9.953388571739196777e-01
9.990923404693603516e-01
9.982411861419677734e-01
9.997975230216979980e-01
9.913418292999267578e-01
9.930939674377441406e-01
9.993552565574645996e-01
9.768311977386474609e-01
9.971887469291687012e-01
9.942404627799987793e-01
9.991317987442016602e-01
9.778195619583129883e-01
9.927984476089477539e-01
9.972971677780151367e-01
9.993774890899658203e-01
9.854442477226257324e-01
9.968979954719543457e-01
9.947952032089233398e-01
9.951163530349731445e-01
9.993582367897033691e-01
9.909774661064147949e-01
9.979591965675354004e-01
9.884197115898132324e-01
9.958143830299377441e-01
9.914442896842956543e-01
9.980204701423645020e-01
9.929124116897583008e-01
9.982240796089172363e-01
9.897350072860717773e-01
9.955678582191467285e-01
9.904991984367370605e-01
9.979843497276306152e-01
9.958005547523498535e-01
9.986864924430847168e-01
9.982761144638061523e-01
9.995916485786437988e-01
9.943289756774902344e-01
9.918205738067626953e-01
9.972429871559143066e-01
9.958856105804443359e-01
9.987558126449584961e-01
9.996430277824401855e-01
9.985124468803405762e-01
9.678367972373962402e-01
9.907610416412353516e-01
9.941577911376953125e-01
9.983026385307312012e-01
9.883207678794860840e-01
9.991468191146850586e-01
9.967766404151916504e-01
9.975634813308715820e-01
9.942525029182434082e-01
9.920133352279663086e-01
9.980012178421020508e-01
9.990560412406921387e-01
9.988701939582824707e-01
9.961135387420654297e-01
9.987078905105590820e-01
9.989047646522521973e-01
9.994456768035888672e-01
9.963732957839965820e-01
9.962081313133239746e-01
9.900512099266052246e-01
9.975109696388244629e-01
9.970397353172302246e-01
9.982453584671020508e-01
9.690402746200561523e-01
9.990752935409545898e-01
9.816101193428039551e-01
9.997214078903198242e-01
9.908338785171508789e-01
9.982159137725830078e-01
9.971732497215270996e-01
9.954653978347778320e-01
9.970968365669250488e-01
9.991061091423034668e-01
9.873737692832946777e-01
9.961907863616943359e-01
9.975604414939880371e-01
9.989833235740661621e-01
9.954237341880798340e-01
9.979930520057678223e-01
9.921541810035705566e-01
9.960118532180786133e-01
9.982180595397949219e-01
9.940888285636901855e-01
9.979540109634399414e-01
9.959896206855773926e-01
9.962559342384338379e-01
9.997873902320861816e-01
9.963794350624084473e-01
9.972732663154602051e-01
9.944412112236022949e-01
9.858372807502746582e-01
9.992011785507202148e-01
9.903243780136108398e-01
9.962232112884521484e-01
9.959588050842285156e-01
9.968559741973876953e-01
9.947032332420349121e-01
9.988026022911071777e-01
9.986137151718139648e-01
9.969399571418762207e-01
9.989417791366577148e-01
9.954636096954345703e-01
9.987584352493286133e-01
9.995463490486145020e-01
9.987809658050537109e-01
9.986717700958251953e-01
9.934511184692382812e-01
9.985400438308715820e-01
9.981976747512817383e-01
9.990817308425903320e-01
9.988434910774230957e-01
9.977735877037048340e-01
9.999115467071533203e-01
9.998092651367187500e-01
9.974890947341918945e-01
9.976112246513366699e-01
9.979636073112487793e-01
9.962066411972045898e-01
9.929747581481933594e-01
9.935230612754821777e-01
9.950323700904846191e-01
9.951646924018859863e-01
9.974550604820251465e-01
9.991287589073181152e-01
9.945175051689147949e-01
9.993723034858703613e-01
9.916108250617980957e-01
9.934858679771423340e-01
9.926110506057739258e-01
9.953705668449401855e-01
9.963702559471130371e-01
9.992024898529052734e-01
9.986392855644226074e-01
9.966172575950622559e-01
9.993068575859069824e-01
9.993517398834228516e-01
9.967029094696044922e-01
9.976472854614257812e-01
9.940078258514404297e-01
9.962717294692993164e-01
9.908986687660217285e-01
9.944972991943359375e-01
9.992116689682006836e-01
9.973538517951965332e-01
9.995989799499511719e-01
9.934538602828979492e-01
9.970542788505554199e-01
9.966109991073608398e-01
9.988390207290649414e-01
9.975848197937011719e-01
9.972835183143615723e-01
9.963451623916625977e-01
9.938731789588928223e-01
9.938083887100219727e-01
9.991505146026611328e-01
9.979388117790222168e-01
9.996611475944519043e-01
9.970045685768127441e-01
9.957880377769470215e-01
9.991104006767272949e-01
9.975461363792419434e-01
9.993007779121398926e-01
9.973835945129394531e-01
9.970270991325378418e-01
9.985638260841369629e-01
9.987109303474426270e-01
9.872408509254455566e-01
9.978782534599304199e-01
9.963725805282592773e-01
9.989877343177795410e-01
9.944366812705993652e-01
9.894673228263854980e-01
9.993166327476501465e-01
9.956654310226440430e-01
9.973301887512207031e-01
9.988709688186645508e-01
9.982163310050964355e-01
9.970460534095764160e-01
9.992214441299438477e-01
9.991951584815979004e-01
9.996562600135803223e-01
9.954299926757812500e-01
9.991921186447143555e-01
9.990590214729309082e-01
9.990933537483215332e-01
9.982343316078186035e-01
9.931113123893737793e-01
9.975526332855224609e-01
9.957249760627746582e-01
9.928745627403259277e-01
9.941996335983276367e-01
9.945297241210937500e-01
9.981139898300170898e-01
9.958276152610778809e-01
9.970535039901733398e-01
9.986910223960876465e-01
9.989243745803833008e-01
9.971832036972045898e-01
9.995629787445068359e-01
9.978546500205993652e-01
9.948497414588928223e-01
9.980503320693969727e-01
9.993445277214050293e-01
9.980759024620056152e-01
9.988790154457092285e-01
9.988366365432739258e-01
9.992322325706481934e-01
9.923063516616821289e-01
9.894892573356628418e-01
9.948747754096984863e-01
9.995130896568298340e-01
9.951133728027343750e-01
9.926519989967346191e-01
9.907222390174865723e-01
9.922114610671997070e-01
9.951114058494567871e-01
9.974293708801269531e-01
9.942895174026489258e-01
9.925416707992553711e-01
9.981821775436401367e-01
9.996299743652343750e-01
9.944460988044738770e-01
9.906806349754333496e-01
9.994226098060607910e-01
9.970692992210388184e-01
9.992504715919494629e-01
9.959189891815185547e-01
9.875428080558776855e-01
9.940695762634277344e-01
9.960392117500305176e-01
9.877842068672180176e-01
9.993690252304077148e-01
9.989135861396789551e-01
9.978632926940917969e-01
9.952851533889770508e-01
9.978331923484802246e-01
9.951098561286926270e-01
9.998162388801574707e-01
9.989808201789855957e-01
9.973673224449157715e-01
9.994683861732482910e-01
9.963307380676269531e-01
9.960620403289794922e-01
9.947290420532226562e-01
9.982385635375976562e-01
9.947047233581542969e-01
9.994542002677917480e-01
9.970285892486572266e-01
9.765151143074035645e-01
9.935652613639831543e-01
9.937044978141784668e-01
9.985278248786926270e-01
9.970958828926086426e-01
9.909437894821166992e-01
9.966132640838623047e-01
9.672073125839233398e-01
9.931634068489074707e-01
9.992157816886901855e-01
9.978312849998474121e-01
9.990073442459106445e-01
9.994274377822875977e-01
9.980880618095397949e-01
9.901404976844787598e-01
9.933679103851318359e-01
9.969653487205505371e-01
9.976392984390258789e-01
9.951603412628173828e-01
9.956836700439453125e-01
9.973160624504089355e-01
9.989964365959167480e-01
9.981003403663635254e-01
9.643411636352539062e-01
9.992900490760803223e-01
9.972597956657409668e-01
9.985916018486022949e-01
9.991140365600585938e-01
9.977859854698181152e-01
9.978829026222229004e-01
9.967510104179382324e-01
9.991441369056701660e-01
9.993411302566528320e-01
9.980260133743286133e-01
9.983662962913513184e-01
9.951177239418029785e-01
9.957116246223449707e-01
9.976987242698669434e-01
9.942281246185302734e-01
9.980363249778747559e-01
9.972350597381591797e-01
9.973458647727966309e-01
9.988087415695190430e-01
9.919020533561706543e-01
9.991590976715087891e-01
9.993090629577636719e-01
9.998123049736022949e-01
9.992149472236633301e-01
9.986827969551086426e-01
9.979748129844665527e-01
9.978005290031433105e-01
9.905549287796020508e-01
9.556383490562438965e-01
9.963510036468505859e-01
9.990518093109130859e-01
9.978436231613159180e-01
9.994285702705383301e-01
9.964618682861328125e-01
9.997623562812805176e-01
9.999403357505798340e-01
9.882510900497436523e-01
9.940981864929199219e-01
9.973713755607604980e-01
9.940622448921203613e-01
9.982980489730834961e-01
9.959687590599060059e-01
9.857195019721984863e-01
9.946768283843994141e-01
9.990221858024597168e-01
9.958743453025817871e-01
9.967840909957885742e-01
9.989713430404663086e-01
9.957938790321350098e-01
9.984804987907409668e-01
9.986554384231567383e-01
9.923598170280456543e-01
9.949818849563598633e-01
9.990029931068420410e-01
9.963393211364746094e-01
9.979293942451477051e-01
9.856738448143005371e-01
9.995914697647094727e-01
9.990115165710449219e-01
9.984149336814880371e-01
9.968086481094360352e-01
9.971311092376708984e-01
9.928914308547973633e-01
9.992814064025878906e-01
9.971505999565124512e-01
9.994859099388122559e-01
