9.965761303901672363e-01
9.986002445220947266e-01
9.984909892082214355e-01
9.982562661170959473e-01
9.966489672660827637e-01
9.774894118309020996e-01
9.983493089675903320e-01
9.996064901351928711e-01
9.991895556449890137e-01
9.993884563446044922e-01
9.917411208152770996e-01
9.929515719413757324e-01
9.986814856529235840e-01
9.897211194038391113e-01
9.981374740600585938e-01
9.991357326507568359e-01
9.990164637565612793e-01
9.944064021110534668e-01
9.936014413833618164e-01
9.959537386894226074e-01
9.960184097290039062e-01
9.990115761756896973e-01
9.893595576286315918e-01
9.942116737365722656e-01
9.955227971076965332e-01
9.958031773567199707e-01
9.980099201202392578e-01
9.983646869659423828e-01
9.998902678489685059e-01
9.981815814971923828e-01
9.924671649932861328e-01
9.893215298652648926e-01
9.926831126213073730e-01
9.887183308601379395e-01
9.929386973381042480e-01
9.987059235572814941e-01
9.962555766105651855e-01
9.992482066154479980e-01
9.914503693580627441e-01
9.866124391555786133e-01
9.974843263626098633e-01
9.985783696174621582e-01
9.987099170684814453e-01
9.999966025352478027e-01
9.978243708610534668e-01
9.986147880554199219e-01
9.966320991516113281e-01
9.832225441932678223e-01
9.990069270133972168e-01
9.984234571456909180e-01
9.922062754631042480e-01
9.969632625579833984e-01
9.961098432540893555e-01
9.900014996528625488e-01
9.993597865104675293e-01
9.942159056663513184e-01
9.987537264823913574e-01
9.953483939170837402e-01
9.991018176078796387e-01
9.994273781776428223e-01
9.944697618484497070e-01
9.972076416015625000e-01
9.906100034713745117e-01
9.982396960258483887e-01
9.981955885887145996e-01
9.956427812576293945e-01
9.935065507888793945e-01
9.983684420585632324e-01
9.974344372749328613e-01
9.985246658325195312e-01
9.910972714424133301e-01
9.995291233062744141e-01
9.963194131851196289e-01
9.962908029556274414e-01
9.811210632324218750e-01
9.977621436119079590e-01
9.966616034507751465e-01
9.951074719429016113e-01
9.929727315902709961e-01
9.838257431983947754e-01
9.941085577011108398e-01
9.939430356025695801e-01
9.983115196228027344e-01
9.989074468612670898e-01
9.971928596496582031e-01
9.999196529388427734e-01
9.991013407707214355e-01
9.979318976402282715e-01
9.953823089599609375e-01
9.996759295463562012e-01
9.934036135673522949e-01
9.964782595634460449e-01
9.980810880661010742e-01
9.681591987609863281e-01
9.861750602722167969e-01
9.995696544647216797e-01
9.992311000823974609e-01
9.741879701614379883e-01
9.992086291313171387e-01
9.965733289718627930e-01
9.951639771461486816e-01
9.980087280273437500e-01
9.905808568000793457e-01
9.977133870124816895e-01
9.942836761474609375e-01
9.987481832504272461e-01
9.973726868629455566e-01
9.991198778152465820e-01
9.983300566673278809e-01
9.978781938552856445e-01
9.943687319755554199e-01
9.950316548347473145e-01
9.968834519386291504e-01
9.949614405632019043e-01
9.983579516410827637e-01
9.981690645217895508e-01
9.953515529632568359e-01
9.994876384735107422e-01
9.986203312873840332e-01
9.971340298652648926e-01
9.993324279785156250e-01
9.861221313476562500e-01
9.924435615539550781e-01
9.998806118965148926e-01
9.990793466567993164e-01
9.978483319282531738e-01
9.935157895088195801e-01
9.977181553840637207e-01
9.991928339004516602e-01
9.995243549346923828e-01
9.908030033111572266e-01
9.999256134033203125e-01
9.974058866500854492e-01
9.986123442649841309e-01
9.965208172798156738e-01
9.969919323921203613e-01
9.934557676315307617e-01
9.945088624954223633e-01
9.960595965385437012e-01
9.989727139472961426e-01
9.974845051765441895e-01
9.970408082008361816e-01
9.969348311424255371e-01
9.959174990653991699e-01
9.941430687904357910e-01
9.985442757606506348e-01
9.963940978050231934e-01
9.999870657920837402e-01
9.870933890342712402e-01
9.927151203155517578e-01
9.954151511192321777e-01
9.952930212020874023e-01
9.975740313529968262e-01
9.856954216957092285e-01
9.993038177490234375e-01
9.973260164260864258e-01
9.974081516265869141e-01
9.967905282974243164e-01
9.877367019653320312e-01
9.983311295509338379e-01
9.984401464462280273e-01
9.974645972251892090e-01
9.977593421936035156e-01
9.972256422042846680e-01
9.976969361305236816e-01
9.999394416809082031e-01
9.677017331123352051e-01
9.981571435928344727e-01
9.889192581176757812e-01
9.992514252662658691e-01
9.954121708869934082e-01
9.904426336288452148e-01
9.989364147186279297e-01
9.969645738601684570e-01
9.966222643852233887e-01
9.973013401031494141e-01
9.929763078689575195e-01
9.883245825767517090e-01
9.988846182823181152e-01
9.953982830047607422e-01
9.989921450614929199e-01
9.946402907371520996e-01
9.991655945777893066e-01
9.996420145034790039e-01
9.998949170112609863e-01
9.984970092773437500e-01
9.985995888710021973e-01
9.993439912796020508e-01
9.967125654220581055e-01
9.999985098838806152e-01
9.987724423408508301e-01
9.981814026832580566e-01
9.955692291259765625e-01
9.974176287651062012e-01
9.991945624351501465e-01
9.991062283515930176e-01
9.927886128425598145e-01
9.587508440017700195e-01
9.957727193832397461e-01
9.988552927970886230e-01
9.960654377937316895e-01
9.947624802589416504e-01
9.983415603637695312e-01
9.985455870628356934e-01
9.980965852737426758e-01
9.979249238967895508e-01
9.946227073669433594e-01
9.982250332832336426e-01
9.990081787109375000e-01
9.922415614128112793e-01
9.985150694847106934e-01
9.950869679450988770e-01
9.953771233558654785e-01
9.851169586181640625e-01
9.974192976951599121e-01
9.994542002677917480e-01
9.968433976173400879e-01
9.950950145721435547e-01
9.848746061325073242e-01
9.995584487915039062e-01
9.975810050964355469e-01
9.994218349456787109e-01
9.988958835601806641e-01
9.963105916976928711e-01
9.926576018333435059e-01
9.991909861564636230e-01
9.991356134414672852e-01
9.826340079307556152e-01
9.994843006134033203e-01
9.940575957298278809e-01
9.978007078170776367e-01
9.949663281440734863e-01
9.967707991600036621e-01
9.996361136436462402e-01
9.940287470817565918e-01
9.809785485267639160e-01
9.989902377128601074e-01
9.987345337867736816e-01
9.969728589057922363e-01
9.988523721694946289e-01
9.977511167526245117e-01
9.859832525253295898e-01
9.838848114013671875e-01
9.974749684333801270e-01
9.988431930541992188e-01
9.950335621833801270e-01
9.958004951477050781e-01
9.976251721382141113e-01
9.970383644104003906e-01
9.938961863517761230e-01
9.909098148345947266e-01
9.992058277130126953e-01
9.965893626213073730e-01
9.986850619316101074e-01
9.942639470100402832e-01
9.889249205589294434e-01
9.992913603782653809e-01
9.987943172454833984e-01
9.952670335769653320e-01
9.973424673080444336e-01
9.991520643234252930e-01
9.917799830436706543e-01
9.977036118507385254e-01
9.992268085479736328e-01
9.973827600479125977e-01
9.939376711845397949e-01
9.929655194282531738e-01
9.999688267707824707e-01
9.941762089729309082e-01
9.907780289649963379e-01
9.988077282905578613e-01
9.996830821037292480e-01
9.957115054130554199e-01
9.955866932868957520e-01
9.932697415351867676e-01
9.932973980903625488e-01
9.990069270133972168e-01
9.991797208786010742e-01
9.991592764854431152e-01
9.920910596847534180e-01
9.946661591529846191e-01
9.992305040359497070e-01
9.922251701354980469e-01
9.996106028556823730e-01
9.991663098335266113e-01
9.986972212791442871e-01
9.992951750755310059e-01
9.875066876411437988e-01
9.983808994293212891e-01
9.983189702033996582e-01
9.964960217475891113e-01
9.951597452163696289e-01
9.989220499992370605e-01
9.997932910919189453e-01
9.978699088096618652e-01
9.937102794647216797e-01
9.935144782066345215e-01
9.963162541389465332e-01
9.986009597778320312e-01
9.973006844520568848e-01
9.993038177490234375e-01
9.991666078567504883e-01
9.936808347702026367e-01
9.980528354644775391e-01
9.943500757217407227e-01
9.976418018341064453e-01
9.978351593017578125e-01
9.819557070732116699e-01
9.925140142440795898e-01
9.980538487434387207e-01
9.981611371040344238e-01
9.949607849121093750e-01
9.955776929855346680e-01
9.791405200958251953e-01
9.986827969551086426e-01
9.992976784706115723e-01
9.991374611854553223e-01
9.964593648910522461e-01
9.932983517646789551e-01
9.951233863830566406e-01
9.976415634155273438e-01
9.985315203666687012e-01
9.925938248634338379e-01
9.997389912605285645e-01
9.967405200004577637e-01
9.992822408676147461e-01
9.958240985870361328e-01
9.932968616485595703e-01
9.994135499000549316e-01
9.990296363830566406e-01
9.981634020805358887e-01
9.984145164489746094e-01
9.992973804473876953e-01
9.967313408851623535e-01
9.991280436515808105e-01
9.984231591224670410e-01
9.965498447418212891e-01
9.975432753562927246e-01
9.943256378173828125e-01
9.934538602828979492e-01
9.965081810951232910e-01
9.975333809852600098e-01
9.966305494308471680e-01
9.992809891700744629e-01
9.993381500244140625e-01
9.937568902969360352e-01
9.970183372497558594e-01
9.971529245376586914e-01
9.951909184455871582e-01
9.807192683219909668e-01
9.987450242042541504e-01
9.950008392333984375e-01
9.998003840446472168e-01
9.991274476051330566e-01
9.960338473320007324e-01
9.875804781913757324e-01
9.946562051773071289e-01
9.798544645309448242e-01
9.990450739860534668e-01
9.992426633834838867e-01
9.967860579490661621e-01
9.977878332138061523e-01
9.982474446296691895e-01
9.989066123962402344e-01
9.982991814613342285e-01
9.981964826583862305e-01
9.993577003479003906e-01
9.993793964385986328e-01
9.918289780616760254e-01
9.928737282752990723e-01
9.928039908409118652e-01
9.994071125984191895e-01
9.968621730804443359e-01
9.970808029174804688e-01
9.863198995590209961e-01
9.949939846992492676e-01
9.987901449203491211e-01
9.939993619918823242e-01
9.976741075515747070e-01
9.992405772209167480e-01
9.988427162170410156e-01
9.989786148071289062e-01
9.991610646247863770e-01
9.966691136360168457e-01
9.954401850700378418e-01
9.949584007263183594e-01
9.964023232460021973e-01
9.954323172569274902e-01
9.973580837249755859e-01
9.974023699760437012e-01
9.975540041923522949e-01
9.987758994102478027e-01
9.988470673561096191e-01
9.970791935920715332e-01
9.957627654075622559e-01
9.978329539299011230e-01
9.941366910934448242e-01
9.983703494071960449e-01
9.985908269882202148e-01
9.611053466796875000e-01
9.972288608551025391e-01
9.991829395294189453e-01
9.996843338012695312e-01
9.989932179450988770e-01
9.897171258926391602e-01
9.960561990737915039e-01
9.993799924850463867e-01
9.985169768333435059e-01
9.918782711029052734e-01
9.965915679931640625e-01
9.992560744285583496e-01
9.983637928962707520e-01
9.967790842056274414e-01
9.975380301475524902e-01
9.969959855079650879e-01
9.949672222137451172e-01
9.939205646514892578e-01
9.968191981315612793e-01
9.979339241981506348e-01
9.951986670494079590e-01
9.964560270309448242e-01
9.864907860755920410e-01
9.978564977645874023e-01
9.665977358818054199e-01
9.854761958122253418e-01
9.978944063186645508e-01
9.960073232650756836e-01
9.981737732887268066e-01
9.992978572845458984e-01
9.963470101356506348e-01
9.966345429420471191e-01
9.864768385887145996e-01
9.984487891197204590e-01
9.976437091827392578e-01
9.916444420814514160e-01
9.868876934051513672e-01
9.974482655525207520e-01
9.977213144302368164e-01
9.921819567680358887e-01
9.989214539527893066e-01
9.977114796638488770e-01
9.994281530380249023e-01
9.953384995460510254e-01
9.953169822692871094e-01
9.906407594680786133e-01
9.935885071754455566e-01
9.954137802124023438e-01
9.966131448745727539e-01
9.916234016418457031e-01
9.970654845237731934e-01
9.972153902053833008e-01
9.990630149841308594e-01
9.999632239341735840e-01
9.995051622390747070e-01
9.965037107467651367e-01
9.948360323905944824e-01
9.993048310279846191e-01
9.979505538940429688e-01
9.969684481620788574e-01
9.873942136764526367e-01
9.942679405212402344e-01
9.994217157363891602e-01
9.941475391387939453e-01
9.983180165290832520e-01
9.950433969497680664e-01
9.982241988182067871e-01
9.952002763748168945e-01
9.715474247932434082e-01
9.958999156951904297e-01
9.972215890884399414e-01
9.969114661216735840e-01
9.986311197280883789e-01
9.991072416305541992e-01
9.985079169273376465e-01
9.952408075332641602e-01
9.997506141662597656e-01
9.988436102867126465e-01
9.973919987678527832e-01
9.754570722579956055e-01
9.980051517486572266e-01
9.975940585136413574e-01
9.949602484703063965e-01
9.911199808120727539e-01
9.960297346115112305e-01
9.879880547523498535e-01
9.969255328178405762e-01
9.963297247886657715e-01
9.972776174545288086e-01
9.968333244323730469e-01
9.945167899131774902e-01
9.976660609245300293e-01
9.983390569686889648e-01
9.981270432472229004e-01
9.947563409805297852e-01
9.989635944366455078e-01
9.977626800537109375e-01
9.918974041938781738e-01
9.948436617851257324e-01
9.988793730735778809e-01
9.991268515586853027e-01
9.980918169021606445e-01
9.988744854927062988e-01
9.985203742980957031e-01
9.989770650863647461e-01
9.953770041465759277e-01
9.991220831871032715e-01
9.924741387367248535e-01
9.999253153800964355e-01
9.954025149345397949e-01
9.999349713325500488e-01
9.900088906288146973e-01
9.983041882514953613e-01
9.965742826461791992e-01
9.976021051406860352e-01
9.994658231735229492e-01
9.965792298316955566e-01
9.991857409477233887e-01
9.974663853645324707e-01
9.996415972709655762e-01
9.979177117347717285e-01
9.919731020927429199e-01
9.979798197746276855e-01
9.932404160499572754e-01
9.747724533081054688e-01
9.971055388450622559e-01
9.881269335746765137e-01
9.972485303878784180e-01
9.957926869392395020e-01
9.978137016296386719e-01
9.992817044258117676e-01
9.990071058273315430e-01
9.942989349365234375e-01
9.991612434387207031e-01
9.954006075859069824e-01
9.974504709243774414e-01
9.981406927108764648e-01
9.991108775138854980e-01
9.827309846878051758e-01
9.988922476768493652e-01
9.959201812744140625e-01
9.950478076934814453e-01
9.987181425094604492e-01
9.970461726188659668e-01
9.992625713348388672e-01
9.973408579826354980e-01
9.977370500564575195e-01
9.992655515670776367e-01
9.963493943214416504e-01
9.961873292922973633e-01
9.979784488677978516e-01
9.991809129714965820e-01
9.994286298751831055e-01
9.986475110054016113e-01
9.947981238365173340e-01
9.923936724662780762e-01
9.974557161331176758e-01
9.957119822502136230e-01
9.976507425308227539e-01
9.994816780090332031e-01
9.988260865211486816e-01
9.979972839355468750e-01
9.994509816169738770e-01
9.932904243469238281e-01
9.895066618919372559e-01
9.949688315391540527e-01
9.960640072822570801e-01
9.952656030654907227e-01
9.927576780319213867e-01
9.979018568992614746e-01
9.820223450660705566e-01
9.945919513702392578e-01
9.970850944519042969e-01
9.985314011573791504e-01
9.978281855583190918e-01
9.955502748489379883e-01
9.883680939674377441e-01
9.970468878746032715e-01
9.986504316329956055e-01
9.997968673706054688e-01
9.994029998779296875e-01
9.943488240242004395e-01
9.954054355621337891e-01
9.992030262947082520e-01
9.971488118171691895e-01
9.982462525367736816e-01
9.903787970542907715e-01
9.680412411689758301e-01
9.953617453575134277e-01
9.994020462036132812e-01
9.998996853828430176e-01
9.957057237625122070e-01
9.957742691040039062e-01
9.894692897796630859e-01
9.933615326881408691e-01
9.989216327667236328e-01
9.994313120841979980e-01
9.984650015830993652e-01
9.999873042106628418e-01
9.988591670989990234e-01
9.967417716979980469e-01
9.983013272285461426e-01
9.989935755729675293e-01
9.971576929092407227e-01
9.987944960594177246e-01
9.920125603675842285e-01
9.945424199104309082e-01
9.991850256919860840e-01
9.985550045967102051e-01
9.992926120758056641e-01
9.952558875083923340e-01
9.991567730903625488e-01
9.958866834640502930e-01
9.962822198867797852e-01
9.832957983016967773e-01
9.957493543624877930e-01
9.987612962722778320e-01
9.933124184608459473e-01
9.809108376502990723e-01
9.981493353843688965e-01
9.985769391059875488e-01
9.970744848251342773e-01
9.998188614845275879e-01
9.994314908981323242e-01
9.975674748420715332e-01
9.980832338333129883e-01
9.967208504676818848e-01
9.967404603958129883e-01
9.991838335990905762e-01
9.976798892021179199e-01
9.993866682052612305e-01
9.927846193313598633e-01
9.924603700637817383e-01
9.989156126976013184e-01
9.862647056579589844e-01
9.997797012329101562e-01
9.970574975013732910e-01
9.962735772132873535e-01
9.852145314216613770e-01
9.992777705192565918e-01
9.976420998573303223e-01
9.977426528930664062e-01
9.991639852523803711e-01
9.969690442085266113e-01
9.983863830566406250e-01
9.986255168914794922e-01
9.975556135177612305e-01
9.956853389739990234e-01
9.972639083862304688e-01
9.972007870674133301e-01
9.707986712455749512e-01
9.981940984725952148e-01
9.985303878784179688e-01
9.991692900657653809e-01
9.913921356201171875e-01
9.987163543701171875e-01
9.984169602394104004e-01
9.988447427749633789e-01
9.963805675506591797e-01
9.931108951568603516e-01
9.968132972717285156e-01
9.940764307975769043e-01
9.863715171813964844e-01
9.905203580856323242e-01
9.965382814407348633e-01
9.986723661422729492e-01
9.986917376518249512e-01
9.999865293502807617e-01
9.952179193496704102e-01
9.956707954406738281e-01
9.967100620269775391e-01
9.966629743576049805e-01
9.823069572448730469e-01
9.970436096191406250e-01
9.969143867492675781e-01
9.986377954483032227e-01
9.997702240943908691e-01
9.964097142219543457e-01
9.996936321258544922e-01
9.999899268150329590e-01
9.944095015525817871e-01
9.961194992065429688e-01
9.985944628715515137e-01
9.986405968666076660e-01
9.983444809913635254e-01
9.989979267120361328e-01
9.958286881446838379e-01
9.994033575057983398e-01
9.993979930877685547e-01
9.953925609588623047e-01
9.994436502456665039e-01
9.991419315338134766e-01
9.856610894203186035e-01
9.972234964370727539e-01
9.999396800994873047e-01
9.998505115509033203e-01
9.956371188163757324e-01
9.924151897430419922e-01
9.985703229904174805e-01
9.931401014328002930e-01
9.923834204673767090e-01
9.982439279556274414e-01
9.917556643486022949e-01
9.988764524459838867e-01
9.971220493316650391e-01
9.998355507850646973e-01
9.991098046302795410e-01
9.998572468757629395e-01
9.969204068183898926e-01
9.969776272773742676e-01
9.942867755889892578e-01
9.977114200592041016e-01
9.996333122253417969e-01
9.993623495101928711e-01
9.935489892959594727e-01
9.977657198905944824e-01
9.982513189315795898e-01
9.987844228744506836e-01
9.941026568412780762e-01
9.962185025215148926e-01
9.991995096206665039e-01
9.965799450874328613e-01
9.985699057579040527e-01
9.978897571563720703e-01
9.979655146598815918e-01
9.964802265167236328e-01
9.945946335792541504e-01
9.991477727890014648e-01
9.979965686798095703e-01
9.986549615859985352e-01
9.781480431556701660e-01
9.951338768005371094e-01
9.971816539764404297e-01
9.987545013427734375e-01
9.954941272735595703e-01
9.941707253456115723e-01
9.956039190292358398e-01
9.926916360855102539e-01
9.948452115058898926e-01
9.984209537506103516e-01
9.975032806396484375e-01
9.985026717185974121e-01
9.961421489715576172e-01
9.992788434028625488e-01
9.992181062698364258e-01
9.839911460876464844e-01
9.957861900329589844e-01
9.922943711280822754e-01
9.991942048072814941e-01
9.930726289749145508e-01
9.860857725143432617e-01
9.923449158668518066e-01
9.924368858337402344e-01
9.975927472114562988e-01
9.976779818534851074e-01
9.996134042739868164e-01
9.931274056434631348e-01
9.999514222145080566e-01
9.983807802200317383e-01
9.978123903274536133e-01
9.987539649009704590e-01
9.978795051574707031e-01
9.983072876930236816e-01
9.986080527305603027e-01
9.993292689323425293e-01
9.996830821037292480e-01
9.984870553016662598e-01
9.997215270996093750e-01
9.991711974143981934e-01
9.965136051177978516e-01
9.975451827049255371e-01
9.984372258186340332e-01
9.979982972145080566e-01
9.910133481025695801e-01
9.994464516639709473e-01
9.977822899818420410e-01
9.924573898315429688e-01
9.925126433372497559e-01
9.897112250328063965e-01
9.946352839469909668e-01
9.892421364784240723e-01
9.901054501533508301e-01
9.993008971214294434e-01
9.960520863533020020e-01
9.999527335166931152e-01
9.992460012435913086e-01
9.940842390060424805e-01
9.948729872703552246e-01
9.995467066764831543e-01
9.996895790100097656e-01
9.986342787742614746e-01
9.999700784683227539e-01
9.986565113067626953e-01
9.458917379379272461e-01
9.928082823753356934e-01
9.990841150283813477e-01
9.890480637550354004e-01
9.986371397972106934e-01
9.933725595474243164e-01
9.986891150474548340e-01
9.992136955261230469e-01
9.895289540290832520e-01
9.888466000556945801e-01
9.966102242469787598e-01
9.964968562126159668e-01
9.994364976882934570e-01
9.995431303977966309e-01
9.982511401176452637e-01
9.911806583404541016e-01
9.972770810127258301e-01
9.925283193588256836e-01
9.976887106895446777e-01
9.897531270980834961e-01
9.980179071426391602e-01
9.924910068511962891e-01
9.973506331443786621e-01
9.985852837562561035e-01
9.947416186332702637e-01
9.994150996208190918e-01
9.954808950424194336e-01
9.987666010856628418e-01
9.977020621299743652e-01
9.988180398941040039e-01
9.967356920242309570e-01
9.993450045585632324e-01
9.967941045761108398e-01
9.955788850784301758e-01
9.979736208915710449e-01
9.774685502052307129e-01
9.969236254692077637e-01
9.974213242530822754e-01
9.990367293357849121e-01
9.980894923210144043e-01
9.993653297424316406e-01
9.984529018402099609e-01
9.990921616554260254e-01
9.957469701766967773e-01
9.897203445434570312e-01
9.991512894630432129e-01
9.995268583297729492e-01
9.986376762390136719e-01
9.973699450492858887e-01
9.954422116279602051e-01
9.964058399200439453e-01
9.991757273674011230e-01
9.993408322334289551e-01
9.962007403373718262e-01
9.961965084075927734e-01
9.940369725227355957e-01
9.890985488891601562e-01
9.969618916511535645e-01
9.903033971786499023e-01
9.859665632247924805e-01
9.999673366546630859e-01
9.994913339614868164e-01
9.981653690338134766e-01
9.994177222251892090e-01
9.950013160705566406e-01
9.988250732421875000e-01
9.997627139091491699e-01
9.978539943695068359e-01
9.990120530128479004e-01
9.955283403396606445e-01
9.988952279090881348e-01
9.982956051826477051e-01
9.999521374702453613e-01
9.985001087188720703e-01
9.993086457252502441e-01
9.656453728675842285e-01
9.808201789855957031e-01
9.828315377235412598e-01
9.961199164390563965e-01
9.975811243057250977e-01
9.993231892585754395e-01
9.939773678779602051e-01
9.953991770744323730e-01
9.989695549011230469e-01
9.948982000350952148e-01
9.947574138641357422e-01
9.961868524551391602e-01
9.942599534988403320e-01
9.935758709907531738e-01
9.987888336181640625e-01
9.929072260856628418e-01
9.992488622665405273e-01
9.964563846588134766e-01
9.966213107109069824e-01
9.984053373336791992e-01
9.991353750228881836e-01
9.987387657165527344e-01
9.966626167297363281e-01
9.990274310111999512e-01
9.831421375274658203e-01
9.871556162834167480e-01
9.898514747619628906e-01
9.985119700431823730e-01
9.986602067947387695e-01
9.663918614387512207e-01
9.908590316772460938e-01
9.971348047256469727e-01
9.992625117301940918e-01
9.948787689208984375e-01
9.989886879920959473e-01
9.947211146354675293e-01
9.961145520210266113e-01
9.953541159629821777e-01
9.995044469833374023e-01
9.958909749984741211e-01
9.907238483428955078e-01
9.926868677139282227e-01
9.976952672004699707e-01
9.952259063720703125e-01
9.977793097496032715e-01
9.973274469375610352e-01
9.953151941299438477e-01
9.989832639694213867e-01
9.995634555816650391e-01
9.939891695976257324e-01
9.981955885887145996e-01
9.928370118141174316e-01
9.955115318298339844e-01
9.945567250251770020e-01
9.958639144897460938e-01
9.833003878593444824e-01
9.984459877014160156e-01
9.968108534812927246e-01
9.996172785758972168e-01
9.976575970649719238e-01
9.926381707191467285e-01
9.973142147064208984e-01
9.982978701591491699e-01
9.989708065986633301e-01
9.988113045692443848e-01
9.976934790611267090e-01
9.965507388114929199e-01
9.966529011726379395e-01
9.961457252502441406e-01
9.997141957283020020e-01
9.986794590950012207e-01
9.949625134468078613e-01
9.983757734298706055e-01
9.968155622482299805e-01
9.777868390083312988e-01
9.929209351539611816e-01
9.994074106216430664e-01
9.983355998992919922e-01
9.874657392501831055e-01
9.964556694030761719e-01
9.964543581008911133e-01
9.939470887184143066e-01
9.859894514083862305e-01
9.975327253341674805e-01
9.992364645004272461e-01
9.990959763526916504e-01
9.958395957946777344e-01
9.989331364631652832e-01
9.996526837348937988e-01
9.941035509109497070e-01
9.991985559463500977e-01
9.886498451232910156e-01
9.924809336662292480e-01
9.917337894439697266e-01
9.984364509582519531e-01
9.987202286720275879e-01
9.859445095062255859e-01
9.976004362106323242e-01
9.902306795120239258e-01
9.993603229522705078e-01
9.954606890678405762e-01
9.946315288543701172e-01
9.951173067092895508e-01
9.983784556388854980e-01
9.980939626693725586e-01
9.997035861015319824e-01
9.883993864059448242e-01
9.973868727684020996e-01
9.992374181747436523e-01
9.891780018806457520e-01
9.989246129989624023e-01
9.947766065597534180e-01
9.967766404151916504e-01
9.851819872856140137e-01
9.959056973457336426e-01
9.964963793754577637e-01
9.996533989906311035e-01
9.907016158103942871e-01
9.974141716957092285e-01
9.983916878700256348e-01
9.953624010086059570e-01
9.993775486946105957e-01
9.944914579391479492e-01
9.980606436729431152e-01
9.961764216423034668e-01
9.994611144065856934e-01
9.968144893646240234e-01
9.983740448951721191e-01
9.905799627304077148e-01
9.975605010986328125e-01
9.926973581314086914e-01
9.948359131813049316e-01
9.831483364105224609e-01
9.979757666587829590e-01
9.958918690681457520e-01
9.989234209060668945e-01
9.979191422462463379e-01
9.983676075935363770e-01
9.951269626617431641e-01
9.908798933029174805e-01
9.932378530502319336e-01
9.993841052055358887e-01
9.970520138740539551e-01
9.993311762809753418e-01
9.980040192604064941e-01
9.442344307899475098e-01
9.894809722900390625e-01
9.969804883003234863e-01
9.978585839271545410e-01
9.977623820304870605e-01
9.993078708648681641e-01
9.966578483581542969e-01
9.974067211151123047e-01
9.897296428680419922e-01
9.919383525848388672e-01
9.981725811958312988e-01
9.989710450172424316e-01
9.822231531143188477e-01
9.980448484420776367e-01
9.981262087821960449e-01
9.976837038993835449e-01
9.993492960929870605e-01
9.932389259338378906e-01
9.875631332397460938e-01
9.976609945297241211e-01
9.958813786506652832e-01
9.982419013977050781e-01
9.911721348762512207e-01
9.989751577377319336e-01
9.865564703941345215e-01
9.997638463973999023e-01
9.898149967193603516e-01
9.991943240165710449e-01
9.989738464355468750e-01
9.976931810379028320e-01
9.948015213012695312e-01
9.994183778762817383e-01
9.908391237258911133e-01
9.988818168640136719e-01
9.973599314689636230e-01
9.993274211883544922e-01
9.888368248939514160e-01
9.933658242225646973e-01
9.964061975479125977e-01
9.976366758346557617e-01
9.987466335296630859e-01
9.941215515136718750e-01
9.980748891830444336e-01
9.953537583351135254e-01
9.968456029891967773e-01
9.985612630844116211e-01
9.956489205360412598e-01
9.943886399269104004e-01
9.973328709602355957e-01
9.956027269363403320e-01
9.987766146659851074e-01
9.906085133552551270e-01
9.958096146583557129e-01
9.867292046546936035e-01
9.982288479804992676e-01
9.961614608764648438e-01
9.989786744117736816e-01
9.986559748649597168e-01
9.883257746696472168e-01
9.985569119453430176e-01
9.962856769561767578e-01
9.986728429794311523e-01
9.989768862724304199e-01
9.984621405601501465e-01
9.984715580940246582e-01
9.918347597122192383e-01
9.982563257217407227e-01
9.987892508506774902e-01
9.984335899353027344e-01
9.985027909278869629e-01
9.980151057243347168e-01
9.993990659713745117e-01
9.998611807823181152e-01
9.973666667938232422e-01
9.980119466781616211e-01
9.979773759841918945e-01
9.949516057968139648e-01
9.955998659133911133e-01
9.924967885017395020e-01
9.947266578674316406e-01
9.976165890693664551e-01
9.978380799293518066e-01
9.989174604415893555e-01
9.880082011222839355e-01
9.991546869277954102e-01
9.922114610671997070e-01
9.969250559806823730e-01
9.917019605636596680e-01
9.951028823852539062e-01
9.968439340591430664e-01
9.971895813941955566e-01
9.997122883796691895e-01
9.980868697166442871e-01
9.992202520370483398e-01
9.993132352828979492e-01
9.946152567863464355e-01
9.992316365242004395e-01
9.956496357917785645e-01
9.960265159606933594e-01
9.977276325225830078e-01
9.927222728729248047e-01
9.991306066513061523e-01
9.965071082115173340e-01
9.936984181404113770e-01
9.964295625686645508e-01
9.973948001861572266e-01
9.937494397163391113e-01
9.990135431289672852e-01
9.968850016593933105e-01
9.977502822875976562e-01
9.953208565711975098e-01
9.960069656372070312e-01
9.941348433494567871e-01
9.980399012565612793e-01
9.990644454956054688e-01
9.999038577079772949e-01
9.964326024055480957e-01
9.955475926399230957e-01
9.992628693580627441e-01
9.989358782768249512e-01
9.993061423301696777e-01
9.983555674552917480e-01
9.968824386596679688e-01
9.990495443344116211e-01
9.986070394515991211e-01
9.806634783744812012e-01
9.978856444358825684e-01
9.957901835441589355e-01
9.991435408592224121e-01
9.873843789100646973e-01
9.907314777374267578e-01
9.996931552886962891e-01
9.967731237411499023e-01
9.976015686988830566e-01
9.988583326339721680e-01
9.981194734573364258e-01
9.948154687881469727e-01
9.991756081581115723e-01
9.978026747703552246e-01
9.971405863761901855e-01
9.959988594055175781e-01
9.991942644119262695e-01
9.992184042930603027e-01
9.988626837730407715e-01
9.974296689033508301e-01
9.927942156791687012e-01
9.980124235153198242e-01
9.956354498863220215e-01
9.955074787139892578e-01
9.951208233833312988e-01
9.964457154273986816e-01
9.983860850334167480e-01
9.965011477470397949e-01
9.973140358924865723e-01
9.987025856971740723e-01
9.996083378791809082e-01
9.984909296035766602e-01
9.993153214454650879e-01
9.970251917839050293e-01
9.939920306205749512e-01
9.978452324867248535e-01
9.989857077598571777e-01
9.976958036422729492e-01
9.989400506019592285e-01
9.986501336097717285e-01
9.991886019706726074e-01
9.055641889572143555e-01
9.854463338851928711e-01
9.949430823326110840e-01
9.995856285095214844e-01
9.980518221855163574e-01
9.833776354789733887e-01
9.913995265960693359e-01
9.956380128860473633e-01
9.940744638442993164e-01
9.961749911308288574e-01
9.946633577346801758e-01
9.919480681419372559e-01
9.973566532135009766e-01
9.988324642181396484e-01
9.957118034362792969e-01
9.926702380180358887e-01
9.994993209838867188e-01
9.973390102386474609e-01
9.991737604141235352e-01
9.957419037818908691e-01
9.879416227340698242e-01
9.936149120330810547e-01
9.964388012886047363e-01
9.822878837585449219e-01
9.991047978401184082e-01
9.993382096290588379e-01
9.979805946350097656e-01
9.946609139442443848e-01
9.961175918579101562e-01
9.948112964630126953e-01
9.990409612655639648e-01
9.999758601188659668e-01
9.971454143524169922e-01
9.994624853134155273e-01
9.970170259475708008e-01
9.950913190841674805e-01
9.936596155166625977e-01
9.984200596809387207e-01
9.996272921562194824e-01
9.995343089103698730e-01
9.969360232353210449e-01
9.854786992073059082e-01
9.900358319282531738e-01
9.971040487289428711e-01
9.974861145019531250e-01
9.979308843612670898e-01
9.935553669929504395e-01
9.977864027023315430e-01
9.703626036643981934e-01
9.970629811286926270e-01
9.991550445556640625e-01
9.969010949134826660e-01
9.987285733222961426e-01
9.994367957115173340e-01
9.983280897140502930e-01
9.885159134864807129e-01
9.929877519607543945e-01
9.946785569190979004e-01
9.984515309333801270e-01
9.944704174995422363e-01
9.971051812171936035e-01
9.883191585540771484e-01
9.990667700767517090e-01
9.966357350349426270e-01
9.668824076652526855e-01
9.994549155235290527e-01
9.972853660583496094e-01
9.983537197113037109e-01
9.989054203033447266e-01
9.953304529190063477e-01
9.971743226051330566e-01
9.966674447059631348e-01
9.988971948623657227e-01
9.989780187606811523e-01
9.993780255317687988e-01
9.981991648674011230e-01
9.981796741485595703e-01
9.982007145881652832e-01
9.985458254814147949e-01
9.989256858825683594e-01
9.978248476982116699e-01
9.970214366912841797e-01
9.974669218063354492e-01
9.983502030372619629e-01
9.839722514152526855e-01
9.991918802261352539e-01
9.990487098693847656e-01
9.998970627784729004e-01
9.975712299346923828e-01
9.987248778343200684e-01
9.970037937164306641e-01
9.986190795898437500e-01
9.901363253593444824e-01
9.745572805404663086e-01
9.988809227943420410e-01
9.991813898086547852e-01
9.967948794364929199e-01
9.976047873497009277e-01
9.962882995605468750e-01
9.982128143310546875e-01
9.999811053276062012e-01
9.817879796028137207e-01
9.938830733299255371e-01
9.963858723640441895e-01
9.929619431495666504e-01
9.975039362907409668e-01
9.944608211517333984e-01
9.828107357025146484e-01
9.928617477416992188e-01
9.993293881416320801e-01
9.949976801872253418e-01
9.962691664695739746e-01
9.990605115890502930e-01
9.958981275558471680e-01
9.979133009910583496e-01
9.989299774169921875e-01
9.934178590774536133e-01
9.930443763732910156e-01
9.988818168640136719e-01
9.989610314369201660e-01
9.983744025230407715e-01
9.879599213600158691e-01
9.971677660942077637e-01
9.998661875724792480e-01
9.991124272346496582e-01
9.919081926345825195e-01
9.967685341835021973e-01
9.943675398826599121e-01
9.947956800460815430e-01
9.992107748985290527e-01
9.975000619888305664e-01
9.995929002761840820e-01
