9.828413128852844238e-01
9.452768564224243164e-01
8.930406570434570312e-01
9.707664847373962402e-01
8.826232552528381348e-01
9.232686161994934082e-01
2.749073505401611328e-01
9.808630347251892090e-01
8.566939830780029297e-01
8.872290849685668945e-01
8.824093937873840332e-01
7.996966242790222168e-01
2.868761420249938965e-01
8.636934161186218262e-01
9.467347264289855957e-01
9.153472185134887695e-01
9.455561637878417969e-01
8.036227226257324219e-01
9.064093828201293945e-01
9.196882247924804688e-01
6.149883270263671875e-01
9.815390706062316895e-01
9.348935484886169434e-01
6.825595498085021973e-01
8.892285823822021484e-01
8.887858390808105469e-01
7.265818119049072266e-01
8.876097202301025391e-01
9.571166634559631348e-01
9.232757687568664551e-01
8.434299826622009277e-01
6.254038810729980469e-01
2.178127914667129517e-01
1.299421042203903198e-01
9.768142700195312500e-01
9.415160417556762695e-01
3.572840988636016846e-02
8.731347918510437012e-01
9.407016634941101074e-01
9.545775651931762695e-01
9.668279886245727539e-01
2.864678390324115753e-02
8.985295891761779785e-01
9.982666373252868652e-01
7.001485824584960938e-01
9.495019912719726562e-01
3.967361524701118469e-02
7.152312994003295898e-01
7.961907982826232910e-01
9.893440604209899902e-01
6.342664957046508789e-01
8.289589285850524902e-01
6.253927350044250488e-01
8.981621265411376953e-01
2.080255746841430664e-02
7.044214606285095215e-01
8.443154692649841309e-01
9.769817590713500977e-01
9.994916915893554688e-01
9.879512786865234375e-01
5.374665856361389160e-01
9.764180183410644531e-01
9.722470045089721680e-01
9.791426062583923340e-01
9.903296828269958496e-01
9.593053162097930908e-02
8.807076811790466309e-01
3.466366231441497803e-01
9.805315136909484863e-01
2.318222075700759888e-01
9.040896892547607422e-01
9.460235834121704102e-01
3.702431321144104004e-01
8.985301852226257324e-01
9.136285185813903809e-01
8.653001785278320312e-01
5.601850152015686035e-01
9.114068150520324707e-01
1.882069557905197144e-01
8.873201012611389160e-01
9.141350984573364258e-01
7.105025053024291992e-01
8.091214895248413086e-01
7.664009928703308105e-01
4.268093109130859375e-01
7.609611749649047852e-01
8.996119499206542969e-01
9.653173089027404785e-01
8.314185738563537598e-01
9.996032714843750000e-01
9.364376664161682129e-01
9.552972316741943359e-01
7.004685997962951660e-01
7.800089716911315918e-01
4.559561014175415039e-01
8.871847987174987793e-01
9.531518220901489258e-01
7.664594054222106934e-02
2.866221964359283447e-02
4.897010922431945801e-01
9.732058644294738770e-01
1.360790282487869263e-01
7.049522399902343750e-01
9.717313051223754883e-01
7.644441723823547363e-01
1.392438411712646484e-01
4.922098219394683838e-01
7.225587368011474609e-01
6.702181696891784668e-01
9.645000696182250977e-01
9.583833217620849609e-01
9.173391461372375488e-01
9.898769259452819824e-01
9.065409898757934570e-01
4.505212232470512390e-02
3.714670836925506592e-01
1.797664165496826172e-02
9.997317194938659668e-01
9.684126973152160645e-01
9.467515945434570312e-01
9.512417912483215332e-01
8.470001220703125000e-01
9.713244438171386719e-01
9.424552321434020996e-01
8.746461272239685059e-01
2.418393492698669434e-01
1.175373941659927368e-01
9.250437617301940918e-01
7.646940350532531738e-01
5.028971657156944275e-02
5.934684276580810547e-01
9.986239075660705566e-01
8.958514928817749023e-01
9.204728007316589355e-01
9.929260611534118652e-01
9.720703959465026855e-01
8.761398792266845703e-01
9.350835084915161133e-01
3.574421405792236328e-01
5.778814554214477539e-01
9.187858700752258301e-01
9.727060794830322266e-03
6.738683581352233887e-01
1.131931468844413757e-01
8.007818460464477539e-01
1.954155415296554565e-02
9.816420674324035645e-01
9.212357401847839355e-01
1.553052514791488647e-01
8.728220462799072266e-01
7.967152595520019531e-01
9.318091869354248047e-01
8.332148790359497070e-01
1.606233268976211548e-01
9.554787874221801758e-01
6.789644956588745117e-01
9.460878968238830566e-01
9.050690531730651855e-01
2.562937699258327484e-02
9.951374530792236328e-01
1.472820192575454712e-01
1.563680469989776611e-01
9.692330360412597656e-01
9.077014327049255371e-01
7.649683952331542969e-01
9.868499636650085449e-01
9.524796009063720703e-01
6.356632113456726074e-01
8.283137679100036621e-01
5.912874341011047363e-01
9.374907612800598145e-01
8.148327469825744629e-01
8.957664966583251953e-01
9.973502755165100098e-01
9.576451182365417480e-01
6.615099310874938965e-01
8.916297554969787598e-01
6.841340661048889160e-01
9.872766137123107910e-01
3.307986259460449219e-01
9.020354747772216797e-01
9.554618597030639648e-01
9.809254407882690430e-01
9.325813055038452148e-01
9.854550361633300781e-01
2.867100015282630920e-02
9.514523148536682129e-01
4.276703894138336182e-01
7.793210744857788086e-01
6.056869626045227051e-01
5.779107809066772461e-01
9.379158616065979004e-01
8.515694141387939453e-01
8.964081406593322754e-01
8.723159432411193848e-01
9.623340964317321777e-01
8.715035319328308105e-01
5.460448861122131348e-01
5.346816778182983398e-01
9.852666854858398438e-01
2.258494347333908081e-01
8.789017200469970703e-01
5.411389470100402832e-02
9.677112102508544922e-01
4.948964118957519531e-01
9.841498732566833496e-01
7.068207859992980957e-01
9.536264538764953613e-01
9.706208109855651855e-01
4.981786906719207764e-01
9.589194059371948242e-01
9.107995033264160156e-01
8.324059247970581055e-01
9.634613990783691406e-01
9.980106353759765625e-01
9.326669573783874512e-01
9.491133093833923340e-01
9.629400968551635742e-01
9.422577023506164551e-01
9.539490342140197754e-01
4.065502583980560303e-01
6.793811917304992676e-01
7.451042532920837402e-01
9.448375701904296875e-01
4.098798334598541260e-01
9.759771227836608887e-01
9.556755423545837402e-01
6.720834374427795410e-01
9.110106825828552246e-01
7.704716920852661133e-01
8.718731403350830078e-01
9.725502133369445801e-01
9.029350876808166504e-01
9.033622741699218750e-01
9.870394468307495117e-01
9.165692329406738281e-01
7.585247159004211426e-01
9.309908747673034668e-01
1.569247804582118988e-02
9.773038625717163086e-01
9.093034863471984863e-01
1.601444482803344727e-01
6.941245198249816895e-01
5.978524684906005859e-01
9.960711002349853516e-01
9.790931344032287598e-01
9.029207229614257812e-01
9.480528235435485840e-01
9.987281560897827148e-01
1.363403648138046265e-01
8.481491208076477051e-01
9.487075209617614746e-01
2.091767042875289917e-01
6.908658146858215332e-01
9.132636785507202148e-01
8.420366644859313965e-01
9.531607031822204590e-01
9.335335493087768555e-01
9.607370495796203613e-01
9.383742213249206543e-01
6.631150245666503906e-01
5.712712556123733521e-02
8.830345273017883301e-01
9.842746853828430176e-01
8.464515805244445801e-01
2.694997787475585938e-01
8.646800518035888672e-01
9.987073540687561035e-01
9.107517004013061523e-01
7.519618272781372070e-01
8.497015237808227539e-01
3.406457975506782532e-02
5.972221493721008301e-01
9.394692182540893555e-01
8.974785208702087402e-01
1.097297221422195435e-01
9.370653033256530762e-01
9.624077677726745605e-01
9.517701864242553711e-01
2.395225912332534790e-01
9.389439821243286133e-01
5.730217695236206055e-01
9.992622733116149902e-01
9.428338408470153809e-01
7.314810156822204590e-01
9.933958053588867188e-01
8.927643299102783203e-01
9.415481686592102051e-01
9.973211288452148438e-01
6.419314742088317871e-01
1.772293746471405029e-01
8.069333434104919434e-01
9.359668493270874023e-01
9.390797615051269531e-01
9.576311111450195312e-01
7.971380949020385742e-01
8.433344960212707520e-01
9.260484576225280762e-02
8.967577815055847168e-01
1.621287316083908081e-01
9.913677573204040527e-01
6.725766509771347046e-02
4.667091667652130127e-01
3.009796738624572754e-01
9.964028596878051758e-01
9.574859142303466797e-01
8.470734953880310059e-01
9.433405995368957520e-01
9.159708619117736816e-01
8.653460144996643066e-01
9.243664145469665527e-01
9.839565753936767578e-01
8.645719289779663086e-01
9.941206574440002441e-01
8.301701545715332031e-01
9.128620028495788574e-01
6.232140064239501953e-01
9.389277100563049316e-01
9.961218237876892090e-01
1.169032528996467590e-01
9.600310325622558594e-01
9.296509027481079102e-01
7.123150825500488281e-01
9.657389521598815918e-01
9.824847579002380371e-01
9.376772642135620117e-01
8.876342773437500000e-01
9.770485162734985352e-01
9.581816196441650391e-02
9.049230217933654785e-01
8.752095103263854980e-01
9.977434277534484863e-01
3.940997645258903503e-02
8.174440264701843262e-01
9.519942998886108398e-01
9.894616007804870605e-01
9.749530553817749023e-01
9.134926795959472656e-01
9.599039554595947266e-01
7.883741259574890137e-01
1.657903753221035004e-02
9.430716037750244141e-01
9.540472626686096191e-01
9.596095681190490723e-01
9.178656339645385742e-01
9.318271279335021973e-01
9.557820558547973633e-01
9.554254412651062012e-01
4.002803862094879150e-01
9.582421779632568359e-01
9.920628666877746582e-01
8.264728188514709473e-01
7.984999418258666992e-01
9.548630118370056152e-01
3.453746438026428223e-02
9.422273635864257812e-01
9.108505249023437500e-01
5.533276796340942383e-01
8.911246061325073242e-01
7.626644372940063477e-01
9.004064202308654785e-01
9.433450698852539062e-01
9.517142176628112793e-01
9.104471802711486816e-01
9.797220230102539062e-01
2.453088760375976562e-02
1.819972991943359375e-01
9.579161405563354492e-01
9.414464235305786133e-01
8.155223727226257324e-01
6.908571124076843262e-01
9.711599349975585938e-01
9.795278906822204590e-01
9.679015278816223145e-01
8.938658237457275391e-01
8.116396069526672363e-01
3.950811028480529785e-01
9.366003274917602539e-01
9.457426071166992188e-01
8.189245462417602539e-01
6.930541992187500000e-01
9.609642624855041504e-01
6.683479547500610352e-01
9.422007203102111816e-01
9.404146075248718262e-01
9.885575175285339355e-01
9.946100711822509766e-01
8.244209885597229004e-01
2.170000970363616943e-01
3.301316797733306885e-01
9.623864293098449707e-01
8.874270915985107422e-01
6.161203980445861816e-01
8.821371197700500488e-01
9.265041351318359375e-01
6.165691018104553223e-01
8.449241518974304199e-01
1.548509597778320312e-01
9.885935783386230469e-01
9.092607498168945312e-01
5.856687426567077637e-01
8.686940073966979980e-01
8.881003856658935547e-01
8.919062614440917969e-01
9.261393547058105469e-01
9.272428154945373535e-01
8.862853050231933594e-01
4.454897642135620117e-01
3.066712617874145508e-02
9.430121779441833496e-01
8.314161896705627441e-01
8.952667117118835449e-01
7.019061446189880371e-01
9.074687957763671875e-01
9.328161478042602539e-01
8.379221558570861816e-01
6.844683885574340820e-01
9.743400216102600098e-01
9.496367573738098145e-01
9.402036070823669434e-01
6.147150397300720215e-01
9.263327121734619141e-01
9.252847433090209961e-01
5.202204585075378418e-01
9.541409015655517578e-01
9.699891209602355957e-01
8.504098057746887207e-01
9.227851629257202148e-01
6.530168652534484863e-01
6.929392218589782715e-01
4.578635394573211670e-01
3.632741570472717285e-01
9.655185341835021973e-01
5.834199115633964539e-02
9.154555201530456543e-01
9.897242188453674316e-01
3.315823674201965332e-01
6.745966076850891113e-01
9.989741444587707520e-01
7.177584171295166016e-01
5.219897031784057617e-01
9.324698448181152344e-01
5.710606575012207031e-01
9.609360694885253906e-01
9.278097748756408691e-01
9.307699203491210938e-01
3.810974955558776855e-01
9.316396117210388184e-01
9.887259602546691895e-01
9.135823249816894531e-01
7.755621075630187988e-01
9.955610036849975586e-01
8.486539125442504883e-01
7.637160420417785645e-01
9.751912355422973633e-01
9.836027622222900391e-01
8.982178568840026855e-01
9.641023874282836914e-01
8.516370654106140137e-01
9.960058331489562988e-01
9.802622199058532715e-01
7.683065533638000488e-01
1.893753707408905029e-01
9.624108672142028809e-01
3.713999688625335693e-02
9.252629876136779785e-01
1.499862372875213623e-01
1.289263069629669189e-01
9.338678121566772461e-01
8.491737842559814453e-01
3.761739432811737061e-01
8.180842995643615723e-01
9.519609808921813965e-01
9.368790388107299805e-01
9.801921248435974121e-01
9.175307750701904297e-01
7.533247470855712891e-01
8.701983094215393066e-01
9.817155003547668457e-01
9.610826373100280762e-01
2.564209699630737305e-02
8.790119886398315430e-01
9.187285304069519043e-01
9.463267922401428223e-01
8.350560665130615234e-01
5.082937479019165039e-01
9.363744854927062988e-01
9.312511086463928223e-01
1.671921275556087494e-02
9.766096472740173340e-01
9.577987790107727051e-01
9.406535029411315918e-01
8.390084505081176758e-01
9.927107691764831543e-01
9.952812194824218750e-01
9.540098309516906738e-01
8.650074005126953125e-01
8.793057799339294434e-01
9.572312235832214355e-01
9.315038919448852539e-01
9.149745106697082520e-01
9.550536274909973145e-01
7.633261680603027344e-01
8.633358031511306763e-02
9.785199761390686035e-01
9.364150762557983398e-01
9.943196177482604980e-01
7.609043121337890625e-01
9.791373014450073242e-01
7.039190530776977539e-01
9.805712103843688965e-01
8.889050483703613281e-01
1.511128693819046021e-01
9.182578921318054199e-01
9.754381775856018066e-01
9.928508400917053223e-01
9.843751192092895508e-01
9.671641588211059570e-01
8.858034014701843262e-01
9.271657466888427734e-01
9.915258288383483887e-01
9.293569326400756836e-01
8.295843601226806641e-01
9.014935493469238281e-01
2.280192673206329346e-01
6.882787942886352539e-01
8.683611750602722168e-01
9.521158337593078613e-01
9.745978116989135742e-01
9.838004708290100098e-01
9.243485331535339355e-01
9.750546813011169434e-01
3.982170224189758301e-01
9.465293884277343750e-01
9.676434993743896484e-01
8.076679706573486328e-01
9.729425311088562012e-01
6.902650594711303711e-01
9.856357574462890625e-01
8.823616504669189453e-01
9.776316881179809570e-01
9.378430247306823730e-01
9.691637754440307617e-01
7.006775736808776855e-01
9.885730147361755371e-01
9.070590138435363770e-01
9.699439406394958496e-01
9.597097039222717285e-01
9.468022584915161133e-01
9.614455103874206543e-01
6.034418940544128418e-01
9.985607862472534180e-01
9.706274271011352539e-01
9.394969940185546875e-01
8.574424982070922852e-01
8.988978266716003418e-01
6.585767120122909546e-02
9.939485788345336914e-01
9.771500229835510254e-01
9.539928436279296875e-01
9.991234540939331055e-01
9.378424286842346191e-01
9.323168396949768066e-01
9.790499210357666016e-01
6.735662817955017090e-01
9.027132987976074219e-01
7.828260064125061035e-01
9.542515277862548828e-01
6.244216561317443848e-01
9.206974506378173828e-01
8.472563028335571289e-01
8.833534717559814453e-01
9.934478998184204102e-01
7.060195803642272949e-01
9.331372380256652832e-01
4.109442532062530518e-01
9.407360553741455078e-01
9.900764226913452148e-01
9.504301548004150391e-01
8.978400230407714844e-01
6.764658093452453613e-01
9.648661017417907715e-01
9.212000966072082520e-01
9.532215595245361328e-01
8.757987022399902344e-01
7.080103754997253418e-01
8.604637384414672852e-01
7.540762424468994141e-01
8.063223212957382202e-02
9.409582614898681641e-01
9.684756398200988770e-01
8.513658046722412109e-01
8.875508904457092285e-01
9.971247315406799316e-01
8.454628586769104004e-01
3.538099229335784912e-01
9.828704595565795898e-01
2.101882547140121460e-01
9.825015068054199219e-01
9.130290746688842773e-01
9.748434424400329590e-01
8.010023236274719238e-01
9.802311062812805176e-01
2.927030324935913086e-01
7.243393361568450928e-02
9.794497489929199219e-01
8.126296401023864746e-01
7.044302225112915039e-01
1.386865377426147461e-01
9.759015440940856934e-01
7.067173719406127930e-01
8.535672426223754883e-01
9.192243218421936035e-01
4.604732990264892578e-01
9.635694622993469238e-01
7.587821483612060547e-01
7.456867694854736328e-01
4.451373219490051270e-01
9.637013673782348633e-01
9.569216370582580566e-01
7.651637494564056396e-02
9.488459229469299316e-01
9.464407563209533691e-01
9.666500687599182129e-01
9.859410524368286133e-01
6.254085898399353027e-01
1.563463173806667328e-02
7.013256549835205078e-01
9.551178812980651855e-01
9.697810411453247070e-01
8.674221038818359375e-01
9.409482479095458984e-01
9.912682771682739258e-01
8.761662244796752930e-01
9.006914496421813965e-01
1.928240060806274414e-01
7.931566834449768066e-01
9.980216622352600098e-01
9.481958150863647461e-01
9.358835220336914062e-01
7.735221385955810547e-01
9.799684286117553711e-01
8.521570563316345215e-01
9.096243381500244141e-01
9.715700745582580566e-01
9.570017457008361816e-01
9.134933352470397949e-01
9.471389055252075195e-01
7.537612318992614746e-01
7.139094471931457520e-01
9.505239725112915039e-01
9.540469050407409668e-01
9.387155175209045410e-01
9.729405045509338379e-01
8.225040435791015625e-01
7.927227616310119629e-01
9.983201622962951660e-01
7.668399810791015625e-01
9.278472661972045898e-01
6.114843860268592834e-02
8.904415369033813477e-01
7.951527237892150879e-01
9.552574753761291504e-01
8.995737433433532715e-01
7.447726726531982422e-01
4.927425384521484375e-01
9.751235842704772949e-01
3.867364823818206787e-01
9.334800839424133301e-01
9.382236599922180176e-01
8.876903653144836426e-01
9.590916037559509277e-01
1.085725873708724976e-01
9.543640613555908203e-01
8.545634746551513672e-01
7.294560074806213379e-01
3.793939650058746338e-01
9.771599769592285156e-01
7.939780354499816895e-01
9.491047263145446777e-01
9.494733214378356934e-01
9.884245991706848145e-01
9.109111428260803223e-01
9.658567905426025391e-01
8.035589456558227539e-01
9.036778807640075684e-01
3.533928096294403076e-01
6.992472410202026367e-01
9.749255180358886719e-01
9.146671295166015625e-01
6.819296479225158691e-01
9.990240335464477539e-01
9.788931608200073242e-01
9.848915934562683105e-01
9.528498649597167969e-01
9.336669445037841797e-01
8.669757246971130371e-01
9.426378607749938965e-01
9.291195273399353027e-01
9.548720121383666992e-01
8.289211988449096680e-01
9.251533746719360352e-01
8.674047589302062988e-01
9.994738101959228516e-01
9.730951189994812012e-01
2.836829423904418945e-02
9.981662034988403320e-01
9.690924882888793945e-01
8.463695645332336426e-01
8.570140004158020020e-01
9.390244483947753906e-01
9.143310785293579102e-01
9.381052851676940918e-01
9.493223428726196289e-01
9.249552488327026367e-01
9.057610034942626953e-01
9.532391428947448730e-01
9.214892983436584473e-01
9.515431523323059082e-01
9.183333516120910645e-01
9.685924053192138672e-01
9.457551836967468262e-01
9.635941386222839355e-01
9.953844547271728516e-01
9.766332507133483887e-01
8.693768978118896484e-01
9.619443416595458984e-01
9.619072079658508301e-01
1.669622808694839478e-01
1.788919419050216675e-01
9.497255682945251465e-01
7.150745987892150879e-01
4.638951420783996582e-01
9.856936335563659668e-01
4.276568293571472168e-01
3.257318437099456787e-01
2.557507157325744629e-01
9.362750053405761719e-01
9.664461612701416016e-01
9.822390079498291016e-01
8.659455180168151855e-01
6.822717785835266113e-01
9.631240963935852051e-01
8.733215332031250000e-01
2.674863301217556000e-02
8.180885314941406250e-01
9.525913000106811523e-01
8.988748192787170410e-01
8.880617618560791016e-01
9.178794026374816895e-01
9.170111417770385742e-01
6.111795306205749512e-01
9.512372016906738281e-01
1.312176734209060669e-01
7.669578790664672852e-01
9.985757470130920410e-01
9.162542819976806641e-01
5.354725718498229980e-01
9.831931591033935547e-01
9.459685683250427246e-01
9.038829207420349121e-01
9.714944958686828613e-01
9.725191593170166016e-01
9.940068721771240234e-01
8.040611743927001953e-01
9.438751935958862305e-01
9.357569217681884766e-01
9.259232878684997559e-01
9.657067656517028809e-01
8.815032839775085449e-01
9.062740802764892578e-01
5.182904601097106934e-01
8.473221063613891602e-01
4.717079699039459229e-01
4.325930178165435791e-01
5.868545174598693848e-01
4.792545735836029053e-01
9.686984419822692871e-01
9.567875266075134277e-01
5.156396627426147461e-01
8.767418265342712402e-01
4.070939123630523682e-01
9.889236092567443848e-01
5.813885331153869629e-01
7.790901660919189453e-01
8.574861288070678711e-01
9.807456135749816895e-01
9.996874332427978516e-01
4.686285257339477539e-01
9.926524758338928223e-01
9.460067152976989746e-01
4.413011074066162109e-01
8.157060742378234863e-01
9.911191463470458984e-01
9.444406628608703613e-01
4.526004791259765625e-01
9.087188839912414551e-01
9.574661254882812500e-01
9.564056396484375000e-01
9.569488763809204102e-01
8.037293553352355957e-01
9.779390692710876465e-01
9.334362149238586426e-01
9.765186309814453125e-01
9.976285696029663086e-01
9.424868226051330566e-01
8.941181302070617676e-01
6.615422368049621582e-01
9.348205924034118652e-01
9.877507090568542480e-01
1.571366786956787109e-01
9.912707805633544922e-01
8.861306309700012207e-01
9.895617365837097168e-01
2.787469327449798584e-01
7.063081860542297363e-01
8.555290102958679199e-01
9.990995526313781738e-01
7.710487246513366699e-01
9.303042292594909668e-01
9.568446874618530273e-01
7.679727673530578613e-01
8.244537115097045898e-01
9.860001802444458008e-01
8.311502337455749512e-01
8.723593354225158691e-01
7.585248947143554688e-01
8.599851727485656738e-01
9.513754844665527344e-01
9.154288768768310547e-01
9.886428713798522949e-01
7.595070600509643555e-01
9.754578471183776855e-01
9.654952883720397949e-01
6.237597465515136719e-01
6.253636479377746582e-01
7.106091976165771484e-01
9.986235499382019043e-01
1.065918132662773132e-01
9.950335025787353516e-01
9.470245242118835449e-01
9.012751579284667969e-01
9.614436030387878418e-01
1.424476951360702515e-01
9.510055780410766602e-01
5.221598148345947266e-01
9.817773103713989258e-01
9.162674546241760254e-01
4.821896553039550781e-02
9.674199223518371582e-01
8.959243297576904297e-01
9.272954463958740234e-01
9.983548521995544434e-01
4.969298243522644043e-01
9.570327997207641602e-01
8.721001744270324707e-01
9.489068388938903809e-01
6.822796463966369629e-01
9.982428550720214844e-01
9.906353354454040527e-01
9.620352983474731445e-01
9.344691038131713867e-01
4.381106421351432800e-02
9.887854456901550293e-01
9.994822144508361816e-01
9.995343089103698730e-01
7.999274134635925293e-01
8.789789676666259766e-01
9.620068669319152832e-01
8.429457545280456543e-01
9.559630751609802246e-01
9.939594268798828125e-01
9.990454912185668945e-01
9.937051534652709961e-01
5.727221816778182983e-02
9.801869392395019531e-01
9.904412627220153809e-01
1.287337690591812134e-01
5.822066068649291992e-01
5.490378141403198242e-01
8.188281059265136719e-01
9.977333545684814453e-01
8.172006011009216309e-01
7.308396697044372559e-01
8.925801515579223633e-01
2.948809862136840820e-01
8.244062066078186035e-01
9.981380701065063477e-01
9.262253642082214355e-01
7.852649688720703125e-01
9.384382367134094238e-01
8.991007208824157715e-01
8.930580615997314453e-01
5.503145977854728699e-02
5.872437357902526855e-01
9.513987898826599121e-01
1.639695465564727783e-01
4.393918514251708984e-01
4.588953256607055664e-01
9.921070337295532227e-01
8.124322444200515747e-02
9.987330436706542969e-01
9.292024970054626465e-01
7.014771103858947754e-01
9.832249879837036133e-01
3.676825463771820068e-01
9.954061508178710938e-01
8.813655376434326172e-01
9.764908552169799805e-01
8.614624142646789551e-01
9.207410216331481934e-01
7.059349417686462402e-01
5.617349743843078613e-01
6.068969368934631348e-01
9.878879785537719727e-01
9.989341497421264648e-01
8.838257789611816406e-01
7.641755938529968262e-01
8.390408754348754883e-01
8.784431219100952148e-01
9.870548248291015625e-01
9.963548183441162109e-01
1.698194444179534912e-01
9.682937264442443848e-01
9.336351752281188965e-01
9.814220070838928223e-01
8.079171925783157349e-02
9.288012385368347168e-01
4.152931272983551025e-01
8.169197440147399902e-01
8.574736714363098145e-01
6.365751624107360840e-01
9.396823644638061523e-01
9.512050151824951172e-01
9.170989394187927246e-01
9.650831222534179688e-01
9.853391647338867188e-01
8.853203058242797852e-01
7.290040254592895508e-01
9.442586302757263184e-01
9.954277873039245605e-01
8.913593292236328125e-01
9.857414364814758301e-01
9.938044548034667969e-01
5.084547400474548340e-02
7.698071599006652832e-01
3.386573493480682373e-01
9.493947625160217285e-01
8.711314201354980469e-01
8.290392756462097168e-01
9.350644350051879883e-01
9.302561879158020020e-01
8.838594555854797363e-01
8.565903902053833008e-01
9.861505627632141113e-01
6.037118434906005859e-01
7.551532983779907227e-02
9.640700221061706543e-01
9.962604641914367676e-01
8.213788866996765137e-01
8.728471994400024414e-01
9.620683789253234863e-01
9.884648323059082031e-01
1.547811627388000488e-01
7.990287542343139648e-01
3.282746374607086182e-01
9.571579098701477051e-01
9.954452514648437500e-01
5.174667239189147949e-01
8.357002735137939453e-01
7.015785574913024902e-01
1.994328349828720093e-01
2.044079452753067017e-02
9.515829682350158691e-01
9.368591904640197754e-01
2.900945246219635010e-01
7.440755367279052734e-01
9.737807512283325195e-01
9.547255635261535645e-01
6.454034447669982910e-01
7.181190848350524902e-01
8.222588300704956055e-01
9.862096905708312988e-01
8.633992671966552734e-01
9.462643265724182129e-01
6.449614763259887695e-01
9.481510519981384277e-01
9.581530094146728516e-01
5.107464790344238281e-01
9.921452403068542480e-01
4.884665012359619141e-01
3.781122565269470215e-01
7.857318520545959473e-01
5.894838571548461914e-01
9.628358483314514160e-01
9.133524298667907715e-01
8.423841595649719238e-01
8.937316536903381348e-01
8.775948882102966309e-01
5.635259151458740234e-01
8.517498970031738281e-01
8.823503851890563965e-01
9.620944261550903320e-01
7.772144675254821777e-01
3.773069381713867188e-02
1.385766118764877319e-01
9.025844335556030273e-01
3.021009564399719238e-01
9.939960241317749023e-01
9.974629282951354980e-01
9.335826635360717773e-01
9.788370132446289062e-01
8.112115859985351562e-01
9.030791521072387695e-01
9.805217385292053223e-01
9.308806061744689941e-01
4.625473916530609131e-01
8.768885135650634766e-01
8.509749174118041992e-01
9.256816506385803223e-01
7.509922385215759277e-01
9.144265055656433105e-01
9.862834811210632324e-01
9.513663053512573242e-01
9.264186024665832520e-01
6.990796923637390137e-01
9.633285403251647949e-01
9.342161417007446289e-01
8.039415478706359863e-01
9.983723759651184082e-01
6.773061156272888184e-01
9.226548671722412109e-01
9.706327915191650391e-01
9.465853571891784668e-01
8.506041169166564941e-01
9.769842624664306641e-01
7.268368601799011230e-01
7.853236198425292969e-01
1.465292461216449738e-02
9.942359328269958496e-01
9.862294793128967285e-01
9.802535772323608398e-01
9.418975114822387695e-01
9.705806374549865723e-01
5.380232930183410645e-01
8.790429830551147461e-01
9.897844791412353516e-01
9.555375576019287109e-01
8.546666502952575684e-01
9.470414519309997559e-01
9.769263267517089844e-01
9.850894808769226074e-01
9.251633882522583008e-01
9.856031537055969238e-01
9.407548904418945312e-01
9.386715292930603027e-01
8.881018161773681641e-01
8.932137489318847656e-01
1.675087809562683105e-01
8.719854950904846191e-01
9.949523806571960449e-01
8.370553851127624512e-01
9.280366301536560059e-01
3.085387349128723145e-01
8.138725161552429199e-01
4.015324413776397705e-01
2.915893495082855225e-01
9.332250356674194336e-01
6.837353110313415527e-01
6.755146980285644531e-01
8.569088578224182129e-01
8.264186382293701172e-01
9.544177651405334473e-01
9.285604357719421387e-01
9.534206986427307129e-01
1.715232990682125092e-02
5.363264679908752441e-01
9.374972581863403320e-01
4.066022112965583801e-02
9.690140485763549805e-01
3.401218056678771973e-01
9.987006187438964844e-01
9.964245557785034180e-01
9.682334661483764648e-01
9.754598736763000488e-01
9.618782997131347656e-01
9.101911783218383789e-01
9.619698524475097656e-01
9.991474151611328125e-01
6.710523962974548340e-01
9.230227470397949219e-01
5.278995037078857422e-01
9.045802950859069824e-01
1.691129058599472046e-01
9.582818150520324707e-01
9.806745052337646484e-01
2.812264561653137207e-01
9.930852055549621582e-01
7.828264832496643066e-01
9.604713916778564453e-01
4.388053715229034424e-01
3.505904674530029297e-01
9.216729402542114258e-01
9.315380454063415527e-01
5.598604679107666016e-01
9.854958057403564453e-01
8.984798192977905273e-01
9.240872263908386230e-01
6.448546051979064941e-02
9.469861984252929688e-01
8.677868247032165527e-01
8.741450309753417969e-01
5.063565969467163086e-01
8.578274846076965332e-01
9.829523414373397827e-02
2.574727237224578857e-01
5.947356224060058594e-01
9.602440595626831055e-01
9.073380827903747559e-01
9.368633627891540527e-01
8.278283476829528809e-01
8.614273667335510254e-01
9.847670793533325195e-01
7.604201436042785645e-01
9.460385441780090332e-01
2.457780689001083374e-01
9.871033430099487305e-01
9.844072461128234863e-01
9.701168537139892578e-01
5.586242079734802246e-01
8.965387344360351562e-01
3.940077722072601318e-01
9.876544475555419922e-01
9.825459718704223633e-01
9.262317419052124023e-01
5.021640658378601074e-01
9.920110702514648438e-01
9.283186197280883789e-01
9.220417141914367676e-01
7.947237491607666016e-01
8.418139815330505371e-01
9.975466132164001465e-01
7.101199030876159668e-02
7.459259033203125000e-01
2.577948570251464844e-01
9.273629784584045410e-01
7.944284677505493164e-01
8.812140226364135742e-01
7.110087275505065918e-01
8.311558961868286133e-01
9.312282204627990723e-01
2.180568128824234009e-01
5.911391973495483398e-01
8.809798359870910645e-01
9.224680662155151367e-01
8.097788691520690918e-01
7.767962217330932617e-01
7.990105748176574707e-01
9.775964617729187012e-01
9.916363954544067383e-01
9.543105363845825195e-01
5.330410599708557129e-01
9.425324797630310059e-01
9.487722516059875488e-01
9.096207618713378906e-01
8.830260634422302246e-01
8.554493784904479980e-01
9.810673594474792480e-01
8.988337516784667969e-01
9.845918416976928711e-01
9.827989339828491211e-01
9.672753214836120605e-01
9.113067984580993652e-01
9.254821538925170898e-01
9.599999189376831055e-01
7.391271591186523438e-01
9.202510118484497070e-01
9.355471730232238770e-01
9.567540884017944336e-01
8.745474219322204590e-01
9.441671967506408691e-01
9.507783651351928711e-01
8.384808897972106934e-01
9.570775628089904785e-01
9.300916194915771484e-01
8.238931894302368164e-01
7.982448935508728027e-01
8.847303986549377441e-01
9.917652606964111328e-01
9.184511899948120117e-01
9.369018673896789551e-01
9.285810589790344238e-01
9.855493903160095215e-01
8.597924113273620605e-01
8.565983176231384277e-01
9.216763973236083984e-01
9.923743009567260742e-01
8.365032672882080078e-01
9.779185652732849121e-01
9.586871862411499023e-01
8.531265854835510254e-01
8.597559928894042969e-01
2.571391761302947998e-01
9.854604005813598633e-01
7.983395457267761230e-01
2.474988996982574463e-01
8.362793326377868652e-01
9.031010866165161133e-01
9.820826649665832520e-01
9.713698029518127441e-01
9.984253048896789551e-01
8.356468677520751953e-01
8.954874873161315918e-01
9.374754428863525391e-01
1.593436896800994873e-01
9.407494068145751953e-01
9.592574238777160645e-01
8.153687119483947754e-01
9.793205857276916504e-01
9.469454288482666016e-01
8.762304186820983887e-01
3.097976148128509521e-01
9.375536441802978516e-01
4.999120831489562988e-01
8.571308255195617676e-01
3.581123352050781250e-01
8.389468193054199219e-01
8.837929964065551758e-01
7.448056936264038086e-01
9.632641673088073730e-01
9.861039519309997559e-01
9.823165535926818848e-01
8.482949137687683105e-01
8.700882792472839355e-01
9.369597434997558594e-01
8.901432156562805176e-01
9.446249008178710938e-01
9.824923872947692871e-01
8.881314992904663086e-01
7.519600987434387207e-01
8.803610801696777344e-01
9.872223138809204102e-01
1.994664669036865234e-01
8.133972883224487305e-01
9.833166003227233887e-01
9.072848558425903320e-01
8.151571154594421387e-01
9.661668539047241211e-01
9.780409932136535645e-01
9.156873226165771484e-01
9.869830012321472168e-01
9.365145564079284668e-01
8.946915268898010254e-01
9.854421019554138184e-01
9.852433204650878906e-01
4.267412126064300537e-01
7.840534448623657227e-01
9.251914024353027344e-01
9.977624416351318359e-01
9.520000219345092773e-01
8.779980540275573730e-01
9.705008864402770996e-01
8.893929719924926758e-01
1.999751627445220947e-01
9.819151163101196289e-01
1.768188476562500000e-01
9.983082413673400879e-01
8.513516187667846680e-02
9.473237395286560059e-01
9.440513253211975098e-01
1.723406612873077393e-01
8.929772377014160156e-01
8.629583716392517090e-01
9.329001307487487793e-01
3.308059573173522949e-01
9.874101281166076660e-01
9.924163222312927246e-01
9.116572737693786621e-01
9.770532846450805664e-01
9.989920258522033691e-01
9.111858606338500977e-01
8.032829761505126953e-01
1.946179866790771484e-01
8.207155466079711914e-01
8.221603035926818848e-01
9.416574239730834961e-01
9.235956668853759766e-01
2.682894170284271240e-01
6.864678263664245605e-01
8.206509351730346680e-01
7.901467680931091309e-01
9.735180735588073730e-01
8.523179292678833008e-01
8.651489019393920898e-01
9.649459719657897949e-01
8.623397350311279297e-01
9.891275763511657715e-01
9.735231995582580566e-01
4.994031488895416260e-01
9.485548138618469238e-01
9.154971837997436523e-01
8.308092951774597168e-01
9.903098344802856445e-01
9.520187973976135254e-01
9.049378633499145508e-01
4.513704478740692139e-01
2.547591328620910645e-01
2.640648782253265381e-01
3.332307338714599609e-01
6.367077231407165527e-01
