9.991635680198669434e-01
9.983053803443908691e-01
9.986816644668579102e-01
9.972470402717590332e-01
9.970135092735290527e-01
9.752201437950134277e-01
9.948112964630126953e-01
9.986487030982971191e-01
9.992969632148742676e-01
9.994196891784667969e-01
9.921177029609680176e-01
9.941169619560241699e-01
9.984163641929626465e-01
9.829421043395996094e-01
9.992358088493347168e-01
9.986253976821899414e-01
9.992192387580871582e-01
9.948614239692687988e-01
9.960012435913085938e-01
9.959098100662231445e-01
9.914546608924865723e-01
9.987633824348449707e-01
9.881239533424377441e-01
9.933198094367980957e-01
9.969816207885742188e-01
9.993059635162353516e-01
9.985297322273254395e-01
9.968363046646118164e-01
9.998891353607177734e-01
9.980159401893615723e-01
9.928177595138549805e-01
9.933279752731323242e-01
9.905257225036621094e-01
9.986296296119689941e-01
9.984246492385864258e-01
9.988539218902587891e-01
9.972326159477233887e-01
9.989069700241088867e-01
9.892957210540771484e-01
9.943100214004516602e-01
9.982581734657287598e-01
9.964174628257751465e-01
9.992592930793762207e-01
9.994710087776184082e-01
9.979779124259948730e-01
9.987679123878479004e-01
9.953303337097167969e-01
9.871070981025695801e-01
9.987190961837768555e-01
9.983363747596740723e-01
9.957663416862487793e-01
9.967486858367919922e-01
9.955859184265136719e-01
9.933625459671020508e-01
9.981960058212280273e-01
9.963815808296203613e-01
9.984437227249145508e-01
9.952352046966552734e-01
9.998739361763000488e-01
9.997822046279907227e-01
9.942423701286315918e-01
9.969273805618286133e-01
9.895108938217163086e-01
9.980933666229248047e-01
9.990589022636413574e-01
9.973584413528442383e-01
9.936447143554687500e-01
9.985734224319458008e-01
9.964939951896667480e-01
9.981827735900878906e-01
9.904170036315917969e-01
9.993498325347900391e-01
9.984297156333923340e-01
9.959269762039184570e-01
9.812453389167785645e-01
9.977613687515258789e-01
9.965031147003173828e-01
9.955336451530456543e-01
9.922571182250976562e-01
9.835713505744934082e-01
9.969886541366577148e-01
9.892152547836303711e-01
9.986531138420104980e-01
9.985299706459045410e-01
9.982095360755920410e-01
9.999738931655883789e-01
9.989465475082397461e-01
9.931541085243225098e-01
9.965313076972961426e-01
9.996883273124694824e-01
9.953739047050476074e-01
9.963949918746948242e-01
9.979408979415893555e-01
9.861467480659484863e-01
9.964604377746582031e-01
9.993026256561279297e-01
9.870056509971618652e-01
9.977125525474548340e-01
9.910872578620910645e-01
9.944651722908020020e-01
9.968734383583068848e-01
9.938277006149291992e-01
9.974536299705505371e-01
9.925818443298339844e-01
9.991954565048217773e-01
9.956435561180114746e-01
9.990726113319396973e-01
9.985178112983703613e-01
9.978857636451721191e-01
9.139701128005981445e-01
9.938234686851501465e-01
9.981626868247985840e-01
9.950783848762512207e-01
9.986203312873840332e-01
9.969606399536132812e-01
9.980887174606323242e-01
9.995633363723754883e-01
9.987922906875610352e-01
9.972691535949707031e-01
9.988975524902343750e-01
9.885445833206176758e-01
9.926493763923645020e-01
9.993111491203308105e-01
9.990370273590087891e-01
9.977751970291137695e-01
9.858764410018920898e-01
9.970921874046325684e-01
9.990429878234863281e-01
9.997379779815673828e-01
9.753308296203613281e-01
9.999716281890869141e-01
9.975076317787170410e-01
9.983915090560913086e-01
9.865919947624206543e-01
9.973817467689514160e-01
9.896131157875061035e-01
9.935582280158996582e-01
9.944412708282470703e-01
9.971062541007995605e-01
9.983420968055725098e-01
9.993019104003906250e-01
9.974248409271240234e-01
9.950672984123229980e-01
9.927016496658325195e-01
9.986066818237304688e-01
9.965856671333312988e-01
9.988750815391540527e-01
9.921460151672363281e-01
9.959535598754882812e-01
9.928422570228576660e-01
9.950441718101501465e-01
9.972732663154602051e-01
9.926285147666931152e-01
9.993250966072082520e-01
9.964947700500488281e-01
9.989264011383056641e-01
9.968604445457458496e-01
9.906374216079711914e-01
9.996752142906188965e-01
9.973268508911132812e-01
9.961491823196411133e-01
9.978512525558471680e-01
9.974626302719116211e-01
9.974196553230285645e-01
9.985446929931640625e-01
9.910786151885986328e-01
9.971212148666381836e-01
9.881531596183776855e-01
9.990150332450866699e-01
9.956173300743103027e-01
9.989057183265686035e-01
9.991593956947326660e-01
9.968150854110717773e-01
9.972099661827087402e-01
9.976952075958251953e-01
9.942997097969055176e-01
9.875821471214294434e-01
9.961048960685729980e-01
9.814252257347106934e-01
9.987796545028686523e-01
9.946399331092834473e-01
9.990563988685607910e-01
9.994542598724365234e-01
9.996569156646728516e-01
9.961703419685363770e-01
9.988759756088256836e-01
9.950551986694335938e-01
9.969033598899841309e-01
9.976234436035156250e-01
9.988358020782470703e-01
9.983342289924621582e-01
9.950571656227111816e-01
9.975184798240661621e-01
9.991940259933471680e-01
9.980506300926208496e-01
9.900909066200256348e-01
9.973132014274597168e-01
9.976072311401367188e-01
9.996938705444335938e-01
9.959836602210998535e-01
9.782075285911560059e-01
9.908313751220703125e-01
9.966566562652587891e-01
9.985514283180236816e-01
9.978457689285278320e-01
9.935290217399597168e-01
9.981267452239990234e-01
9.989200830459594727e-01
9.897814989089965820e-01
9.987433552742004395e-01
9.938351511955261230e-01
9.940763115882873535e-01
9.933896660804748535e-01
9.974830150604248047e-01
9.949976205825805664e-01
9.975926280021667480e-01
9.954869151115417480e-01
9.884075522422790527e-01
9.989437460899353027e-01
9.972204566001892090e-01
9.994139671325683594e-01
9.988432526588439941e-01
9.941379427909851074e-01
9.931036829948425293e-01
9.980730414390563965e-01
9.991832375526428223e-01
9.938353300094604492e-01
9.993184804916381836e-01
9.968394637107849121e-01
9.949641227722167969e-01
9.951265454292297363e-01
9.967967867851257324e-01
9.994804859161376953e-01
9.938325881958007812e-01
9.821869730949401855e-01
9.989930391311645508e-01
9.987882971763610840e-01
9.968892335891723633e-01
9.977853894233703613e-01
9.976598024368286133e-01
9.959158301353454590e-01
9.926849007606506348e-01
9.980419874191284180e-01
9.998834133148193359e-01
9.976406693458557129e-01
9.971265196800231934e-01
9.971359372138977051e-01
9.987729191780090332e-01
9.662508368492126465e-01
9.874822497367858887e-01
9.990876913070678711e-01
9.972702860832214355e-01
9.981426000595092773e-01
9.940457344055175781e-01
9.890466332435607910e-01
9.983335137367248535e-01
9.984845519065856934e-01
9.964634180068969727e-01
9.978528618812561035e-01
9.993626475334167480e-01
9.779412150382995605e-01
9.975119829177856445e-01
9.990109205245971680e-01
9.990785121917724609e-01
9.866383075714111328e-01
9.924545288085937500e-01
9.989647865295410156e-01
9.983144402503967285e-01
9.818989634513854980e-01
9.990598559379577637e-01
9.996965527534484863e-01
9.951497316360473633e-01
9.951924085617065430e-01
9.930962920188903809e-01
9.925985932350158691e-01
9.991159439086914062e-01
9.990566372871398926e-01
9.991092085838317871e-01
9.962213039398193359e-01
9.945080280303955078e-01
9.990208745002746582e-01
9.982789754867553711e-01
9.994328618049621582e-01
9.991561174392700195e-01
9.980893135070800781e-01
9.987983107566833496e-01
9.918615221977233887e-01
9.978719949722290039e-01
9.996965527534484863e-01
9.962667226791381836e-01
9.845122694969177246e-01
9.998345971107482910e-01
9.993171095848083496e-01
9.977377653121948242e-01
9.955819249153137207e-01
9.914226531982421875e-01
9.968451261520385742e-01
9.994540214538574219e-01
9.973603487014770508e-01
9.995695352554321289e-01
9.990149736404418945e-01
9.956491589546203613e-01
9.977955222129821777e-01
9.981688857078552246e-01
9.973620176315307617e-01
9.973283410072326660e-01
9.789887666702270508e-01
9.922462105751037598e-01
9.982659220695495605e-01
9.976798295974731445e-01
9.950730800628662109e-01
9.931173920631408691e-01
9.728034734725952148e-01
9.986282587051391602e-01
9.990025162696838379e-01
9.992196559906005859e-01
9.949856996536254883e-01
9.957875013351440430e-01
9.988335371017456055e-01
9.982834458351135254e-01
9.985080957412719727e-01
9.897322654724121094e-01
9.997149109840393066e-01
9.969956278800964355e-01
9.992069005966186523e-01
9.962208271026611328e-01
9.878889918327331543e-01
9.998873472213745117e-01
9.995248317718505859e-01
9.972411394119262695e-01
9.992537498474121094e-01
9.985073208808898926e-01
9.988344907760620117e-01
9.992141127586364746e-01
9.987539052963256836e-01
9.858216047286987305e-01
9.993510246276855469e-01
9.932518601417541504e-01
9.933021664619445801e-01
9.968639016151428223e-01
9.990256428718566895e-01
9.959506988525390625e-01
9.984686374664306641e-01
9.992554187774658203e-01
9.975130558013916016e-01
9.972865581512451172e-01
9.974184036254882812e-01
9.921680688858032227e-01
9.847012758255004883e-01
9.939475655555725098e-01
9.948168396949768066e-01
9.993451833724975586e-01
9.988641142845153809e-01
9.972892403602600098e-01
9.670870900154113770e-01
9.945011138916015625e-01
9.808056354522705078e-01
9.990420937538146973e-01
9.992281794548034668e-01
9.967198371887207031e-01
9.981299638748168945e-01
9.969583153724670410e-01
9.989056587219238281e-01
9.977382421493530273e-01
9.980678558349609375e-01
9.973316788673400879e-01
9.949397444725036621e-01
9.928835034370422363e-01
9.988381266593933105e-01
9.949691891670227051e-01
9.992084503173828125e-01
9.957087039947509766e-01
9.966929554939270020e-01
9.953948855400085449e-01
9.961533546447753906e-01
9.989274740219116211e-01
9.882519841194152832e-01
9.956683516502380371e-01
9.993090033531188965e-01
9.985498785972595215e-01
9.992456436157226562e-01
9.991525411605834961e-01
9.976399540901184082e-01
9.997332692146301270e-01
9.981172680854797363e-01
9.967626929283142090e-01
9.968962669372558594e-01
9.974412918090820312e-01
9.997254610061645508e-01
9.992673397064208984e-01
9.988694190979003906e-01
9.986975789070129395e-01
9.974684715270996094e-01
9.975154995918273926e-01
9.978262782096862793e-01
9.946399927139282227e-01
9.981763958930969238e-01
9.983372092247009277e-01
9.970871806144714355e-01
9.956047534942626953e-01
9.992892146110534668e-01
9.977660179138183594e-01
9.983813166618347168e-01
9.905521273612976074e-01
9.985613822937011719e-01
9.992680549621582031e-01
9.987497925758361816e-01
9.985805749893188477e-01
9.885193705558776855e-01
9.990853667259216309e-01
9.978742003440856934e-01
9.967365264892578125e-01
9.975754022598266602e-01
9.965599775314331055e-01
9.964715838432312012e-01
9.953362345695495605e-01
9.936780929565429688e-01
9.978426694869995117e-01
9.953463077545166016e-01
9.958564639091491699e-01
9.864287376403808594e-01
9.957167506217956543e-01
9.746659994125366211e-01
9.913423061370849609e-01
9.984679818153381348e-01
9.928222298622131348e-01
9.982737302780151367e-01
9.986891746520996094e-01
9.972277879714965820e-01
9.975764751434326172e-01
9.902780055999755859e-01
9.981807470321655273e-01
9.967063069343566895e-01
9.972689151763916016e-01
9.875196814537048340e-01
9.977530241012573242e-01
9.951618909835815430e-01
9.898462295532226562e-01
9.991873502731323242e-01
9.987930655479431152e-01
9.993823170661926270e-01
9.959606528282165527e-01
9.975403547286987305e-01
9.919230937957763672e-01
9.941861033439636230e-01
9.968439936637878418e-01
9.951697587966918945e-01
9.970406889915466309e-01
9.975762367248535156e-01
9.975929260253906250e-01
9.992857575416564941e-01
9.993476271629333496e-01
9.993233680725097656e-01
9.954261183738708496e-01
9.967759847640991211e-01
9.991279244422912598e-01
9.978171586990356445e-01
9.967690706253051758e-01
9.896053075790405273e-01
9.950723648071289062e-01
9.994710087776184082e-01
9.863733649253845215e-01
9.992462992668151855e-01
9.946341514587402344e-01
9.961961507797241211e-01
9.968671798706054688e-01
9.962705373764038086e-01
9.970183968544006348e-01
9.965577125549316406e-01
9.968034625053405762e-01
9.985943436622619629e-01
9.987412095069885254e-01
9.993780851364135742e-01
9.952826499938964844e-01
9.995865225791931152e-01
9.989824891090393066e-01
9.951967597007751465e-01
9.641332030296325684e-01
9.980387687683105469e-01
9.975971579551696777e-01
9.992403388023376465e-01
9.935309886932373047e-01
9.971066117286682129e-01
9.889556765556335449e-01
9.971283674240112305e-01
9.942400455474853516e-01
9.975191354751586914e-01
9.969795942306518555e-01
9.952630996704101562e-01
9.977604150772094727e-01
9.993441700935363770e-01
9.996148943901062012e-01
9.943544268608093262e-01
9.990568161010742188e-01
9.971435666084289551e-01
9.914527535438537598e-01
9.916714429855346680e-01
9.985374212265014648e-01
9.988639950752258301e-01
9.979864358901977539e-01
9.989290833473205566e-01
9.986397027969360352e-01
9.988545179367065430e-01
9.955332875251770020e-01
9.991027116775512695e-01
9.926077127456665039e-01
9.998690485954284668e-01
9.946329593658447266e-01
9.994787573814392090e-01
9.960234165191650391e-01
9.990164637565612793e-01
9.982535243034362793e-01
9.928042292594909668e-01
9.994965791702270508e-01
9.989749193191528320e-01
9.996954798698425293e-01
9.967567324638366699e-01
9.988324642181396484e-01
9.979353547096252441e-01
9.935102462768554688e-01
9.979250431060791016e-01
9.933609962463378906e-01
9.777802824974060059e-01
9.968696236610412598e-01
9.921659827232360840e-01
9.972832202911376953e-01
9.955704808235168457e-01
9.979507923126220703e-01
9.960775375366210938e-01
9.990525841712951660e-01
9.926882386207580566e-01
9.993105530738830566e-01
9.958819150924682617e-01
9.974632263183593750e-01
9.981907606124877930e-01
9.988596439361572266e-01
9.964938163757324219e-01
9.990251064300537109e-01
9.959515929222106934e-01
9.949971437454223633e-01
9.983738660812377930e-01
9.969787597656250000e-01
9.989243149757385254e-01
9.992752075195312500e-01
9.995091557502746582e-01
9.991422295570373535e-01
9.961472749710083008e-01
9.973725676536560059e-01
9.965979456901550293e-01
9.988128542900085449e-01
9.994675517082214355e-01
9.995899200439453125e-01
9.947696924209594727e-01
9.960755705833435059e-01
9.979209899902343750e-01
9.952308535575866699e-01
9.901539683341979980e-01
9.977832436561584473e-01
9.988538622856140137e-01
9.930695891380310059e-01
9.994582533836364746e-01
9.930287599563598633e-01
9.908667802810668945e-01
9.944110512733459473e-01
9.957228899002075195e-01
9.946229457855224609e-01
9.974731802940368652e-01
9.985973238945007324e-01
9.719862341880798340e-01
9.960009455680847168e-01
9.970805048942565918e-01
9.987199306488037109e-01
9.938495159149169922e-01
9.936590194702148438e-01
9.608559012413024902e-01
9.979290962219238281e-01
9.987756609916687012e-01
9.903876781463623047e-01
9.990947246551513672e-01
9.935214519500732422e-01
9.931371808052062988e-01
9.991463422775268555e-01
9.977770447731018066e-01
9.986627697944641113e-01
9.943434596061706543e-01
9.884382486343383789e-01
9.946310520172119141e-01
9.993467330932617188e-01
9.999287128448486328e-01
9.968861341476440430e-01
9.976871609687805176e-01
9.907116889953613281e-01
9.914952516555786133e-01
9.982618093490600586e-01
9.993451237678527832e-01
9.984663128852844238e-01
9.988627433776855469e-01
9.997043609619140625e-01
9.977146983146667480e-01
9.980669617652893066e-01
9.966239333152770996e-01
9.971477389335632324e-01
9.987360835075378418e-01
9.918501377105712891e-01
9.937575459480285645e-01
9.983451366424560547e-01
9.986037015914916992e-01
9.993531107902526855e-01
9.934182763099670410e-01
9.993342757225036621e-01
9.969904422760009766e-01
9.969753026962280273e-01
9.824264645576477051e-01
9.973610639572143555e-01
9.988296627998352051e-01
9.973896741867065430e-01
9.700434803962707520e-01
9.979280829429626465e-01
9.989619851112365723e-01
9.968487024307250977e-01
9.983488321304321289e-01
9.993904829025268555e-01
9.976591467857360840e-01
9.980255365371704102e-01
9.984607696533203125e-01
9.955766201019287109e-01
9.995208978652954102e-01
9.959555864334106445e-01
9.989897012710571289e-01
9.958665370941162109e-01
9.983227252960205078e-01
9.988678097724914551e-01
9.879439473152160645e-01
9.996044635772705078e-01
9.975019693374633789e-01
9.947030544281005859e-01
9.884788393974304199e-01
9.994805455207824707e-01
9.974528551101684570e-01
9.977579116821289062e-01
9.989295601844787598e-01
9.979382157325744629e-01
9.981008172035217285e-01
9.984685778617858887e-01
9.989677071571350098e-01
9.957594275474548340e-01
9.971526265144348145e-01
9.970849752426147461e-01
9.584740996360778809e-01
9.982293248176574707e-01
9.985866546630859375e-01
9.994825720787048340e-01
9.948433041572570801e-01
9.985461831092834473e-01
9.983061552047729492e-01
9.987878203392028809e-01
9.966260790824890137e-01
9.959708452224731445e-01
9.941874742507934570e-01
9.976375102996826172e-01
9.888860583305358887e-01
9.883596897125244141e-01
9.966472983360290527e-01
9.983927011489868164e-01
9.989028573036193848e-01
9.999641180038452148e-01
9.959975481033325195e-01
9.971572160720825195e-01
9.965213537216186523e-01
9.969900846481323242e-01
9.814146161079406738e-01
9.968832731246948242e-01
9.953225851058959961e-01
9.985333085060119629e-01
9.992809295654296875e-01
9.978408813476562500e-01
9.999238252639770508e-01
9.999449849128723145e-01
9.764153361320495605e-01
9.959676861763000488e-01
9.993937015533447266e-01
9.984097480773925781e-01
9.973308444023132324e-01
9.991571903228759766e-01
9.954772591590881348e-01
9.993130564689636230e-01
9.991545081138610840e-01
9.848554730415344238e-01
9.987503886222839355e-01
9.993330240249633789e-01
9.811633229255676270e-01
9.997821450233459473e-01
9.994078278541564941e-01
9.998824000358581543e-01
9.956614971160888672e-01
9.950512647628784180e-01
9.985055923461914062e-01
9.923678040504455566e-01
9.917553067207336426e-01
9.988068938255310059e-01
9.887723922729492188e-01
9.988448619842529297e-01
9.959019422531127930e-01
9.999611377716064453e-01
9.989514350891113281e-01
9.978846907615661621e-01
9.962680339813232422e-01
9.989656805992126465e-01
9.939610362052917480e-01
9.984034895896911621e-01
9.993939995765686035e-01
9.992504119873046875e-01
9.993651509284973145e-01
9.983274340629577637e-01
9.984326958656311035e-01
9.981296658515930176e-01
9.949827194213867188e-01
9.968210458755493164e-01
9.989657998085021973e-01
9.967774748802185059e-01
9.986572265625000000e-01
9.987378120422363281e-01
9.971362948417663574e-01
9.846673607826232910e-01
9.940871000289916992e-01
9.990482926368713379e-01
9.975025057792663574e-01
9.982630014419555664e-01
9.938073158264160156e-01
9.940966367721557617e-01
9.975748062133789062e-01
9.986563920974731445e-01
9.952369928359985352e-01
9.979518055915832520e-01
9.937635064125061035e-01
9.918909668922424316e-01
9.888916611671447754e-01
9.957404732704162598e-01
9.982625246047973633e-01
9.991143345832824707e-01
9.978860020637512207e-01
9.992180466651916504e-01
9.990447163581848145e-01
9.783382415771484375e-01
9.993970394134521484e-01
9.952304959297180176e-01
9.991112947463989258e-01
9.973383545875549316e-01
9.906454682350158691e-01
9.904198050498962402e-01
9.922670722007751465e-01
9.976322054862976074e-01
9.999756813049316406e-01
9.990619421005249023e-01
9.917704463005065918e-01
9.969358444213867188e-01
9.977734684944152832e-01
9.997720122337341309e-01
9.977520108222961426e-01
9.982000589370727539e-01
9.978063702583312988e-01
9.993035197257995605e-01
9.995517730712890625e-01
9.968861937522888184e-01
9.995218515396118164e-01
9.984167218208312988e-01
9.964326620101928711e-01
9.975734949111938477e-01
9.985351562500000000e-01
9.983664751052856445e-01
9.938542246818542480e-01
9.986958503723144531e-01
9.979625940322875977e-01
9.985299706459045410e-01
9.923248887062072754e-01
9.905006885528564453e-01
9.915553331375122070e-01
9.865809679031372070e-01
9.951146245002746582e-01
9.971078634262084961e-01
9.963943362236022949e-01
9.996382594108581543e-01
9.990052580833435059e-01
9.902393221855163574e-01
9.987391233444213867e-01
9.996963739395141602e-01
9.999082684516906738e-01
9.986917376518249512e-01
9.995335936546325684e-01
9.986890554428100586e-01
9.908902049064636230e-01
9.922718405723571777e-01
9.992294907569885254e-01
9.833684563636779785e-01
9.989166259765625000e-01
9.936795830726623535e-01
9.988133311271667480e-01
9.989945292472839355e-01
9.909994006156921387e-01
9.863586425781250000e-01
9.992771744728088379e-01
9.974880814552307129e-01
9.995261430740356445e-01
9.994256496429443359e-01
9.969463348388671875e-01
9.918075799942016602e-01
9.961516857147216797e-01
9.965171813964843750e-01
9.980285167694091797e-01
9.850991964340209961e-01
9.984117746353149414e-01
9.933021068572998047e-01
9.968860745429992676e-01
9.973934292793273926e-01
9.985076189041137695e-01
9.954844713211059570e-01
9.972391128540039062e-01
9.944724440574645996e-01
9.984447360038757324e-01
9.975115060806274414e-01
9.950894713401794434e-01
9.949997663497924805e-01
9.994491338729858398e-01
9.969449639320373535e-01
9.960176944732666016e-01
9.974300265312194824e-01
9.787680506706237793e-01
9.982123970985412598e-01
9.920896887779235840e-01
9.979342222213745117e-01
9.981163740158081055e-01
9.990466833114624023e-01
9.987745881080627441e-01
9.980119466781616211e-01
9.949996471405029297e-01
9.921058416366577148e-01
9.999229907989501953e-01
9.974787831306457520e-01
9.986584186553955078e-01
9.970504641532897949e-01
9.978730082511901855e-01
9.975603818893432617e-01
9.962967634201049805e-01
9.991630911827087402e-01
9.992522001266479492e-01
9.978757500648498535e-01
9.958600997924804688e-01
9.955790042877197266e-01
9.969426393508911133e-01
9.863618612289428711e-01
9.837560653686523438e-01
9.994726777076721191e-01
9.985372424125671387e-01
9.981288909912109375e-01
9.993559718132019043e-01
9.954832196235656738e-01
9.988878965377807617e-01
9.999143481254577637e-01
9.976052641868591309e-01
9.997454881668090820e-01
9.931700229644775391e-01
9.983323216438293457e-01
9.993909597396850586e-01
9.999192953109741211e-01
9.836351275444030762e-01
9.993520379066467285e-01
9.736516475677490234e-01
9.973657131195068359e-01
9.852408766746520996e-01
9.990690350532531738e-01
9.991792440414428711e-01
9.997892379760742188e-01
9.982749223709106445e-01
9.978699684143066406e-01
9.987748861312866211e-01
9.945044517517089844e-01
9.965741634368896484e-01
9.989181160926818848e-01
9.895196557044982910e-01
9.930800199508666992e-01
9.982575774192810059e-01
9.927527308464050293e-01
9.992015957832336426e-01
9.969933032989501953e-01
9.956959486007690430e-01
9.983935952186584473e-01
9.994673132896423340e-01
9.988064169883728027e-01
9.972807765007019043e-01
9.991385936737060547e-01
9.988510012626647949e-01
9.872239232063293457e-01
9.918097257614135742e-01
9.968352913856506348e-01
9.987088441848754883e-01
9.770249128341674805e-01
9.944847822189331055e-01
9.959152340888977051e-01
9.958791732788085938e-01
9.979388713836669922e-01
9.989401102066040039e-01
9.928286671638488770e-01
9.973340630531311035e-01
9.974445700645446777e-01
9.989218711853027344e-01
9.936987161636352539e-01
9.924315214157104492e-01
9.954275488853454590e-01
9.975600242614746094e-01
9.992851614952087402e-01
9.984560012817382812e-01
9.977223277091979980e-01
9.929069280624389648e-01
9.986152648925781250e-01
9.935280680656433105e-01
9.797344207763671875e-01
9.911853075027465820e-01
9.931488037109375000e-01
9.989398121833801270e-01
9.954105615615844727e-01
9.925746917724609375e-01
9.989441633224487305e-01
9.969742298126220703e-01
9.997411370277404785e-01
9.975931048393249512e-01
9.908958673477172852e-01
9.984325766563415527e-01
9.976291060447692871e-01
9.988554120063781738e-01
9.986575245857238770e-01
9.975237846374511719e-01
9.967236518859863281e-01
9.952626824378967285e-01
9.942176342010498047e-01
9.999173879623413086e-01
9.991589188575744629e-01
9.959720969200134277e-01
9.982379078865051270e-01
9.988048672676086426e-01
9.897835850715637207e-01
9.932392835617065430e-01
9.990482926368713379e-01
9.959766864776611328e-01
9.982212781906127930e-01
9.963396191596984863e-01
9.961404800415039062e-01
9.967817664146423340e-01
9.868318438529968262e-01
9.978152513504028320e-01
9.990881085395812988e-01
9.984259009361267090e-01
9.963069558143615723e-01
9.963824748992919922e-01
9.983710646629333496e-01
9.945507049560546875e-01
9.989552497863769531e-01
9.995732307434082031e-01
9.913536310195922852e-01
9.931960105895996094e-01
9.983102679252624512e-01
9.987266659736633301e-01
9.825379848480224609e-01
9.918740391731262207e-01
9.947140216827392578e-01
9.994575977325439453e-01
9.998238682746887207e-01
9.958606362342834473e-01
9.945405721664428711e-01
9.973888397216796875e-01
9.979863166809082031e-01
9.997099041938781738e-01
9.914360046386718750e-01
9.965251684188842773e-01
9.955215454101562500e-01
9.938995242118835449e-01
9.982721805572509766e-01
9.944760203361511230e-01
9.972761869430541992e-01
9.778279066085815430e-01
9.995270371437072754e-01
9.979545474052429199e-01
9.990861415863037109e-01
9.960945248603820801e-01
9.965902566909790039e-01
9.988426566123962402e-01
9.956831336021423340e-01
9.992375969886779785e-01
9.925076961517333984e-01
9.983237385749816895e-01
9.978861808776855469e-01
9.975095391273498535e-01
9.972670078277587891e-01
9.994129538536071777e-01
9.942295551300048828e-01
9.978658556938171387e-01
9.884772896766662598e-01
9.954335093498229980e-01
9.848212003707885742e-01
9.979207515716552734e-01
9.959499835968017578e-01
9.989227056503295898e-01
9.980688095092773438e-01
9.987726211547851562e-01
9.895500540733337402e-01
9.916581511497497559e-01
9.960032105445861816e-01
9.994379281997680664e-01
9.978821873664855957e-01
9.998104572296142578e-01
9.982133507728576660e-01
9.684241414070129395e-01
9.891445636749267578e-01
9.935119152069091797e-01
9.983502030372619629e-01
9.867163896560668945e-01
9.991539716720581055e-01
9.963657259941101074e-01
9.970927238464355469e-01
9.974258542060852051e-01
9.922297000885009766e-01
9.979748725891113281e-01
9.989387392997741699e-01
9.877177476882934570e-01
9.988020658493041992e-01
9.986177086830139160e-01
9.988803863525390625e-01
9.992471933364868164e-01
9.967956542968750000e-01
9.923996925354003906e-01
9.911869764328002930e-01
9.972467422485351562e-01
9.967392086982727051e-01
9.981165528297424316e-01
9.975895881652832031e-01
9.740756154060363770e-01
9.995890855789184570e-01
9.902562499046325684e-01
9.966047406196594238e-01
9.979633092880249023e-01
9.957048892974853516e-01
9.960900545120239258e-01
9.989887475967407227e-01
9.871069192886352539e-01
9.964211583137512207e-01
9.974466562271118164e-01
9.995175600051879883e-01
9.939001202583312988e-01
9.979932904243469238e-01
9.941925406455993652e-01
9.973130822181701660e-01
9.982622861862182617e-01
9.939048290252685547e-01
9.976230859756469727e-01
9.964121580123901367e-01
9.964420795440673828e-01
9.996991753578186035e-01
9.957230091094970703e-01
9.979166388511657715e-01
9.960005879402160645e-01
9.970697760581970215e-01
9.990609884262084961e-01
9.824950098991394043e-01
9.960888028144836426e-01
9.855620265007019043e-01
9.973541498184204102e-01
9.956800341606140137e-01
9.987589120864868164e-01
9.986584782600402832e-01
9.940591454505920410e-01
9.990096688270568848e-01
9.962401390075683594e-01
9.980750679969787598e-01
9.995525479316711426e-01
9.991254806518554688e-01
9.989487528800964355e-01
9.992185235023498535e-01
9.981595873832702637e-01
9.987549781799316406e-01
9.978287816047668457e-01
9.979953169822692871e-01
9.978823661804199219e-01
9.990125894546508789e-01
9.997647404670715332e-01
9.972912669181823730e-01
9.981718063354492188e-01
9.972033500671386719e-01
9.944605231285095215e-01
9.857738614082336426e-01
9.952188134193420410e-01
9.969316720962524414e-01
9.961572289466857910e-01
9.980872273445129395e-01
9.989357590675354004e-01
9.959309101104736328e-01
9.984853267669677734e-01
9.914656877517700195e-01
9.937278032302856445e-01
9.916354417800903320e-01
9.976617693901062012e-01
9.982239603996276855e-01
9.996853470802307129e-01
9.994015097618103027e-01
9.965416789054870605e-01
9.990610480308532715e-01
9.990682005882263184e-01
9.973611235618591309e-01
9.993011355400085449e-01
9.952307939529418945e-01
9.967103004455566406e-01
9.981095194816589355e-01
9.968410730361938477e-01
9.984625577926635742e-01
9.971227049827575684e-01
9.985600113868713379e-01
9.947936534881591797e-01
9.977051019668579102e-01
9.980577826499938965e-01
9.984984397888183594e-01
9.977521300315856934e-01
9.971415400505065918e-01
9.945576786994934082e-01
9.956138134002685547e-01
9.954978823661804199e-01
9.999758601188659668e-01
9.961118698120117188e-01
9.998697638511657715e-01
9.958158731460571289e-01
9.956347942352294922e-01
9.990955591201782227e-01
9.985974431037902832e-01
9.992353320121765137e-01
9.978111982345581055e-01
9.961895346641540527e-01
9.943088293075561523e-01
9.987708330154418945e-01
9.610452055931091309e-01
9.978770017623901367e-01
9.940183162689208984e-01
9.990668296813964844e-01
9.938003420829772949e-01
9.960055351257324219e-01
9.996197819709777832e-01
9.956135153770446777e-01
9.975186586380004883e-01
9.988840818405151367e-01
9.978188276290893555e-01
9.974531531333923340e-01
9.991103410720825195e-01
9.988919496536254883e-01
9.979791641235351562e-01
9.963498115539550781e-01
9.991552829742431641e-01
9.965513944625854492e-01
9.993065595626831055e-01
9.982522726058959961e-01
9.929099082946777344e-01
9.964461326599121094e-01
9.957860112190246582e-01
9.942728281021118164e-01
9.924299716949462891e-01
9.966871142387390137e-01
9.978063106536865234e-01
9.968096017837524414e-01
9.973160624504089355e-01
9.987657070159912109e-01
9.991225004196166992e-01
9.940199255943298340e-01
9.986111521720886230e-01
9.970889091491699219e-01
9.930834770202636719e-01
9.977551102638244629e-01
9.992586374282836914e-01
9.967265725135803223e-01
9.989295005798339844e-01
9.989115595817565918e-01
9.990887641906738281e-01
9.914819598197937012e-01
9.850566387176513672e-01
9.950505495071411133e-01
9.982233047485351562e-01
9.982321262359619141e-01
9.894164800643920898e-01
9.876795411109924316e-01
9.937916994094848633e-01
9.935694932937622070e-01
9.964932799339294434e-01
9.919455647468566895e-01
9.943831562995910645e-01
9.986611008644104004e-01
9.998437762260437012e-01
9.964233040809631348e-01
9.945436716079711914e-01
9.994627237319946289e-01
9.974349141120910645e-01
9.992450475692749023e-01
9.956767559051513672e-01
9.987691044807434082e-01
9.952450394630432129e-01
9.958778023719787598e-01
9.884287118911743164e-01
9.992570877075195312e-01
9.990848898887634277e-01
9.974890351295471191e-01
9.983412027359008789e-01
9.973322749137878418e-01
9.946338534355163574e-01
9.999091029167175293e-01
9.994405508041381836e-01
9.969514608383178711e-01
9.994315505027770996e-01
9.969364404678344727e-01
9.957603216171264648e-01
9.943861365318298340e-01
9.989570379257202148e-01
9.991000294685363770e-01
9.995783567428588867e-01
9.968111515045166016e-01
9.787703752517700195e-01
9.925895929336547852e-01
9.969382286071777344e-01
9.985754489898681641e-01
9.969110488891601562e-01
9.942439198493957520e-01
9.976475238800048828e-01
9.719141721725463867e-01
9.966267347335815430e-01
9.990917444229125977e-01
9.981237053871154785e-01
9.985795021057128906e-01
9.993132948875427246e-01
9.982861280441284180e-01
9.876974225044250488e-01
9.938499927520751953e-01
9.947143793106079102e-01
9.990342855453491211e-01
9.931960105895996094e-01
9.968533515930175781e-01
9.830363392829895020e-01
9.988961815834045410e-01
9.979221820831298828e-01
9.732247591018676758e-01
9.998111724853515625e-01
9.969998598098754883e-01
9.986168146133422852e-01
9.982568621635437012e-01
9.983486533164978027e-01
9.977756738662719727e-01
9.981155395507812500e-01
9.991354346275329590e-01
9.941869378089904785e-01
9.985263347625732422e-01
9.950159192085266113e-01
9.957137107849121094e-01
9.961318969726562500e-01
9.986023306846618652e-01
9.981701970100402832e-01
9.970416426658630371e-01
9.973295927047729492e-01
9.974429011344909668e-01
9.987137317657470703e-01
9.784824848175048828e-01
9.990271329879760742e-01
9.993472695350646973e-01
9.999613165855407715e-01
9.992168545722961426e-01
9.991397857666015625e-01
9.986893534660339355e-01
9.985535740852355957e-01
9.890936017036437988e-01
9.644284844398498535e-01
9.986978769302368164e-01
9.989728927612304688e-01
9.978988766670227051e-01
9.991020560264587402e-01
9.966858029365539551e-01
9.999606609344482422e-01
9.999248385429382324e-01
9.808116555213928223e-01
9.909079670906066895e-01
9.953706264495849609e-01
9.900575876235961914e-01
9.987440109252929688e-01
9.951984286308288574e-01
9.832392930984497070e-01
9.968197941780090332e-01
9.991766810417175293e-01
9.955813884735107422e-01
9.938591122627258301e-01
9.989011287689208984e-01
9.936376810073852539e-01
9.986227154731750488e-01
9.988344907760620117e-01
9.905459880828857422e-01
9.969862103462219238e-01
9.939016699790954590e-01
9.973547458648681641e-01
9.984434247016906738e-01
9.834557771682739258e-01
9.969802498817443848e-01
9.999300837516784668e-01
9.994074106216430664e-01
9.988622069358825684e-01
9.966125488281250000e-01
9.921231269836425781e-01
9.942818880081176758e-01
9.992186427116394043e-01
9.967691302299499512e-01
9.993321299552917480e-01
