9.951389431953430176e-01
9.978238344192504883e-01
9.988399147987365723e-01
9.986828565597534180e-01
9.926615953445434570e-01
9.703508615493774414e-01
9.963468909263610840e-01
9.991089105606079102e-01
9.993370771408081055e-01
9.989861249923706055e-01
9.899768233299255371e-01
9.933015108108520508e-01
9.972072839736938477e-01
9.915073513984680176e-01
9.988039731979370117e-01
9.986538887023925781e-01
9.994034171104431152e-01
9.932727813720703125e-01
9.939125180244445801e-01
9.967215657234191895e-01
9.922522306442260742e-01
9.978445172309875488e-01
9.854236245155334473e-01
9.944642186164855957e-01
9.972057938575744629e-01
9.965189695358276367e-01
9.988283514976501465e-01
9.983507990837097168e-01
9.996806979179382324e-01
9.856929779052734375e-01
9.932808876037597656e-01
9.879574179649353027e-01
9.861887097358703613e-01
9.880605340003967285e-01
9.970605969429016113e-01
9.989055991172790527e-01
9.965450167655944824e-01
9.992614388465881348e-01
9.897540807723999023e-01
9.939682483673095703e-01
9.952167868614196777e-01
9.990059733390808105e-01
9.984388351440429688e-01
9.995436668395996094e-01
9.978788495063781738e-01
9.988862872123718262e-01
9.910063147544860840e-01
9.887068867683410645e-01
9.983741641044616699e-01
9.978708624839782715e-01
9.949918389320373535e-01
9.928886294364929199e-01
9.876790642738342285e-01
9.877506494522094727e-01
9.916400313377380371e-01
9.949342012405395508e-01
9.966866374015808105e-01
9.934502840042114258e-01
9.996551275253295898e-01
9.997227787971496582e-01
9.932438135147094727e-01
9.924746751785278320e-01
9.901369214057922363e-01
9.956817626953125000e-01
9.973778128623962402e-01
9.976218938827514648e-01
9.927215576171875000e-01
9.980838298797607422e-01
9.977287650108337402e-01
9.965036511421203613e-01
9.874302744865417480e-01
9.994289278984069824e-01
9.979997873306274414e-01
9.944173693656921387e-01
9.854367971420288086e-01
9.975864887237548828e-01
9.958186745643615723e-01
9.955546259880065918e-01
9.910838603973388672e-01
9.875101447105407715e-01
9.951757788658142090e-01
9.901419281959533691e-01
9.979248046875000000e-01
9.979535341262817383e-01
9.985959529876708984e-01
9.997305274009704590e-01
9.980682134628295898e-01
9.961483478546142578e-01
9.966517686843872070e-01
9.986391067504882812e-01
9.933003187179565430e-01
9.955343008041381836e-01
9.979397654533386230e-01
9.783214926719665527e-01
9.662817120552062988e-01
9.993035197257995605e-01
9.836727976799011230e-01
9.922660589218139648e-01
9.988108277320861816e-01
9.934361577033996582e-01
9.907511472702026367e-01
9.956361055374145508e-01
9.932585358619689941e-01
9.970750808715820312e-01
9.911842942237854004e-01
9.987782835960388184e-01
9.884608387947082520e-01
9.977396130561828613e-01
9.986666440963745117e-01
9.959843754768371582e-01
9.921910166740417480e-01
9.889491796493530273e-01
9.987754225730895996e-01
9.947916865348815918e-01
9.981187582015991211e-01
9.976027011871337891e-01
9.931549429893493652e-01
9.986192584037780762e-01
9.987375140190124512e-01
9.959734082221984863e-01
9.980278015136718750e-01
9.876842498779296875e-01
9.919100403785705566e-01
9.990067481994628906e-01
9.990966916084289551e-01
9.963306188583374023e-01
9.849336147308349609e-01
9.978714585304260254e-01
9.988361001014709473e-01
9.995616078376770020e-01
9.873806834220886230e-01
9.978551268577575684e-01
9.966774582862854004e-01
9.983970522880554199e-01
9.949685931205749512e-01
9.965625405311584473e-01
9.916417598724365234e-01
9.887030720710754395e-01
9.936229586601257324e-01
9.962919354438781738e-01
9.947717785835266113e-01
9.925246238708496094e-01
9.981029629707336426e-01
9.938385486602783203e-01
9.933033585548400879e-01
9.986957311630249023e-01
9.956625103950500488e-01
9.996511936187744141e-01
9.875991344451904297e-01
9.962881207466125488e-01
9.844996929168701172e-01
9.945431351661682129e-01
9.941161870956420898e-01
9.866841435432434082e-01
9.981790184974670410e-01
9.972810745239257812e-01
9.987678527832031250e-01
9.925357699394226074e-01
9.885794520378112793e-01
9.994246363639831543e-01
9.967311024665832520e-01
9.964827299118041992e-01
9.951850175857543945e-01
9.949936866760253906e-01
9.962075352668762207e-01
9.999461770057678223e-01
9.807240366935729980e-01
9.972730875015258789e-01
9.785357713699340820e-01
9.992227554321289062e-01
9.870094656944274902e-01
9.990031719207763672e-01
9.990358948707580566e-01
9.949666261672973633e-01
9.979280829429626465e-01
9.874697327613830566e-01
9.901376962661743164e-01
9.868815541267395020e-01
9.992879033088684082e-01
9.894199371337890625e-01
9.990665316581726074e-01
9.949430823326110840e-01
9.992465376853942871e-01
9.988676309585571289e-01
9.997475147247314453e-01
9.972137212753295898e-01
9.969877600669860840e-01
9.985778927803039551e-01
9.963743686676025391e-01
9.966618418693542480e-01
9.983633756637573242e-01
9.983124732971191406e-01
9.931852817535400391e-01
9.978268742561340332e-01
9.988094568252563477e-01
9.951415061950683594e-01
9.899438023567199707e-01
9.399952888488769531e-01
9.922413229942321777e-01
9.989569783210754395e-01
9.952605366706848145e-01
9.876639246940612793e-01
9.980116486549377441e-01
9.772779345512390137e-01
9.978819489479064941e-01
9.965068697929382324e-01
9.942782521247863770e-01
9.969262480735778809e-01
9.992514848709106445e-01
9.890128374099731445e-01
9.989896416664123535e-01
9.881710410118103027e-01
9.918111562728881836e-01
9.721804857254028320e-01
9.987128376960754395e-01
9.946106076240539551e-01
9.991203546524047852e-01
9.956017136573791504e-01
9.800051450729370117e-01
9.985049366950988770e-01
9.946824312210083008e-01
9.905087351799011230e-01
9.975395202636718750e-01
9.801561236381530762e-01
9.900261163711547852e-01
9.988328218460083008e-01
9.990708231925964355e-01
9.801559448242187500e-01
9.979718923568725586e-01
9.971211552619934082e-01
9.953234791755676270e-01
9.935888648033142090e-01
9.973809123039245605e-01
9.989055395126342773e-01
9.943814873695373535e-01
9.794716835021972656e-01
9.977820515632629395e-01
9.988813400268554688e-01
9.930290579795837402e-01
9.973457455635070801e-01
9.975143671035766602e-01
9.901574254035949707e-01
9.887537956237792969e-01
9.980838298797607422e-01
9.994865059852600098e-01
9.927660822868347168e-01
9.972321987152099609e-01
9.979538917541503906e-01
9.980499148368835449e-01
9.909143447875976562e-01
9.908959865570068359e-01
9.992449879646301270e-01
9.967510700225830078e-01
9.975451231002807617e-01
9.946941137313842773e-01
9.910874366760253906e-01
9.993790388107299805e-01
9.979533553123474121e-01
9.948260188102722168e-01
9.976596832275390625e-01
9.986426830291748047e-01
9.903265237808227539e-01
9.985607266426086426e-01
9.988541007041931152e-01
9.974119067192077637e-01
9.893252849578857422e-01
9.929921030998229980e-01
9.998854398727416992e-01
9.959128499031066895e-01
9.926457405090332031e-01
9.977749586105346680e-01
9.969165325164794922e-01
9.906814098358154297e-01
9.937948584556579590e-01
9.926494956016540527e-01
9.931702017784118652e-01
9.991729855537414551e-01
9.992776513099670410e-01
9.992189407348632812e-01
9.945945143699645996e-01
9.979912042617797852e-01
9.988458156585693359e-01
9.944264292716979980e-01
9.979956746101379395e-01
9.992335438728332520e-01
9.986023902893066406e-01
9.980453848838806152e-01
9.805500507354736328e-01
9.974178671836853027e-01
9.964473247528076172e-01
9.885465502738952637e-01
9.868779182434082031e-01
9.991552233695983887e-01
9.985751509666442871e-01
9.943701028823852539e-01
9.872200489044189453e-01
9.889853000640869141e-01
9.945818781852722168e-01
9.971509575843811035e-01
9.977372884750366211e-01
9.994050264358520508e-01
9.988090991973876953e-01
9.937272071838378906e-01
9.964681863784790039e-01
9.966027736663818359e-01
9.944509863853454590e-01
9.952647089958190918e-01
9.785618782043457031e-01
9.893557429313659668e-01
9.983270168304443359e-01
9.959363937377929688e-01
9.946811795234680176e-01
9.830745458602905273e-01
9.792310595512390137e-01
9.987577199935913086e-01
9.989953637123107910e-01
9.993115067481994629e-01
9.948510527610778809e-01
9.886853098869323730e-01
9.974644184112548828e-01
9.925714135169982910e-01
9.986629486083984375e-01
9.793797135353088379e-01
9.989198446273803711e-01
9.881644845008850098e-01
9.989839792251586914e-01
9.872565865516662598e-01
9.829573035240173340e-01
9.986932873725891113e-01
9.986897110939025879e-01
9.913015961647033691e-01
9.992079138755798340e-01
9.997596740722656250e-01
9.972450137138366699e-01
9.982061982154846191e-01
9.973208904266357422e-01
9.939554929733276367e-01
9.946094155311584473e-01
9.950825572013854980e-01
9.921197295188903809e-01
9.951874613761901855e-01
9.965010881423950195e-01
9.966515302658081055e-01
9.991757869720458984e-01
9.992406368255615234e-01
9.924607276916503906e-01
9.908547997474670410e-01
9.949222207069396973e-01
9.922352433204650879e-01
9.850187897682189941e-01
9.995450377464294434e-01
9.955719113349914551e-01
9.998022317886352539e-01
9.985379576683044434e-01
9.947654008865356445e-01
9.948592185974121094e-01
9.942417740821838379e-01
9.736794829368591309e-01
9.972978830337524414e-01
9.990830421447753906e-01
9.965857267379760742e-01
9.966623783111572266e-01
9.971087574958801270e-01
9.967182278633117676e-01
9.981563687324523926e-01
9.982153773307800293e-01
9.989383816719055176e-01
9.902623295783996582e-01
9.890853762626647949e-01
9.992120265960693359e-01
9.973459839820861816e-01
9.981297850608825684e-01
9.963542222976684570e-01
9.977893829345703125e-01
9.944158792495727539e-01
9.872853755950927734e-01
9.985750913619995117e-01
9.930467605590820312e-01
9.881004095077514648e-01
9.986908435821533203e-01
9.984272122383117676e-01
9.983686804771423340e-01
9.992156028747558594e-01
9.902353286743164062e-01
9.961355924606323242e-01
9.951775670051574707e-01
9.943860769271850586e-01
9.958736300468444824e-01
9.965039491653442383e-01
9.992489814758300781e-01
9.988543391227722168e-01
9.984902739524841309e-01
9.976558089256286621e-01
9.947551488876342773e-01
9.939895868301391602e-01
9.962686300277709961e-01
9.917218089103698730e-01
9.974586963653564453e-01
9.977877140045166016e-01
9.979348182678222656e-01
9.952063560485839844e-01
9.992408156394958496e-01
9.993611574172973633e-01
9.984131455421447754e-01
9.911947846412658691e-01
9.982035756111145020e-01
9.984334111213684082e-01
9.979880452156066895e-01
9.943786859512329102e-01
9.985820651054382324e-01
9.991207122802734375e-01
9.975652694702148438e-01
9.946636557579040527e-01
9.969311356544494629e-01
9.973229765892028809e-01
9.909866452217102051e-01
9.938080310821533203e-01
9.982175827026367188e-01
9.965182542800903320e-01
9.922739267349243164e-01
9.955602884292602539e-01
9.845720529556274414e-01
9.986157417297363281e-01
9.727203249931335449e-01
9.964888095855712891e-01
9.991695880889892578e-01
9.938691258430480957e-01
9.978561997413635254e-01
9.987405538558959961e-01
9.960106611251831055e-01
9.977815747261047363e-01
9.736227393150329590e-01
9.981750845909118652e-01
9.952788352966308594e-01
9.961544871330261230e-01
9.871755242347717285e-01
9.930356144905090332e-01
9.980503916740417480e-01
9.889438152313232422e-01
9.974063038825988770e-01
9.988718032836914062e-01
9.995843768119812012e-01
9.929870367050170898e-01
9.963729977607727051e-01
9.917703270912170410e-01
9.940828084945678711e-01
9.941133856773376465e-01
9.934899210929870605e-01
9.953204393386840820e-01
9.937048554420471191e-01
9.967367053031921387e-01
9.971727132797241211e-01
9.992749691009521484e-01
9.993277192115783691e-01
9.963408112525939941e-01
9.969582557678222656e-01
9.991021156311035156e-01
9.971711635589599609e-01
9.960450530052185059e-01
9.916171431541442871e-01
9.963419437408447266e-01
9.996401071548461914e-01
9.825716018676757812e-01
9.946110248565673828e-01
9.945237040519714355e-01
9.982593059539794922e-01
9.960302710533142090e-01
9.875903725624084473e-01
9.943838715553283691e-01
9.904257655143737793e-01
9.967023134231567383e-01
9.985760450363159180e-01
9.983894228935241699e-01
9.984890818595886230e-01
9.939948320388793945e-01
9.995838999748229980e-01
9.980269670486450195e-01
9.972560405731201172e-01
9.768926501274108887e-01
9.986842870712280273e-01
9.965053200721740723e-01
9.987446069717407227e-01
9.921358227729797363e-01
9.893550872802734375e-01
9.890410900115966797e-01
9.981687664985656738e-01
9.850560426712036133e-01
9.918348193168640137e-01
9.967304468154907227e-01
9.943475127220153809e-01
9.980729818344116211e-01
9.965023994445800781e-01
9.991170763969421387e-01
9.945387840270996094e-01
9.978173971176147461e-01
9.961485266685485840e-01
9.923548102378845215e-01
9.844595789909362793e-01
9.987236261367797852e-01
9.979440569877624512e-01
9.982179403305053711e-01
9.978141188621520996e-01
9.980351328849792480e-01
9.975169897079467773e-01
9.908515214920043945e-01
9.992396235466003418e-01
9.912224411964416504e-01
9.998579621315002441e-01
9.932284355163574219e-01
9.996756315231323242e-01
9.930908679962158203e-01
9.987145662307739258e-01
9.919066429138183594e-01
9.959563016891479492e-01
9.986208677291870117e-01
9.983719587326049805e-01
9.984253048896789551e-01
9.973872900009155273e-01
9.996767044067382812e-01
9.974180459976196289e-01
9.911103248596191406e-01
9.981356263160705566e-01
9.924935102462768555e-01
9.720719456672668457e-01
9.957437515258789062e-01
9.885248541831970215e-01
9.959950447082519531e-01
9.952443242073059082e-01
9.976327419281005859e-01
9.989755153656005859e-01
9.990785717964172363e-01
9.925232529640197754e-01
9.992777705192565918e-01
9.953484535217285156e-01
9.985270500183105469e-01
9.983811974525451660e-01
9.987428188323974609e-01
9.894725084304809570e-01
9.990692138671875000e-01
9.970452189445495605e-01
9.950919747352600098e-01
9.979779124259948730e-01
9.955139160156250000e-01
9.966433048248291016e-01
9.948399662971496582e-01
9.824595451354980469e-01
9.992553591728210449e-01
9.952898621559143066e-01
9.970414042472839355e-01
9.902125597000122070e-01
9.893501996994018555e-01
9.992525577545166016e-01
9.994688034057617188e-01
9.934884309768676758e-01
9.915992021560668945e-01
9.933171868324279785e-01
9.955062270164489746e-01
9.988189935684204102e-01
9.998639822006225586e-01
9.982866048812866211e-01
9.915342926979064941e-01
9.987934827804565430e-01
9.901288747787475586e-01
9.885914325714111328e-01
9.901220202445983887e-01
9.958163499832153320e-01
9.969228506088256836e-01
9.985166788101196289e-01
9.956383705139160156e-01
9.802890419960021973e-01
9.925767183303833008e-01
9.902342557907104492e-01
9.969433546066284180e-01
9.970554709434509277e-01
9.943202137947082520e-01
9.834027290344238281e-01
9.975271224975585938e-01
9.995754361152648926e-01
9.990145564079284668e-01
9.966527819633483887e-01
9.938974380493164062e-01
9.838905334472656250e-01
9.992287158966064453e-01
9.978446364402770996e-01
9.993408918380737305e-01
9.864096045494079590e-01
9.742469787597656250e-01
9.916097521781921387e-01
9.991325736045837402e-01
9.994171261787414551e-01
9.970849156379699707e-01
9.966065287590026855e-01
9.893572926521301270e-01
9.928199052810668945e-01
9.990032315254211426e-01
9.989545941352844238e-01
9.925135970115661621e-01
9.919012784957885742e-01
9.993303418159484863e-01
9.945217370986938477e-01
9.981431365013122559e-01
9.977579712867736816e-01
9.915088415145874023e-01
9.962704777717590332e-01
9.888672828674316406e-01
9.855929613113403320e-01
9.993043541908264160e-01
9.982021450996398926e-01
9.984760284423828125e-01
9.980282187461853027e-01
9.972122311592102051e-01
9.938397407531738281e-01
9.898198246955871582e-01
9.827417731285095215e-01
9.912899732589721680e-01
9.985152482986450195e-01
9.962167143821716309e-01
9.614079594612121582e-01
9.965711236000061035e-01
9.992499947547912598e-01
9.971765279769897461e-01
9.974723458290100098e-01
9.988944530487060547e-01
9.976752400398254395e-01
9.982018470764160156e-01
9.970148205757141113e-01
9.940157532691955566e-01
9.996674656867980957e-01
9.972279667854309082e-01
9.984462857246398926e-01
9.958899021148681641e-01
9.943495988845825195e-01
9.974521994590759277e-01
9.979829788208007812e-01
9.992672801017761230e-01
9.962096810340881348e-01
9.921412467956542969e-01
9.595923423767089844e-01
9.975821971893310547e-01
9.978916049003601074e-01
9.973086714744567871e-01
9.992507696151733398e-01
9.970353245735168457e-01
9.975892305374145508e-01
9.984200000762939453e-01
9.938990473747253418e-01
9.960613846778869629e-01
9.958660006523132324e-01
9.954353570938110352e-01
9.758868813514709473e-01
9.978848099708557129e-01
9.981866478919982910e-01
9.987207055091857910e-01
9.928568601608276367e-01
9.867182374000549316e-01
9.983421564102172852e-01
9.989824891090393066e-01
9.968162178993225098e-01
9.892315864562988281e-01
9.943506717681884766e-01
9.943537712097167969e-01
9.881687164306640625e-01
9.892970919609069824e-01
9.973473548889160156e-01
9.977052211761474609e-01
9.990461468696594238e-01
9.998452663421630859e-01
9.849534630775451660e-01
9.948411583900451660e-01
9.838030338287353516e-01
9.975346326828002930e-01
9.822656512260437012e-01
9.966471791267395020e-01
9.912129044532775879e-01
9.982036352157592773e-01
9.989445805549621582e-01
9.980142712593078613e-01
9.989603161811828613e-01
9.993091821670532227e-01
9.938024878501892090e-01
9.958579540252685547e-01
9.991642832756042480e-01
9.977561235427856445e-01
9.979534745216369629e-01
9.992476105690002441e-01
9.923558235168457031e-01
9.991165399551391602e-01
9.992579221725463867e-01
9.953786134719848633e-01
9.885410666465759277e-01
9.992724061012268066e-01
9.849089980125427246e-01
9.989800453186035156e-01
9.987017512321472168e-01
9.991363286972045898e-01
9.953391551971435547e-01
9.917742013931274414e-01
9.987129569053649902e-01
9.917460083961486816e-01
9.911972880363464355e-01
9.987945556640625000e-01
9.818955659866333008e-01
9.985750913619995117e-01
9.966528415679931641e-01
9.999402165412902832e-01
9.975787997245788574e-01
9.926547408103942871e-01
9.959726929664611816e-01
9.949939846992492676e-01
9.844001531600952148e-01
9.991247057914733887e-01
9.986693263053894043e-01
9.991099238395690918e-01
9.982563257217407227e-01
9.987328052520751953e-01
9.973717331886291504e-01
9.991318583488464355e-01
9.903618097305297852e-01
9.965299963951110840e-01
9.978168606758117676e-01
9.967444539070129395e-01
9.981676936149597168e-01
9.989245533943176270e-01
9.964149594306945801e-01
9.989692568778991699e-01
9.935811758041381836e-01
9.991244673728942871e-01
9.988664984703063965e-01
9.975134134292602539e-01
9.977812767028808594e-01
9.947010278701782227e-01
9.958922266960144043e-01
9.980915188789367676e-01
9.938051104545593262e-01
9.981704950332641602e-01
9.928172230720520020e-01
9.831172823905944824e-01
9.931004047393798828e-01
9.944882988929748535e-01
9.962045550346374512e-01
9.985806941986083984e-01
9.908369183540344238e-01
9.989024400711059570e-01
9.991875886917114258e-01
9.813601970672607422e-01
9.982247948646545410e-01
9.937239289283752441e-01
9.991768598556518555e-01
9.942343235015869141e-01
9.888486266136169434e-01
9.875149726867675781e-01
9.900711774826049805e-01
9.978435635566711426e-01
9.984443783760070801e-01
9.977720379829406738e-01
9.899838566780090332e-01
9.997439980506896973e-01
9.941377043724060059e-01
9.982323050498962402e-01
9.972568154335021973e-01
9.978399872779846191e-01
9.983909130096435547e-01
9.984602332115173340e-01
9.984428882598876953e-01
9.998472332954406738e-01
9.918918013572692871e-01
9.994729757308959961e-01
9.980712532997131348e-01
9.961487650871276855e-01
9.969504475593566895e-01
9.986348152160644531e-01
9.983354806900024414e-01
9.905793070793151855e-01
9.987816214561462402e-01
9.974806904792785645e-01
9.878732562065124512e-01
9.915202260017395020e-01
9.826210141181945801e-01
9.921648502349853516e-01
9.866559505462646484e-01
9.908152222633361816e-01
9.997615218162536621e-01
9.955297708511352539e-01
9.992942810058593750e-01
9.992133975028991699e-01
9.867777228355407715e-01
9.953485131263732910e-01
9.988260269165039062e-01
9.996655583381652832e-01
9.979506731033325195e-01
9.994902610778808594e-01
9.984100461006164551e-01
9.902000427246093750e-01
9.887320399284362793e-01
9.985110163688659668e-01
9.901798963546752930e-01
9.907898902893066406e-01
9.931068420410156250e-01
9.989209771156311035e-01
9.992761611938476562e-01
9.894083738327026367e-01
9.894265532493591309e-01
9.660613536834716797e-01
9.936662912368774414e-01
9.991556406021118164e-01
9.995251297950744629e-01
9.976586103439331055e-01
9.892682433128356934e-01
9.919898509979248047e-01
9.893311858177185059e-01
9.971182942390441895e-01
9.753443598747253418e-01
9.976618885993957520e-01
9.923558831214904785e-01
9.956579804420471191e-01
9.987672567367553711e-01
9.946468472480773926e-01
9.981960058212280273e-01
9.898885488510131836e-01
9.980597496032714844e-01
9.970012903213500977e-01
9.936484694480895996e-01
9.964194297790527344e-01
9.984294772148132324e-01
9.968621134757995605e-01
9.966353774070739746e-01
9.971918463706970215e-01
9.781124591827392578e-01
9.978718757629394531e-01
9.966740608215332031e-01
9.989989399909973145e-01
9.966645836830139160e-01
9.992250204086303711e-01
9.979687333106994629e-01
9.990645051002502441e-01
9.959807395935058594e-01
9.891099333763122559e-01
9.989453554153442383e-01
9.989086985588073730e-01
9.985074996948242188e-01
9.967734217643737793e-01
9.912748336791992188e-01
9.919054508209228516e-01
9.978497624397277832e-01
9.991402029991149902e-01
9.965791702270507812e-01
9.899242520332336426e-01
9.929224252700805664e-01
9.897934794425964355e-01
9.950643777847290039e-01
9.833992719650268555e-01
9.847491979598999023e-01
9.996061325073242188e-01
9.986773729324340820e-01
9.982159137725830078e-01
9.985479712486267090e-01
9.923992753028869629e-01
9.977923631668090820e-01
9.999727010726928711e-01
9.990746378898620605e-01
9.993013739585876465e-01
9.924146533012390137e-01
9.961335659027099609e-01
9.996420145034790039e-01
9.992327690124511719e-01
9.930033087730407715e-01
9.994439482688903809e-01
9.786741137504577637e-01
9.871606826782226562e-01
9.807237982749938965e-01
9.812963008880615234e-01
9.982205629348754883e-01
9.981440305709838867e-01
9.958528280258178711e-01
9.943667650222778320e-01
9.988043904304504395e-01
9.930406212806701660e-01
9.952746033668518066e-01
9.979622364044189453e-01
9.790375232696533203e-01
9.950041770935058594e-01
9.986273646354675293e-01
9.933682680130004883e-01
9.987809658050537109e-01
9.967560768127441406e-01
9.965912103652954102e-01
9.986364245414733887e-01
9.992983341217041016e-01
9.966365694999694824e-01
9.984298348426818848e-01
9.987646341323852539e-01
9.982697963714599609e-01
9.934468269348144531e-01
9.946217536926269531e-01
9.904472231864929199e-01
9.982834458351135254e-01
9.863392710685729980e-01
9.954265952110290527e-01
9.983572363853454590e-01
9.973508119583129883e-01
9.843282103538513184e-01
9.990596771240234375e-01
9.945414066314697266e-01
9.944299459457397461e-01
9.852082133293151855e-01
9.988420009613037109e-01
9.919232130050659180e-01
9.876871109008789062e-01
9.946925640106201172e-01
9.970755577087402344e-01
9.990206956863403320e-01
9.966648221015930176e-01
9.959250092506408691e-01
9.938228726387023926e-01
9.981563687324523926e-01
9.946474432945251465e-01
9.934260249137878418e-01
9.902023077011108398e-01
9.903852343559265137e-01
9.951874613761901855e-01
9.966193437576293945e-01
9.948070049285888672e-01
9.714462161064147949e-01
9.985913038253784180e-01
9.969537854194641113e-01
9.993308782577514648e-01
9.973705410957336426e-01
9.919514060020446777e-01
9.978510737419128418e-01
9.982182979583740234e-01
9.987854361534118652e-01
9.977332949638366699e-01
9.966905713081359863e-01
9.964220523834228516e-01
9.959411621093750000e-01
9.862986803054809570e-01
9.995879530906677246e-01
9.984450340270996094e-01
9.933322668075561523e-01
9.979641437530517578e-01
9.957380294799804688e-01
9.894065856933593750e-01
9.837856888771057129e-01
9.989901781082153320e-01
9.961817860603332520e-01
9.987202882766723633e-01
9.949201345443725586e-01
9.966630339622497559e-01
9.953646659851074219e-01
9.922060370445251465e-01
9.964044690132141113e-01
9.991888999938964844e-01
9.988619685173034668e-01
9.968452453613281250e-01
9.964657425880432129e-01
9.996766448020935059e-01
9.930793046951293945e-01
9.992192983627319336e-01
9.971446990966796875e-01
9.923703074455261230e-01
9.945986866950988770e-01
9.980886578559875488e-01
9.963836669921875000e-01
9.928023815155029297e-01
9.963368773460388184e-01
9.897744059562683105e-01
9.986411333084106445e-01
9.998661875724792480e-01
9.884077310562133789e-01
9.941223263740539551e-01
9.965961575508117676e-01
9.973458647727966309e-01
9.990003108978271484e-01
9.895666837692260742e-01
9.945387840270996094e-01
9.989428520202636719e-01
9.837544560432434082e-01
9.992073774337768555e-01
9.963063001632690430e-01
9.894054532051086426e-01
9.948065876960754395e-01
9.978778958320617676e-01
9.987655282020568848e-01
9.979505538940429688e-01
9.674474000930786133e-01
9.988939166069030762e-01
9.991860985755920410e-01
9.904096126556396484e-01
9.992759823799133301e-01
9.849293828010559082e-01
9.965084791183471680e-01
9.926171302795410156e-01
9.926292896270751953e-01
9.867320656776428223e-01
9.987388253211975098e-01
9.743317365646362305e-01
9.970097541809082031e-01
9.884754419326782227e-01
9.876796603202819824e-01
9.811400771141052246e-01
9.981593489646911621e-01
9.950598478317260742e-01
9.981155395507812500e-01
9.979519844055175781e-01
9.980943799018859863e-01
9.945861697196960449e-01
9.826738834381103516e-01
9.969595074653625488e-01
9.999140501022338867e-01
9.969894289970397949e-01
9.990434646606445312e-01
9.970486164093017578e-01
9.809840321540832520e-01
9.907622933387756348e-01
9.891932606697082520e-01
9.964314699172973633e-01
9.980969429016113281e-01
9.987562894821166992e-01
9.959229230880737305e-01
9.959557652473449707e-01
9.953255057334899902e-01
9.899016022682189941e-01
9.980908036231994629e-01
9.980543255805969238e-01
9.459568262100219727e-01
9.971908330917358398e-01
9.975259900093078613e-01
9.986486434936523438e-01
9.994002580642700195e-01
9.941521883010864258e-01
9.892351031303405762e-01
9.964509010314941406e-01
9.954571127891540527e-01
9.982361197471618652e-01
9.948298335075378418e-01
9.986320734024047852e-01
9.819484949111938477e-01
9.996128082275390625e-01
9.816595911979675293e-01
9.971641302108764648e-01
9.941630363464355469e-01
9.911378026008605957e-01
9.911908507347106934e-01
9.983925819396972656e-01
9.878512024879455566e-01
9.960132241249084473e-01
9.975603818893432617e-01
9.989906549453735352e-01
9.952006936073303223e-01
9.950560331344604492e-01
9.952790737152099609e-01
9.963833093643188477e-01
9.994779229164123535e-01
9.946933388710021973e-01
9.988456964492797852e-01
9.959644675254821777e-01
9.964526891708374023e-01
9.981108307838439941e-01
9.968726634979248047e-01
9.967643022537231445e-01
9.943757653236389160e-01
9.967257380485534668e-01
9.990562796592712402e-01
9.881516695022583008e-01
9.945078492164611816e-01
9.935970902442932129e-01
9.970959424972534180e-01
9.948115944862365723e-01
9.978147745132446289e-01
9.987258315086364746e-01
9.870792627334594727e-01
9.987797141075134277e-01
9.937878251075744629e-01
9.985767006874084473e-01
9.989251494407653809e-01
9.989910125732421875e-01
9.971253275871276855e-01
9.927269220352172852e-01
9.979439973831176758e-01
9.992732405662536621e-01
9.993042945861816406e-01
9.986575841903686523e-01
9.980173707008361816e-01
9.994317293167114258e-01
9.997882246971130371e-01
9.954566955566406250e-01
9.982352852821350098e-01
9.946236014366149902e-01
9.943777322769165039e-01
9.882906675338745117e-01
9.951013922691345215e-01
9.958961606025695801e-01
9.947069883346557617e-01
9.973680973052978516e-01
9.983661770820617676e-01
9.943209886550903320e-01
9.984556436538696289e-01
9.911434650421142578e-01
9.971696734428405762e-01
9.914334416389465332e-01
9.927965998649597168e-01
9.915878176689147949e-01
9.988189935684204102e-01
9.992530941963195801e-01
9.935288429260253906e-01
9.988183379173278809e-01
9.989627003669738770e-01
9.926700592041015625e-01
9.998220801353454590e-01
9.937422275543212891e-01
9.968685507774353027e-01
9.857733249664306641e-01
9.902260303497314453e-01
9.989426732063293457e-01
9.963385462760925293e-01
9.985252618789672852e-01
9.879407882690429688e-01
9.897742867469787598e-01
9.938009977340698242e-01
9.978216886520385742e-01
9.964502453804016113e-01
9.979346394538879395e-01
9.965320229530334473e-01
9.920695424079895020e-01
9.908936619758605957e-01
9.996150135993957520e-01
9.956213831901550293e-01
9.994441866874694824e-01
9.970800280570983887e-01
9.965289235115051270e-01
9.992231130599975586e-01
9.762994647026062012e-01
9.993220567703247070e-01
9.969477057456970215e-01
9.931597709655761719e-01
9.991216659545898438e-01
9.974524974822998047e-01
9.726802110671997070e-01
9.980857372283935547e-01
9.961490035057067871e-01
9.985232353210449219e-01
9.937043786048889160e-01
9.868463277816772461e-01
9.996010661125183105e-01
9.944767951965332031e-01
9.973966479301452637e-01
9.980205297470092773e-01
9.956004619598388672e-01
9.990150332450866699e-01
9.992190003395080566e-01
9.975329041481018066e-01
9.966236352920532227e-01
9.972256422042846680e-01
9.991881251335144043e-01
9.980725646018981934e-01
9.993479251861572266e-01
9.982846975326538086e-01
9.934663176536560059e-01
9.965922236442565918e-01
9.948700666427612305e-01
9.923351407051086426e-01
9.827680587768554688e-01
9.931556582450866699e-01
9.988383054733276367e-01
9.950780272483825684e-01
9.967528581619262695e-01
9.988346695899963379e-01
9.983410835266113281e-01
9.948547482490539551e-01
9.982936978340148926e-01
9.956124424934387207e-01
9.939773082733154297e-01
9.984143376350402832e-01
9.982663989067077637e-01
9.931500554084777832e-01
9.989515542984008789e-01
9.978448748588562012e-01
9.992440938949584961e-01
9.920809864997863770e-01
9.887872338294982910e-01
9.936531186103820801e-01
9.994251728057861328e-01
9.935050606727600098e-01
9.849188923835754395e-01
9.891678094863891602e-01
9.893133044242858887e-01
9.875785708427429199e-01
9.928565621376037598e-01
9.962269663810729980e-01
9.917886853218078613e-01
9.970739483833312988e-01
9.947386384010314941e-01
9.925599694252014160e-01
9.930404424667358398e-01
9.982364773750305176e-01
9.966219067573547363e-01
9.992854595184326172e-01
9.959748387336730957e-01
9.836670756340026855e-01
9.906458854675292969e-01
9.952648282051086426e-01
9.920715093612670898e-01
9.985896348953247070e-01
9.977661371231079102e-01
9.975569248199462891e-01
9.974197745323181152e-01
9.977761507034301758e-01
9.925111532211303711e-01
9.993087649345397949e-01
9.988122582435607910e-01
9.958871006965637207e-01
9.981502294540405273e-01
9.940054416656494141e-01
9.946464300155639648e-01
9.943479895591735840e-01
9.962841868400573730e-01
9.975106120109558105e-01
9.988943338394165039e-01
9.956676959991455078e-01
9.748345017433166504e-01
9.905351400375366211e-01
9.907325506210327148e-01
9.914116263389587402e-01
9.963878989219665527e-01
9.872860312461853027e-01
9.960817694664001465e-01
9.676380157470703125e-01
9.968947768211364746e-01
9.978188276290893555e-01
9.968309402465820312e-01
9.987620115280151367e-01
9.985105991363525391e-01
9.980885386466979980e-01
9.840824007987976074e-01
9.943105578422546387e-01
9.943510890007019043e-01
9.937480092048645020e-01
9.930021166801452637e-01
9.915518164634704590e-01
9.891070723533630371e-01
9.980753660202026367e-01
9.944210648536682129e-01
9.640716910362243652e-01
9.995469450950622559e-01
9.964365959167480469e-01
9.961496591567993164e-01
9.976226687431335449e-01
9.975339174270629883e-01
9.982938170433044434e-01
9.935149550437927246e-01
9.992239475250244141e-01
9.980571866035461426e-01
9.997286796569824219e-01
9.973694682121276855e-01
9.979384541511535645e-01
9.954143166542053223e-01
9.979763627052307129e-01
9.990933537483215332e-01
9.937828183174133301e-01
9.978332519531250000e-01
9.969648122787475586e-01
9.981823563575744629e-01
9.960092902183532715e-01
9.988813400268554688e-01
9.975417852401733398e-01
9.992020726203918457e-01
9.967219233512878418e-01
9.978058338165283203e-01
9.993941783905029297e-01
9.918469190597534180e-01
9.794354438781738281e-01
9.683849811553955078e-01
9.942218065261840820e-01
9.986594915390014648e-01
9.986518025398254395e-01
9.968550801277160645e-01
9.964449405670166016e-01
9.988831877708435059e-01
9.998601675033569336e-01
9.748072624206542969e-01
9.933812022209167480e-01
9.966430068016052246e-01
9.923650026321411133e-01
9.989162683486938477e-01
9.923508763313293457e-01
9.870890378952026367e-01
9.940666556358337402e-01
9.995127320289611816e-01
9.950702190399169922e-01
9.943900108337402344e-01
9.991081953048706055e-01
9.944044947624206543e-01
9.987877607345581055e-01
9.976825714111328125e-01
9.929977059364318848e-01
9.836466908454895020e-01
9.986971020698547363e-01
9.963516592979431152e-01
9.937382340431213379e-01
9.816451668739318848e-01
9.953273534774780273e-01
9.994102716445922852e-01
9.994111657142639160e-01
9.938177466392517090e-01
9.967715144157409668e-01
9.908434152603149414e-01
9.926604032516479492e-01
9.993199110031127930e-01
9.983025789260864258e-01
9.992524981498718262e-01
