9.972432255744934082e-01
9.984433650970458984e-01
9.989732503890991211e-01
9.979560375213623047e-01
9.963119029998779297e-01
9.738980531692504883e-01
9.966213107109069824e-01
9.976863861083984375e-01
9.992634057998657227e-01
9.995078444480895996e-01
9.917727708816528320e-01
9.948809742927551270e-01
9.993118047714233398e-01
9.947334527969360352e-01
9.996653795242309570e-01
9.991296529769897461e-01
9.994063973426818848e-01
9.942111968994140625e-01
9.957649111747741699e-01
9.959274530410766602e-01
9.926351308822631836e-01
9.989851117134094238e-01
9.881985783576965332e-01
9.951751828193664551e-01
9.966282248497009277e-01
9.971844553947448730e-01
9.987841248512268066e-01
9.976217746734619141e-01
9.997045993804931641e-01
9.967350363731384277e-01
9.935793876647949219e-01
9.943692088127136230e-01
9.939859509468078613e-01
9.932195544242858887e-01
9.954101443290710449e-01
9.987646937370300293e-01
9.969256520271301270e-01
9.992305040359497070e-01
9.915087223052978516e-01
9.942803382873535156e-01
9.983485937118530273e-01
9.995041489601135254e-01
9.985842704772949219e-01
9.989722371101379395e-01
9.972818493843078613e-01
9.993431568145751953e-01
9.953678250312805176e-01
9.915733337402343750e-01
9.986187815666198730e-01
9.983257055282592773e-01
9.957212209701538086e-01
9.966174960136413574e-01
9.948090314865112305e-01
9.897140264511108398e-01
9.985005855560302734e-01
9.976798892021179199e-01
9.977343082427978516e-01
9.960274100303649902e-01
9.995771646499633789e-01
9.996548295021057129e-01
9.942500591278076172e-01
9.860378503799438477e-01
9.906360507011413574e-01
9.987624883651733398e-01
9.982485175132751465e-01
9.972131848335266113e-01
9.944946169853210449e-01
9.989505410194396973e-01
9.976565837860107422e-01
9.982348680496215820e-01
9.941679239273071289e-01
9.995892047882080078e-01
9.982181191444396973e-01
9.958812594413757324e-01
9.797782897949218750e-01
9.956800937652587891e-01
9.965968132019042969e-01
9.943467378616333008e-01
9.942595362663269043e-01
9.848325848579406738e-01
9.956700801849365234e-01
9.919663071632385254e-01
9.980160593986511230e-01
9.988018274307250977e-01
9.996569156646728516e-01
9.998755455017089844e-01
9.989036321640014648e-01
9.980212450027465820e-01
9.968379735946655273e-01
9.996873736381530762e-01
9.942502379417419434e-01
9.962618350982666016e-01
9.979283809661865234e-01
9.690955281257629395e-01
9.617319703102111816e-01
9.995444416999816895e-01
9.941939711570739746e-01
9.933248162269592285e-01
9.989688992500305176e-01
9.941531419754028320e-01
9.962375760078430176e-01
9.967057108879089355e-01
9.972007274627685547e-01
9.973227977752685547e-01
9.924761056900024414e-01
9.985259771347045898e-01
9.955145716667175293e-01
9.989394545555114746e-01
9.986283183097839355e-01
9.979927539825439453e-01
9.917854666709899902e-01
9.927257299423217773e-01
9.984338879585266113e-01
9.954656958580017090e-01
9.980230331420898438e-01
9.966835975646972656e-01
9.955897927284240723e-01
9.989860653877258301e-01
9.987578392028808594e-01
9.964686036109924316e-01
9.991233348846435547e-01
9.889160394668579102e-01
9.921288490295410156e-01
9.997522234916687012e-01
9.990554451942443848e-01
9.987217187881469727e-01
9.921446442604064941e-01
9.981852173805236816e-01
9.993026852607727051e-01
9.989823102951049805e-01
9.810217022895812988e-01
9.996393322944641113e-01
9.973734617233276367e-01
9.985982775688171387e-01
9.950954318046569824e-01
9.979147911071777344e-01
9.935928583145141602e-01
9.952850937843322754e-01
9.940569400787353516e-01
9.971180558204650879e-01
9.979858398437500000e-01
9.902763366699218750e-01
9.940465688705444336e-01
9.965223670005798340e-01
9.938660264015197754e-01
9.975845217704772949e-01
9.967499971389770508e-01
9.993917942047119141e-01
9.864477515220642090e-01
9.937047362327575684e-01
9.937617778778076172e-01
9.949017167091369629e-01
9.974105358123779297e-01
9.892049431800842285e-01
9.995679259300231934e-01
9.968234896659851074e-01
9.981008768081665039e-01
9.966477751731872559e-01
9.933390021324157715e-01
9.990453124046325684e-01
9.978336095809936523e-01
9.969915747642517090e-01
9.976681470870971680e-01
9.965373277664184570e-01
9.977277517318725586e-01
9.993571639060974121e-01
9.844428896903991699e-01
9.961749911308288574e-01
9.959005713462829590e-01
9.990776181221008301e-01
9.947813749313354492e-01
9.983814954757690430e-01
9.990758299827575684e-01
9.999491572380065918e-01
9.968489408493041992e-01
9.969072341918945312e-01
9.924439191818237305e-01
9.909119606018066406e-01
9.995389580726623535e-01
9.968760609626770020e-01
9.993396401405334473e-01
9.947826266288757324e-01
9.990785717964172363e-01
9.996966719627380371e-01
9.998784661293029785e-01
9.967983961105346680e-01
9.983001351356506348e-01
9.986167550086975098e-01
9.968217015266418457e-01
9.998676776885986328e-01
9.989074468612670898e-01
9.980052709579467773e-01
9.943642020225524902e-01
9.975315332412719727e-01
9.995357990264892578e-01
9.980220198631286621e-01
9.916746616363525391e-01
9.507616162300109863e-01
9.961295723915100098e-01
9.986897110939025879e-01
9.927726984024047852e-01
9.939904212951660156e-01
9.977231621742248535e-01
9.945320487022399902e-01
9.986341595649719238e-01
9.979887604713439941e-01
9.959203600883483887e-01
9.983865022659301758e-01
9.993152618408203125e-01
9.914196729660034180e-01
9.986692667007446289e-01
9.947770833969116211e-01
9.965192079544067383e-01
9.885520935058593750e-01
9.994642734527587891e-01
9.976655244827270508e-01
9.963176846504211426e-01
9.965776801109313965e-01
9.847692847251892090e-01
9.989966154098510742e-01
9.966367483139038086e-01
9.994898438453674316e-01
9.989181160926818848e-01
9.922765493392944336e-01
9.888585805892944336e-01
9.989023208618164062e-01
9.992005228996276855e-01
9.463488459587097168e-01
9.995364546775817871e-01
9.954980611801147461e-01
9.966815114021301270e-01
9.947847127914428711e-01
9.969750642776489258e-01
9.996035099029541016e-01
9.938102960586547852e-01
9.822218418121337891e-01
9.988328814506530762e-01
9.988182187080383301e-01
9.950954318046569824e-01
9.980165362358093262e-01
9.977539181709289551e-01
9.893324375152587891e-01
9.853854179382324219e-01
9.981952309608459473e-01
9.999683499336242676e-01
9.946014881134033203e-01
9.968680739402770996e-01
9.975419640541076660e-01
9.974651336669921875e-01
9.965345263481140137e-01
9.897502660751342773e-01
9.991970658302307129e-01
9.979649186134338379e-01
9.986411929130554199e-01
9.939616918563842773e-01
9.892825484275817871e-01
9.993284344673156738e-01
9.980567097663879395e-01
9.971040487289428711e-01
9.975050091743469238e-01
9.986665844917297363e-01
9.922587275505065918e-01
9.982069134712219238e-01
9.990965723991394043e-01
9.967746734619140625e-01
9.929041266441345215e-01
9.932684302330017090e-01
9.999790787696838379e-01
9.894983172416687012e-01
9.936864376068115234e-01
9.989866614341735840e-01
9.989247322082519531e-01
9.944487810134887695e-01
9.952545166015625000e-01
9.930603504180908203e-01
9.932235479354858398e-01
9.990717172622680664e-01
9.992166161537170410e-01
9.991652965545654297e-01
9.950839281082153320e-01
9.963508844375610352e-01
9.993163943290710449e-01
9.962492585182189941e-01
9.990764856338500977e-01
9.990826249122619629e-01
9.984989166259765625e-01
9.992405772209167480e-01
9.927901029586791992e-01
9.979510307312011719e-01
9.999723434448242188e-01
9.952529668807983398e-01
9.964336156845092773e-01
9.992248415946960449e-01
9.996483922004699707e-01
9.976903200149536133e-01
9.967709183692932129e-01
9.933434724807739258e-01
9.964473843574523926e-01
9.974608421325683594e-01
9.976631999015808105e-01
9.992146492004394531e-01
9.992412328720092773e-01
9.960305094718933105e-01
9.985091686248779297e-01
9.964791536331176758e-01
9.989109635353088379e-01
9.964933991432189941e-01
9.834620356559753418e-01
9.925753474235534668e-01
9.984475970268249512e-01
9.975816011428833008e-01
9.940112233161926270e-01
9.967306256294250488e-01
9.783718585968017578e-01
9.987936019897460938e-01
9.993458986282348633e-01
9.992563724517822266e-01
9.955165386199951172e-01
9.956994056701660156e-01
9.936639070510864258e-01
9.974400997161865234e-01
9.985911250114440918e-01
9.919071197509765625e-01
9.992126226425170898e-01
9.957743287086486816e-01
9.994659423828125000e-01
9.951022267341613770e-01
9.872143864631652832e-01
9.992118477821350098e-01
9.983908534049987793e-01
9.979022145271301270e-01
9.994343519210815430e-01
9.966668486595153809e-01
9.959303140640258789e-01
9.992329478263854980e-01
9.992226958274841309e-01
9.957869052886962891e-01
9.967381358146667480e-01
9.945522546768188477e-01
9.931072592735290527e-01
9.965519905090332031e-01
9.977554082870483398e-01
9.963333606719970703e-01
9.986767172813415527e-01
9.993125200271606445e-01
9.968065619468688965e-01
9.967180490493774414e-01
9.955506324768066406e-01
9.971352815628051758e-01
9.803829193115234375e-01
9.965160489082336426e-01
9.954519271850585938e-01
9.997335076332092285e-01
9.988378882408142090e-01
9.973506927490234375e-01
9.968327879905700684e-01
9.944646358489990234e-01
9.842872023582458496e-01
9.989105463027954102e-01
9.992472529411315918e-01
9.972205162048339844e-01
9.977748990058898926e-01
9.958468079566955566e-01
9.987789988517761230e-01
9.975419044494628906e-01
9.981889724731445312e-01
9.956138730049133301e-01
9.953210949897766113e-01
9.936141371726989746e-01
9.997807741165161133e-01
9.979663491249084473e-01
9.994372725486755371e-01
9.970703125000000000e-01
9.974837899208068848e-01
9.931344985961914062e-01
9.902332425117492676e-01
9.988648891448974609e-01
9.920543432235717773e-01
9.972679615020751953e-01
9.992751479148864746e-01
9.987959861755371094e-01
9.984905719757080078e-01
9.991954565048217773e-01
9.962522983551025391e-01
9.977054595947265625e-01
9.986681938171386719e-01
9.983429908752441406e-01
9.969010353088378906e-01
9.970057010650634766e-01
9.988508820533752441e-01
9.993715882301330566e-01
9.987061619758605957e-01
9.992036223411560059e-01
9.966682791709899902e-01
9.945495724678039551e-01
9.978190064430236816e-01
9.957493543624877930e-01
9.986519217491149902e-01
9.985356926918029785e-01
9.962118864059448242e-01
9.959028363227844238e-01
9.993700981140136719e-01
9.948624372482299805e-01
9.985870122909545898e-01
9.913684725761413574e-01
9.992353320121765137e-01
9.994006752967834473e-01
9.985969066619873047e-01
9.971754550933837891e-01
9.902284741401672363e-01
9.992798566818237305e-01
9.983427524566650391e-01
9.961301684379577637e-01
9.975394606590270996e-01
9.969205260276794434e-01
9.961844682693481445e-01
9.954679608345031738e-01
9.959630370140075684e-01
9.979568719863891602e-01
9.955329895019531250e-01
9.960627555847167969e-01
9.858598709106445312e-01
9.978323578834533691e-01
9.724343419075012207e-01
9.968305230140686035e-01
9.973205327987670898e-01
9.940227270126342773e-01
9.985830187797546387e-01
9.993512034416198730e-01
9.962645173072814941e-01
9.964907765388488770e-01
9.875503778457641602e-01
9.985319972038269043e-01
9.972918033599853516e-01
9.971835613250732422e-01
9.885630011558532715e-01
9.941132664680480957e-01
9.965317845344543457e-01
9.934785366058349609e-01
9.972983598709106445e-01
9.992649555206298828e-01
9.988974928855895996e-01
9.949311017990112305e-01
9.972261190414428711e-01
9.892288446426391602e-01
9.940692782402038574e-01
9.960257411003112793e-01
9.840186238288879395e-01
9.953942298889160156e-01
9.952723383903503418e-01
9.973518252372741699e-01
9.968792200088500977e-01
9.999448657035827637e-01
9.995842576026916504e-01
9.919402003288269043e-01
9.958077073097229004e-01
9.952442646026611328e-01
9.982886910438537598e-01
9.958017468452453613e-01
9.865487813949584961e-01
9.895943999290466309e-01
9.993938803672790527e-01
9.931936264038085938e-01
9.978836178779602051e-01
9.947015643119812012e-01
9.984349608421325684e-01
9.967157840728759766e-01
9.895388484001159668e-01
9.949878454208374023e-01
9.963501691818237305e-01
9.969804286956787109e-01
9.984407424926757812e-01
9.987303018569946289e-01
9.991518259048461914e-01
9.947777390480041504e-01
9.993270039558410645e-01
9.986368417739868164e-01
9.963279962539672852e-01
9.712470769882202148e-01
9.987414479255676270e-01
9.974527359008789062e-01
9.982404708862304688e-01
9.899017810821533203e-01
9.958003759384155273e-01
9.890208840370178223e-01
9.964099526405334473e-01
9.961563348770141602e-01
9.947948455810546875e-01
9.972289204597473145e-01
9.924849867820739746e-01
9.979034066200256348e-01
9.976606965065002441e-01
9.998698234558105469e-01
9.948737621307373047e-01
9.990702867507934570e-01
9.978421330451965332e-01
9.914082884788513184e-01
9.740594625473022461e-01
9.988532662391662598e-01
9.990772604942321777e-01
9.979209303855895996e-01
9.989550113677978516e-01
9.986671805381774902e-01
9.988858699798583984e-01
9.955023527145385742e-01
9.991665482521057129e-01
9.912115335464477539e-01
9.999263286590576172e-01
9.940863847732543945e-01
9.996374845504760742e-01
9.942291975021362305e-01
9.983766078948974609e-01
9.974139928817749023e-01
9.954367876052856445e-01
9.993820190429687500e-01
9.966164231300354004e-01
9.991127848625183105e-01
9.976813197135925293e-01
9.942041635513305664e-01
9.980810880661010742e-01
9.933598041534423828e-01
9.978918433189392090e-01
9.937882423400878906e-01
9.694309830665588379e-01
9.966700077056884766e-01
9.940974116325378418e-01
9.978344440460205078e-01
9.959300160408020020e-01
9.978550672531127930e-01
9.995582103729248047e-01
9.991494417190551758e-01
9.928235411643981934e-01
9.991109967231750488e-01
9.956317543983459473e-01
9.981485605239868164e-01
9.980854988098144531e-01
9.992397427558898926e-01
9.921458363533020020e-01
9.991475939750671387e-01
9.969054460525512695e-01
9.952488541603088379e-01
9.985007643699645996e-01
9.972617030143737793e-01
9.993765354156494141e-01
9.987334012985229492e-01
9.956430792808532715e-01
9.990732669830322266e-01
9.962319731712341309e-01
9.957111477851867676e-01
9.956642985343933105e-01
9.970653057098388672e-01
9.996419548988342285e-01
9.992933869361877441e-01
9.941510558128356934e-01
9.923289418220520020e-01
9.978172183036804199e-01
9.958816766738891602e-01
9.989012479782104492e-01
9.978013634681701660e-01
9.986900687217712402e-01
9.948236346244812012e-01
9.994748234748840332e-01
9.924762845039367676e-01
9.900395274162292480e-01
9.917287826538085938e-01
9.959593415260314941e-01
9.947668313980102539e-01
9.972462058067321777e-01
9.986286759376525879e-01
9.864413738250732422e-01
9.943079948425292969e-01
9.968312382698059082e-01
9.987916946411132812e-01
9.981631636619567871e-01
9.952971935272216797e-01
9.823486804962158203e-01
9.954130053520202637e-01
9.992887973785400391e-01
9.990106821060180664e-01
9.992668032646179199e-01
9.942537546157836914e-01
9.970970153808593750e-01
9.992171525955200195e-01
9.983047246932983398e-01
9.986795783042907715e-01
9.875062108039855957e-01
9.793766736984252930e-01
9.959386587142944336e-01
9.994376301765441895e-01
9.996628165245056152e-01
9.952510595321655273e-01
9.956585168838500977e-01
9.891565442085266113e-01
9.938943982124328613e-01
9.991666078567504883e-01
9.994129538536071777e-01
9.973548650741577148e-01
9.993399977684020996e-01
9.989686608314514160e-01
9.963809251785278320e-01
9.981575608253479004e-01
9.984157681465148926e-01
9.960483312606811523e-01
9.986937046051025391e-01
9.908825755119323730e-01
9.958947300910949707e-01
9.945699572563171387e-01
9.986376762390136719e-01
9.993758797645568848e-01
9.780441522598266602e-01
9.991155862808227539e-01
9.957816600799560547e-01
9.970378875732421875e-01
9.822727441787719727e-01
9.938914179801940918e-01
9.989129304885864258e-01
9.980022311210632324e-01
9.789447784423828125e-01
9.975890517234802246e-01
9.915183186531066895e-01
9.892038106918334961e-01
9.995508193969726562e-01
9.997420907020568848e-01
9.977613687515258789e-01
9.978795647621154785e-01
9.978814721107482910e-01
9.966530799865722656e-01
9.987742900848388672e-01
9.977478981018066406e-01
9.994606375694274902e-01
9.972525238990783691e-01
9.949187636375427246e-01
9.986886382102966309e-01
9.979349970817565918e-01
9.990919828414916992e-01
9.976577758789062500e-01
9.949848651885986328e-01
9.930852651596069336e-01
9.979766011238098145e-01
9.971479773521423340e-01
9.980933666229248047e-01
9.991437792778015137e-01
9.964865446090698242e-01
9.988841414451599121e-01
9.989841580390930176e-01
9.954503178596496582e-01
9.962101578712463379e-01
9.979618191719055176e-01
9.972800612449645996e-01
9.712944030761718750e-01
9.981124401092529297e-01
9.986466765403747559e-01
9.993852376937866211e-01
9.940354228019714355e-01
9.978886842727661133e-01
9.985306859016418457e-01
9.988040328025817871e-01
9.976682662963867188e-01
9.951394200325012207e-01
9.969477057456970215e-01
9.952760338783264160e-01
9.926416277885437012e-01
9.910569787025451660e-01
9.967633485794067383e-01
9.983978271484375000e-01
9.987815618515014648e-01
9.999562501907348633e-01
9.945959448814392090e-01
9.972087740898132324e-01
9.956330060958862305e-01
9.965580701828002930e-01
9.824656844139099121e-01
9.970182180404663086e-01
9.969746470451354980e-01
9.986637234687805176e-01
9.986676573753356934e-01
9.980329871177673340e-01
9.995843172073364258e-01
9.999609589576721191e-01
9.851928353309631348e-01
9.962153434753417969e-01
9.990888833999633789e-01
9.985681176185607910e-01
9.983707070350646973e-01
9.992398619651794434e-01
9.974583983421325684e-01
9.995906352996826172e-01
9.994193911552429199e-01
9.943103194236755371e-01
9.983160495758056641e-01
9.993591904640197754e-01
9.900289773941040039e-01
9.995298385620117188e-01
9.990644454956054688e-01
9.995874166488647461e-01
9.960256814956665039e-01
9.934675693511962891e-01
9.985002279281616211e-01
9.931954741477966309e-01
9.928522109985351562e-01
9.981362819671630859e-01
9.960567951202392578e-01
9.989296197891235352e-01
9.971280097961425781e-01
9.991770386695861816e-01
9.990145564079284668e-01
9.993437528610229492e-01
9.974986910820007324e-01
9.967794418334960938e-01
9.944950938224792480e-01
9.982143044471740723e-01
9.995172023773193359e-01
9.993346929550170898e-01
9.927745461463928223e-01
9.980244040489196777e-01
9.983608722686767578e-01
9.985598325729370117e-01
9.822961688041687012e-01
9.967958331108093262e-01
9.994412064552307129e-01
9.968590140342712402e-01
9.984257817268371582e-01
9.982635378837585449e-01
9.982435107231140137e-01
9.969159960746765137e-01
9.965075850486755371e-01
9.991713762283325195e-01
9.978776574134826660e-01
9.986253380775451660e-01
9.961264133453369141e-01
9.943872094154357910e-01
9.974928498268127441e-01
9.986774325370788574e-01
9.966266155242919922e-01
9.932724833488464355e-01
9.939264059066772461e-01
9.918376803398132324e-01
9.976732730865478516e-01
9.962759017944335938e-01
9.976458549499511719e-01
9.984847903251647949e-01
9.953491687774658203e-01
9.995194673538208008e-01
9.991612434387207031e-01
9.765591621398925781e-01
9.990682601928710938e-01
9.942062497138977051e-01
9.992552399635314941e-01
9.923901557922363281e-01
9.887243509292602539e-01
9.903593063354492188e-01
9.935857653617858887e-01
9.976567625999450684e-01
9.992284774780273438e-01
9.993473887443542480e-01
9.937461018562316895e-01
9.999760389328002930e-01
9.977543950080871582e-01
9.974413514137268066e-01
9.977318048477172852e-01
9.993713498115539551e-01
9.981780648231506348e-01
9.985480308532714844e-01
9.986016750335693359e-01
9.996446967124938965e-01
9.973332881927490234e-01
9.994542002677917480e-01
9.989326000213623047e-01
9.965307712554931641e-01
9.971863031387329102e-01
9.985935688018798828e-01
9.983049035072326660e-01
9.916281104087829590e-01
9.992309212684631348e-01
9.979498982429504395e-01
9.979721307754516602e-01
9.917088150978088379e-01
9.857146143913269043e-01
9.943372011184692383e-01
9.895571470260620117e-01
9.916604757308959961e-01
9.993362426757812500e-01
9.970711469650268555e-01
9.995619654655456543e-01
9.992839097976684570e-01
9.861073493957519531e-01
9.947816729545593262e-01
9.997075200080871582e-01
9.996159672737121582e-01
9.987949728965759277e-01
9.990283250808715820e-01
9.988061785697937012e-01
9.857821464538574219e-01
9.940122961997985840e-01
9.989038109779357910e-01
9.969576001167297363e-01
9.995302557945251465e-01
9.939004778861999512e-01
9.992523193359375000e-01
9.992271661758422852e-01
9.922224879264831543e-01
9.871265888214111328e-01
9.978124499320983887e-01
9.973604083061218262e-01
9.994938373565673828e-01
9.997581243515014648e-01
9.973626136779785156e-01
9.933074116706848145e-01
9.975157976150512695e-01
9.966291785240173340e-01
9.983554482460021973e-01
9.946650266647338867e-01
9.981564879417419434e-01
9.931460022926330566e-01
9.967318773269653320e-01
9.989708065986633301e-01
9.954988360404968262e-01
9.978178143501281738e-01
9.936825037002563477e-01
9.986142516136169434e-01
9.972491860389709473e-01
9.970853924751281738e-01
9.973531365394592285e-01
9.993492364883422852e-01
9.971115589141845703e-01
9.962583184242248535e-01
9.993277192115783691e-01
9.816855192184448242e-01
9.966784715652465820e-01
9.983367919921875000e-01
9.990544319152832031e-01
9.981579780578613281e-01
9.995332956314086914e-01
9.986585378646850586e-01
9.987258315086364746e-01
9.956381320953369141e-01
9.919736385345458984e-01
9.850085973739624023e-01
9.989641904830932617e-01
9.987137913703918457e-01
9.960664510726928711e-01
9.963991045951843262e-01
9.976145029067993164e-01
9.992976188659667969e-01
9.993105530738830566e-01
9.981923103332519531e-01
9.957287907600402832e-01
9.932991862297058105e-01
9.921625256538391113e-01
9.972097873687744141e-01
9.923960566520690918e-01
9.847407937049865723e-01
9.998926520347595215e-01
9.982834458351135254e-01
9.983001351356506348e-01
9.994157552719116211e-01
9.953351616859436035e-01
9.989964962005615234e-01
9.993467330932617188e-01
9.961664080619812012e-01
9.987660050392150879e-01
9.939278364181518555e-01
9.962902069091796875e-01
9.979656934738159180e-01
9.999028444290161133e-01
9.982156157493591309e-01
9.992972612380981445e-01
9.700438380241394043e-01
9.731979370117187500e-01
9.808225631713867188e-01
9.887832403182983398e-01
9.980123639106750488e-01
9.984859824180603027e-01
9.966683387756347656e-01
9.964241981506347656e-01
9.993855357170104980e-01
9.912699460983276367e-01
9.957776069641113281e-01
9.988989233970642090e-01
9.885002970695495605e-01
9.946439862251281738e-01
9.955163002014160156e-01
9.926761984825134277e-01
9.992048740386962891e-01
9.971429109573364258e-01
9.979580640792846680e-01
9.984945654869079590e-01
9.989485144615173340e-01
9.988144636154174805e-01
9.950693845748901367e-01
9.993337988853454590e-01
9.976115822792053223e-01
9.960446953773498535e-01
9.877069592475891113e-01
9.957874417304992676e-01
9.987676143646240234e-01
9.880131483078002930e-01
9.985280632972717285e-01
9.980321526527404785e-01
9.986101388931274414e-01
9.911011457443237305e-01
9.948750734329223633e-01
9.920410513877868652e-01
9.937689304351806641e-01
9.958741068840026855e-01
9.995698928833007812e-01
9.943998456001281738e-01
9.908631443977355957e-01
9.936134815216064453e-01
9.973262548446655273e-01
9.948440194129943848e-01
9.762707948684692383e-01
9.979270696640014648e-01
9.942467808723449707e-01
9.986553192138671875e-01
9.997413754463195801e-01
9.964962005615234375e-01
9.955989122390747070e-01
9.884324073791503906e-01
9.964982867240905762e-01
9.950087070465087891e-01
9.964796900749206543e-01
9.857150912284851074e-01
9.990112185478210449e-01
9.973065257072448730e-01
9.994773864746093750e-01
9.978237152099609375e-01
9.958630204200744629e-01
9.987186789512634277e-01
9.983689188957214355e-01
9.989778399467468262e-01
9.985742568969726562e-01
9.974112510681152344e-01
9.974471926689147949e-01
9.952120780944824219e-01
9.968186616897583008e-01
9.995265603065490723e-01
9.990069866180419922e-01
9.947324395179748535e-01
9.981486201286315918e-01
9.971449971199035645e-01
9.946448802947998047e-01
9.934984445571899414e-01
9.963968396186828613e-01
9.972862005233764648e-01
9.951699972152709961e-01
9.950628876686096191e-01
9.968314170837402344e-01
9.971600174903869629e-01
9.926999211311340332e-01
9.979208707809448242e-01
9.992018938064575195e-01
9.980700016021728516e-01
9.967784285545349121e-01
9.983060359954833984e-01
9.983528256416320801e-01
9.948041439056396484e-01
9.991903305053710938e-01
9.894328117370605469e-01
9.904217720031738281e-01
9.937609434127807617e-01
9.981516003608703613e-01
9.988816380500793457e-01
9.866744875907897949e-01
9.970457553863525391e-01
9.971376061439514160e-01
9.993472099304199219e-01
9.996674060821533203e-01
9.931951165199279785e-01
9.946213960647583008e-01
9.976226687431335449e-01
9.987887144088745117e-01
9.998843669891357422e-01
9.901298284530639648e-01
9.946608543395996094e-01
9.993176460266113281e-01
9.901526570320129395e-01
9.992601275444030762e-01
9.971575140953063965e-01
9.979813098907470703e-01
9.931169748306274414e-01
9.988833069801330566e-01
9.958913326263427734e-01
9.994018077850341797e-01
9.986785054206848145e-01
9.978280067443847656e-01
9.946861863136291504e-01
9.972211122512817383e-01
9.993633627891540527e-01
9.914736747741699219e-01
9.963269829750061035e-01
9.876052141189575195e-01
9.997037053108215332e-01
9.905576705932617188e-01
9.989597797393798828e-01
9.913930296897888184e-01
9.979515075683593750e-01
9.923842549324035645e-01
9.950488209724426270e-01
9.860405325889587402e-01
9.978382587432861328e-01
9.955374002456665039e-01
9.989765882492065430e-01
9.985398650169372559e-01
9.997190237045288086e-01
9.936208128929138184e-01
9.817182421684265137e-01
9.974843263626098633e-01
9.982928037643432617e-01
9.983800649642944336e-01
9.997076392173767090e-01
9.981468319892883301e-01
9.788632988929748535e-01
9.907245039939880371e-01
9.920023083686828613e-01
9.977078437805175781e-01
9.980537295341491699e-01
9.995219707489013672e-01
9.965931773185729980e-01
9.982006549835205078e-01
9.973384737968444824e-01
9.923549294471740723e-01
9.981059432029724121e-01
9.993724822998046875e-01
9.967055320739746094e-01
9.968295097351074219e-01
9.960851073265075684e-01
9.985885620117187500e-01
9.992487430572509766e-01
9.954393506050109863e-01
9.912874698638916016e-01
9.966029524803161621e-01
9.964029192924499512e-01
9.980229139328002930e-01
9.761497378349304199e-01
9.989140629768371582e-01
9.795318841934204102e-01
9.996101260185241699e-01
9.941872358322143555e-01
9.980865716934204102e-01
9.974244832992553711e-01
9.973524212837219238e-01
9.969056844711303711e-01
9.977793097496032715e-01
9.891106486320495605e-01
9.949346780776977539e-01
9.969663619995117188e-01
9.994933009147644043e-01
9.954750537872314453e-01
9.942082762718200684e-01
9.964515566825866699e-01
9.959710240364074707e-01
9.968593716621398926e-01
9.937644004821777344e-01
9.979780912399291992e-01
9.965426325798034668e-01
9.968954920768737793e-01
9.992023706436157227e-01
9.966717362403869629e-01
9.991081357002258301e-01
9.968264698982238770e-01
9.966151118278503418e-01
9.991724491119384766e-01
9.898720979690551758e-01
9.962081909179687500e-01
9.918652176856994629e-01
9.961544275283813477e-01
9.961642622947692871e-01
9.985910058021545410e-01
9.986371397972106934e-01
9.985101819038391113e-01
9.988182187080383301e-01
9.965319037437438965e-01
9.986875057220458984e-01
9.998329877853393555e-01
9.987845420837402344e-01
9.981812238693237305e-01
9.944424629211425781e-01
9.985356926918029785e-01
9.998071193695068359e-01
9.994658231735229492e-01
9.987856149673461914e-01
9.980296492576599121e-01
9.990881085395812988e-01
9.995763897895812988e-01
9.972068071365356445e-01
9.979929327964782715e-01
9.952650070190429688e-01
9.960996508598327637e-01
9.944634437561035156e-01
9.974656701087951660e-01
9.958137869834899902e-01
9.967259764671325684e-01
9.973789453506469727e-01
9.988113641738891602e-01
9.960428476333618164e-01
9.992884993553161621e-01
9.886350035667419434e-01
9.932068586349487305e-01
9.890228509902954102e-01
9.893540143966674805e-01
9.972566366195678711e-01
9.985342621803283691e-01
9.993864297866821289e-01
9.992708563804626465e-01
9.992381334304809570e-01
9.993489980697631836e-01
9.961943626403808594e-01
9.984572529792785645e-01
9.947971701622009277e-01
9.966552853584289551e-01
9.876998066902160645e-01
9.961619377136230469e-01
9.989485740661621094e-01
9.968520998954772949e-01
9.988677501678466797e-01
9.961038827896118164e-01
9.960842132568359375e-01
9.942793250083923340e-01
9.989376664161682129e-01
9.977744221687316895e-01
9.984142184257507324e-01
9.943574070930480957e-01
9.981037974357604980e-01
9.946401715278625488e-01
9.997329115867614746e-01
9.959525465965270996e-01
9.997538924217224121e-01
9.977067112922668457e-01
9.958768486976623535e-01
9.991188049316406250e-01
9.975118041038513184e-01
9.992675781250000000e-01
9.949749112129211426e-01
9.955775737762451172e-01
9.992752075195312500e-01
9.985622763633728027e-01
9.905474781990051270e-01
9.978943467140197754e-01
9.960205554962158203e-01
9.911313652992248535e-01
9.961308836936950684e-01
9.919065833091735840e-01
9.975059628486633301e-01
9.965876936912536621e-01
9.938437938690185547e-01
9.989793300628662109e-01
9.979127645492553711e-01
9.986866116523742676e-01
9.992154240608215332e-01
9.989366531372070312e-01
9.912135004997253418e-01
9.959933161735534668e-01
9.990901947021484375e-01
9.988210797309875488e-01
9.991838335990905762e-01
9.981772303581237793e-01
9.931449890136718750e-01
9.968973994255065918e-01
9.958538413047790527e-01
9.948300123214721680e-01
9.971265196800231934e-01
9.979938864707946777e-01
9.980691075325012207e-01
9.947180151939392090e-01
9.973871707916259766e-01
9.986769556999206543e-01
9.993163943290710449e-01
9.967595934867858887e-01
9.995293021202087402e-01
9.985507130622863770e-01
9.942058920860290527e-01
9.979941248893737793e-01
9.994624853134155273e-01
9.971969723701477051e-01
9.988508224487304688e-01
9.990264177322387695e-01
9.991620779037475586e-01
9.805587530136108398e-01
9.899571537971496582e-01
9.946496486663818359e-01
9.995215535163879395e-01
9.947851300239562988e-01
9.931560754776000977e-01
9.929998517036437988e-01
9.909731149673461914e-01
9.922927021980285645e-01
9.968438148498535156e-01
9.965759515762329102e-01
9.949369430541992188e-01
9.986615777015686035e-01
9.979866147041320801e-01
9.951637983322143555e-01
9.937831759452819824e-01
9.991079568862915039e-01
9.974191784858703613e-01
9.992530941963195801e-01
9.957875013351440430e-01
9.817565679550170898e-01
9.944075345993041992e-01
9.967175722122192383e-01
9.922879934310913086e-01
9.988864064216613770e-01
9.990684390068054199e-01
9.970888495445251465e-01
9.950090646743774414e-01
9.974489808082580566e-01
9.948967099189758301e-01
9.989480376243591309e-01
9.995291233062744141e-01
9.939655661582946777e-01
9.994823932647705078e-01
9.974523782730102539e-01
9.973322153091430664e-01
9.943078160285949707e-01
9.980140924453735352e-01
9.993925094604492188e-01
9.997656345367431641e-01
9.973359704017639160e-01
9.922236800193786621e-01
9.935268163681030273e-01
9.957017302513122559e-01
9.982082843780517578e-01
9.964717030525207520e-01
9.925231337547302246e-01
9.980639219284057617e-01
9.713259339332580566e-01
9.958777427673339844e-01
9.994531869888305664e-01
9.959228038787841797e-01
9.983232021331787109e-01
9.994183182716369629e-01
9.983204603195190430e-01
9.883202314376831055e-01
9.946832656860351562e-01
9.955930709838867188e-01
9.977833628654479980e-01
9.940731525421142578e-01
9.945399165153503418e-01
9.906786680221557617e-01
9.990549683570861816e-01
9.988758563995361328e-01
9.709746837615966797e-01
9.998190999031066895e-01
9.975162744522094727e-01
9.983753561973571777e-01
9.990119934082031250e-01
9.967041611671447754e-01
9.971476793289184570e-01
9.965549707412719727e-01
9.990732073783874512e-01
9.960228204727172852e-01
9.995360970497131348e-01
9.982020854949951172e-01
9.980100989341735840e-01
9.969187974929809570e-01
9.985556006431579590e-01
9.989635348320007324e-01
9.979566931724548340e-01
9.971188306808471680e-01
9.974514245986938477e-01
9.984388351440429688e-01
9.979796409606933594e-01
9.991173148155212402e-01
9.995526671409606934e-01
9.990921020507812500e-01
9.984908699989318848e-01
9.993177056312561035e-01
9.991229772567749023e-01
9.989871978759765625e-01
9.905372262001037598e-01
9.630808830261230469e-01
9.988158941268920898e-01
9.993988871574401855e-01
9.970408082008361816e-01
9.998194575309753418e-01
9.961850643157958984e-01
9.998993277549743652e-01
9.999608993530273438e-01
9.877867698669433594e-01
9.941166043281555176e-01
9.973080158233642578e-01
9.892512559890747070e-01
9.985989332199096680e-01
9.943456649780273438e-01
9.849380850791931152e-01
9.987958669662475586e-01
9.992391467094421387e-01
9.955258369445800781e-01
9.959168434143066406e-01
9.989613294601440430e-01
9.962447881698608398e-01
9.989802241325378418e-01
9.989311099052429199e-01
9.879181385040283203e-01
9.941439032554626465e-01
9.986664652824401855e-01
9.990125894546508789e-01
9.981680512428283691e-01
9.868328571319580078e-01
9.957235455513000488e-01
9.999797940254211426e-01
9.993655681610107422e-01
9.898763895034790039e-01
9.967288374900817871e-01
9.919106364250183105e-01
9.915838837623596191e-01
9.991493225097656250e-01
9.959427714347839355e-01
9.994282722473144531e-01
