9.954304695129394531e-01
9.982568025588989258e-01
9.987781047821044922e-01
9.979713559150695801e-01
9.961298704147338867e-01
9.722098708152770996e-01
9.984585046768188477e-01
9.987552762031555176e-01
9.992523789405822754e-01
9.994513988494873047e-01
9.925922155380249023e-01
9.942433834075927734e-01
9.992722272872924805e-01
9.860213398933410645e-01
9.993471503257751465e-01
9.990216493606567383e-01
9.993838667869567871e-01
9.951674938201904297e-01
9.940207004547119141e-01
9.958823323249816895e-01
9.957538247108459473e-01
9.989233613014221191e-01
9.902373552322387695e-01
9.950291514396667480e-01
9.969784617424011230e-01
9.968873262405395508e-01
9.980919361114501953e-01
9.980242252349853516e-01
9.997116327285766602e-01
9.967926740646362305e-01
9.917981028556823730e-01
9.910424351692199707e-01
9.923956990242004395e-01
9.952906370162963867e-01
9.956790804862976074e-01
9.988156557083129883e-01
9.978768229484558105e-01
9.991207122802734375e-01
9.888390302658081055e-01
9.908269047737121582e-01
9.977334737777709961e-01
9.888478517532348633e-01
9.992361068725585938e-01
9.963042140007019043e-01
9.975644350051879883e-01
9.989736676216125488e-01
9.969395995140075684e-01
9.675102233886718750e-01
9.989755153656005859e-01
9.982820153236389160e-01
9.962897300720214844e-01
9.936522841453552246e-01
9.951980710029602051e-01
9.939534068107604980e-01
9.986321330070495605e-01
9.944493770599365234e-01
9.976521730422973633e-01
9.948638081550598145e-01
9.995446801185607910e-01
9.995419979095458984e-01
9.941825866699218750e-01
9.939362406730651855e-01
9.902418851852416992e-01
9.975720643997192383e-01
9.982165098190307617e-01
9.973103404045104980e-01
9.944729208946228027e-01
9.986091256141662598e-01
9.965485930442810059e-01
9.978591799736022949e-01
9.925384521484375000e-01
9.991998672485351562e-01
9.977968335151672363e-01
9.960751533508300781e-01
9.786753654479980469e-01
9.939692020416259766e-01
9.963996410369873047e-01
9.961513876914978027e-01
9.935122728347778320e-01
9.853625893592834473e-01
9.958677291870117188e-01
9.937155246734619141e-01
9.988830685615539551e-01
9.988141059875488281e-01
9.992644786834716797e-01
9.998977780342102051e-01
9.989933967590332031e-01
9.981654286384582520e-01
9.962699413299560547e-01
9.996126294136047363e-01
9.901481866836547852e-01
9.963248372077941895e-01
9.980027675628662109e-01
9.965781569480895996e-01
9.852333068847656250e-01
9.995435476303100586e-01
9.842906594276428223e-01
9.868940711021423340e-01
9.987838864326477051e-01
9.943079948425292969e-01
9.960685968399047852e-01
9.991185069084167480e-01
9.956658482551574707e-01
9.971068501472473145e-01
9.937701225280761719e-01
9.990407824516296387e-01
9.953143000602722168e-01
9.977742433547973633e-01
9.985660314559936523e-01
9.973785281181335449e-01
9.960826039314270020e-01
9.938614368438720703e-01
9.988268613815307617e-01
9.947617650032043457e-01
9.994124174118041992e-01
9.990156888961791992e-01
9.925436973571777344e-01
9.996280670166015625e-01
9.988124966621398926e-01
9.973425269126892090e-01
9.986855983734130859e-01
9.925906658172607422e-01
9.935082197189331055e-01
9.994354248046875000e-01
9.990741014480590820e-01
9.980105161666870117e-01
9.851492047309875488e-01
9.979175329208374023e-01
9.991893768310546875e-01
9.996150732040405273e-01
9.989408254623413086e-01
9.997166991233825684e-01
9.974957108497619629e-01
9.985679388046264648e-01
9.954178333282470703e-01
9.967371821403503418e-01
9.957137107849121094e-01
9.897904396057128906e-01
9.948217272758483887e-01
9.995806813240051270e-01
9.976289272308349609e-01
9.962263107299804688e-01
9.917306303977966309e-01
9.941191077232360840e-01
9.980775117874145508e-01
9.961240887641906738e-01
9.997130036354064941e-01
9.931776523590087891e-01
9.935976266860961914e-01
9.879552125930786133e-01
9.946906566619873047e-01
9.966825842857360840e-01
9.908058643341064453e-01
9.990251064300537109e-01
9.974095225334167480e-01
9.981909394264221191e-01
9.958478808403015137e-01
9.952712059020996094e-01
9.997467994689941406e-01
9.966014623641967773e-01
9.945427179336547852e-01
9.976423978805541992e-01
9.958843588829040527e-01
9.979228377342224121e-01
9.998751282691955566e-01
9.864682555198669434e-01
9.960019588470458984e-01
9.943347573280334473e-01
9.990978240966796875e-01
9.918064475059509277e-01
9.988786578178405762e-01
9.991751313209533691e-01
9.969358444213867188e-01
9.968392252922058105e-01
9.977722167968750000e-01
9.871420264244079590e-01
9.981213212013244629e-01
9.824934601783752441e-01
9.990924000740051270e-01
9.946241378784179688e-01
9.991383552551269531e-01
9.997575879096984863e-01
9.998358488082885742e-01
9.985299110412597656e-01
9.976367950439453125e-01
9.967711567878723145e-01
9.967347979545593262e-01
9.990761280059814453e-01
9.989727139472961426e-01
9.976781010627746582e-01
9.950335025787353516e-01
9.980522990226745605e-01
9.992424249649047852e-01
9.941877722740173340e-01
9.930553436279296875e-01
9.485663175582885742e-01
9.964758157730102539e-01
9.990241527557373047e-01
9.975752830505371094e-01
9.876475930213928223e-01
9.986121058464050293e-01
9.951910376548767090e-01
9.985259771347045898e-01
9.979280829429626465e-01
9.949890971183776855e-01
9.980839490890502930e-01
9.989647269248962402e-01
9.913955926895141602e-01
9.981672167778015137e-01
9.958465695381164551e-01
9.951361417770385742e-01
9.859461188316345215e-01
9.969253540039062500e-01
9.944950342178344727e-01
9.978404045104980469e-01
9.952068328857421875e-01
9.894981384277343750e-01
9.993405938148498535e-01
9.968419671058654785e-01
9.958516359329223633e-01
9.977465867996215820e-01
9.957609176635742188e-01
9.911827445030212402e-01
9.990972280502319336e-01
9.991205930709838867e-01
9.771724343299865723e-01
9.989767074584960938e-01
9.957481622695922852e-01
9.968226552009582520e-01
9.950754046440124512e-01
9.978162050247192383e-01
9.994635581970214844e-01
9.942381381988525391e-01
9.807244539260864258e-01
9.977130889892578125e-01
9.986935853958129883e-01
9.975286126136779785e-01
9.985783696174621582e-01
9.975663423538208008e-01
9.948921203613281250e-01
9.899435043334960938e-01
9.986913204193115234e-01
9.998748302459716797e-01
9.937506318092346191e-01
9.962034821510314941e-01
9.975551962852478027e-01
9.981911778450012207e-01
9.956803321838378906e-01
9.878567457199096680e-01
9.990727901458740234e-01
9.970360398292541504e-01
9.985510110855102539e-01
9.943943619728088379e-01
9.902777671813964844e-01
9.992890954017639160e-01
9.985049962997436523e-01
9.963321685791015625e-01
9.977627396583557129e-01
9.985530376434326172e-01
9.939802885055541992e-01
9.970714449882507324e-01
9.990094900131225586e-01
9.977977275848388672e-01
9.827374219894409180e-01
9.901707172393798828e-01
9.999492168426513672e-01
9.992911815643310547e-01
9.909393787384033203e-01
9.983448982238769531e-01
9.999232888221740723e-01
9.939600229263305664e-01
9.950703978538513184e-01
9.933053255081176758e-01
9.943602681159973145e-01
9.991601705551147461e-01
9.991439580917358398e-01
9.991381168365478516e-01
9.984949827194213867e-01
9.955586194992065430e-01
9.990482926368713379e-01
9.970127940177917480e-01
9.992921948432922363e-01
9.991347193717956543e-01
9.987480044364929199e-01
9.980221986770629883e-01
9.942759871482849121e-01
9.983487129211425781e-01
9.962899684906005859e-01
9.912125468254089355e-01
9.906455278396606445e-01
9.988780021667480469e-01
9.994918704032897949e-01
9.975373148918151855e-01
9.939744472503662109e-01
9.946722388267517090e-01
9.950950741767883301e-01
9.972702860832214355e-01
9.978288412094116211e-01
9.995754361152648926e-01
9.991369843482971191e-01
9.951288700103759766e-01
9.983820319175720215e-01
9.972335696220397949e-01
9.997187852859497070e-01
9.965877532958984375e-01
9.831016063690185547e-01
9.784774780273437500e-01
9.985069632530212402e-01
9.971783161163330078e-01
9.953835010528564453e-01
9.967971444129943848e-01
9.781388640403747559e-01
9.988291263580322266e-01
9.992812275886535645e-01
9.992147684097290039e-01
9.965835809707641602e-01
9.959459304809570312e-01
9.985660314559936523e-01
9.982400536537170410e-01
9.984725117683410645e-01
9.873906970024108887e-01
9.993153214454650879e-01
9.953639507293701172e-01
9.993910789489746094e-01
9.944622516632080078e-01
9.904690384864807129e-01
9.987444281578063965e-01
9.989879131317138672e-01
9.986179471015930176e-01
9.994245767593383789e-01
9.997682571411132812e-01
9.968576431274414062e-01
9.985705614089965820e-01
9.991034269332885742e-01
9.929047226905822754e-01
9.975237846374511719e-01
9.947366714477539062e-01
9.937133789062500000e-01
9.962905049324035645e-01
9.983530640602111816e-01
9.967139959335327148e-01
9.979791641235351562e-01
9.993609786033630371e-01
9.961701631546020508e-01
9.968603849411010742e-01
9.987245202064514160e-01
9.943538308143615723e-01
9.806878566741943359e-01
9.985671043395996094e-01
9.987252354621887207e-01
9.998112320899963379e-01
9.989177584648132324e-01
9.964212775230407715e-01
9.965246915817260742e-01
9.948077797889709473e-01
9.837408661842346191e-01
9.978790879249572754e-01
9.991317987442016602e-01
9.972255229949951172e-01
9.978462457656860352e-01
9.977547526359558105e-01
9.982649683952331543e-01
9.981440305709838867e-01
9.983531832695007324e-01
9.929723739624023438e-01
9.927690625190734863e-01
9.921162128448486328e-01
9.918200969696044922e-01
9.929643869400024414e-01
9.986396431922912598e-01
9.975492358207702637e-01
9.968038797378540039e-01
9.949340820312500000e-01
9.943708181381225586e-01
9.982224702835083008e-01
9.972330331802368164e-01
9.962393641471862793e-01
9.991943240165710449e-01
9.987850785255432129e-01
9.988312721252441406e-01
9.991296529769897461e-01
9.969378113746643066e-01
9.893352389335632324e-01
9.965457916259765625e-01
9.974342584609985352e-01
9.980573654174804688e-01
9.967556595802307129e-01
9.993883371353149414e-01
9.993298649787902832e-01
9.987428188323974609e-01
9.988357424736022949e-01
9.953140616416931152e-01
9.966410398483276367e-01
9.975720047950744629e-01
9.969521760940551758e-01
9.982892870903015137e-01
9.982503056526184082e-01
9.941149353981018066e-01
9.968563914299011230e-01
9.994003772735595703e-01
9.979424476623535156e-01
9.988949894905090332e-01
9.917570352554321289e-01
9.961308836936950684e-01
9.991016983985900879e-01
9.985727667808532715e-01
9.968681335449218750e-01
9.929851293563842773e-01
9.991462230682373047e-01
9.976609349250793457e-01
9.977754950523376465e-01
9.974277019500732422e-01
9.965283274650573730e-01
9.973497390747070312e-01
9.941207766532897949e-01
9.969812035560607910e-01
9.981075525283813477e-01
9.954380393028259277e-01
9.958717823028564453e-01
9.857682585716247559e-01
9.987116456031799316e-01
9.755364656448364258e-01
9.928374886512756348e-01
9.978019595146179199e-01
9.948337674140930176e-01
9.983248114585876465e-01
9.988304972648620605e-01
9.967911839485168457e-01
9.970920681953430176e-01
9.827227592468261719e-01
9.984049201011657715e-01
9.967073798179626465e-01
9.940373301506042480e-01
9.885532259941101074e-01
9.961223006248474121e-01
9.996109604835510254e-01
9.871823191642761230e-01
9.958330988883972168e-01
9.992029070854187012e-01
9.997218251228332520e-01
9.916656017303466797e-01
9.695230722427368164e-01
9.929941296577453613e-01
9.940744042396545410e-01
9.950141906738281250e-01
9.952719211578369141e-01
9.931046366691589355e-01
9.964963197708129883e-01
9.976668357849121094e-01
9.935494661331176758e-01
9.991269707679748535e-01
9.994676113128662109e-01
9.986141920089721680e-01
9.950599074363708496e-01
9.993689060211181641e-01
9.986987709999084473e-01
9.963242411613464355e-01
9.871596097946166992e-01
9.919458627700805664e-01
9.994895458221435547e-01
9.936445355415344238e-01
9.981790184974670410e-01
9.950562715530395508e-01
9.988915324211120605e-01
9.977513551712036133e-01
9.934280514717102051e-01
9.949063062667846680e-01
9.954527616500854492e-01
9.962351322174072266e-01
9.985707402229309082e-01
9.987435936927795410e-01
9.995795488357543945e-01
9.950755834579467773e-01
9.996178746223449707e-01
9.986547827720642090e-01
9.979839324951171875e-01
9.781398177146911621e-01
9.986203312873840332e-01
9.978314638137817383e-01
9.984577298164367676e-01
9.901399612426757812e-01
9.968605637550354004e-01
9.884819388389587402e-01
9.976081252098083496e-01
9.947789311408996582e-01
9.969848990440368652e-01
9.970599412918090820e-01
9.963787198066711426e-01
9.979997277259826660e-01
9.989693760871887207e-01
9.997581839561462402e-01
9.944654107093811035e-01
9.975095391273498535e-01
9.962987899780273438e-01
9.921811819076538086e-01
9.978692531585693359e-01
9.988886713981628418e-01
9.988753795623779297e-01
9.979381561279296875e-01
9.984389543533325195e-01
9.986470341682434082e-01
9.978898763656616211e-01
9.950456023216247559e-01
9.991441369056701660e-01
9.920763969421386719e-01
9.998611211776733398e-01
9.943336248397827148e-01
9.992234110832214355e-01
9.858124852180480957e-01
9.969997406005859375e-01
9.968082308769226074e-01
9.963425993919372559e-01
9.995237588882446289e-01
9.977317452430725098e-01
9.990065693855285645e-01
9.947634339332580566e-01
9.999424219131469727e-01
9.979097247123718262e-01
9.920440912246704102e-01
9.978185892105102539e-01
9.939521551132202148e-01
9.791207909584045410e-01
9.967133998870849609e-01
9.920565485954284668e-01
9.972663521766662598e-01
9.960300922393798828e-01
9.978883266448974609e-01
9.993861913681030273e-01
9.991928339004516602e-01
9.937964677810668945e-01
9.994678497314453125e-01
9.940763711929321289e-01
9.983579516410827637e-01
9.981621503829956055e-01
9.990065097808837891e-01
9.976013898849487305e-01
9.989907741546630859e-01
9.970946311950683594e-01
9.949681758880615234e-01
9.982365369796752930e-01
9.966483116149902344e-01
9.992610812187194824e-01
9.969150424003601074e-01
9.954218268394470215e-01
9.990019798278808594e-01
9.961391091346740723e-01
9.973508119583129883e-01
9.968490600585937500e-01
9.982934594154357910e-01
9.993700981140136719e-01
9.996767044067382812e-01
9.940816760063171387e-01
9.895503520965576172e-01
9.983072876930236816e-01
9.958348870277404785e-01
9.998295903205871582e-01
9.986287951469421387e-01
9.987400174140930176e-01
9.882723689079284668e-01
9.992269873619079590e-01
9.925459027290344238e-01
9.882864356040954590e-01
9.956098794937133789e-01
9.959596395492553711e-01
9.956555962562561035e-01
9.995731711387634277e-01
9.977678656578063965e-01
9.898118972778320312e-01
9.952418208122253418e-01
9.965239763259887695e-01
9.983447194099426270e-01
9.962093234062194824e-01
9.926220774650573730e-01
9.845440387725830078e-01
9.965485930442810059e-01
9.993018507957458496e-01
9.997828602790832520e-01
9.985411167144775391e-01
9.937672615051269531e-01
9.943641424179077148e-01
9.991446137428283691e-01
9.980921745300292969e-01
9.992309212684631348e-01
9.889571070671081543e-01
9.789414405822753906e-01
9.936985373497009277e-01
9.992922544479370117e-01
9.999842643737792969e-01
9.970123171806335449e-01
9.960173964500427246e-01
9.904441833496093750e-01
9.931123852729797363e-01
9.990510940551757812e-01
9.994300007820129395e-01
9.963045120239257812e-01
9.993811249732971191e-01
9.994621276855468750e-01
9.978448748588562012e-01
9.982535243034362793e-01
9.987862706184387207e-01
9.956571459770202637e-01
9.983406662940979004e-01
9.940875768661499023e-01
9.917340278625488281e-01
9.982096552848815918e-01
9.984364509582519531e-01
9.990698695182800293e-01
9.987584948539733887e-01
9.991534352302551270e-01
9.956275820732116699e-01
9.969875812530517578e-01
9.802660346031188965e-01
9.951053261756896973e-01
9.988003969192504883e-01
9.878361821174621582e-01
9.743734598159790039e-01
9.972501397132873535e-01
9.994363784790039062e-01
9.977361559867858887e-01
9.995460510253906250e-01
9.994091391563415527e-01
9.977300763130187988e-01
9.982063174247741699e-01
9.962145090103149414e-01
9.952412247657775879e-01
9.990816116333007812e-01
9.974672198295593262e-01
9.992840290069580078e-01
9.940040707588195801e-01
9.991932511329650879e-01
9.983454346656799316e-01
9.954164624214172363e-01
9.998421669006347656e-01
9.971224069595336914e-01
9.944500923156738281e-01
9.956547021865844727e-01
9.996913075447082520e-01
9.978916645050048828e-01
9.986384510993957520e-01
9.990587234497070312e-01
9.981624484062194824e-01
9.975680708885192871e-01
9.986485242843627930e-01
9.903777837753295898e-01
9.961809515953063965e-01
9.970500469207763672e-01
9.957077503204345703e-01
9.735831022262573242e-01
9.982039928436279297e-01
9.984774589538574219e-01
9.994556903839111328e-01
9.889629483222961426e-01
9.984469413757324219e-01
9.986100196838378906e-01
9.987626671791076660e-01
9.975804090499877930e-01
9.963672757148742676e-01
9.967654347419738770e-01
9.959260225296020508e-01
9.896298050880432129e-01
9.907332062721252441e-01
9.969873428344726562e-01
9.982592463493347168e-01
9.988746643066406250e-01
9.998103380203247070e-01
9.965363740921020508e-01
9.969962835311889648e-01
9.942585825920104980e-01
9.968786835670471191e-01
9.778131842613220215e-01
9.969114661216735840e-01
9.947141408920288086e-01
9.987080693244934082e-01
9.986743330955505371e-01
9.980186820030212402e-01
9.998647570610046387e-01
9.986928701400756836e-01
9.946718215942382812e-01
9.951558709144592285e-01
9.989834427833557129e-01
9.988456368446350098e-01
9.982619285583496094e-01
9.991655945777893066e-01
9.969751238822937012e-01
9.994831085205078125e-01
9.993861913681030273e-01
9.849289059638977051e-01
9.982415437698364258e-01
9.993767738342285156e-01
9.895431995391845703e-01
9.992676377296447754e-01
9.995531439781188965e-01
9.995384216308593750e-01
9.958984255790710449e-01
9.990248084068298340e-01
9.985954761505126953e-01
9.910927414894104004e-01
9.912258386611938477e-01
9.990043640136718750e-01
9.929233789443969727e-01
9.985931515693664551e-01
9.974986314773559570e-01
9.989824891090393066e-01
9.914161562919616699e-01
9.940318465232849121e-01
9.899457097053527832e-01
9.922038316726684570e-01
9.984032511711120605e-01
9.988985061645507812e-01
9.992512464523315430e-01
9.977194666862487793e-01
9.981522560119628906e-01
9.983375072479248047e-01
9.985249042510986328e-01
9.952812194824218750e-01
9.970590472221374512e-01
9.990656971931457520e-01
9.968510270118713379e-01
9.982728362083435059e-01
9.979952573776245117e-01
9.972143173217773438e-01
9.959039092063903809e-01
9.908045530319213867e-01
9.993125796318054199e-01
9.980801343917846680e-01
9.983369708061218262e-01
9.910151958465576172e-01
9.956172108650207520e-01
9.978036880493164062e-01
9.987373352050781250e-01
9.951717853546142578e-01
9.946054220199584961e-01
9.882465004920959473e-01
9.912236928939819336e-01
9.917542338371276855e-01
9.960970878601074219e-01
9.982399940490722656e-01
9.976993799209594727e-01
9.957095980644226074e-01
9.992687702178955078e-01
9.991633296012878418e-01
9.739310741424560547e-01
9.952902197837829590e-01
9.899345636367797852e-01
9.990621805191040039e-01
9.933550953865051270e-01
9.895048737525939941e-01
9.917698502540588379e-01
9.930207133293151855e-01
9.978808164596557617e-01
9.974343180656433105e-01
9.995612502098083496e-01
9.927383065223693848e-01
9.999334812164306641e-01
9.967189431190490723e-01
9.984931945800781250e-01
9.961602687835693359e-01
9.985060095787048340e-01
9.980872869491577148e-01
9.983144402503967285e-01
9.987368583679199219e-01
9.999418854713439941e-01
9.983518123626708984e-01
9.992216229438781738e-01
9.986307621002197266e-01
9.962920546531677246e-01
9.972822070121765137e-01
9.984801411628723145e-01
9.984213113784790039e-01
9.942886829376220703e-01
9.990052580833435059e-01
9.985930919647216797e-01
9.995130300521850586e-01
9.884698987007141113e-01
9.849431514739990234e-01
9.949539303779602051e-01
9.898912906646728516e-01
9.946187734603881836e-01
9.995061755180358887e-01
9.972866773605346680e-01
9.995144009590148926e-01
9.994887709617614746e-01
9.889301657676696777e-01
9.967759251594543457e-01
9.996522068977355957e-01
9.996839761734008789e-01
9.987292289733886719e-01
9.999741911888122559e-01
9.987044334411621094e-01
9.974939227104187012e-01
9.866635203361511230e-01
9.990164041519165039e-01
9.880250692367553711e-01
9.965415000915527344e-01
9.929851889610290527e-01
9.988932609558105469e-01
9.989760518074035645e-01
9.875690340995788574e-01
9.815756082534790039e-01
9.998202323913574219e-01
9.968559741973876953e-01
9.989349246025085449e-01
9.997458457946777344e-01
9.952997565269470215e-01
9.903067350387573242e-01
9.971076250076293945e-01
9.963594079017639160e-01
9.980065226554870605e-01
9.952091574668884277e-01
9.982209205627441406e-01
9.934719800949096680e-01
9.900289177894592285e-01
9.954544901847839355e-01
9.988946318626403809e-01
9.951897263526916504e-01
9.997247457504272461e-01
9.936273097991943359e-01
9.987797141075134277e-01
9.971877932548522949e-01
9.955850243568420410e-01
9.970462918281555176e-01
9.993857741355895996e-01
9.969736337661743164e-01
9.968049526214599609e-01
9.989349842071533203e-01
9.825800061225891113e-01
9.980491399765014648e-01
9.981789588928222656e-01
9.991382956504821777e-01
9.984280467033386230e-01
9.993832707405090332e-01
9.986966252326965332e-01
9.988077282905578613e-01
9.950414896011352539e-01
9.943585395812988281e-01
9.998759031295776367e-01
9.986447095870971680e-01
9.986680150032043457e-01
9.980799555778503418e-01
9.965105652809143066e-01
9.970450401306152344e-01
9.991708993911743164e-01
9.989048838615417480e-01
9.986920356750488281e-01
9.953628182411193848e-01
9.916767477989196777e-01
9.868514537811279297e-01
9.969885945320129395e-01
9.946466088294982910e-01
9.861386418342590332e-01
9.999708533287048340e-01
9.505522847175598145e-01
9.984359741210937500e-01
9.994341135025024414e-01
9.953555464744567871e-01
9.984776377677917480e-01
9.980551004409790039e-01
9.994903206825256348e-01
9.997313618659973145e-01
9.949726462364196777e-01
9.966074824333190918e-01
9.992415904998779297e-01
9.999414086341857910e-01
9.993018507957458496e-01
9.994053244590759277e-01
9.700742959976196289e-01
9.996610283851623535e-01
9.814653992652893066e-01
9.978274703025817871e-01
9.952165484428405762e-01
9.994756579399108887e-01
9.972869157791137695e-01
9.972586035728454590e-01
9.988966584205627441e-01
9.965044260025024414e-01
9.964625835418701172e-01
9.979619383811950684e-01
9.883800745010375977e-01
9.922183752059936523e-01
9.974862933158874512e-01
9.934573173522949219e-01
9.987184405326843262e-01
9.978790283203125000e-01
9.984031915664672852e-01
9.984269738197326660e-01
9.985547065734863281e-01
9.987202286720275879e-01
9.976046085357666016e-01
9.991061091423034668e-01
9.928866624832153320e-01
9.982610344886779785e-01
9.970254898071289062e-01
9.976409673690795898e-01
9.985311627388000488e-01
9.871578216552734375e-01
9.983317255973815918e-01
9.968847036361694336e-01
9.939031600952148438e-01
9.963011741638183594e-01
9.999865293502807617e-01
9.937240481376647949e-01
9.925008416175842285e-01
9.964560866355895996e-01
9.995114803314208984e-01
9.964559674263000488e-01
9.882053136825561523e-01
9.967642426490783691e-01
9.972469210624694824e-01
9.982448816299438477e-01
9.948313236236572266e-01
9.978851675987243652e-01
9.942059516906738281e-01
9.959836006164550781e-01
9.999626278877258301e-01
9.954900741577148438e-01
9.942344427108764648e-01
9.912952780723571777e-01
9.949935078620910645e-01
9.977595210075378418e-01
9.942787885665893555e-01
9.950938224792480469e-01
9.989335536956787109e-01
9.970580935478210449e-01
9.986281991004943848e-01
9.966656565666198730e-01
9.968857169151306152e-01
9.980973601341247559e-01
9.984104037284851074e-01
9.989087581634521484e-01
9.987543225288391113e-01
9.975251555442810059e-01
9.976068735122680664e-01
9.962367415428161621e-01
9.950159788131713867e-01
9.999927878379821777e-01
9.989399313926696777e-01
9.962905049324035645e-01
9.975433349609375000e-01
9.969066977500915527e-01
9.951252341270446777e-01
9.929072260856628418e-01
9.993193149566650391e-01
9.973793625831604004e-01
9.939893484115600586e-01
9.945996403694152832e-01
9.958110451698303223e-01
9.966329932212829590e-01
9.911446571350097656e-01
9.982923269271850586e-01
9.991396665573120117e-01
9.989245533943176270e-01
9.968464374542236328e-01
9.990205764770507812e-01
9.997025132179260254e-01
9.943171143531799316e-01
9.991464018821716309e-01
9.961304068565368652e-01
9.907764196395874023e-01
9.955984950065612793e-01
9.980335831642150879e-01
9.986051321029663086e-01
9.885037541389465332e-01
9.965432286262512207e-01
9.848813414573669434e-01
9.990301132202148438e-01
9.999229907989501953e-01
9.928786158561706543e-01
9.939114451408386230e-01
9.984985589981079102e-01
9.972499608993530273e-01
9.995307922363281250e-01
9.914997816085815430e-01
9.947347640991210938e-01
9.998901486396789551e-01
9.927892684936523438e-01
9.985561966896057129e-01
9.888640642166137695e-01
9.979338049888610840e-01
9.921308755874633789e-01
9.923909306526184082e-01
9.926911592483520508e-01
9.994006156921386719e-01
9.907302856445312500e-01
9.943553805351257324e-01
9.985261559486389160e-01
9.924561381340026855e-01
9.993893504142761230e-01
9.868896603584289551e-01
9.979886412620544434e-01
9.898188710212707520e-01
9.958209395408630371e-01
9.951208829879760742e-01
9.985747933387756348e-01
9.919931292533874512e-01
9.983919858932495117e-01
9.897906184196472168e-01
9.939882159233093262e-01
9.826822876930236816e-01
9.979121685028076172e-01
9.951183795928955078e-01
9.992629885673522949e-01
9.983444213867187500e-01
9.997711181640625000e-01
9.925150871276855469e-01
9.687462449073791504e-01
9.923850297927856445e-01
9.983339309692382812e-01
9.984359741210937500e-01
9.997985363006591797e-01
9.979860782623291016e-01
9.902778267860412598e-01
9.898014068603515625e-01
9.884881377220153809e-01
9.976310729980468750e-01
9.978047609329223633e-01
9.997358322143554688e-01
9.967496395111083984e-01
9.986070394515991211e-01
9.968110322952270508e-01
9.919740557670593262e-01
9.983418583869934082e-01
9.989415407180786133e-01
9.806030392646789551e-01
9.978637695312500000e-01
9.970976710319519043e-01
9.983915686607360840e-01
9.994346499443054199e-01
9.967792034149169922e-01
9.838064312934875488e-01
9.912469387054443359e-01
9.972879290580749512e-01
9.971707463264465332e-01
9.975253939628601074e-01
9.961913228034973145e-01
9.993056058883666992e-01
9.807355999946594238e-01
9.995048642158508301e-01
9.857497811317443848e-01
9.985106587409973145e-01
9.975832700729370117e-01
9.974668025970458984e-01
9.969098567962646484e-01
9.987832903861999512e-01
9.884830713272094727e-01
9.978474974632263184e-01
9.976019859313964844e-01
9.995366334915161133e-01
9.962689876556396484e-01
9.954106807708740234e-01
9.967032074928283691e-01
9.998376369476318359e-01
9.996512532234191895e-01
9.946551918983459473e-01
9.982141256332397461e-01
9.953246116638183594e-01
9.965103268623352051e-01
9.998066425323486328e-01
9.966667294502258301e-01
9.979763031005859375e-01
9.950982928276062012e-01
9.962071776390075684e-01
9.988070726394653320e-01
9.913306236267089844e-01
9.949013590812683105e-01
9.917277097702026367e-01
9.978220462799072266e-01
9.952685236930847168e-01
9.989162087440490723e-01
9.986362457275390625e-01
9.962449073791503906e-01
9.983870983123779297e-01
9.954544901847839355e-01
9.988625645637512207e-01
9.997306466102600098e-01
9.993669986724853516e-01
9.978061914443969727e-01
9.976915121078491211e-01
9.984446167945861816e-01
9.943164587020874023e-01
9.983718395233154297e-01
9.988212585449218750e-01
9.979877471923828125e-01
9.993910789489746094e-01
9.999184012413024902e-01
9.974940419197082520e-01
9.982450008392333984e-01
9.968910217285156250e-01
9.950729608535766602e-01
9.936835169792175293e-01
9.964020252227783203e-01
9.949038028717041016e-01
9.960857033729553223e-01
9.976673126220703125e-01
9.985783100128173828e-01
9.940081834793090820e-01
9.991307258605957031e-01
9.871434569358825684e-01
9.964520335197448730e-01
9.960116147994995117e-01
9.939617514610290527e-01
9.972836971282958984e-01
9.991399049758911133e-01
9.996914863586425781e-01
9.991440773010253906e-01
9.992560148239135742e-01
9.979501962661743164e-01
9.989924430847167969e-01
9.966437220573425293e-01
9.969695210456848145e-01
9.992206692695617676e-01
9.925469160079956055e-01
9.990103840827941895e-01
9.972811937332153320e-01
9.989522099494934082e-01
9.923632144927978516e-01
9.953562021255493164e-01
9.969751834869384766e-01
9.990312457084655762e-01
9.976804256439208984e-01
9.978016614913940430e-01
9.959177374839782715e-01
9.953789710998535156e-01
9.945033788681030273e-01
9.998235702514648438e-01
9.974977374076843262e-01
9.996262788772583008e-01
9.977069497108459473e-01
9.957772493362426758e-01
9.990649819374084473e-01
9.980610609054565430e-01
9.991862773895263672e-01
9.978420734405517578e-01
9.963032603263854980e-01
9.989640712738037109e-01
9.986786842346191406e-01
9.811264276504516602e-01
9.980765581130981445e-01
9.965165853500366211e-01
9.979039430618286133e-01
9.937415122985839844e-01
9.928494095802307129e-01
9.999715685844421387e-01
9.963984489440917969e-01
9.964324831962585449e-01
9.986470937728881836e-01
9.980682134628295898e-01
9.967102408409118652e-01
9.991152286529541016e-01
9.978743195533752441e-01
9.995490312576293945e-01
9.960216283798217773e-01
9.991504549980163574e-01
9.984925389289855957e-01
9.988890886306762695e-01
9.977477788925170898e-01
9.928025603294372559e-01
9.944254755973815918e-01
9.957057237625122070e-01
9.952383637428283691e-01
9.962905645370483398e-01
9.974682927131652832e-01
9.982275962829589844e-01
9.948587417602539062e-01
9.973172545433044434e-01
9.987911581993103027e-01
9.992759823799133301e-01
9.942851662635803223e-01
9.993606805801391602e-01
9.982872009277343750e-01
9.955638051033020020e-01
9.979295730590820312e-01
9.991656541824340820e-01
9.982284307479858398e-01
9.988648891448974609e-01
9.990106225013732910e-01
9.990361928939819336e-01
9.941806793212890625e-01
9.903038740158081055e-01
9.952512383460998535e-01
9.997825622558593750e-01
9.969097375869750977e-01
9.949465990066528320e-01
9.917936325073242188e-01
9.961302876472473145e-01
9.950326085090637207e-01
9.963808655738830566e-01
9.928613901138305664e-01
9.956485629081726074e-01
9.984413385391235352e-01
9.925426244735717773e-01
9.943059682846069336e-01
9.943743348121643066e-01
9.990253448486328125e-01
9.971910715103149414e-01
9.992393851280212402e-01
9.955427646636962891e-01
9.869639277458190918e-01
9.939201474189758301e-01
9.962990880012512207e-01
9.442297816276550293e-01
9.986185431480407715e-01
9.990688562393188477e-01
9.976612329483032227e-01
9.838384389877319336e-01
9.969803690910339355e-01
9.945665597915649414e-01
9.994676709175109863e-01
9.999880790710449219e-01
9.956988096237182617e-01
9.989974498748779297e-01
9.970445632934570312e-01
9.964295625686645508e-01
9.941882491111755371e-01
9.986016750335693359e-01
9.989373087882995605e-01
9.997521638870239258e-01
9.972508549690246582e-01
9.893832802772521973e-01
9.924522638320922852e-01
9.947921633720397949e-01
9.970891475677490234e-01
9.969272613525390625e-01
9.870668649673461914e-01
9.974113106727600098e-01
9.774542450904846191e-01
9.957822561264038086e-01
9.988993406295776367e-01
9.967452883720397949e-01
9.977291226387023926e-01
9.995046257972717285e-01
9.985124468803405762e-01
9.896875023841857910e-01
9.933540821075439453e-01
9.961032867431640625e-01
9.982881546020507812e-01
9.922692179679870605e-01
9.974932670593261719e-01
9.840583205223083496e-01
9.990663528442382812e-01
9.972757697105407715e-01
9.717567563056945801e-01
9.997814893722534180e-01
9.974014759063720703e-01
9.986916780471801758e-01
9.985573887825012207e-01
9.958461523056030273e-01
9.973801970481872559e-01
9.978430271148681641e-01
9.991832971572875977e-01
9.984534978866577148e-01
9.995346069335937500e-01
9.978766441345214844e-01
9.979829788208007812e-01
9.989008307456970215e-01
9.985727667808532715e-01
9.995698332786560059e-01
9.973988533020019531e-01
9.976421594619750977e-01
9.975834488868713379e-01
9.986566305160522461e-01
9.968438744544982910e-01
9.991433620452880859e-01
9.990529417991638184e-01
9.996071457862854004e-01
9.991528391838073730e-01
9.980111122131347656e-01
9.990931153297424316e-01
9.978547096252441406e-01
9.930033683776855469e-01
9.709788560867309570e-01
9.985067844390869141e-01
9.990167021751403809e-01
9.978799223899841309e-01
9.993986487388610840e-01
9.960774779319763184e-01
9.998684525489807129e-01
9.998860955238342285e-01
9.897814393043518066e-01
9.933891892433166504e-01
9.966464042663574219e-01
9.868863224983215332e-01
9.984408617019653320e-01
9.955857992172241211e-01
9.833072423934936523e-01
9.957927465438842773e-01
9.994809031486511230e-01
9.953163266181945801e-01
9.970814585685729980e-01
9.991288185119628906e-01
9.959972500801086426e-01
9.989587664604187012e-01
9.984961748123168945e-01
9.937946200370788574e-01
9.928900003433227539e-01
9.988990426063537598e-01
9.991060495376586914e-01
9.986091256141662598e-01
9.844814538955688477e-01
9.986509084701538086e-01
9.998972415924072266e-01
9.992557764053344727e-01
9.911862611770629883e-01
9.966308474540710449e-01
9.964077472686767578e-01
9.935011863708496094e-01
9.991536736488342285e-01
9.966281652450561523e-01
9.994552135467529297e-01
