9.963847994804382324e-01
9.979144930839538574e-01
9.990026950836181641e-01
9.984877705574035645e-01
9.919993877410888672e-01
9.710778594017028809e-01
9.986719489097595215e-01
9.987573623657226562e-01
9.991869926452636719e-01
9.990154504776000977e-01
9.886253476142883301e-01
9.941161274909973145e-01
9.985329508781433105e-01
9.913818836212158203e-01
9.988707900047302246e-01
9.988394379615783691e-01
9.988981485366821289e-01
9.931946396827697754e-01
9.927330017089843750e-01
9.960308670997619629e-01
9.918676614761352539e-01
9.978258609771728516e-01
9.852830767631530762e-01
9.958923459053039551e-01
9.962053894996643066e-01
9.974690079689025879e-01
9.990961551666259766e-01
9.976223111152648926e-01
9.994686841964721680e-01
9.863355159759521484e-01
9.928523302078247070e-01
9.934734106063842773e-01
9.881958365440368652e-01
9.956243634223937988e-01
9.970820546150207520e-01
9.987236261367797852e-01
9.975621104240417480e-01
9.992811083793640137e-01
9.891245365142822266e-01
9.959077835083007812e-01
9.954450726509094238e-01
9.947448372840881348e-01
9.981947541236877441e-01
9.993548989295959473e-01
9.977303743362426758e-01
9.993126988410949707e-01
9.919912219047546387e-01
9.843804240226745605e-01
9.984124302864074707e-01
9.975746273994445801e-01
9.937106966972351074e-01
9.962051510810852051e-01
9.896715283393859863e-01
9.895202517509460449e-01
9.961715340614318848e-01
9.967864155769348145e-01
9.976603388786315918e-01
9.940022826194763184e-01
9.991087317466735840e-01
9.993630647659301758e-01
9.935262799263000488e-01
9.961971640586853027e-01
9.894888401031494141e-01
9.947974085807800293e-01
9.961858391761779785e-01
9.975833892822265625e-01
9.936085343360900879e-01
9.983003139495849609e-01
9.976612925529479980e-01
9.956560730934143066e-01
9.891897439956665039e-01
9.993962645530700684e-01
9.989714622497558594e-01
9.954592585563659668e-01
9.828605055809020996e-01
9.975799918174743652e-01
9.962512254714965820e-01
9.958274960517883301e-01
9.896577000617980957e-01
9.883812665939331055e-01
9.961743950843811035e-01
9.921160340309143066e-01
9.981371760368347168e-01
9.977977275848388672e-01
9.940681457519531250e-01
9.993066787719726562e-01
9.980104565620422363e-01
9.972704648971557617e-01
9.966322779655456543e-01
9.984105229377746582e-01
9.954332709312438965e-01
9.960440397262573242e-01
9.976152181625366211e-01
8.964937329292297363e-01
9.777756333351135254e-01
9.995082616806030273e-01
9.992009401321411133e-01
9.817739725112915039e-01
9.985869526863098145e-01
9.922977685928344727e-01
9.945028424263000488e-01
9.949827194213867188e-01
9.938548803329467773e-01
9.972433447837829590e-01
9.898109436035156250e-01
9.992266297340393066e-01
9.858718514442443848e-01
9.975044131278991699e-01
9.981902241706848145e-01
9.960920810699462891e-01
9.952880144119262695e-01
9.919961094856262207e-01
9.991739988327026367e-01
9.949184060096740723e-01
9.995353221893310547e-01
9.974830746650695801e-01
9.905464053153991699e-01
9.995445609092712402e-01
9.987308382987976074e-01
9.962307810783386230e-01
9.981297254562377930e-01
9.876962304115295410e-01
9.915574789047241211e-01
9.987665414810180664e-01
9.990763068199157715e-01
9.976504445075988770e-01
9.770886898040771484e-01
9.979866147041320801e-01
9.988152980804443359e-01
9.999048709869384766e-01
9.641985893249511719e-01
9.989199042320251465e-01
9.968552589416503906e-01
9.985090494155883789e-01
9.934701919555664062e-01
9.983021616935729980e-01
9.908940792083740234e-01
9.930746555328369141e-01
9.936822056770324707e-01
9.977248907089233398e-01
9.958898425102233887e-01
9.934675693511962891e-01
9.968803524971008301e-01
9.941307306289672852e-01
9.937363266944885254e-01
9.992455244064331055e-01
9.958577156066894531e-01
9.997757673263549805e-01
9.879859089851379395e-01
9.969303011894226074e-01
9.935469627380371094e-01
9.936088323593139648e-01
9.931966066360473633e-01
9.846368432044982910e-01
9.983618855476379395e-01
9.971629381179809570e-01
9.992065429687500000e-01
9.941124320030212402e-01
9.971786737442016602e-01
9.988214373588562012e-01
9.922232627868652344e-01
9.972828030586242676e-01
9.946880340576171875e-01
9.956818222999572754e-01
9.959241747856140137e-01
9.989378452301025391e-01
9.875320196151733398e-01
9.949116110801696777e-01
9.852211475372314453e-01
9.992443919181823730e-01
9.930661916732788086e-01
9.988000392913818359e-01
9.989398717880249023e-01
9.998885989189147949e-01
9.973767995834350586e-01
9.847815632820129395e-01
9.941819310188293457e-01
9.886550903320312500e-01
9.981650710105895996e-01
9.844614267349243164e-01
9.991717338562011719e-01
9.949901700019836426e-01
9.992633461952209473e-01
9.980858564376831055e-01
9.995290040969848633e-01
9.982685446739196777e-01
9.963361024856567383e-01
9.954652786254882812e-01
9.968383908271789551e-01
9.789530634880065918e-01
9.982405304908752441e-01
9.982712268829345703e-01
9.936730861663818359e-01
9.973405599594116211e-01
9.987667798995971680e-01
9.901754260063171387e-01
9.910789728164672852e-01
8.787045478820800781e-01
9.933876991271972656e-01
9.986425638198852539e-01
9.949437975883483887e-01
9.746009111404418945e-01
9.982938766479492188e-01
9.802478551864624023e-01
9.978682994842529297e-01
9.974256753921508789e-01
9.947081208229064941e-01
9.948501586914062500e-01
9.995293617248535156e-01
9.874651432037353516e-01
9.983215332031250000e-01
9.914762377738952637e-01
9.901233315467834473e-01
9.752508401870727539e-01
9.946276545524597168e-01
9.967676997184753418e-01
9.973275065422058105e-01
9.948681592941284180e-01
9.843990206718444824e-01
9.988606572151184082e-01
9.953941106796264648e-01
9.972877502441406250e-01
9.976097941398620605e-01
9.918403625488281250e-01
9.925156235694885254e-01
9.985098838806152344e-01
9.991336464881896973e-01
9.764770865440368652e-01
9.983165264129638672e-01
9.974744915962219238e-01
9.961981177330017090e-01
9.949402213096618652e-01
9.975195527076721191e-01
9.989405274391174316e-01
9.941109418869018555e-01
9.826679229736328125e-01
9.975140094757080078e-01
9.987193346023559570e-01
9.866698384284973145e-01
9.981071352958679199e-01
9.971002936363220215e-01
9.886832833290100098e-01
9.906671047210693359e-01
9.983730316162109375e-01
9.986374378204345703e-01
9.923100471496582031e-01
9.968685507774353027e-01
9.978016614913940430e-01
9.985852837562561035e-01
9.945791363716125488e-01
9.903793931007385254e-01
9.992573857307434082e-01
9.980145096778869629e-01
9.981380105018615723e-01
9.946002960205078125e-01
9.902621507644653320e-01
9.989628791809082031e-01
9.980849027633666992e-01
9.983358383178710938e-01
9.971565008163452148e-01
9.981814622879028320e-01
9.901684522628784180e-01
9.989935159683227539e-01
9.988528490066528320e-01
9.965875744819641113e-01
9.937363266944885254e-01
9.935870170593261719e-01
9.996026158332824707e-01
9.982791543006896973e-01
9.869169592857360840e-01
9.977047443389892578e-01
9.991409778594970703e-01
9.941952228546142578e-01
9.942451715469360352e-01
9.927901029586791992e-01
9.935997128486633301e-01
9.992904663085937500e-01
9.993038773536682129e-01
9.993000626564025879e-01
9.883759617805480957e-01
9.882761240005493164e-01
9.984253048896789551e-01
9.968438744544982910e-01
9.993217587471008301e-01
9.992474913597106934e-01
9.986805915832519531e-01
9.977543354034423828e-01
9.886004924774169922e-01
9.976323843002319336e-01
9.989161491394042969e-01
9.937431812286376953e-01
9.641737341880798340e-01
9.988176822662353516e-01
9.988418817520141602e-01
9.956681132316589355e-01
9.910228848457336426e-01
9.908855557441711426e-01
9.951436519622802734e-01
9.970692992210388184e-01
9.976382255554199219e-01
9.991295933723449707e-01
9.989861845970153809e-01
9.947143197059631348e-01
9.977242350578308105e-01
9.968355894088745117e-01
9.978456497192382812e-01
9.960010051727294922e-01
9.811324477195739746e-01
9.914187192916870117e-01
9.981791973114013672e-01
9.956994652748107910e-01
9.946970939636230469e-01
9.910215139389038086e-01
9.788313508033752441e-01
9.988154172897338867e-01
9.988762140274047852e-01
9.993420839309692383e-01
9.977086782455444336e-01
9.939121007919311523e-01
9.976438283920288086e-01
9.944311380386352539e-01
9.984438419342041016e-01
9.838316440582275391e-01
9.994656443595886230e-01
9.851177930831909180e-01
9.988315105438232422e-01
9.872738122940063477e-01
9.882276058197021484e-01
9.996088147163391113e-01
9.989404678344726562e-01
9.892310500144958496e-01
9.992846846580505371e-01
9.996227025985717773e-01
9.973939061164855957e-01
9.970881342887878418e-01
9.979850649833679199e-01
9.927888512611389160e-01
9.992567896842956543e-01
9.951074123382568359e-01
9.930740594863891602e-01
9.965537190437316895e-01
9.985710382461547852e-01
9.965314865112304688e-01
9.986032843589782715e-01
9.993534684181213379e-01
9.944627285003662109e-01
9.916195869445800781e-01
9.960021972656250000e-01
9.937108159065246582e-01
9.732177257537841797e-01
9.961481094360351562e-01
9.916815161705017090e-01
9.998280405998229980e-01
9.984605312347412109e-01
9.959926009178161621e-01
9.986597895622253418e-01
9.941998720169067383e-01
9.809986352920532227e-01
9.976456761360168457e-01
9.991867542266845703e-01
9.971774220466613770e-01
9.971309304237365723e-01
9.971554875373840332e-01
9.973767399787902832e-01
9.984711408615112305e-01
9.981871843338012695e-01
9.947735667228698730e-01
9.935090541839599609e-01
9.913699030876159668e-01
9.985166192054748535e-01
9.971205592155456543e-01
9.985299110412597656e-01
9.962323307991027832e-01
9.989453554153442383e-01
9.943807125091552734e-01
9.940282106399536133e-01
9.985219240188598633e-01
9.810751676559448242e-01
9.884763956069946289e-01
9.987835288047790527e-01
9.983074069023132324e-01
9.989439249038696289e-01
9.992522597312927246e-01
9.905937910079956055e-01
9.960852861404418945e-01
9.980054497718811035e-01
9.939394593238830566e-01
9.984953403472900391e-01
9.959900975227355957e-01
9.979113936424255371e-01
9.992103576660156250e-01
9.986253976821899414e-01
9.979936480522155762e-01
9.942302703857421875e-01
9.979848265647888184e-01
9.968463182449340820e-01
9.888570904731750488e-01
9.978593587875366211e-01
9.979615211486816406e-01
9.980623722076416016e-01
9.967130422592163086e-01
9.992442131042480469e-01
9.989122748374938965e-01
9.984700083732604980e-01
9.934175014495849609e-01
9.978997111320495605e-01
9.981446266174316406e-01
9.973584413528442383e-01
9.978570342063903809e-01
9.999648928642272949e-01
9.992517828941345215e-01
9.977446198463439941e-01
9.944672584533691406e-01
9.965994954109191895e-01
9.972544312477111816e-01
9.915876984596252441e-01
9.942958354949951172e-01
9.981651902198791504e-01
9.972131252288818359e-01
9.942471981048583984e-01
9.961571097373962402e-01
9.865846633911132812e-01
9.987928867340087891e-01
9.746367931365966797e-01
9.943685531616210938e-01
9.986269474029541016e-01
9.930899739265441895e-01
9.980607628822326660e-01
9.986633658409118652e-01
9.970061779022216797e-01
9.983205795288085938e-01
9.806534051895141602e-01
9.979897737503051758e-01
9.955137968063354492e-01
9.968178868293762207e-01
9.862123131752014160e-01
9.929937720298767090e-01
9.839792847633361816e-01
9.940764904022216797e-01
9.977918267250061035e-01
9.964509010314941406e-01
9.994831681251525879e-01
9.941157698631286621e-01
9.978129267692565918e-01
9.914942979812622070e-01
9.938061237335205078e-01
9.939612150192260742e-01
9.984339475631713867e-01
9.960845112800598145e-01
9.842154383659362793e-01
9.993740916252136230e-01
9.981397390365600586e-01
9.998906254768371582e-01
9.993643164634704590e-01
9.962320327758789062e-01
9.980958700180053711e-01
9.985669255256652832e-01
9.973574280738830566e-01
9.963332414627075195e-01
9.888678789138793945e-01
9.938099980354309082e-01
9.992529749870300293e-01
9.846572875976562500e-01
9.960717558860778809e-01
9.946955442428588867e-01
9.985377192497253418e-01
9.942041635513305664e-01
9.894649386405944824e-01
9.959583282470703125e-01
9.922427535057067871e-01
9.971715807914733887e-01
9.984090328216552734e-01
9.983669519424438477e-01
9.992442131042480469e-01
9.940441846847534180e-01
9.995200634002685547e-01
9.978304505348205566e-01
9.977358579635620117e-01
9.751669168472290039e-01
9.987055063247680664e-01
9.951168894767761230e-01
9.984437823295593262e-01
9.916863441467285156e-01
9.862331748008728027e-01
9.879875183105468750e-01
9.989652633666992188e-01
9.885029196739196777e-01
9.925584793090820312e-01
9.968051910400390625e-01
9.980693459510803223e-01
9.977734684944152832e-01
9.964715242385864258e-01
9.980958700180053711e-01
9.948427081108093262e-01
9.979571104049682617e-01
9.960680603981018066e-01
9.925261735916137695e-01
9.804935455322265625e-01
9.986791610717773438e-01
9.980142116546630859e-01
9.979276657104492188e-01
9.979540109634399414e-01
9.974660873413085938e-01
9.977524876594543457e-01
9.959008693695068359e-01
9.993173480033874512e-01
9.913955926895141602e-01
9.998301267623901367e-01
9.945052266120910645e-01
9.968158602714538574e-01
9.876515865325927734e-01
9.985952973365783691e-01
9.944405555725097656e-01
9.966479539871215820e-01
9.987315535545349121e-01
9.977763295173645020e-01
9.957401752471923828e-01
9.959071874618530273e-01
9.994655847549438477e-01
9.976161718368530273e-01
9.909070730209350586e-01
9.979206919670104980e-01
9.922785162925720215e-01
9.746701121330261230e-01
9.953209161758422852e-01
9.918459057807922363e-01
9.973989725112915039e-01
9.950888156890869141e-01
9.977751970291137695e-01
9.991020560264587402e-01
9.991861581802368164e-01
9.916356205940246582e-01
9.990910887718200684e-01
9.950814247131347656e-01
9.975515604019165039e-01
9.982760548591613770e-01
9.988985657691955566e-01
9.896113276481628418e-01
9.992331862449645996e-01
9.955366253852844238e-01
9.950696229934692383e-01
9.979584217071533203e-01
9.950281381607055664e-01
9.963129758834838867e-01
9.947602748870849609e-01
9.969182014465332031e-01
9.992609620094299316e-01
9.963928461074829102e-01
9.956971406936645508e-01
9.913036227226257324e-01
9.958758354187011719e-01
9.993472099304199219e-01
9.998583197593688965e-01
9.946110844612121582e-01
9.874089956283569336e-01
9.929239153861999512e-01
9.957806468009948730e-01
9.985658526420593262e-01
9.965544342994689941e-01
9.978867769241333008e-01
9.941655993461608887e-01
9.992305040359497070e-01
9.915133118629455566e-01
9.895665049552917480e-01
9.951710700988769531e-01
9.954547882080078125e-01
9.970101714134216309e-01
9.967941641807556152e-01
9.966347217559814453e-01
9.896228313446044922e-01
9.944570660591125488e-01
9.908511638641357422e-01
9.984857439994812012e-01
9.963870644569396973e-01
9.939666390419006348e-01
9.773427844047546387e-01
9.973561763763427734e-01
9.990428686141967773e-01
9.986140727996826172e-01
9.967238306999206543e-01
9.939295053482055664e-01
9.904679059982299805e-01
9.992450475692749023e-01
9.982411861419677734e-01
9.988780617713928223e-01
9.851732850074768066e-01
9.737987518310546875e-01
9.962755441665649414e-01
9.986987113952636719e-01
9.999687075614929199e-01
9.967666864395141602e-01
9.959083795547485352e-01
9.880039691925048828e-01
9.921332597732543945e-01
9.992162585258483887e-01
9.988873600959777832e-01
9.937341213226318359e-01
9.971110820770263672e-01
9.937990903854370117e-01
9.973416924476623535e-01
9.983018636703491211e-01
9.986008405685424805e-01
9.918368458747863770e-01
9.968403577804565430e-01
9.874058365821838379e-01
9.900166392326354980e-01
9.982063174247741699e-01
9.981090426445007324e-01
9.986319541931152344e-01
9.737200736999511719e-01
9.982945919036865234e-01
9.959719777107238770e-01
9.894143939018249512e-01
9.837542176246643066e-01
9.927955269813537598e-01
9.985967874526977539e-01
9.944852590560913086e-01
9.702014923095703125e-01
9.965273737907409668e-01
9.973064064979553223e-01
9.964517951011657715e-01
9.953699111938476562e-01
9.989494681358337402e-01
9.979972243309020996e-01
9.981817603111267090e-01
9.934810400009155273e-01
9.944673776626586914e-01
9.990170598030090332e-01
9.966751933097839355e-01
9.989599585533142090e-01
9.961247444152832031e-01
9.962390065193176270e-01
9.980134367942810059e-01
9.930214881896972656e-01
9.991333484649658203e-01
9.962405562400817871e-01
9.951337575912475586e-01
9.867022633552551270e-01
9.973228573799133301e-01
9.968559145927429199e-01
9.987596273422241211e-01
9.992432594299316406e-01
9.929589629173278809e-01
9.978657960891723633e-01
9.985589385032653809e-01
9.971101880073547363e-01
9.953908324241638184e-01
9.950755834579467773e-01
9.954019188880920410e-01
9.799064993858337402e-01
9.980226159095764160e-01
9.980428814888000488e-01
9.984456300735473633e-01
9.905076622962951660e-01
9.866142272949218750e-01
9.982036352157592773e-01
9.989696145057678223e-01
9.977495670318603516e-01
9.930690526962280273e-01
9.957115054130554199e-01
9.960590004920959473e-01
9.873265027999877930e-01
9.899803400039672852e-01
9.969134926795959473e-01
9.971687793731689453e-01
9.992937445640563965e-01
9.997109174728393555e-01
9.873794317245483398e-01
9.956433773040771484e-01
9.921547770500183105e-01
9.972904324531555176e-01
9.833135604858398438e-01
9.970626831054687500e-01
9.923340082168579102e-01
9.983643293380737305e-01
9.988842010498046875e-01
9.970149993896484375e-01
9.994991421699523926e-01
9.995194077491760254e-01
9.866980910301208496e-01
9.940360784530639648e-01
9.992908835411071777e-01
9.983234405517578125e-01
9.977331757545471191e-01
9.991817474365234375e-01
9.955996870994567871e-01
9.993349313735961914e-01
9.993135929107666016e-01
9.970007538795471191e-01
9.884272217750549316e-01
9.993306994438171387e-01
9.812591075897216797e-01
9.990688562393188477e-01
9.992150068283081055e-01
9.969507455825805664e-01
9.953321218490600586e-01
9.921151995658874512e-01
9.985992312431335449e-01
9.917944669723510742e-01
9.906088113784790039e-01
9.986721873283386230e-01
9.829985499382019043e-01
9.982824325561523438e-01
9.967194199562072754e-01
9.999140501022338867e-01
9.980780482292175293e-01
9.944388866424560547e-01
9.965260624885559082e-01
9.956961870193481445e-01
9.894926548004150391e-01
9.986418485641479492e-01
9.983381628990173340e-01
9.992406368255615234e-01
9.966246485710144043e-01
9.978493452072143555e-01
9.981707334518432617e-01
9.989647269248962402e-01
9.832704663276672363e-01
9.970648288726806641e-01
9.976780414581298828e-01
9.966976642608642578e-01
9.981774687767028809e-01
9.972536563873291016e-01
9.973272085189819336e-01
9.919538497924804688e-01
9.992169141769409180e-01
9.987280368804931641e-01
9.977614879608154297e-01
9.991703033447265625e-01
9.950814843177795410e-01
9.942054748535156250e-01
9.980204701423645020e-01
9.953586459159851074e-01
9.961856603622436523e-01
9.940385818481445312e-01
9.821897149085998535e-01
9.856198430061340332e-01
9.948871135711669922e-01
9.963168501853942871e-01
9.992147684097290039e-01
9.937015771865844727e-01
9.986254572868347168e-01
9.993588924407958984e-01
9.822510480880737305e-01
9.980324506759643555e-01
9.910319447517395020e-01
9.993208050727844238e-01
9.931195974349975586e-01
9.884741902351379395e-01
9.927055239677429199e-01
9.919388294219970703e-01
9.978057742118835449e-01
9.956163167953491211e-01
9.957574605941772461e-01
9.926818013191223145e-01
9.983847141265869141e-01
9.934579133987426758e-01
9.977188706398010254e-01
9.961180686950683594e-01
9.989914894104003906e-01
9.983393549919128418e-01
9.984890222549438477e-01
9.985058903694152832e-01
9.999327063560485840e-01
9.915984272956848145e-01
9.982091188430786133e-01
9.974440336227416992e-01
9.966091513633728027e-01
9.972261190414428711e-01
9.985743761062622070e-01
9.981392621994018555e-01
9.925590157508850098e-01
9.987968206405639648e-01
9.985538125038146973e-01
9.929103255271911621e-01
9.919536709785461426e-01
9.846794605255126953e-01
9.942647218704223633e-01
9.884619712829589844e-01
9.890500307083129883e-01
9.995672702789306641e-01
9.936661124229431152e-01
9.990248084068298340e-01
9.993047118186950684e-01
9.919553399085998535e-01
9.942554831504821777e-01
9.992324113845825195e-01
9.994421601295471191e-01
9.977841973304748535e-01
9.994184970855712891e-01
9.982774257659912109e-01
9.855799674987792969e-01
9.914966225624084473e-01
9.980375766754150391e-01
9.661080837249755859e-01
9.980297088623046875e-01
9.927533864974975586e-01
9.989690184593200684e-01
9.993043541908264160e-01
9.927250742912292480e-01
9.869130849838256836e-01
9.992091655731201172e-01
9.963469505310058594e-01
9.992050528526306152e-01
9.997804164886474609e-01
9.994098544120788574e-01
9.909377694129943848e-01
9.898493885993957520e-01
9.890977740287780762e-01
9.978362321853637695e-01
9.919558167457580566e-01
9.973720908164978027e-01
9.923880100250244141e-01
9.916725754737854004e-01
9.966993927955627441e-01
9.988414645195007324e-01
9.954423308372497559e-01
9.996550083160400391e-01
9.915826916694641113e-01
9.980840086936950684e-01
9.973591566085815430e-01
9.966180324554443359e-01
9.973578453063964844e-01
9.991757273674011230e-01
9.969630837440490723e-01
9.970110058784484863e-01
9.975924491882324219e-01
9.822463989257812500e-01
9.970983862876892090e-01
9.959127902984619141e-01
9.983264207839965820e-01
9.979417324066162109e-01
9.993193745613098145e-01
9.973769187927246094e-01
9.983698129653930664e-01
9.957389235496520996e-01
9.886574149131774902e-01
9.967455267906188965e-01
9.985883235931396484e-01
9.986060261726379395e-01
9.970306158065795898e-01
9.945756793022155762e-01
9.925168752670288086e-01
9.981579780578613281e-01
9.991619586944580078e-01
9.926562905311584473e-01
9.949318766593933105e-01
9.947682619094848633e-01
9.979467391967773438e-01
9.937645196914672852e-01
9.872364401817321777e-01
9.763318896293640137e-01
9.993579387664794922e-01
9.924352169036865234e-01
9.979658126831054688e-01
9.989553689956665039e-01
9.939727783203125000e-01
9.982192516326904297e-01
9.993282556533813477e-01
9.985715746879577637e-01
9.991423487663269043e-01
9.933656454086303711e-01
9.960178136825561523e-01
9.995053410530090332e-01
9.998953342437744141e-01
9.954685568809509277e-01
9.990803599357604980e-01
9.742329716682434082e-01
9.734100699424743652e-01
9.827222824096679688e-01
9.970411658287048340e-01
9.977299571037292480e-01
9.953922629356384277e-01
9.977522492408752441e-01
9.986971616744995117e-01
9.960069060325622559e-01
9.953108429908752441e-01
9.984865188598632812e-01
9.843337535858154297e-01
9.955269694328308105e-01
9.987428784370422363e-01
9.934114217758178711e-01
9.989099502563476562e-01
9.968365430831909180e-01
9.954062104225158691e-01
9.986715316772460938e-01
9.990598559379577637e-01
9.977790713310241699e-01
9.981968998908996582e-01
9.983602166175842285e-01
9.952611327171325684e-01
9.566167593002319336e-01
9.748289585113525391e-01
9.967153668403625488e-01
9.973726272583007812e-01
9.865872263908386230e-01
9.989541172981262207e-01
9.973183870315551758e-01
9.966747760772705078e-01
9.892917871475219727e-01
9.990155696868896484e-01
9.947343468666076660e-01
9.953297972679138184e-01
9.867025613784790039e-01
9.987148642539978027e-01
9.940573573112487793e-01
9.893072247505187988e-01
9.932649731636047363e-01
9.973770380020141602e-01
9.982464313507080078e-01
9.988141655921936035e-01
9.958717226982116699e-01
9.925983548164367676e-01
9.977048039436340332e-01
9.982935786247253418e-01
9.934043884277343750e-01
9.588261842727661133e-01
9.892790317535400391e-01
9.937753677368164062e-01
9.939260482788085938e-01
9.958276748657226562e-01
9.833576679229736328e-01
9.987846016883850098e-01
9.967460632324218750e-01
9.992944002151489258e-01
9.976833462715148926e-01
9.954600930213928223e-01
9.982572197914123535e-01
9.979799985885620117e-01
9.989387392997741699e-01
9.978042244911193848e-01
9.973375797271728516e-01
9.963558316230773926e-01
9.960561394691467285e-01
9.889006614685058594e-01
9.970335364341735840e-01
9.988123774528503418e-01
9.922889471054077148e-01
9.981340765953063965e-01
9.959578514099121094e-01
9.841200113296508789e-01
9.860632419586181641e-01
9.995890259742736816e-01
9.970911741256713867e-01
9.980965852737426758e-01
9.941676855087280273e-01
9.955644607543945312e-01
9.958715438842773438e-01
9.940260052680969238e-01
9.968419075012207031e-01
9.993201494216918945e-01
9.974480271339416504e-01
9.972152709960937500e-01
9.954675436019897461e-01
9.993781447410583496e-01
9.932638406753540039e-01
9.992861747741699219e-01
9.971028566360473633e-01
9.909092783927917480e-01
9.951577782630920410e-01
9.980288743972778320e-01
9.977003335952758789e-01
9.843838214874267578e-01
9.938873648643493652e-01
9.804471135139465332e-01
9.978178143501281738e-01
9.999891519546508789e-01
9.884774684906005859e-01
9.937267899513244629e-01
9.882776141166687012e-01
9.981732368469238281e-01
9.995707869529724121e-01
9.882698059082031250e-01
9.913552999496459961e-01
9.991282224655151367e-01
9.911916255950927734e-01
9.981564879417419434e-01
9.917653799057006836e-01
9.931131005287170410e-01
9.897363185882568359e-01
9.981161355972290039e-01
9.976066350936889648e-01
9.990610480308532715e-01
9.919185042381286621e-01
9.985477328300476074e-01
9.991092681884765625e-01
9.888470172882080078e-01
9.992789030075073242e-01
9.936195611953735352e-01
9.980264902114868164e-01
9.922372102737426758e-01
9.865896701812744141e-01
9.908001422882080078e-01
9.959968328475952148e-01
9.705936908721923828e-01
9.968003630638122559e-01
9.880805015563964844e-01
9.918739199638366699e-01
9.772286415100097656e-01
9.979268312454223633e-01
9.956646561622619629e-01
9.983396530151367188e-01
9.975159168243408203e-01
9.988098144531250000e-01
9.920219779014587402e-01
9.878321290016174316e-01
9.959859251976013184e-01
9.953029751777648926e-01
9.976412653923034668e-01
9.993366599082946777e-01
9.970572590827941895e-01
9.614238739013671875e-01
9.888896346092224121e-01
9.833319187164306641e-01
9.947882890701293945e-01
9.967069625854492188e-01
9.981997609138488770e-01
9.970702528953552246e-01
9.956545829772949219e-01
9.941055178642272949e-01
9.900834560394287109e-01
9.984020590782165527e-01
9.987484216690063477e-01
9.994498491287231445e-01
9.966158270835876465e-01
9.983417391777038574e-01
9.992595911026000977e-01
9.993702173233032227e-01
9.957962632179260254e-01
9.945650696754455566e-01
9.885283112525939941e-01
9.970600605010986328e-01
9.943760037422180176e-01
9.980362653732299805e-01
9.833129644393920898e-01
9.995667338371276855e-01
9.786320328712463379e-01
9.997632503509521484e-01
9.826819300651550293e-01
9.988634586334228516e-01
9.971281290054321289e-01
9.923630952835083008e-01
9.910493493080139160e-01
9.986492395401000977e-01
9.900564551353454590e-01
9.978177547454833984e-01
9.979008436203002930e-01
9.993276000022888184e-01
9.922385811805725098e-01
9.979606866836547852e-01
9.947701692581176758e-01
9.929320216178894043e-01
9.970911741256713867e-01
9.945067763328552246e-01
9.988151192665100098e-01
9.946167469024658203e-01
9.971599578857421875e-01
9.994043707847595215e-01
9.980242252349853516e-01
9.978659749031066895e-01
9.942117333412170410e-01
9.928928017616271973e-01
9.991024732589721680e-01
9.871420264244079590e-01
9.973115324974060059e-01
9.937178492546081543e-01
9.971404075622558594e-01
9.944270849227905273e-01
9.984501004219055176e-01
9.987059831619262695e-01
9.945744276046752930e-01
9.985181689262390137e-01
9.936951994895935059e-01
9.982687830924987793e-01
9.982892870903015137e-01
9.992475509643554688e-01
9.966149926185607910e-01
9.944913983345031738e-01
9.982051849365234375e-01
9.990891814231872559e-01
9.992592930793762207e-01
9.979622364044189453e-01
9.976705312728881836e-01
9.995808601379394531e-01
9.997292757034301758e-01
9.955721497535705566e-01
9.983357787132263184e-01
9.934143424034118652e-01
9.948776364326477051e-01
9.893727302551269531e-01
9.950258135795593262e-01
9.891842007637023926e-01
9.901528358459472656e-01
9.968908429145812988e-01
9.980913400650024414e-01
9.954760670661926270e-01
9.989833235740661621e-01
9.859282374382019043e-01
9.942060708999633789e-01
9.887897968292236328e-01
9.933192729949951172e-01
9.930347800254821777e-01
9.922002553939819336e-01
9.993370175361633301e-01
9.977332353591918945e-01
9.989592432975769043e-01
9.990819692611694336e-01
9.916319847106933594e-01
9.957742094993591309e-01
9.939340353012084961e-01
9.970170855522155762e-01
9.852496981620788574e-01
9.907786846160888672e-01
9.990287423133850098e-01
9.956313967704772949e-01
9.980281591415405273e-01
9.873037338256835938e-01
9.910264015197753906e-01
9.932297468185424805e-01
9.979174733161926270e-01
9.972292780876159668e-01
9.956635832786560059e-01
9.971700310707092285e-01
9.887773394584655762e-01
9.929384589195251465e-01
9.997225403785705566e-01
9.964826703071594238e-01
9.994531869888305664e-01
9.964758753776550293e-01
9.963611960411071777e-01
9.993105530738830566e-01
9.801867604255676270e-01
9.993250370025634766e-01
9.980737566947937012e-01
9.945300221443176270e-01
9.989494681358337402e-01
9.971992969512939453e-01
9.780222773551940918e-01
9.979454278945922852e-01
9.947648644447326660e-01
9.991639852523803711e-01
9.879691600799560547e-01
9.877871274948120117e-01
9.995028972625732422e-01
9.947711229324340820e-01
9.955841898918151855e-01
9.981189370155334473e-01
9.969742894172668457e-01
9.946671128273010254e-01
9.992945194244384766e-01
9.979406595230102539e-01
9.979205131530761719e-01
9.965220689773559570e-01
9.993053674697875977e-01
9.996423125267028809e-01
9.993693232536315918e-01
9.981994032859802246e-01
9.934296607971191406e-01
9.951196908950805664e-01
9.953318834304809570e-01
9.882432818412780762e-01
9.925280213356018066e-01
9.947803020477294922e-01
9.987007975578308105e-01
9.965581297874450684e-01
9.966914057731628418e-01
9.988000988960266113e-01
9.985595345497131348e-01
9.971540570259094238e-01
9.989912509918212891e-01
9.955981373786926270e-01
9.907354116439819336e-01
9.983069300651550293e-01
9.984474182128906250e-01
9.959200024604797363e-01
9.989486336708068848e-01
9.978114962577819824e-01
9.992499947547912598e-01
9.877188801765441895e-01
9.773215055465698242e-01
9.947646260261535645e-01
9.990910887718200684e-01
9.981765747070312500e-01
9.895337820053100586e-01
9.947853684425354004e-01
9.915607571601867676e-01
9.860709309577941895e-01
9.922318458557128906e-01
9.912482500076293945e-01
9.949769377708435059e-01
9.972528219223022461e-01
9.978458285331726074e-01
9.918363690376281738e-01
9.934872984886169434e-01
9.981986880302429199e-01
9.965135455131530762e-01
9.993411898612976074e-01
9.958319664001464844e-01
9.963935017585754395e-01
9.941501021385192871e-01
9.949132800102233887e-01
9.834915995597839355e-01
9.985368847846984863e-01
9.979050159454345703e-01
9.968565106391906738e-01
9.968684911727905273e-01
9.972679615020751953e-01
9.925804138183593750e-01
9.993176460266113281e-01
9.998084902763366699e-01
9.971076250076293945e-01
9.982329607009887695e-01
9.942976832389831543e-01
9.944192171096801758e-01
9.935979843139648438e-01
9.978424310684204102e-01
9.990936517715454102e-01
9.992591738700866699e-01
9.944079518318176270e-01
9.660610556602478027e-01
9.914472699165344238e-01
9.915758371353149414e-01
9.923083782196044922e-01
9.967005252838134766e-01
9.946592450141906738e-01
9.959813356399536133e-01
9.816854596138000488e-01
9.960549473762512207e-01
9.976195096969604492e-01
9.976947903633117676e-01
9.991328120231628418e-01
9.987971186637878418e-01
9.981704354286193848e-01
9.872332811355590820e-01
9.954404234886169434e-01
9.944277405738830566e-01
9.936311841011047363e-01
9.929393529891967773e-01
9.927878379821777344e-01
9.875519871711730957e-01
9.983468055725097656e-01
9.963062405586242676e-01
9.650868177413940430e-01
9.993670582771301270e-01
9.961742162704467773e-01
9.973555803298950195e-01
9.977104067802429199e-01
9.989225268363952637e-01
9.979249238967895508e-01
9.975563883781433105e-01
9.988938570022583008e-01
9.981066584587097168e-01
9.988251924514770508e-01
9.979054331779479980e-01
9.874037504196166992e-01
9.957174658775329590e-01
9.963651299476623535e-01
9.998004436492919922e-01
9.939135909080505371e-01
9.975839257240295410e-01
9.965817332267761230e-01
9.982537031173706055e-01
9.927392005920410156e-01
9.990295767784118652e-01
9.982117414474487305e-01
9.998257756233215332e-01
9.992775917053222656e-01
9.973964691162109375e-01
9.975560903549194336e-01
9.972670674324035645e-01
9.829513430595397949e-01
9.769401550292968750e-01
9.941440224647521973e-01
9.982200264930725098e-01
9.966685771942138672e-01
9.992256164550781250e-01
9.968667626380920410e-01
9.993913173675537109e-01
9.997799992561340332e-01
9.783920049667358398e-01
9.931653141975402832e-01
9.970150589942932129e-01
9.910809397697448730e-01
9.984116554260253906e-01
9.928320646286010742e-01
9.870637059211730957e-01
9.967993497848510742e-01
9.990857839584350586e-01
9.945642352104187012e-01
9.942394495010375977e-01
9.990811347961425781e-01
9.944327473640441895e-01
9.985480904579162598e-01
9.980100989341735840e-01
9.933895468711853027e-01
9.815999269485473633e-01
9.988635182380676270e-01
9.898446202278137207e-01
9.937198758125305176e-01
9.849066734313964844e-01
9.926437735557556152e-01
9.999102950096130371e-01
9.991596341133117676e-01
9.949863553047180176e-01
9.971827268600463867e-01
9.919798374176025391e-01
9.912140369415283203e-01
9.992522001266479492e-01
9.982910156250000000e-01
9.994815587997436523e-01
