9.981548786163330078e-01
9.979624748229980469e-01
9.984558224678039551e-01
9.982035160064697266e-01
9.970696568489074707e-01
9.775593280792236328e-01
9.990369677543640137e-01
9.997314810752868652e-01
9.990665912628173828e-01
9.994206428527832031e-01
9.911493062973022461e-01
9.938755631446838379e-01
9.992182850837707520e-01
9.880511760711669922e-01
9.993962049484252930e-01
9.989595413208007812e-01
9.988670945167541504e-01
9.950335025787353516e-01
9.941319227218627930e-01
9.957267642021179199e-01
9.954238533973693848e-01
9.986655712127685547e-01
9.897373914718627930e-01
9.945576786994934082e-01
9.953258633613586426e-01
9.986638426780700684e-01
9.988475441932678223e-01
9.977360963821411133e-01
9.996222257614135742e-01
9.982026219367980957e-01
9.923392534255981445e-01
9.926335811614990234e-01
9.919093251228332520e-01
9.957955479621887207e-01
9.963405728340148926e-01
9.987316727638244629e-01
9.982879757881164551e-01
9.989793896675109863e-01
9.910565614700317383e-01
9.926735162734985352e-01
9.983441829681396484e-01
9.970669150352478027e-01
9.989156126976013184e-01
9.997765421867370605e-01
9.965947270393371582e-01
9.987635612487792969e-01
9.954079985618591309e-01
9.814305901527404785e-01
9.988177418708801270e-01
9.982286095619201660e-01
9.955167174339294434e-01
9.956161379814147949e-01
9.959649443626403809e-01
9.941309690475463867e-01
9.962791800498962402e-01
9.975017905235290527e-01
9.976817965507507324e-01
9.953191280364990234e-01
9.998912811279296875e-01
9.995070099830627441e-01
9.937576055526733398e-01
9.966440200805664062e-01
9.894025921821594238e-01
9.981262087821960449e-01
9.983216524124145508e-01
9.969558715820312500e-01
9.938754439353942871e-01
9.980273246765136719e-01
9.970353245735168457e-01
9.976685643196105957e-01
9.930487871170043945e-01
9.995824694633483887e-01
9.985765218734741211e-01
9.967836737632751465e-01
9.773927330970764160e-01
9.976835250854492188e-01
9.961204528808593750e-01
9.950727224349975586e-01
9.918933510780334473e-01
9.846248030662536621e-01
9.958026409149169922e-01
9.915261864662170410e-01
9.983968138694763184e-01
9.985139369964599609e-01
9.979693889617919922e-01
9.999693036079406738e-01
9.979277849197387695e-01
9.981487393379211426e-01
9.964811801910400391e-01
9.996684789657592773e-01
9.963394403457641602e-01
9.963863492012023926e-01
9.977792501449584961e-01
9.142088294029235840e-01
9.451123476028442383e-01
9.996460080146789551e-01
9.935733675956726074e-01
9.933965802192687988e-01
9.990778565406799316e-01
9.890616536140441895e-01
9.939368963241577148e-01
9.962384104728698730e-01
9.961324334144592285e-01
9.966059327125549316e-01
9.940858483314514160e-01
9.990592598915100098e-01
9.968207478523254395e-01
9.975684285163879395e-01
9.980271458625793457e-01
9.977545738220214844e-01
9.975252151489257812e-01
9.893960356712341309e-01
9.983471035957336426e-01
9.951568245887756348e-01
9.992753863334655762e-01
9.981424212455749512e-01
9.984201788902282715e-01
9.991007447242736816e-01
9.987372756004333496e-01
9.969927668571472168e-01
9.986372590065002441e-01
9.882274866104125977e-01
9.918145537376403809e-01
9.999703168869018555e-01
9.989892244338989258e-01
9.986245036125183105e-01
9.872429966926574707e-01
9.949581623077392578e-01
9.991245865821838379e-01
9.991154074668884277e-01
9.662787914276123047e-01
9.999925494194030762e-01
9.974393844604492188e-01
9.984505176544189453e-01
9.966389536857604980e-01
9.978495240211486816e-01
9.912090897560119629e-01
9.968107938766479492e-01
9.946746826171875000e-01
9.947041273117065430e-01
9.982848763465881348e-01
9.990215897560119629e-01
9.966417551040649414e-01
9.964480400085449219e-01
9.937289357185363770e-01
9.983448982238769531e-01
9.953550100326538086e-01
9.995829463005065918e-01
9.920365214347839355e-01
9.884878993034362793e-01
9.911917448043823242e-01
9.957950711250305176e-01
9.973094463348388672e-01
9.841742515563964844e-01
9.995303153991699219e-01
9.974487423896789551e-01
9.986788630485534668e-01
9.964797496795654297e-01
9.962850809097290039e-01
9.991872906684875488e-01
9.952239990234375000e-01
9.952386021614074707e-01
9.974069595336914062e-01
9.958811402320861816e-01
9.979042410850524902e-01
9.999723434448242188e-01
9.959585070610046387e-01
9.889168739318847656e-01
9.925437569618225098e-01
9.990420341491699219e-01
9.937422871589660645e-01
9.970829486846923828e-01
9.987509846687316895e-01
9.992944002151489258e-01
9.969685673713684082e-01
9.975127577781677246e-01
9.915660023689270020e-01
9.887678027153015137e-01
9.980151057243347168e-01
9.881656765937805176e-01
9.991198182106018066e-01
9.945760965347290039e-01
9.990490674972534180e-01
9.990774393081665039e-01
9.995681643486022949e-01
9.986936450004577637e-01
9.983705878257751465e-01
9.971414804458618164e-01
9.967203140258789062e-01
9.991942644119262695e-01
9.988379478454589844e-01
9.968503117561340332e-01
9.947733879089355469e-01
9.976394772529602051e-01
9.993519783020019531e-01
9.993799924850463867e-01
9.917808175086975098e-01
9.349851608276367188e-01
9.933993220329284668e-01
9.980835318565368652e-01
9.956722855567932129e-01
9.740924835205078125e-01
9.997171163558959961e-01
9.963667392730712891e-01
9.953365921974182129e-01
9.982174634933471680e-01
9.953508973121643066e-01
9.981310367584228516e-01
9.995869994163513184e-01
9.906896352767944336e-01
9.985023140907287598e-01
9.951211214065551758e-01
9.940888285636901855e-01
9.871038198471069336e-01
9.976384043693542480e-01
9.952737689018249512e-01
9.951145052909851074e-01
9.937275052070617676e-01
9.918423295021057129e-01
9.991962909698486328e-01
9.960438609123229980e-01
9.991695880889892578e-01
9.979772567749023438e-01
9.956426620483398438e-01
9.904923439025878906e-01
9.969455003738403320e-01
9.991617798805236816e-01
9.764137864112854004e-01
9.996030330657958984e-01
9.902116060256958008e-01
9.964523911476135254e-01
9.956749081611633301e-01
9.970552921295166016e-01
9.997493624687194824e-01
9.934920072555541992e-01
9.813864827156066895e-01
9.971151947975158691e-01
9.983674287796020508e-01
9.923816323280334473e-01
9.989660382270812988e-01
9.973964095115661621e-01
9.911500215530395508e-01
9.907829761505126953e-01
9.968494176864624023e-01
9.994847774505615234e-01
9.982540607452392578e-01
9.962225556373596191e-01
9.975183606147766113e-01
9.991731047630310059e-01
9.914640784263610840e-01
9.883028864860534668e-01
9.990308284759521484e-01
9.940058588981628418e-01
9.985529184341430664e-01
9.937705993652343750e-01
9.889865517616271973e-01
9.994431734085083008e-01
9.986281394958496094e-01
9.924330115318298340e-01
9.976122379302978516e-01
9.997497200965881348e-01
9.883257150650024414e-01
9.978113174438476562e-01
9.990820288658142090e-01
9.974790215492248535e-01
9.908916354179382324e-01
9.907162189483642578e-01
9.999596476554870605e-01
9.971846938133239746e-01
9.866836071014404297e-01
9.986055493354797363e-01
9.998865723609924316e-01
9.965966343879699707e-01
9.949530363082885742e-01
9.920684695243835449e-01
9.948251843452453613e-01
9.991357922554016113e-01
9.991406202316284180e-01
9.990538954734802246e-01
9.896869659423828125e-01
9.977583885192871094e-01
9.987950921058654785e-01
9.989160299301147461e-01
9.992530345916748047e-01
9.990626573562622070e-01
9.971640110015869141e-01
9.991334080696105957e-01
9.894853234291076660e-01
9.984119534492492676e-01
9.995701909065246582e-01
9.976857900619506836e-01
9.925774931907653809e-01
9.995501041412353516e-01
9.997132420539855957e-01
9.985110163688659668e-01
9.966969490051269531e-01
9.928243756294250488e-01
9.953678250312805176e-01
9.984397888183593750e-01
9.968544840812683105e-01
9.990903139114379883e-01
9.991529583930969238e-01
9.962854385375976562e-01
9.973942637443542480e-01
9.951914548873901367e-01
9.934067726135253906e-01
9.963330626487731934e-01
9.795526862144470215e-01
9.927620291709899902e-01
9.982198476791381836e-01
9.978623390197753906e-01
9.939520955085754395e-01
9.823506474494934082e-01
9.687759876251220703e-01
9.986125826835632324e-01
9.990442991256713867e-01
9.989514350891113281e-01
9.960323572158813477e-01
9.950823783874511719e-01
9.980996251106262207e-01
9.970453977584838867e-01
9.985529184341430664e-01
9.915800094604492188e-01
9.995313286781311035e-01
9.968929290771484375e-01
9.993834495544433594e-01
9.970988631248474121e-01
9.906085133552551270e-01
9.999001026153564453e-01
9.994266033172607422e-01
9.970709085464477539e-01
9.993143081665039062e-01
9.963456392288208008e-01
9.982773065567016602e-01
9.987001419067382812e-01
9.985911846160888672e-01
9.963542819023132324e-01
9.952444434165954590e-01
9.936396479606628418e-01
9.929955601692199707e-01
9.976966381072998047e-01
9.985015392303466797e-01
9.964898824691772461e-01
9.983492493629455566e-01
9.991801381111145020e-01
9.977096915245056152e-01
9.980586767196655273e-01
9.959207773208618164e-01
9.934714436531066895e-01
9.811475276947021484e-01
9.968866109848022461e-01
9.884225726127624512e-01
9.992737174034118652e-01
9.988322854042053223e-01
9.965739846229553223e-01
9.990402460098266602e-01
9.944297075271606445e-01
9.807412624359130859e-01
9.978455901145935059e-01
9.990489482879638672e-01
9.965996742248535156e-01
9.979432821273803711e-01
9.977475404739379883e-01
9.988895654678344727e-01
9.982607364654541016e-01
9.979898333549499512e-01
9.986148476600646973e-01
9.986740350723266602e-01
9.920780062675476074e-01
9.992968440055847168e-01
9.964963793754577637e-01
9.991992712020874023e-01
9.962484836578369141e-01
9.983045458793640137e-01
9.937378764152526855e-01
9.940914511680603027e-01
9.986416697502136230e-01
9.846751689910888672e-01
9.965356588363647461e-01
9.989280700683593750e-01
9.981450438499450684e-01
9.990442395210266113e-01
9.988256692886352539e-01
9.954736828804016113e-01
9.976652860641479492e-01
9.996192455291748047e-01
9.972934126853942871e-01
9.987831115722656250e-01
9.970288276672363281e-01
9.951076507568359375e-01
9.984897971153259277e-01
9.987918138504028320e-01
9.994000792503356934e-01
9.965444803237915039e-01
9.981516599655151367e-01
9.980428218841552734e-01
9.958192110061645508e-01
9.984232783317565918e-01
9.979903101921081543e-01
9.981518983840942383e-01
9.980278015136718750e-01
9.991921782493591309e-01
9.981357455253601074e-01
9.993851184844970703e-01
9.895400404930114746e-01
9.985809326171875000e-01
9.990916252136230469e-01
9.982522130012512207e-01
9.959286451339721680e-01
9.986919760704040527e-01
9.993363618850708008e-01
9.980776906013488770e-01
9.979583621025085449e-01
9.966760277748107910e-01
9.966129064559936523e-01
9.979824423789978027e-01
9.949449896812438965e-01
9.939447641372680664e-01
9.981390833854675293e-01
9.942059516906738281e-01
9.961181879043579102e-01
9.863237142562866211e-01
9.986760020256042480e-01
9.706795811653137207e-01
9.944431185722351074e-01
9.997930526733398438e-01
9.928531646728515625e-01
9.981675744056701660e-01
9.987699389457702637e-01
9.970811009407043457e-01
9.962490797042846680e-01
9.767910838127136230e-01
9.986279010772705078e-01
9.967305064201354980e-01
9.949240684509277344e-01
9.886363148689270020e-01
9.950971603393554688e-01
9.957150220870971680e-01
9.821536540985107422e-01
9.946010708808898926e-01
9.983981847763061523e-01
9.991289973258972168e-01
9.948390722274780273e-01
9.993661046028137207e-01
9.895079731941223145e-01
9.949042797088623047e-01
9.938510060310363770e-01
9.972251057624816895e-01
9.959188103675842285e-01
9.960312843322753906e-01
9.969049692153930664e-01
9.992383718490600586e-01
9.999082684516906738e-01
9.993463158607482910e-01
9.946861267089843750e-01
9.921196103096008301e-01
9.994685649871826172e-01
9.983652234077453613e-01
9.968230724334716797e-01
9.912053346633911133e-01
9.969491958618164062e-01
9.990396499633789062e-01
9.940580129623413086e-01
9.962258934974670410e-01
9.947949051856994629e-01
9.995012283325195312e-01
9.946882128715515137e-01
9.906698465347290039e-01
9.968140125274658203e-01
9.959952831268310547e-01
9.978577494621276855e-01
9.984322190284729004e-01
9.986438751220703125e-01
9.986607432365417480e-01
9.954624772071838379e-01
9.989130496978759766e-01
9.981189370155334473e-01
9.942436218261718750e-01
9.820435047149658203e-01
9.985724687576293945e-01
9.979531764984130859e-01
9.998056888580322266e-01
9.917299151420593262e-01
9.965788722038269043e-01
9.888083338737487793e-01
9.979323744773864746e-01
9.954035282135009766e-01
9.956528544425964355e-01
9.970841407775878906e-01
9.957602024078369141e-01
9.979473352432250977e-01
9.967136979103088379e-01
9.997702836990356445e-01
9.943097829818725586e-01
9.948641657829284668e-01
9.929487109184265137e-01
9.913420081138610840e-01
9.877615571022033691e-01
9.990624189376831055e-01
9.988306164741516113e-01
9.977049827575683594e-01
9.987591505050659180e-01
9.983475804328918457e-01
9.974824786186218262e-01
9.967200160026550293e-01
9.990693330764770508e-01
9.925414323806762695e-01
9.996587038040161133e-01
9.942930936813354492e-01
9.975234866142272949e-01
9.897141456604003906e-01
9.991508126258850098e-01
9.961486458778381348e-01
9.933474063873291016e-01
9.995056986808776855e-01
9.985265731811523438e-01
9.993734955787658691e-01
9.974421262741088867e-01
9.916867613792419434e-01
9.979459643363952637e-01
9.917945265769958496e-01
9.975518584251403809e-01
9.934999942779541016e-01
9.755160808563232422e-01
9.963693618774414062e-01
9.881187677383422852e-01
9.969956278800964355e-01
9.947018623352050781e-01
9.973801970481872559e-01
9.988899827003479004e-01
9.986987709999084473e-01
9.936403632164001465e-01
9.989242553710937500e-01
9.949298501014709473e-01
9.986132383346557617e-01
9.978584051132202148e-01
9.991109371185302734e-01
9.909127354621887207e-01
9.990653395652770996e-01
9.672818183898925781e-01
9.950165748596191406e-01
9.983463883399963379e-01
9.950497150421142578e-01
9.974285364151000977e-01
9.970365762710571289e-01
9.972844719886779785e-01
9.989637732505798340e-01
9.966296553611755371e-01
9.980818033218383789e-01
9.984037280082702637e-01
9.988638758659362793e-01
9.995851516723632812e-01
9.992005825042724609e-01
9.944764375686645508e-01
9.947478175163269043e-01
9.987710118293762207e-01
9.958213567733764648e-01
9.980049729347229004e-01
9.990205764770507812e-01
9.982824921607971191e-01
9.982046484947204590e-01
9.997068643569946289e-01
9.917689561843872070e-01
9.914062023162841797e-01
9.969032406806945801e-01
9.958094954490661621e-01
9.935477375984191895e-01
9.927653670310974121e-01
9.984357357025146484e-01
9.860949516296386719e-01
9.946448802947998047e-01
9.969213604927062988e-01
9.991039037704467773e-01
9.951038360595703125e-01
9.911195039749145508e-01
9.914469718933105469e-01
9.969947934150695801e-01
9.992521405220031738e-01
9.998035430908203125e-01
9.990952014923095703e-01
9.939532876014709473e-01
9.974310398101806641e-01
9.990927577018737793e-01
9.982041716575622559e-01
9.980772733688354492e-01
9.894499182701110840e-01
9.793125391006469727e-01
9.949167370796203613e-01
9.986467361450195312e-01
9.999591112136840820e-01
9.933457970619201660e-01
9.940902590751647949e-01
9.905321002006530762e-01
9.932115674018859863e-01
9.981216788291931152e-01
9.993624687194824219e-01
9.981923103332519531e-01
9.929260611534118652e-01
9.978322982788085938e-01
9.971607327461242676e-01
9.981143474578857422e-01
9.976801276206970215e-01
9.968880414962768555e-01
9.983423352241516113e-01
9.924467802047729492e-01
9.864631295204162598e-01
9.968817830085754395e-01
9.986163377761840820e-01
9.987447857856750488e-01
9.890556931495666504e-01
9.986883401870727539e-01
9.964345097541809082e-01
9.958387613296508789e-01
9.820460677146911621e-01
9.918109178543090820e-01
9.988106489181518555e-01
9.974339604377746582e-01
9.859400987625122070e-01
9.980775713920593262e-01
9.972146153450012207e-01
9.963772892951965332e-01
9.925510287284851074e-01
9.995852112770080566e-01
9.978678226470947266e-01
9.975289106369018555e-01
9.959900379180908203e-01
9.954739212989807129e-01
9.982088208198547363e-01
9.956115484237670898e-01
9.994103908538818359e-01
9.966958165168762207e-01
9.951731562614440918e-01
9.989328980445861816e-01
9.955354928970336914e-01
9.996381402015686035e-01
9.975010156631469727e-01
9.975059032440185547e-01
9.938977360725402832e-01
9.992266297340393066e-01
9.976321458816528320e-01
9.981048703193664551e-01
9.991039037704467773e-01
9.939829707145690918e-01
9.984965324401855469e-01
9.988473057746887207e-01
9.881513714790344238e-01
9.958905577659606934e-01
9.970118999481201172e-01
9.966120123863220215e-01
9.777134656906127930e-01
9.983776211738586426e-01
9.985763430595397949e-01
9.991644620895385742e-01
9.906704425811767578e-01
9.988055825233459473e-01
9.979938864707946777e-01
9.990003705024719238e-01
9.954967498779296875e-01
9.942827224731445312e-01
9.962852597236633301e-01
9.969824552536010742e-01
9.763197898864746094e-01
9.909862875938415527e-01
9.952389001846313477e-01
9.986681938171386719e-01
9.987216591835021973e-01
9.998734593391418457e-01
9.947011470794677734e-01
9.968240857124328613e-01
9.960332512855529785e-01
9.964345097541809082e-01
9.793490171432495117e-01
9.964181184768676758e-01
9.962737560272216797e-01
9.986678957939147949e-01
9.993551373481750488e-01
9.954354166984558105e-01
9.999071359634399414e-01
9.998437762260437012e-01
9.802289605140686035e-01
9.944148063659667969e-01
9.988114237785339355e-01
9.986777305603027344e-01
9.988303780555725098e-01
9.988787174224853516e-01
9.949905872344970703e-01
9.992423057556152344e-01
9.992809891700744629e-01
9.942740797996520996e-01
9.989088177680969238e-01
9.993118643760681152e-01
9.859582185745239258e-01
9.999006390571594238e-01
9.994675517082214355e-01
9.982162117958068848e-01
9.948989748954772949e-01
9.993678331375122070e-01
9.984607696533203125e-01
9.911587238311767578e-01
9.922737479209899902e-01
9.991843700408935547e-01
9.807920455932617188e-01
9.981098771095275879e-01
9.968286156654357910e-01
9.991927742958068848e-01
9.989224076271057129e-01
9.924506545066833496e-01
9.950616955757141113e-01
9.966734647750854492e-01
9.937574267387390137e-01
9.983532428741455078e-01
9.995356202125549316e-01
9.992873668670654297e-01
9.974013566970825195e-01
9.978576302528381348e-01
9.981255531311035156e-01
9.983850717544555664e-01
9.955644011497497559e-01
9.961067438125610352e-01
9.993706941604614258e-01
9.968605041503906250e-01
9.988844394683837891e-01
9.979808926582336426e-01
9.971994161605834961e-01
9.969342350959777832e-01
9.990941286087036133e-01
9.983525276184082031e-01
9.985256791114807129e-01
9.982191920280456543e-01
9.942256808280944824e-01
9.979266524314880371e-01
9.985690712928771973e-01
9.954797625541687012e-01
9.977257847785949707e-01
9.962657094001770020e-01
9.932935237884521484e-01
9.904688000679016113e-01
9.931783080101013184e-01
9.979978799819946289e-01
9.990605711936950684e-01
9.986029267311096191e-01
9.986892938613891602e-01
9.991756677627563477e-01
9.779357314109802246e-01
9.996833801269531250e-01
9.932026863098144531e-01
9.990749359130859375e-01
9.943584799766540527e-01
9.885219335556030273e-01
9.930922389030456543e-01
9.923679828643798828e-01
9.975134134292602539e-01
9.984099268913269043e-01
9.987516999244689941e-01
9.919877648353576660e-01
9.986897110939025879e-01
9.973571300506591797e-01
9.979488849639892578e-01
9.995231032371520996e-01
9.973031878471374512e-01
9.981742501258850098e-01
9.973584413528442383e-01
9.972031712532043457e-01
9.999850392341613770e-01
9.972339868545532227e-01
9.990662336349487305e-01
9.974204897880554199e-01
9.968426227569580078e-01
9.964731335639953613e-01
9.985371232032775879e-01
9.981061220169067383e-01
9.959312081336975098e-01
9.991892576217651367e-01
9.982401728630065918e-01
9.981548190116882324e-01
9.911792278289794922e-01
9.860602617263793945e-01
9.926635026931762695e-01
9.870128631591796875e-01
9.867932796478271484e-01
9.993539452552795410e-01
9.938614964485168457e-01
9.981533288955688477e-01
9.992667436599731445e-01
9.888309836387634277e-01
9.974266886711120605e-01
9.997600317001342773e-01
9.999694228172302246e-01
9.985566139221191406e-01
9.998583793640136719e-01
9.986459612846374512e-01
9.921991229057312012e-01
9.837503433227539062e-01
9.993265867233276367e-01
9.608600139617919922e-01
9.908819198608398438e-01
9.932478070259094238e-01
9.988524913787841797e-01
9.991658926010131836e-01
9.879125952720642090e-01
9.763913154602050781e-01
9.969668388366699219e-01
9.977580904960632324e-01
9.992336630821228027e-01
9.994555115699768066e-01
9.991601705551147461e-01
9.908040165901184082e-01
9.962853193283081055e-01
9.877023696899414062e-01
9.994142055511474609e-01
9.934525489807128906e-01
9.978064894676208496e-01
9.923583865165710449e-01
9.825946688652038574e-01
9.954299926757812500e-01
9.987472295761108398e-01
9.971109628677368164e-01
9.999613165855407715e-01
9.944251179695129395e-01
9.987105131149291992e-01
9.964452385902404785e-01
9.952031373977661133e-01
9.967079758644104004e-01
9.993755221366882324e-01
9.969684481620788574e-01
9.953936934471130371e-01
9.982407093048095703e-01
9.794943928718566895e-01
9.957227110862731934e-01
9.965242743492126465e-01
9.993215799331665039e-01
9.980103969573974609e-01
9.994343519210815430e-01
9.982062578201293945e-01
9.976505637168884277e-01
9.948728084564208984e-01
9.942489266395568848e-01
9.996991157531738281e-01
9.987772107124328613e-01
9.985658526420593262e-01
9.939028620719909668e-01
9.960781931877136230e-01
9.958754777908325195e-01
9.993614554405212402e-01
9.992610812187194824e-01
9.984637498855590820e-01
9.965904951095581055e-01
9.952242970466613770e-01
9.933257102966308594e-01
9.972103834152221680e-01
9.925612807273864746e-01
9.920470714569091797e-01
9.997065067291259766e-01
9.970268607139587402e-01
9.980510473251342773e-01
9.992754459381103516e-01
9.943253993988037109e-01
9.984905123710632324e-01
9.983325600624084473e-01
9.983837604522705078e-01
9.996936321258544922e-01
9.955963492393493652e-01
9.973571896553039551e-01
9.993777275085449219e-01
9.999957680702209473e-01
9.882353544235229492e-01
9.991835355758666992e-01
9.737465977668762207e-01
9.832957386970520020e-01
9.853851199150085449e-01
9.940508008003234863e-01
9.978738427162170410e-01
9.868757128715515137e-01
9.983718991279602051e-01
9.987674951553344727e-01
9.953099489212036133e-01
9.972390532493591309e-01
9.990590810775756836e-01
9.860094785690307617e-01
9.935457706451416016e-01
9.989446997642517090e-01
9.925884008407592773e-01
9.983045458793640137e-01
9.975156784057617188e-01
9.973908066749572754e-01
9.985062479972839355e-01
9.990037083625793457e-01
9.989131689071655273e-01
9.970276355743408203e-01
9.981558322906494141e-01
9.877597689628601074e-01
9.971054792404174805e-01
9.937254786491394043e-01
9.992179274559020996e-01
9.982198476791381836e-01
9.894964694976806641e-01
9.960242509841918945e-01
9.979553222656250000e-01
9.973787665367126465e-01
9.948710203170776367e-01
9.999409317970275879e-01
9.914942979812622070e-01
9.966713786125183105e-01
9.963244795799255371e-01
9.992255568504333496e-01
9.942321777343750000e-01
9.898487329483032227e-01
9.939150214195251465e-01
9.966311454772949219e-01
9.961804151535034180e-01
9.997394680976867676e-01
9.980732798576354980e-01
9.951927661895751953e-01
9.992628097534179688e-01
9.978376030921936035e-01
9.954435825347900391e-01
9.928284883499145508e-01
9.909754991531372070e-01
9.945164322853088379e-01
9.952219724655151367e-01
9.998179674148559570e-01
9.829917550086975098e-01
9.989050626754760742e-01
9.969877600669860840e-01
9.986756443977355957e-01
9.982971549034118652e-01
9.872695803642272949e-01
9.992679953575134277e-01
9.978712797164916992e-01
9.990161061286926270e-01
9.980379343032836914e-01
9.978691935539245605e-01
9.973147511482238770e-01
9.939394593238830566e-01
9.953927993774414062e-01
9.989591240882873535e-01
9.977172613143920898e-01
9.962514042854309082e-01
9.979545474052429199e-01
9.978861808776855469e-01
9.966336488723754883e-01
9.947006106376647949e-01
9.993063211441040039e-01
9.967506527900695801e-01
9.990703463554382324e-01
9.946184754371643066e-01
9.956066608428955078e-01
9.945936799049377441e-01
9.980271458625793457e-01
9.983920454978942871e-01
9.991351962089538574e-01
9.988662004470825195e-01
9.957252144813537598e-01
9.968606829643249512e-01
9.985301494598388672e-01
9.935250282287597656e-01
9.990563392639160156e-01
9.948918819427490234e-01
9.903401136398315430e-01
9.923321604728698730e-01
9.978617429733276367e-01
9.987782835960388184e-01
9.777492880821228027e-01
9.986517429351806641e-01
9.295732378959655762e-01
9.991469979286193848e-01
9.999850392341613770e-01
9.943174123764038086e-01
9.935966730117797852e-01
9.973122477531433105e-01
9.982606768608093262e-01
9.996539354324340820e-01
9.912328720092773438e-01
9.902400374412536621e-01
9.996216893196105957e-01
9.788891673088073730e-01
9.982478618621826172e-01
9.911344647407531738e-01
9.985203146934509277e-01
9.483501911163330078e-01
9.942501187324523926e-01
9.985504746437072754e-01
9.987089037895202637e-01
9.578429460525512695e-01
9.963668584823608398e-01
9.983165264129638672e-01
9.971020221710205078e-01
9.992257952690124512e-01
9.839054346084594727e-01
9.973670840263366699e-01
9.972487688064575195e-01
9.803468585014343262e-01
9.900756478309631348e-01
9.984788298606872559e-01
9.887632727622985840e-01
9.978306293487548828e-01
9.905628561973571777e-01
9.951967597007751465e-01
9.677214026451110840e-01
9.976233839988708496e-01
9.960479140281677246e-01
9.986850619316101074e-01
9.984188079833984375e-01
9.994804859161376953e-01
9.935709834098815918e-01
9.836283922195434570e-01
9.967966079711914062e-01
9.960212707519531250e-01
9.894523620605468750e-01
9.998046159744262695e-01
9.982014298439025879e-01
9.641540050506591797e-01
9.906568527221679688e-01
9.898863434791564941e-01
9.984511733055114746e-01
9.985468983650207520e-01
9.995949864387512207e-01
9.968705177307128906e-01
9.964113831520080566e-01
9.907432794570922852e-01
9.922950267791748047e-01
9.987745881080627441e-01
9.980925321578979492e-01
9.996913075447082520e-01
9.980574250221252441e-01
9.981938600540161133e-01
9.982853531837463379e-01
9.993780851364135742e-01
9.962929487228393555e-01
9.967679381370544434e-01
9.875548481941223145e-01
9.973768591880798340e-01
9.970389604568481445e-01
9.976459145545959473e-01
9.858924746513366699e-01
9.994389414787292480e-01
9.816585183143615723e-01
9.987999200820922852e-01
9.962952136993408203e-01
9.959616065025329590e-01
9.979158639907836914e-01
9.973508715629577637e-01
9.983066320419311523e-01
9.984218478202819824e-01
9.889340996742248535e-01
9.991794228553771973e-01
9.978796243667602539e-01
9.994443058967590332e-01
9.932433962821960449e-01
9.960027337074279785e-01
9.953289031982421875e-01
9.924758076667785645e-01
9.990642666816711426e-01
9.935348629951477051e-01
9.983025193214416504e-01
9.960818886756896973e-01
9.964001774787902832e-01
9.998410344123840332e-01
9.880123734474182129e-01
9.954948425292968750e-01
9.980439543724060059e-01
9.973616003990173340e-01
9.981138110160827637e-01
9.904655218124389648e-01
9.969499707221984863e-01
9.981359243392944336e-01
9.978916049003601074e-01
9.949617385864257812e-01
9.986436367034912109e-01
9.983847737312316895e-01
9.962831735610961914e-01
9.986885190010070801e-01
9.954149723052978516e-01
9.985475540161132812e-01
9.995486140251159668e-01
9.985370635986328125e-01
9.984881877899169922e-01
9.957755208015441895e-01
9.985242486000061035e-01
9.986309409141540527e-01
9.984243512153625488e-01
9.987136125564575195e-01
9.977232813835144043e-01
9.995653629302978516e-01
9.994958639144897461e-01
9.975831508636474609e-01
9.970915913581848145e-01
9.964427947998046875e-01
9.961199164390563965e-01
9.913200736045837402e-01
9.982751607894897461e-01
9.980775713920593262e-01
9.928668737411499023e-01
9.970729947090148926e-01
9.987413287162780762e-01
9.968680143356323242e-01
9.993432760238647461e-01
9.837761521339416504e-01
9.958602786064147949e-01
9.947664737701416016e-01
9.922574162483215332e-01
9.977555871009826660e-01
9.860367178916931152e-01
9.992748498916625977e-01
9.993117451667785645e-01
9.992304444313049316e-01
9.992371201515197754e-01
9.941247105598449707e-01
9.986127018928527832e-01
9.956437349319458008e-01
9.954647421836853027e-01
9.942383766174316406e-01
9.936023354530334473e-01
9.993636608123779297e-01
9.946537613868713379e-01
9.977361559867858887e-01
9.971829652786254883e-01
9.971559047698974609e-01
9.942580461502075195e-01
9.988746047019958496e-01
9.973961114883422852e-01
9.970435500144958496e-01
9.935832619667053223e-01
9.951320886611938477e-01
9.941927194595336914e-01
9.996402859687805176e-01
9.962823987007141113e-01
9.999086260795593262e-01
9.969065785408020020e-01
9.957440495491027832e-01
9.991099238395690918e-01
9.983919262886047363e-01
9.992346167564392090e-01
9.980823397636413574e-01
9.942255616188049316e-01
9.989197850227355957e-01
9.983056187629699707e-01
9.889094233512878418e-01
9.975829720497131348e-01
9.940587878227233887e-01
9.994570016860961914e-01
9.923512339591979980e-01
9.872426986694335938e-01
9.945912361145019531e-01
9.948670268058776855e-01
9.974243044853210449e-01
9.987703561782836914e-01
9.976984262466430664e-01
9.938243627548217773e-01
9.991728663444519043e-01
9.980483651161193848e-01
9.987655282020568848e-01
9.965454339981079102e-01
9.991658329963684082e-01
9.980247020721435547e-01
9.983345866203308105e-01
9.980999827384948730e-01
9.928972125053405762e-01
9.980370402336120605e-01
9.953942894935607910e-01
9.946480393409729004e-01
9.952430725097656250e-01
9.964637756347656250e-01
9.983890652656555176e-01
9.942801594734191895e-01
9.971943497657775879e-01
9.984496831893920898e-01
9.995366930961608887e-01
9.949136972427368164e-01
9.996317028999328613e-01
9.952298402786254883e-01
9.954804778099060059e-01
9.978399872779846191e-01
9.994724988937377930e-01
9.977192282676696777e-01
9.986797571182250977e-01
9.985674023628234863e-01
9.989852905273437500e-01
9.936503767967224121e-01
9.932678937911987305e-01
9.958277940750122070e-01
9.989871382713317871e-01
9.965299367904663086e-01
9.903753399848937988e-01
9.918445944786071777e-01
9.931858777999877930e-01
9.934049248695373535e-01
9.970089197158813477e-01
9.935389757156372070e-01
9.951330423355102539e-01
9.986969828605651855e-01
9.989520907402038574e-01
9.961231946945190430e-01
9.954994916915893555e-01
9.991934299468994141e-01
9.964575171470642090e-01
9.991921782493591309e-01
9.957016110420227051e-01
9.923964738845825195e-01
9.938561916351318359e-01
9.964395761489868164e-01
9.849205017089843750e-01
9.992166161537170410e-01
9.975157380104064941e-01
9.951206445693969727e-01
9.966333508491516113e-01
9.971387386322021484e-01
9.949084520339965820e-01
9.989115595817565918e-01
9.994986653327941895e-01
9.970363974571228027e-01
9.995617270469665527e-01
9.973742961883544922e-01
9.952992200851440430e-01
9.950239062309265137e-01
9.974003434181213379e-01
9.985170364379882812e-01
9.998386502265930176e-01
9.974687695503234863e-01
9.855957627296447754e-01
9.931485652923583984e-01
9.976153373718261719e-01
9.984679222106933594e-01
9.937133193016052246e-01
9.909899830818176270e-01
9.978420734405517578e-01
9.554269313812255859e-01
9.940865039825439453e-01
9.994519352912902832e-01
9.953088164329528809e-01
9.992904067039489746e-01
9.993645548820495605e-01
9.983835220336914062e-01
9.915947318077087402e-01
9.930751919746398926e-01
9.966219067573547363e-01
9.987313747406005859e-01
9.934781193733215332e-01
9.972760081291198730e-01
9.959179162979125977e-01
9.990794062614440918e-01
9.981920123100280762e-01
9.694402217864990234e-01
9.995400309562683105e-01
9.975316524505615234e-01
9.976398944854736328e-01
9.980161786079406738e-01
9.971444010734558105e-01
9.975615143775939941e-01
9.967418313026428223e-01
9.988955259323120117e-01
9.966520667076110840e-01
9.990845918655395508e-01
9.973211288452148438e-01
9.971222877502441406e-01
9.964995980262756348e-01
9.981154203414916992e-01
9.994760155677795410e-01
9.973787069320678711e-01
9.972051382064819336e-01
9.975928068161010742e-01
9.988613724708557129e-01
9.978114366531372070e-01
9.990471601486206055e-01
9.995561242103576660e-01
9.999596476554870605e-01
9.990653395652770996e-01
9.982332587242126465e-01
9.991471767425537109e-01
9.964154362678527832e-01
9.936344027519226074e-01
9.720486402511596680e-01
9.989842176437377930e-01
9.984931945800781250e-01
9.940349459648132324e-01
9.998596310615539551e-01
9.958165287971496582e-01
9.999161958694458008e-01
9.999643564224243164e-01
9.885657429695129395e-01
9.923424720764160156e-01
9.965868592262268066e-01
9.927695989608764648e-01
9.978920221328735352e-01
9.939439892768859863e-01
9.840231537818908691e-01
9.947901964187622070e-01
9.989727139472961426e-01
9.956210255622863770e-01
9.979065656661987305e-01
9.987966418266296387e-01
9.953268766403198242e-01
9.973847270011901855e-01
9.987494349479675293e-01
9.939351081848144531e-01
9.957865476608276367e-01
9.980577826499938965e-01
9.954782128334045410e-01
9.988766312599182129e-01
9.833922982215881348e-01
9.896726608276367188e-01
9.986754655838012695e-01
9.988451600074768066e-01
9.941924214363098145e-01
9.968027472496032715e-01
9.925514459609985352e-01
9.949413537979125977e-01
9.990366697311401367e-01
9.954937100410461426e-01
9.995905756950378418e-01
