9.971175193786621094e-01
9.978513121604919434e-01
9.964585304260253906e-01
9.917933344841003418e-01
9.928974509239196777e-01
9.762271642684936523e-01
9.968770742416381836e-01
9.984365701675415039e-01
9.959225654602050781e-01
9.985657334327697754e-01
9.865148663520812988e-01
9.857707619667053223e-01
9.949582219123840332e-01
9.751768708229064941e-01
9.991993904113769531e-01
9.966879487037658691e-01
9.977554082870483398e-01
9.894598722457885742e-01
9.925514459609985352e-01
9.934056997299194336e-01
9.936521053314208984e-01
9.974133968353271484e-01
9.826872944831848145e-01
9.804406166076660156e-01
9.946600198745727539e-01
9.868614673614501953e-01
9.963465929031372070e-01
9.934948086738586426e-01
9.985079169273376465e-01
9.914829134941101074e-01
9.882777333259582520e-01
9.857443571090698242e-01
9.653500914573669434e-01
9.994902610778808594e-01
9.966837763786315918e-01
9.982458353042602539e-01
9.754832386970520020e-01
9.979283809661865234e-01
9.794237613677978516e-01
9.923813939094543457e-01
9.943305253982543945e-01
9.904603958129882812e-01
9.978021979331970215e-01
9.997047781944274902e-01
9.928964376449584961e-01
9.998791217803955078e-01
9.905034899711608887e-01
9.639294743537902832e-01
9.956629276275634766e-01
9.972237944602966309e-01
9.834854006767272949e-01
9.944046139717102051e-01
9.793568253517150879e-01
9.828891754150390625e-01
9.897246956825256348e-01
9.946079254150390625e-01
9.925583600997924805e-01
9.855473041534423828e-01
9.995713829994201660e-01
9.970639348030090332e-01
9.809275269508361816e-01
9.814794659614562988e-01
9.830510616302490234e-01
9.966779351234436035e-01
9.949106574058532715e-01
9.846004843711853027e-01
9.893464446067810059e-01
9.932173490524291992e-01
9.904651045799255371e-01
9.928645491600036621e-01
9.862827658653259277e-01
9.993244409561157227e-01
9.982899427413940430e-01
9.926663637161254883e-01
9.749020338058471680e-01
9.972240328788757324e-01
9.954702854156494141e-01
9.939496517181396484e-01
9.884076714515686035e-01
9.832951426506042480e-01
9.712800383567810059e-01
9.773155450820922852e-01
9.968569278717041016e-01
9.945326447486877441e-01
9.971773624420166016e-01
9.997679591178894043e-01
9.956479668617248535e-01
9.982956647872924805e-01
9.899768829345703125e-01
9.992492198944091797e-01
9.680809378623962402e-01
9.919486045837402344e-01
9.963420629501342773e-01
9.880239963531494141e-01
9.759133458137512207e-01
9.986938834190368652e-01
9.951086044311523438e-01
9.538395404815673828e-01
9.961181282997131348e-01
9.968770742416381836e-01
9.901468157768249512e-01
5.368779897689819336e-01
9.940888881683349609e-01
9.953610301017761230e-01
9.915527701377868652e-01
9.983549118041992188e-01
9.953994154930114746e-01
9.935126900672912598e-01
9.969224333763122559e-01
9.953188300132751465e-01
9.968385696411132812e-01
9.881142377853393555e-01
9.985011219978332520e-01
9.877167940139770508e-01
9.976776242256164551e-01
9.943389296531677246e-01
9.900012016296386719e-01
9.990611672401428223e-01
9.976654648780822754e-01
9.902445673942565918e-01
9.964195489883422852e-01
9.851391315460205078e-01
9.889674782752990723e-01
9.931024909019470215e-01
9.965099096298217773e-01
9.984712600708007812e-01
9.791669249534606934e-01
9.894443154335021973e-01
9.977039098739624023e-01
9.995226263999938965e-01
9.932302832603454590e-01
9.999551773071289062e-01
9.969910383224487305e-01
9.943916201591491699e-01
9.940476417541503906e-01
9.968576431274414062e-01
7.447668313980102539e-01
9.967502951622009277e-01
9.926517009735107422e-01
9.885376691818237305e-01
9.961881637573242188e-01
9.888785481452941895e-01
9.904298782348632812e-01
9.925716519355773926e-01
9.902233481407165527e-01
9.990391731262207031e-01
9.919882416725158691e-01
9.993788599967956543e-01
9.835059046745300293e-01
9.841778874397277832e-01
9.817351102828979492e-01
9.905166625976562500e-01
9.935508370399475098e-01
9.870259761810302734e-01
9.983679056167602539e-01
9.943084120750427246e-01
9.866061806678771973e-01
9.953128099441528320e-01
9.938677549362182617e-01
9.989139437675476074e-01
9.916025400161743164e-01
9.970848560333251953e-01
9.947864413261413574e-01
9.925754070281982422e-01
9.965260624885559082e-01
9.998628497123718262e-01
9.914281368255615234e-01
9.932243824005126953e-01
9.808046817779541016e-01
9.979074001312255859e-01
9.898751974105834961e-01
9.961756467819213867e-01
9.974573850631713867e-01
9.964204430580139160e-01
9.936207532882690430e-01
9.931446909904479980e-01
9.614660143852233887e-01
9.635747671127319336e-01
9.943666458129882812e-01
9.307101368904113770e-01
9.979341030120849609e-01
9.930701255798339844e-01
9.972613453865051270e-01
9.994549751281738281e-01
9.994094967842102051e-01
9.980289936065673828e-01
9.950377345085144043e-01
9.981290102005004883e-01
9.946832656860351562e-01
9.898068904876708984e-01
9.978650212287902832e-01
9.941805005073547363e-01
9.920080900192260742e-01
9.940756559371948242e-01
9.958184957504272461e-01
9.991351962089538574e-01
9.868814945220947266e-01
9.540848135948181152e-01
9.926271438598632812e-01
9.984221458435058594e-01
9.948560595512390137e-01
9.876141548156738281e-01
9.988214969635009766e-01
9.933041930198669434e-01
9.956423044204711914e-01
9.936354160308837891e-01
9.869702458381652832e-01
9.942397475242614746e-01
9.983352422714233398e-01
9.859440326690673828e-01
9.975421428680419922e-01
9.947705268859863281e-01
9.793750047683715820e-01
9.820023179054260254e-01
9.983481168746948242e-01
9.914093613624572754e-01
9.947075247764587402e-01
9.927557110786437988e-01
9.849469065666198730e-01
9.992982745170593262e-01
9.885681271553039551e-01
9.989356398582458496e-01
9.941470623016357422e-01
9.208123087882995605e-01
9.860969185829162598e-01
9.991316199302673340e-01
9.971011877059936523e-01
9.791698455810546875e-01
9.985343217849731445e-01
9.899047017097473145e-01
9.956154227256774902e-01
9.919996857643127441e-01
9.949786067008972168e-01
9.992048144340515137e-01
9.902768135070800781e-01
9.783933162689208984e-01
9.936642646789550781e-01
9.947832822799682617e-01
9.933798909187316895e-01
9.912995100021362305e-01
9.956322312355041504e-01
9.881165623664855957e-01
9.853899478912353516e-01
9.955650568008422852e-01
9.993487000465393066e-01
9.846475720405578613e-01
9.945666790008544922e-01
9.962640404701232910e-01
9.993190765380859375e-01
9.836993813514709473e-01
9.690482616424560547e-01
9.976434707641601562e-01
9.895081520080566406e-01
9.956114292144775391e-01
9.897077679634094238e-01
9.876287579536437988e-01
9.991204738616943359e-01
9.980168938636779785e-01
9.935051798820495605e-01
9.953706264495849609e-01
9.946636557579040527e-01
9.850886464118957520e-01
9.922018647193908691e-01
9.955292940139770508e-01
9.942192435264587402e-01
9.965364336967468262e-01
9.859551787376403809e-01
9.995201826095581055e-01
9.798395037651062012e-01
9.609971046447753906e-01
9.955084323883056641e-01
9.997720122337341309e-01
9.841584563255310059e-01
9.933754801750183105e-01
9.894861578941345215e-01
9.768530130386352539e-01
9.973259568214416504e-01
9.976264238357543945e-01
9.970964789390563965e-01
9.828329086303710938e-01
8.610895872116088867e-01
9.946148991584777832e-01
9.978119730949401855e-01
9.990310668945312500e-01
9.973697662353515625e-01
9.970130920410156250e-01
9.994959831237792969e-01
9.782157540321350098e-01
9.950272440910339355e-01
9.908272027969360352e-01
9.882185459136962891e-01
9.829499721527099609e-01
9.982982277870178223e-01
9.993544220924377441e-01
9.955458045005798340e-01
9.959005713462829590e-01
9.800881743431091309e-01
9.909143447875976562e-01
9.974038600921630859e-01
9.953460693359375000e-01
9.968794584274291992e-01
9.972289204597473145e-01
9.871275424957275391e-01
9.978781938552856445e-01
9.965803623199462891e-01
9.838614463806152344e-01
9.938077926635742188e-01
9.694408178329467773e-01
9.944593310356140137e-01
9.967355132102966309e-01
9.929115176200866699e-01
9.911606311798095703e-01
9.779869914054870605e-01
9.562662839889526367e-01
9.975822567939758301e-01
9.983446002006530762e-01
9.968624711036682129e-01
9.963768720626831055e-01
9.917700290679931641e-01
9.973268508911132812e-01
9.947873353958129883e-01
9.972887039184570312e-01
9.879437685012817383e-01
9.986649751663208008e-01
9.938154816627502441e-01
9.986502528190612793e-01
9.904959201812744141e-01
9.859352111816406250e-01
9.993554949760437012e-01
9.992691278457641602e-01
9.912883043289184570e-01
9.983466267585754395e-01
9.975370764732360840e-01
9.954818487167358398e-01
9.965486526489257812e-01
9.969457387924194336e-01
9.963422417640686035e-01
9.958131313323974609e-01
9.896582365036010742e-01
9.888061285018920898e-01
9.959538578987121582e-01
9.946873188018798828e-01
9.935996532440185547e-01
9.936054348945617676e-01
9.982920885086059570e-01
9.953368306159973145e-01
9.950838088989257812e-01
9.969900846481323242e-01
9.939133524894714355e-01
9.726570248603820801e-01
9.938332438468933105e-01
9.944667816162109375e-01
9.964635372161865234e-01
9.965419769287109375e-01
9.943035244941711426e-01
9.984905123710632324e-01
9.917365908622741699e-01
9.664434790611267090e-01
9.948608875274658203e-01
9.949847459793090820e-01
9.879280924797058105e-01
9.937297105789184570e-01
9.964303970336914062e-01
9.973596334457397461e-01
9.966377019882202148e-01
9.964690208435058594e-01
9.966781139373779297e-01
9.966132640838623047e-01
9.905170202255249023e-01
9.963492751121520996e-01
9.857633113861083984e-01
9.935932159423828125e-01
9.954707622528076172e-01
9.911910295486450195e-01
9.932246208190917969e-01
9.897346496582031250e-01
9.937173724174499512e-01
9.610068798065185547e-01
9.929642677307128906e-01
9.971940517425537109e-01
9.966421723365783691e-01
9.953767657279968262e-01
9.977203011512756348e-01
9.919743537902832031e-01
9.945906400680541992e-01
9.961771368980407715e-01
9.985374212265014648e-01
9.978775978088378906e-01
9.936501383781433105e-01
9.970768094062805176e-01
9.913051128387451172e-01
9.974985718727111816e-01
9.987136125564575195e-01
9.901611208915710449e-01
9.952971339225769043e-01
9.960316419601440430e-01
9.858574271202087402e-01
9.961106777191162109e-01
9.946142435073852539e-01
9.980927109718322754e-01
9.941744208335876465e-01
9.981203079223632812e-01
9.973170161247253418e-01
9.948859810829162598e-01
9.846227169036865234e-01
9.993904829025268555e-01
9.953134059906005859e-01
9.976190328598022461e-01
9.691842794418334961e-01
9.991202354431152344e-01
9.986619949340820312e-01
9.959223270416259766e-01
9.959746599197387695e-01
9.946685433387756348e-01
9.953075647354125977e-01
9.928248524665832520e-01
9.794089198112487793e-01
9.827346801757812500e-01
9.949246644973754883e-01
9.882237315177917480e-01
9.941610693931579590e-01
9.808387756347656250e-01
9.971069693565368652e-01
9.768756628036499023e-01
9.920392632484436035e-01
9.965758919715881348e-01
9.930735826492309570e-01
9.969010949134826660e-01
9.978365302085876465e-01
9.955716729164123535e-01
9.849812984466552734e-01
9.930845499038696289e-01
9.968786835670471191e-01
9.932726025581359863e-01
9.958521723747253418e-01
9.802002310752868652e-01
9.993337988853454590e-01
9.856259226799011230e-01
9.838603138923645020e-01
9.990238547325134277e-01
9.968235492706298828e-01
9.961420297622680664e-01
9.849503040313720703e-01
9.990108609199523926e-01
9.884601235389709473e-01
9.898490905761718750e-01
9.935859441757202148e-01
9.977342486381530762e-01
9.853315949440002441e-01
9.972170591354370117e-01
9.947474002838134766e-01
9.975870251655578613e-01
9.991289973258972168e-01
9.978222846984863281e-01
9.868295788764953613e-01
9.945591688156127930e-01
9.992405772209167480e-01
9.961013197898864746e-01
9.909964799880981445e-01
9.846376776695251465e-01
9.942988157272338867e-01
9.974409341812133789e-01
9.946100115776062012e-01
9.975383877754211426e-01
9.897896647453308105e-01
9.991676211357116699e-01
9.950813055038452148e-01
9.838455319404602051e-01
9.967389106750488281e-01
9.895277619361877441e-01
9.946628212928771973e-01
9.973849654197692871e-01
9.977843761444091797e-01
9.831025004386901855e-01
9.926447272300720215e-01
9.978937506675720215e-01
9.945271611213684082e-01
9.927626848220825195e-01
9.683613181114196777e-01
9.961799979209899902e-01
9.926075339317321777e-01
9.950951933860778809e-01
9.779155254364013672e-01
9.942028522491455078e-01
9.901887178421020508e-01
9.941072463989257812e-01
9.945025444030761719e-01
9.908588528633117676e-01
9.954929351806640625e-01
9.993093609809875488e-01
9.957643747329711914e-01
9.939806461334228516e-01
9.964598417282104492e-01
9.928181767463684082e-01
9.972147345542907715e-01
9.964656829833984375e-01
9.867832064628601074e-01
9.594156742095947266e-01
9.974697232246398926e-01
9.939363598823547363e-01
9.964862465858459473e-01
9.973339438438415527e-01
9.977967739105224609e-01
9.947934746742248535e-01
9.756769537925720215e-01
9.966909885406494141e-01
9.838067889213562012e-01
9.995273351669311523e-01
9.917862415313720703e-01
9.951155781745910645e-01
9.620437622070312500e-01
9.891738891601562500e-01
9.723391532897949219e-01
9.937096238136291504e-01
9.989497661590576172e-01
9.994946122169494629e-01
9.915735125541687012e-01
9.965435862541198730e-01
9.906358122825622559e-01
9.976012110710144043e-01
9.782969951629638672e-01
9.956554174423217773e-01
9.888273477554321289e-01
9.668860435485839844e-01
9.946582913398742676e-01
9.875649809837341309e-01
9.953918457031250000e-01
9.916875362396240234e-01
9.970870018005371094e-01
9.981595277786254883e-01
9.984526634216308594e-01
9.843479394912719727e-01
9.987614750862121582e-01
9.902799129486083984e-01
9.923124909400939941e-01
9.969903230667114258e-01
9.976305961608886719e-01
9.931406974792480469e-01
9.961663484573364258e-01
9.287062883377075195e-01
9.937734007835388184e-01
9.968205690383911133e-01
9.953865408897399902e-01
9.986234307289123535e-01
9.982225894927978516e-01
9.901260733604431152e-01
9.963528513908386230e-01
9.928883314132690430e-01
9.906079173088073730e-01
9.948083758354187012e-01
9.977164864540100098e-01
9.984097480773925781e-01
9.993777275085449219e-01
9.911296367645263672e-01
9.915981888771057129e-01
9.952360391616821289e-01
9.929258227348327637e-01
9.839692115783691406e-01
9.999027848243713379e-01
9.960083365440368652e-01
9.911971688270568848e-01
9.991797208786010742e-01
9.848399162292480469e-01
9.878311753273010254e-01
9.935715794563293457e-01
9.924573302268981934e-01
9.865524768829345703e-01
9.973435401916503906e-01
9.967119097709655762e-01
9.747502207756042480e-01
9.887514710426330566e-01
9.907419681549072266e-01
9.920358657836914062e-01
9.957148432731628418e-01
9.863054752349853516e-01
9.869523048400878906e-01
9.881908297538757324e-01
9.970206618309020996e-01
9.982874393463134766e-01
9.992859959602355957e-01
9.898638725280761719e-01
9.717637896537780762e-01
9.903518557548522949e-01
9.968180060386657715e-01
9.954141974449157715e-01
9.837800264358520508e-01
9.775441288948059082e-01
9.865767359733581543e-01
9.969419240951538086e-01
9.999485015869140625e-01
9.708247780799865723e-01
9.945302605628967285e-01
9.773691296577453613e-01
9.909819364547729492e-01
9.991696476936340332e-01
9.975578188896179199e-01
9.930443763732910156e-01
9.937516450881958008e-01
9.998838901519775391e-01
9.916549324989318848e-01
9.971051812171936035e-01
9.976911544799804688e-01
9.931069016456604004e-01
9.947603940963745117e-01
9.844942688941955566e-01
9.343519210815429688e-01
9.987323284149169922e-01
9.971417784690856934e-01
9.970248937606811523e-01
5.780033469200134277e-01
9.960230588912963867e-01
9.912393689155578613e-01
9.867048859596252441e-01
9.810273647308349609e-01
9.873413443565368652e-01
9.983393549919128418e-01
9.915377497673034668e-01
9.058440923690795898e-01
9.950985908508300781e-01
9.958919882774353027e-01
9.967224001884460449e-01
9.887081980705261230e-01
9.976721405982971191e-01
9.647055268287658691e-01
9.950086474418640137e-01
9.976412057876586914e-01
9.928231239318847656e-01
9.993382096290588379e-01
9.932009577751159668e-01
9.989106655120849609e-01
9.710665345191955566e-01
9.944650530815124512e-01
9.985844492912292480e-01
9.853421449661254883e-01
9.973577260971069336e-01
9.972647428512573242e-01
9.953214526176452637e-01
9.820332527160644531e-01
9.985108375549316406e-01
9.944257140159606934e-01
9.935794472694396973e-01
9.979140162467956543e-01
9.976639151573181152e-01
9.858556985855102539e-01
9.969770312309265137e-01
9.830398559570312500e-01
9.925134778022766113e-01
9.948512315750122070e-01
9.925310611724853516e-01
9.812802076339721680e-01
9.882706403732299805e-01
9.970930814743041992e-01
9.983122944831848145e-01
9.899435043334960938e-01
9.924355745315551758e-01
9.973153471946716309e-01
9.965190887451171875e-01
9.976979494094848633e-01
9.907435774803161621e-01
9.948180317878723145e-01
9.871965050697326660e-01
9.750040769577026367e-01
9.843514561653137207e-01
9.925556778907775879e-01
9.966640472412109375e-01
9.976479411125183105e-01
9.994950890541076660e-01
9.965534210205078125e-01
9.942018389701843262e-01
9.919848442077636719e-01
9.946154952049255371e-01
9.743939042091369629e-01
9.896150827407836914e-01
9.925792813301086426e-01
9.955302476882934570e-01
9.988962411880493164e-01
9.964293241500854492e-01
9.997562766075134277e-01
9.872797727584838867e-01
9.916462898254394531e-01
9.880399703979492188e-01
9.973573088645935059e-01
9.968979954719543457e-01
9.976484179496765137e-01
9.970914721488952637e-01
9.928742051124572754e-01
9.957900643348693848e-01
9.985282421112060547e-01
9.813620448112487793e-01
9.959445595741271973e-01
9.951036572456359863e-01
9.801929593086242676e-01
9.997423291206359863e-01
9.943577647209167480e-01
9.999398589134216309e-01
9.947013854980468750e-01
9.910579323768615723e-01
9.976576566696166992e-01
9.856104850769042969e-01
9.826931953430175781e-01
9.971600770950317383e-01
9.893705844879150391e-01
9.966763854026794434e-01
9.931832551956176758e-01
9.991232156753540039e-01
9.953875541687011719e-01
9.931166172027587891e-01
9.957727789878845215e-01
9.906111955642700195e-01
9.909676909446716309e-01
9.926348924636840820e-01
9.993380308151245117e-01
9.979470372200012207e-01
9.875398874282836914e-01
9.938246607780456543e-01
9.975575804710388184e-01
9.958438277244567871e-01
9.683076739311218262e-01
9.920948743820190430e-01
9.944741725921630859e-01
9.949029684066772461e-01
9.964745640754699707e-01
9.967019557952880859e-01
9.964448213577270508e-01
9.974315762519836426e-01
9.976203441619873047e-01
9.961466789245605469e-01
9.936346411705017090e-01
9.962418079376220703e-01
9.913308024406433105e-01
9.901885390281677246e-01
9.963883161544799805e-01
9.831730127334594727e-01
9.927251935005187988e-01
9.965189099311828613e-01
9.943180084228515625e-01
9.890640974044799805e-01
9.928953051567077637e-01
9.974670410156250000e-01
9.920233488082885742e-01
9.945092797279357910e-01
9.981424808502197266e-01
9.965332150459289551e-01
9.740002751350402832e-01
9.997185468673706055e-01
9.770017266273498535e-01
9.968693852424621582e-01
9.917545914649963379e-01
9.832676649093627930e-01
9.858394861221313477e-01
9.883584380149841309e-01
9.965380430221557617e-01
9.982998967170715332e-01
9.993902444839477539e-01
9.801634550094604492e-01
9.994218349456787109e-01
9.962176680564880371e-01
9.954197406768798828e-01
9.975332021713256836e-01
9.930645227432250977e-01
9.966409206390380859e-01
9.969635605812072754e-01
9.988707304000854492e-01
9.999484419822692871e-01
9.966866970062255859e-01
9.995738267898559570e-01
9.963289499282836914e-01
9.934102296829223633e-01
9.951884746551513672e-01
9.959151148796081543e-01
9.971992969512939453e-01
9.905846118927001953e-01
9.898617267608642578e-01
9.948530197143554688e-01
9.922543168067932129e-01
9.820605516433715820e-01
9.454220533370971680e-01
9.915038943290710449e-01
9.810704588890075684e-01
9.742125868797302246e-01
9.980465173721313477e-01
9.503048062324523926e-01
9.994019865989685059e-01
9.974646568298339844e-01
9.701924920082092285e-01
9.921966195106506348e-01
9.973486065864562988e-01
9.996008276939392090e-01
9.972653985023498535e-01
9.988406896591186523e-01
9.979422688484191895e-01
9.565061330795288086e-01
9.543616771697998047e-01
9.966421723365783691e-01
9.189715385437011719e-01
8.808012008666992188e-01
9.910108447074890137e-01
9.973723888397216797e-01
9.958947300910949707e-01
9.827777147293090820e-01
9.778516292572021484e-01
9.973931312561035156e-01
9.961060881614685059e-01
9.989138245582580566e-01
9.990003108978271484e-01
9.992434978485107422e-01
9.847217798233032227e-01
9.951637387275695801e-01
9.914242625236511230e-01
9.986607432365417480e-01
9.838715195655822754e-01
9.961800575256347656e-01
9.916290640830993652e-01
9.819189906120300293e-01
9.942941069602966309e-01
9.974420666694641113e-01
9.936922788619995117e-01
9.996864795684814453e-01
9.932780861854553223e-01
9.949365854263305664e-01
9.945477247238159180e-01
9.921951293945312500e-01
9.929853081703186035e-01
9.961990714073181152e-01
9.944712519645690918e-01
9.931656718254089355e-01
9.954915642738342285e-01
9.706117510795593262e-01
9.961511492729187012e-01
9.931404590606689453e-01
9.981362223625183105e-01
9.754302501678466797e-01
9.978191852569580078e-01
9.964916110038757324e-01
9.956146478652954102e-01
9.907039403915405273e-01
9.928202033042907715e-01
9.981526732444763184e-01
9.928714036941528320e-01
9.976999759674072266e-01
9.943512678146362305e-01
9.964472651481628418e-01
9.960132837295532227e-01
9.964511394500732422e-01
9.977390170097351074e-01
9.987298846244812012e-01
9.892819523811340332e-01
9.850122928619384766e-01
9.920715689659118652e-01
9.907224178314208984e-01
9.660670757293701172e-01
9.876266121864318848e-01
9.996891021728515625e-01
9.957673549652099609e-01
9.957250952720642090e-01
9.977148175239562988e-01
9.897948503494262695e-01
9.926642775535583496e-01
9.995562434196472168e-01
9.880947470664978027e-01
9.988833665847778320e-01
9.920165538787841797e-01
9.954087734222412109e-01
9.980628490447998047e-01
9.998056888580322266e-01
9.942931532859802246e-01
9.984436035156250000e-01
9.633516669273376465e-01
9.743195176124572754e-01
9.774168729782104492e-01
9.976852536201477051e-01
9.997664093971252441e-01
9.939991831779479980e-01
9.837990999221801758e-01
9.977262020111083984e-01
9.913473725318908691e-01
9.960486888885498047e-01
9.956800341606140137e-01
9.561901092529296875e-01
9.868009686470031738e-01
9.968317151069641113e-01
9.881309866905212402e-01
9.980951547622680664e-01
9.735134243965148926e-01
9.944197535514831543e-01
9.977847933769226074e-01
9.992523193359375000e-01
9.975789785385131836e-01
9.900640845298767090e-01
9.964336156845092773e-01
9.961839914321899414e-01
9.865905642509460449e-01
9.464057087898254395e-01
9.904609918594360352e-01
9.971081018447875977e-01
8.905791044235229492e-01
9.921639561653137207e-01
9.942834973335266113e-01
9.983484745025634766e-01
9.917553663253784180e-01
9.986321330070495605e-01
9.818552732467651367e-01
9.909902811050415039e-01
9.880767464637756348e-01
9.983922839164733887e-01
9.916380643844604492e-01
9.851105213165283203e-01
9.921264648437500000e-01
9.949603676795959473e-01
9.906346797943115234e-01
9.992316365242004395e-01
9.954766035079956055e-01
9.915788769721984863e-01
9.805889129638671875e-01
9.970288276672363281e-01
9.851593375205993652e-01
6.730461120605468750e-01
9.900649785995483398e-01
9.889706969261169434e-01
9.950714111328125000e-01
9.999805688858032227e-01
9.605088829994201660e-01
9.973229765892028809e-01
9.956144094467163086e-01
9.992573857307434082e-01
9.978154897689819336e-01
9.831037521362304688e-01
9.917495846748352051e-01
9.896656274795532227e-01
9.976126551628112793e-01
9.943160414695739746e-01
9.957973361015319824e-01
9.954472780227661133e-01
9.895506501197814941e-01
9.928162097930908203e-01
9.968524575233459473e-01
9.970944523811340332e-01
9.912624955177307129e-01
9.936784505844116211e-01
9.915618896484375000e-01
9.614241123199462891e-01
9.944907426834106445e-01
9.994663000106811523e-01
9.962795376777648926e-01
9.981981515884399414e-01
9.894621968269348145e-01
9.934697747230529785e-01
9.908221960067749023e-01
9.771800637245178223e-01
9.969689846038818359e-01
9.973248839378356934e-01
9.984597563743591309e-01
9.938526153564453125e-01
9.949741363525390625e-01
9.990006089210510254e-01
9.912852644920349121e-01
9.965803623199462891e-01
9.937572479248046875e-01
9.789540171623229980e-01
9.962198138236999512e-01
9.964254498481750488e-01
9.971364736557006836e-01
9.737215042114257812e-01
9.838539958000183105e-01
9.098247289657592773e-01
9.962856173515319824e-01
9.999032020568847656e-01
9.926567077636718750e-01
9.908992052078247070e-01
9.935266375541687012e-01
9.972000122070312500e-01
9.988340139389038086e-01
9.795109629631042480e-01
9.864676594734191895e-01
9.985330104827880859e-01
9.961605668067932129e-01
9.982138872146606445e-01
9.913486838340759277e-01
9.948794841766357422e-01
9.766643643379211426e-01
9.940428137779235840e-01
9.747666716575622559e-01
9.971257448196411133e-01
9.977505207061767578e-01
9.888536334037780762e-01
9.994612932205200195e-01
9.893946647644042969e-01
9.979177117347717285e-01
9.852422475814819336e-01
9.947234392166137695e-01
9.813226461410522461e-01
9.892247915267944336e-01
9.968932867050170898e-01
9.946594238281250000e-01
9.819338321685791016e-01
9.958812594413757324e-01
9.837098121643066406e-01
9.844769835472106934e-01
9.777796864509582520e-01
9.959555864334106445e-01
9.871368408203125000e-01
9.949740171432495117e-01
9.959161877632141113e-01
9.940345287322998047e-01
9.888550043106079102e-01
8.453084826469421387e-01
9.908179640769958496e-01
9.920672178268432617e-01
9.960526823997497559e-01
9.988852143287658691e-01
9.928487539291381836e-01
9.704558849334716797e-01
9.831282496452331543e-01
9.882279634475708008e-01
9.933415055274963379e-01
7.135390639305114746e-01
9.967487454414367676e-01
9.931663274765014648e-01
9.846960902214050293e-01
9.813796281814575195e-01
9.855196475982666016e-01
9.943658709526062012e-01
9.969026446342468262e-01
9.939897060394287109e-01
9.932542443275451660e-01
9.928194284439086914e-01
9.972059130668640137e-01
9.985272884368896484e-01
9.979743957519531250e-01
9.914684891700744629e-01
9.677281975746154785e-01
9.946078658103942871e-01
9.903075098991394043e-01
9.967259168624877930e-01
9.823278188705444336e-01
9.945260286331176758e-01
9.793846011161804199e-01
9.991827011108398438e-01
9.856923222541809082e-01
9.971743226051330566e-01
9.881209731101989746e-01
9.900097846984863281e-01
9.890625476837158203e-01
9.877450466156005859e-01
9.729704260826110840e-01
9.938389658927917480e-01
9.930745363235473633e-01
9.969252943992614746e-01
9.924893975257873535e-01
9.907482266426086426e-01
9.889670610427856445e-01
9.969528317451477051e-01
9.891635179519653320e-01
9.896706342697143555e-01
9.955818057060241699e-01
9.944568276405334473e-01
9.956851005554199219e-01
9.972956180572509766e-01
9.786972999572753906e-01
9.979372024536132812e-01
9.909788966178894043e-01
9.889988303184509277e-01
9.884368181228637695e-01
9.743900299072265625e-01
9.909624457359313965e-01
9.942324757575988770e-01
9.945601820945739746e-01
9.932681322097778320e-01
9.960833787918090820e-01
9.969685077667236328e-01
9.725211262702941895e-01
9.978915452957153320e-01
9.914403557777404785e-01
9.960781335830688477e-01
9.998864531517028809e-01
9.986386299133300781e-01
9.969911575317382812e-01
9.932939410209655762e-01
9.974308609962463379e-01
9.991936087608337402e-01
9.987629055976867676e-01
9.993747472763061523e-01
9.951499700546264648e-01
9.920795559883117676e-01
9.995924830436706543e-01
9.964445233345031738e-01
9.968735575675964355e-01
9.975797533988952637e-01
9.883515238761901855e-01
9.581086635589599609e-01
9.955117702484130859e-01
9.668835997581481934e-01
9.797750115394592285e-01
9.950779676437377930e-01
9.933079481124877930e-01
9.901645779609680176e-01
9.983783364295959473e-01
9.777776002883911133e-01
9.890500903129577637e-01
9.913101196289062500e-01
9.930865764617919922e-01
9.937493205070495605e-01
9.991471767425537109e-01
9.962514042854309082e-01
9.986842870712280273e-01
9.979791045188903809e-01
9.953948855400085449e-01
9.900712370872497559e-01
9.989057183265686035e-01
9.935325384140014648e-01
9.933819174766540527e-01
9.826793670654296875e-01
9.844274520874023438e-01
9.932540059089660645e-01
9.903641343116760254e-01
9.988079667091369629e-01
9.919089674949645996e-01
9.941036105155944824e-01
9.905247688293457031e-01
9.971526265144348145e-01
9.930178523063659668e-01
9.970826506614685059e-01
9.838806986808776855e-01
9.885696172714233398e-01
9.934961795806884766e-01
9.997693896293640137e-01
8.220844268798828125e-01
9.995718598365783691e-01
9.939246773719787598e-01
9.925246238708496094e-01
9.976944327354431152e-01
9.936907291412353516e-01
9.982178807258605957e-01
9.971101284027099609e-01
9.967058897018432617e-01
9.991148114204406738e-01
9.966228008270263672e-01
9.878406524658203125e-01
9.959605336189270020e-01
9.848442077636718750e-01
9.999166727066040039e-01
9.747624993324279785e-01
9.893912076950073242e-01
9.972600340843200684e-01
9.937245845794677734e-01
9.956064224243164062e-01
9.979373812675476074e-01
9.964405894279479980e-01
9.790869951248168945e-01
9.957450628280639648e-01
9.957429766654968262e-01
9.904738664627075195e-01
9.913745522499084473e-01
9.972867369651794434e-01
9.985701441764831543e-01
9.978377819061279297e-01
9.975383281707763672e-01
9.902306199073791504e-01
9.951463341712951660e-01
9.942077994346618652e-01
9.827101230621337891e-01
9.850995540618896484e-01
9.903844594955444336e-01
9.963711500167846680e-01
9.867601394653320312e-01
9.968798756599426270e-01
9.972776174545288086e-01
9.981903433799743652e-01
9.972302913665771484e-01
9.963528513908386230e-01
9.966350793838500977e-01
9.854100346565246582e-01
9.970468282699584961e-01
9.982836246490478516e-01
9.910393357276916504e-01
9.970138072967529297e-01
9.968988895416259766e-01
9.967635869979858398e-01
9.980233311653137207e-01
9.903742074966430664e-01
9.912211298942565918e-01
9.987440109252929688e-01
9.950751662254333496e-01
9.814305305480957031e-01
9.794974327087402344e-01
9.888147115707397461e-01
9.798507690429687500e-01
9.961993694305419922e-01
9.900601506233215332e-01
9.929034709930419922e-01
9.977133274078369141e-01
9.984602332115173340e-01
9.953672885894775391e-01
9.882614612579345703e-01
9.979433417320251465e-01
9.941118359565734863e-01
9.986860156059265137e-01
9.939468502998352051e-01
9.951979517936706543e-01
9.898746609687805176e-01
9.930873513221740723e-01
9.962857365608215332e-01
9.981602430343627930e-01
9.927064180374145508e-01
9.899775981903076172e-01
9.950702786445617676e-01
9.953635931015014648e-01
9.900495409965515137e-01
9.991816282272338867e-01
9.997664093971252441e-01
9.834973216056823730e-01
9.947013258934020996e-01
9.933088421821594238e-01
9.745634794235229492e-01
9.910665154457092285e-01
9.865699410438537598e-01
9.974591135978698730e-01
9.992274641990661621e-01
9.913293123245239258e-01
9.792668223381042480e-01
9.911660552024841309e-01
9.931949973106384277e-01
9.875839948654174805e-01
9.897660017013549805e-01
9.856934547424316406e-01
9.940853714942932129e-01
9.561095237731933594e-01
9.928818941116333008e-01
9.979646205902099609e-01
9.920684695243835449e-01
9.946982264518737793e-01
9.977807998657226562e-01
9.959102869033813477e-01
9.787777662277221680e-01
9.833510518074035645e-01
9.906057119369506836e-01
9.909549355506896973e-01
9.876211881637573242e-01
9.955477714538574219e-01
9.841241240501403809e-01
9.972763657569885254e-01
9.482790231704711914e-01
9.587551951408386230e-01
9.926196932792663574e-01
9.956930279731750488e-01
9.959381222724914551e-01
9.986026287078857422e-01
9.943841099739074707e-01
9.955418109893798828e-01
9.947065711021423340e-01
9.972895383834838867e-01
9.898623824119567871e-01
9.978792071342468262e-01
9.991869926452636719e-01
9.948294758796691895e-01
9.832478165626525879e-01
9.962741732597351074e-01
9.998975992202758789e-01
9.956985116004943848e-01
9.948898553848266602e-01
9.945523738861083984e-01
9.970362186431884766e-01
9.908084869384765625e-01
9.980597496032714844e-01
9.990808963775634766e-01
9.995235800743103027e-01
9.998272061347961426e-01
9.939559698104858398e-01
9.986830949783325195e-01
9.969983100891113281e-01
9.856972694396972656e-01
9.607543945312500000e-01
9.949904084205627441e-01
9.981485009193420410e-01
9.976796507835388184e-01
9.905264377593994141e-01
9.942769408226013184e-01
9.988684058189392090e-01
9.993236660957336426e-01
9.880433678627014160e-01
9.914155602455139160e-01
9.919289946556091309e-01
9.869917631149291992e-01
9.974917173385620117e-01
9.907547235488891602e-01
9.781243801116943359e-01
9.924853444099426270e-01
9.963690042495727539e-01
9.916658401489257812e-01
9.958222508430480957e-01
9.973353147506713867e-01
9.846369028091430664e-01
9.930784106254577637e-01
9.975876212120056152e-01
9.821584820747375488e-01
9.945028424263000488e-01
9.982416033744812012e-01
9.965000152587890625e-01
9.936115741729736328e-01
9.631850719451904297e-01
9.898503422737121582e-01
9.997488260269165039e-01
9.972380995750427246e-01
9.938557744026184082e-01
9.954236149787902832e-01
9.567735195159912109e-01
9.792109131813049316e-01
9.985623359680175781e-01
9.923641085624694824e-01
9.984347820281982422e-01
