9.958434700965881348e-01
9.985348582267761230e-01
9.956430196762084961e-01
9.967077970504760742e-01
9.798210859298706055e-01
9.811209440231323242e-01
9.989653229713439941e-01
9.979756474494934082e-01
9.999096393585205078e-01
9.985712766647338867e-01
9.999764561653137207e-01
9.969973564147949219e-01
9.984258413314819336e-01
9.951486587524414062e-01
9.904819130897521973e-01
9.991360306739807129e-01
9.956226944923400879e-01
9.980831146240234375e-01
9.964249134063720703e-01
9.979397654533386230e-01
9.956323504447937012e-01
9.964329004287719727e-01
9.999288320541381836e-01
9.975462555885314941e-01
9.986923933029174805e-01
9.982581734657287598e-01
9.998888969421386719e-01
9.963393807411193848e-01
9.963538646697998047e-01
9.934698939323425293e-01
9.987178444862365723e-01
9.830025434494018555e-01
9.896169304847717285e-01
9.955452680587768555e-01
9.963261485099792480e-01
9.951440691947937012e-01
9.992297291755676270e-01
9.985993504524230957e-01
9.967309236526489258e-01
9.911381602287292480e-01
9.987335801124572754e-01
9.958475232124328613e-01
9.991194605827331543e-01
9.862504601478576660e-01
9.969496726989746094e-01
9.977518916130065918e-01
9.989188313484191895e-01
9.985146522521972656e-01
9.990566372871398926e-01
9.948055148124694824e-01
9.996620416641235352e-01
9.992418289184570312e-01
9.902812242507934570e-01
9.977107048034667969e-01
9.951308965682983398e-01
9.996299743652343750e-01
9.989233016967773438e-01
9.956441521644592285e-01
9.975901842117309570e-01
9.999792575836181641e-01
9.978105425834655762e-01
9.795120358467102051e-01
9.978376030921936035e-01
9.993035197257995605e-01
9.927735924720764160e-01
9.969195127487182617e-01
9.986060857772827148e-01
9.760062098503112793e-01
9.988799095153808594e-01
9.983572959899902344e-01
9.993777275085449219e-01
9.982396960258483887e-01
9.980642795562744141e-01
9.942889809608459473e-01
9.919341206550598145e-01
9.964017868041992188e-01
9.981210827827453613e-01
9.965365529060363770e-01
9.968557357788085938e-01
9.916377663612365723e-01
9.954341053962707520e-01
9.924227595329284668e-01
9.995707869529724121e-01
9.971022605895996094e-01
9.926240444183349609e-01
9.757734537124633789e-01
9.938166141510009766e-01
9.994024634361267090e-01
9.931671023368835449e-01
9.998335838317871094e-01
9.946705698966979980e-01
9.925889372825622559e-01
9.993743896484375000e-01
9.945400357246398926e-01
9.964173436164855957e-01
9.994449019432067871e-01
9.964361190795898438e-01
9.971994161605834961e-01
9.958291649818420410e-01
9.978151917457580566e-01
9.982962012290954590e-01
9.965476989746093750e-01
9.985148906707763672e-01
9.951887726783752441e-01
9.986349344253540039e-01
9.954200983047485352e-01
9.995666742324829102e-01
9.933937191963195801e-01
9.986062049865722656e-01
9.970961213111877441e-01
9.989184141159057617e-01
9.936671853065490723e-01
9.944590926170349121e-01
9.985795021057128906e-01
9.969231486320495605e-01
9.976164698600769043e-01
9.957155585289001465e-01
9.963679313659667969e-01
9.942488670349121094e-01
9.955276250839233398e-01
9.983872175216674805e-01
9.978159666061401367e-01
9.914648532867431641e-01
9.939851760864257812e-01
9.937220811843872070e-01
9.953215122222900391e-01
9.988870024681091309e-01
9.990044832229614258e-01
9.997386336326599121e-01
9.917032122611999512e-01
9.983808398246765137e-01
9.989873766899108887e-01
9.817771911621093750e-01
9.958301186561584473e-01
9.942281246185302734e-01
9.931415915489196777e-01
9.983670115470886230e-01
9.962248802185058594e-01
9.992563128471374512e-01
9.966658949851989746e-01
9.990177154541015625e-01
9.975052475929260254e-01
9.690703749656677246e-01
9.980686902999877930e-01
9.966056942939758301e-01
9.984094500541687012e-01
9.991363883018493652e-01
9.968245625495910645e-01
9.980337619781494141e-01
9.855388998985290527e-01
9.994175434112548828e-01
9.963988661766052246e-01
9.987224340438842773e-01
9.947032928466796875e-01
9.996071457862854004e-01
9.349312782287597656e-01
9.907817840576171875e-01
9.961786270141601562e-01
9.956614971160888672e-01
9.985339045524597168e-01
9.801282286643981934e-01
9.979797601699829102e-01
9.987133741378784180e-01
9.987131953239440918e-01
9.979963302612304688e-01
9.992722272872924805e-01
9.831907153129577637e-01
9.993562102317810059e-01
9.976810216903686523e-01
9.971388578414916992e-01
9.977155923843383789e-01
9.878299236297607422e-01
9.992563128471374512e-01
9.921171069145202637e-01
9.966698288917541504e-01
9.928855299949645996e-01
9.989145994186401367e-01
9.946172833442687988e-01
9.988194704055786133e-01
9.984869360923767090e-01
9.957521557807922363e-01
9.971045851707458496e-01
9.985974431037902832e-01
9.989755749702453613e-01
9.987740516662597656e-01
9.966012835502624512e-01
9.983218312263488770e-01
9.983646273612976074e-01
9.984165430068969727e-01
9.993008971214294434e-01
9.909559488296508789e-01
9.980792999267578125e-01
9.975489377975463867e-01
9.976509213447570801e-01
9.799852967262268066e-01
9.957534670829772949e-01
9.994052052497863770e-01
9.954232573509216309e-01
9.991661906242370605e-01
9.797108173370361328e-01
9.978406429290771484e-01
9.984717965126037598e-01
9.961472153663635254e-01
9.927963614463806152e-01
9.933868050575256348e-01
9.990653395652770996e-01
9.983488321304321289e-01
9.929428100585937500e-01
9.921982884407043457e-01
9.984739422798156738e-01
9.911296367645263672e-01
9.929152131080627441e-01
9.927835464477539062e-01
9.992968440055847168e-01
9.989651441574096680e-01
9.936700463294982910e-01
9.976010918617248535e-01
9.996926188468933105e-01
9.863436818122863770e-01
9.967411756515502930e-01
9.981310367584228516e-01
9.985312223434448242e-01
9.990918636322021484e-01
9.989661574363708496e-01
9.993109107017517090e-01
9.957239031791687012e-01
9.968516230583190918e-01
9.958231449127197266e-01
9.985783100128173828e-01
9.957584142684936523e-01
9.985799193382263184e-01
9.983585476875305176e-01
9.931545257568359375e-01
9.953852295875549316e-01
9.986378550529479980e-01
9.967772364616394043e-01
9.992223381996154785e-01
9.995480179786682129e-01
9.912677407264709473e-01
9.984368681907653809e-01
9.993070960044860840e-01
9.930291175842285156e-01
9.979467988014221191e-01
9.773751497268676758e-01
9.922819137573242188e-01
9.992069005966186523e-01
9.970273375511169434e-01
9.914203882217407227e-01
9.977497458457946777e-01
9.996265172958374023e-01
9.949107170104980469e-01
9.934154152870178223e-01
9.996052980422973633e-01
9.960728287696838379e-01
9.993567466735839844e-01
9.946216344833374023e-01
9.984261989593505859e-01
9.959322214126586914e-01
9.981505870819091797e-01
9.990949034690856934e-01
9.999794363975524902e-01
9.953281879425048828e-01
9.967589974403381348e-01
9.997974634170532227e-01
9.966940283775329590e-01
9.934172630310058594e-01
9.964261651039123535e-01
9.958231449127197266e-01
9.715873003005981445e-01
9.992967247962951660e-01
9.986447095870971680e-01
9.945868253707885742e-01
9.943753480911254883e-01
9.990175366401672363e-01
9.958328604698181152e-01
9.933406710624694824e-01
9.983139634132385254e-01
9.956824183464050293e-01
9.965224862098693848e-01
9.983537197113037109e-01
9.985781908035278320e-01
9.952095746994018555e-01
9.991987347602844238e-01
9.953130483627319336e-01
9.974205493927001953e-01
9.984332919120788574e-01
9.996928572654724121e-01
9.994559884071350098e-01
9.991616010665893555e-01
9.985240697860717773e-01
9.943718314170837402e-01
9.954323768615722656e-01
9.984452724456787109e-01
9.971054792404174805e-01
9.955639243125915527e-01
9.974127411842346191e-01
9.969822764396667480e-01
9.952631592750549316e-01
9.999867081642150879e-01
9.998185634613037109e-01
9.973683953285217285e-01
9.983119368553161621e-01
9.998769164085388184e-01
9.981663823127746582e-01
9.994394183158874512e-01
9.982504844665527344e-01
9.980643391609191895e-01
9.876809716224670410e-01
9.985269904136657715e-01
9.984675645828247070e-01
9.979887008666992188e-01
9.895262718200683594e-01
9.967630505561828613e-01
9.969844818115234375e-01
9.966350197792053223e-01
9.982979893684387207e-01
9.980087280273437500e-01
9.986692667007446289e-01
9.983493685722351074e-01
9.986624717712402344e-01
9.991779923439025879e-01
9.750689268112182617e-01
9.882773160934448242e-01
9.978775382041931152e-01
9.986603856086730957e-01
9.923970103263854980e-01
9.968153834342956543e-01
9.988855719566345215e-01
9.928438663482666016e-01
9.996116757392883301e-01
9.971931576728820801e-01
9.942024350166320801e-01
9.854372143745422363e-01
9.990560412406921387e-01
9.999096989631652832e-01
9.978281855583190918e-01
9.964163303375244141e-01
9.991488456726074219e-01
9.942547678947448730e-01
9.835053086280822754e-01
9.984838366508483887e-01
9.978840351104736328e-01
9.993563294410705566e-01
9.983823895454406738e-01
9.996935129165649414e-01
9.979941844940185547e-01
9.994100928306579590e-01
9.979565143585205078e-01
9.998016357421875000e-01
9.992761015892028809e-01
9.979370832443237305e-01
9.944503903388977051e-01
9.950528144836425781e-01
9.948728084564208984e-01
9.980688095092773438e-01
9.904881119728088379e-01
9.935953617095947266e-01
9.974105358123779297e-01
9.950245022773742676e-01
9.993791580200195312e-01
9.978418350219726562e-01
9.970124959945678711e-01
9.962236881256103516e-01
9.954111576080322266e-01
9.993652701377868652e-01
9.953734874725341797e-01
9.999236464500427246e-01
9.957975745201110840e-01
9.979216456413269043e-01
9.975743293762207031e-01
9.971345663070678711e-01
9.933455586433410645e-01
9.948689341545104980e-01
9.957776069641113281e-01
9.985258579254150391e-01
9.907256364822387695e-01
9.995549321174621582e-01
9.934075474739074707e-01
9.982722997665405273e-01
9.930585026741027832e-01
9.932019710540771484e-01
9.985589981079101562e-01
9.942720532417297363e-01
9.967098236083984375e-01
9.952790737152099609e-01
9.989988803863525391e-01
9.972749948501586914e-01
9.973425865173339844e-01
9.965353608131408691e-01
9.957768321037292480e-01
9.997938275337219238e-01
9.975625276565551758e-01
9.962765574455261230e-01
9.907542467117309570e-01
9.991281628608703613e-01
9.962925910949707031e-01
9.969024062156677246e-01
9.945380687713623047e-01
9.990367293357849121e-01
9.957636594772338867e-01
9.999292492866516113e-01
9.646072387695312500e-01
9.989276528358459473e-01
9.991689324378967285e-01
9.992740154266357422e-01
9.982153773307800293e-01
9.982895255088806152e-01
9.982016086578369141e-01
9.963740110397338867e-01
9.972820878028869629e-01
9.934344887733459473e-01
9.977533817291259766e-01
9.990309476852416992e-01
9.987723827362060547e-01
9.950652122497558594e-01
9.988512992858886719e-01
9.944196939468383789e-01
9.971598386764526367e-01
9.998333454132080078e-01
9.988029003143310547e-01
9.981938004493713379e-01
9.973959326744079590e-01
9.991922378540039062e-01
9.990546107292175293e-01
9.914918541908264160e-01
9.993897676467895508e-01
9.875075221061706543e-01
9.986418485641479492e-01
9.996042251586914062e-01
9.985117912292480469e-01
9.981445074081420898e-01
9.924832582473754883e-01
9.879569411277770996e-01
9.980192780494689941e-01
9.977030158042907715e-01
9.770750403404235840e-01
9.994156956672668457e-01
9.936678409576416016e-01
9.855449199676513672e-01
9.921728968620300293e-01
9.952991604804992676e-01
9.956991076469421387e-01
9.921175241470336914e-01
9.977503418922424316e-01
9.989213347434997559e-01
9.943752884864807129e-01
9.935705661773681641e-01
9.992784857749938965e-01
9.970544576644897461e-01
9.973592758178710938e-01
9.991810321807861328e-01
9.994822740554809570e-01
9.970867037773132324e-01
9.973757863044738770e-01
9.978501796722412109e-01
9.971514344215393066e-01
9.957666993141174316e-01
9.993088841438293457e-01
9.980561733245849609e-01
9.974617958068847656e-01
9.914468526840209961e-01
9.956397414207458496e-01
9.992311000823974609e-01
9.972780942916870117e-01
9.993111491203308105e-01
9.958245754241943359e-01
9.985470771789550781e-01
9.941015243530273438e-01
9.997852444648742676e-01
9.992501139640808105e-01
9.975896477699279785e-01
9.983723163604736328e-01
9.988657236099243164e-01
9.989349842071533203e-01
9.982028603553771973e-01
9.979106783866882324e-01
9.939439892768859863e-01
9.952880144119262695e-01
9.965823292732238770e-01
9.976849555969238281e-01
9.995627403259277344e-01
9.991460442543029785e-01
9.956468939781188965e-01
9.929052591323852539e-01
9.959384799003601074e-01
9.984123706817626953e-01
9.969261288642883301e-01
9.965995550155639648e-01
9.985080957412719727e-01
9.959551692008972168e-01
9.948920607566833496e-01
9.986775517463684082e-01
9.986705183982849121e-01
9.989095926284790039e-01
9.796794652938842773e-01
9.984347224235534668e-01
9.965157508850097656e-01
9.967063069343566895e-01
9.909279346466064453e-01
9.986887574195861816e-01
9.942131638526916504e-01
9.925778508186340332e-01
9.968316555023193359e-01
9.952904582023620605e-01
9.995018243789672852e-01
9.990013241767883301e-01
9.982812404632568359e-01
9.989269971847534180e-01
9.660280942916870117e-01
9.963755011558532715e-01
9.944461584091186523e-01
9.978618025779724121e-01
9.961068034172058105e-01
9.985777735710144043e-01
9.939634799957275391e-01
9.664379358291625977e-01
9.976751208305358887e-01
9.933522343635559082e-01
9.951651692390441895e-01
9.817668199539184570e-01
9.989510178565979004e-01
9.971055388450622559e-01
9.961813688278198242e-01
9.606098532676696777e-01
9.954578280448913574e-01
9.974713921546936035e-01
9.971470236778259277e-01
9.985886216163635254e-01
9.975243806838989258e-01
9.942755699157714844e-01
9.947621226310729980e-01
9.984788894653320312e-01
9.945610761642456055e-01
9.969927072525024414e-01
9.990831613540649414e-01
9.980124831199645996e-01
9.979810118675231934e-01
9.979656338691711426e-01
9.931589961051940918e-01
9.971489310264587402e-01
9.959492683410644531e-01
9.992205500602722168e-01
9.979528188705444336e-01
9.964171648025512695e-01
9.934973716735839844e-01
9.992476701736450195e-01
9.989581704139709473e-01
9.966667890548706055e-01
9.968110322952270508e-01
9.991766810417175293e-01
9.987921118736267090e-01
9.886789917945861816e-01
9.900135993957519531e-01
9.967538714408874512e-01
9.990579485893249512e-01
9.901614785194396973e-01
9.912530779838562012e-01
9.959970116615295410e-01
9.973808526992797852e-01
9.968942403793334961e-01
9.907433390617370605e-01
9.969731569290161133e-01
9.971426725387573242e-01
9.977526068687438965e-01
9.989749193191528320e-01
9.957008957862854004e-01
9.989971518516540527e-01
9.990234375000000000e-01
9.974216222763061523e-01
9.945318102836608887e-01
9.922667741775512695e-01
9.974378347396850586e-01
9.977471828460693359e-01
9.977652430534362793e-01
9.991635084152221680e-01
9.975681304931640625e-01
9.978252053260803223e-01
9.990677237510681152e-01
9.990865588188171387e-01
9.976465106010437012e-01
9.991458654403686523e-01
9.944965839385986328e-01
9.975907802581787109e-01
9.974501729011535645e-01
9.953116774559020996e-01
9.985247254371643066e-01
9.940384626388549805e-01
9.991444945335388184e-01
9.957429766654968262e-01
9.852822422981262207e-01
9.951780438423156738e-01
9.987761378288269043e-01
9.998617172241210938e-01
9.991285204887390137e-01
9.992409348487854004e-01
9.914054870605468750e-01
9.837324023246765137e-01
9.969930052757263184e-01
9.971488118171691895e-01
9.970506429672241211e-01
9.992505311965942383e-01
9.992005228996276855e-01
9.982774257659912109e-01
9.970408082008361816e-01
9.949086308479309082e-01
9.961667656898498535e-01
9.914849996566772461e-01
9.944084286689758301e-01
9.865475893020629883e-01
9.991613030433654785e-01
9.950390458106994629e-01
9.899678230285644531e-01
9.928917288780212402e-01
9.947852492332458496e-01
9.964544177055358887e-01
9.989948272705078125e-01
9.956105351448059082e-01
9.858389496803283691e-01
9.990394115447998047e-01
9.937073588371276855e-01
9.938913583755493164e-01
9.973602294921875000e-01
9.923626184463500977e-01
9.973154664039611816e-01
9.986758232116699219e-01
9.995510578155517578e-01
9.977607727050781250e-01
9.955595731735229492e-01
9.983260631561279297e-01
9.960750937461853027e-01
9.985405802726745605e-01
9.988915324211120605e-01
9.993663430213928223e-01
9.826669096946716309e-01
9.918344616889953613e-01
9.964721202850341797e-01
9.910785555839538574e-01
9.988754987716674805e-01
9.993542432785034180e-01
9.991087913513183594e-01
9.984187483787536621e-01
9.980620145797729492e-01
9.981340765953063965e-01
9.929921030998229980e-01
9.954729676246643066e-01
9.978529810905456543e-01
9.944595098495483398e-01
9.909414649009704590e-01
9.922679662704467773e-01
9.955427050590515137e-01
9.928698539733886719e-01
9.924305081367492676e-01
9.967402219772338867e-01
9.857265353202819824e-01
9.979175925254821777e-01
9.991796612739562988e-01
9.925089478492736816e-01
9.818320274353027344e-01
9.972773194313049316e-01
9.987915158271789551e-01
9.990156888961791992e-01
9.924671053886413574e-01
9.911807179450988770e-01
9.947441220283508301e-01
9.975679516792297363e-01
9.991701245307922363e-01
9.981138110160827637e-01
9.975252151489257812e-01
9.942695498466491699e-01
9.986258149147033691e-01
9.972068071365356445e-01
9.988028407096862793e-01
9.993534684181213379e-01
9.996066093444824219e-01
9.996253848075866699e-01
9.911939501762390137e-01
9.973583817481994629e-01
9.935927391052246094e-01
9.980510473251342773e-01
9.962453246116638184e-01
9.995836615562438965e-01
9.989182949066162109e-01
9.900828003883361816e-01
9.955646991729736328e-01
9.996961951255798340e-01
9.997501373291015625e-01
9.941575527191162109e-01
9.898068904876708984e-01
9.953638315200805664e-01
9.903966188430786133e-01
9.998814463615417480e-01
9.944534897804260254e-01
9.977596998214721680e-01
9.873089194297790527e-01
9.916114807128906250e-01
9.983013272285461426e-01
9.885323047637939453e-01
9.992617368698120117e-01
9.992028474807739258e-01
9.904185533523559570e-01
9.954727888107299805e-01
9.949325919151306152e-01
9.969478845596313477e-01
9.987335801124572754e-01
9.992519617080688477e-01
9.925600290298461914e-01
9.991710782051086426e-01
9.990118741989135742e-01
9.976053237915039062e-01
9.956552386283874512e-01
9.957762956619262695e-01
9.989286065101623535e-01
9.879070520401000977e-01
9.974650144577026367e-01
9.999812841415405273e-01
9.874748587608337402e-01
9.980419278144836426e-01
9.991510510444641113e-01
9.995628595352172852e-01
9.982849359512329102e-01
9.982876181602478027e-01
9.950624108314514160e-01
9.930293560028076172e-01
9.958888292312622070e-01
9.991584420204162598e-01
9.948021769523620605e-01
9.970352649688720703e-01
9.979320764541625977e-01
9.938943386077880859e-01
9.992370605468750000e-01
9.942673444747924805e-01
9.967512488365173340e-01
9.957000017166137695e-01
9.971810579299926758e-01
9.993081688880920410e-01
9.992699623107910156e-01
9.988180994987487793e-01
9.901658892631530762e-01
9.951222538948059082e-01
9.955090880393981934e-01
9.898407459259033203e-01
9.946964979171752930e-01
9.941352009773254395e-01
9.989378452301025391e-01
9.945373535156250000e-01
9.981786608695983887e-01
9.978796243667602539e-01
9.990288019180297852e-01
9.913743138313293457e-01
9.970803260803222656e-01
9.986535906791687012e-01
9.974734783172607422e-01
9.989128708839416504e-01
9.905282258987426758e-01
9.940366148948669434e-01
9.978425502777099609e-01
9.986125826835632324e-01
9.892375469207763672e-01
9.955480098724365234e-01
9.939603805541992188e-01
9.970832467079162598e-01
9.983408451080322266e-01
9.929884076118469238e-01
9.857531189918518066e-01
9.915434122085571289e-01
9.981337189674377441e-01
9.965021014213562012e-01
9.984790682792663574e-01
9.970703125000000000e-01
9.962174892425537109e-01
9.958927035331726074e-01
9.991880655288696289e-01
9.992412924766540527e-01
9.984000921249389648e-01
9.945073127746582031e-01
9.968124032020568848e-01
9.983593225479125977e-01
9.988967180252075195e-01
9.940485954284667969e-01
9.984372258186340332e-01
9.997406601905822754e-01
9.989049434661865234e-01
9.969496130943298340e-01
9.993430376052856445e-01
9.954994916915893555e-01
9.974052309989929199e-01
9.929100275039672852e-01
9.951198101043701172e-01
9.955625534057617188e-01
9.962526559829711914e-01
9.939395189285278320e-01
9.951348304748535156e-01
9.976604580879211426e-01
9.994034767150878906e-01
9.961192011833190918e-01
9.973928928375244141e-01
9.983739256858825684e-01
9.970613121986389160e-01
9.987897276878356934e-01
9.973427653312683105e-01
9.989462494850158691e-01
9.888275861740112305e-01
9.985263943672180176e-01
9.992558360099792480e-01
9.979639649391174316e-01
9.962197542190551758e-01
9.981727600097656250e-01
9.989762306213378906e-01
9.987126588821411133e-01
9.795804023742675781e-01
9.979858398437500000e-01
9.947749376296997070e-01
9.980612993240356445e-01
9.995455741882324219e-01
9.807950854301452637e-01
9.979102611541748047e-01
9.999440908432006836e-01
9.895046353340148926e-01
9.942039251327514648e-01
9.961465001106262207e-01
9.943244457244873047e-01
9.916094541549682617e-01
9.972352385520935059e-01
9.930405020713806152e-01
9.940538406372070312e-01
9.994565844535827637e-01
9.978107810020446777e-01
9.972416162490844727e-01
9.947119355201721191e-01
9.981998801231384277e-01
9.991663098335266113e-01
9.974934458732604980e-01
9.975326061248779297e-01
9.990858435630798340e-01
9.947648644447326660e-01
9.957627654075622559e-01
9.951072335243225098e-01
9.810115098953247070e-01
9.943006038665771484e-01
9.712883830070495605e-01
9.993261098861694336e-01
9.996569156646728516e-01
9.961226582527160645e-01
9.966884851455688477e-01
9.978532791137695312e-01
9.978238940238952637e-01
9.973023533821105957e-01
9.924859404563903809e-01
9.914847612380981445e-01
9.812408089637756348e-01
9.984757900238037109e-01
9.970776438713073730e-01
9.986824989318847656e-01
9.906047582626342773e-01
9.951191544532775879e-01
9.971416592597961426e-01
9.964975714683532715e-01
9.981281757354736328e-01
9.973822832107543945e-01
9.968874454498291016e-01
9.978671669960021973e-01
9.979942440986633301e-01
9.980968832969665527e-01
9.959096312522888184e-01
9.903782606124877930e-01
9.980324506759643555e-01
9.983398914337158203e-01
9.987305998802185059e-01
9.966295957565307617e-01
9.980463981628417969e-01
9.925671815872192383e-01
9.914630651473999023e-01
9.999067783355712891e-01
9.874415993690490723e-01
9.910758733749389648e-01
9.657503962516784668e-01
9.976211786270141602e-01
9.917529225349426270e-01
9.911197423934936523e-01
9.978956580162048340e-01
9.985763430595397949e-01
9.834671020507812500e-01
9.934505820274353027e-01
9.939826726913452148e-01
9.988732933998107910e-01
9.846583008766174316e-01
9.958660006523132324e-01
9.958188533782958984e-01
9.938439130783081055e-01
9.892543554306030273e-01
9.998773932456970215e-01
9.978981614112854004e-01
9.951506257057189941e-01
9.975135922431945801e-01
9.986425042152404785e-01
9.972633123397827148e-01
9.959947466850280762e-01
9.962388873100280762e-01
9.983218312263488770e-01
9.979438781738281250e-01
9.993870854377746582e-01
9.991657733917236328e-01
9.998589754104614258e-01
9.943197965621948242e-01
9.891273379325866699e-01
9.913778305053710938e-01
9.944268465042114258e-01
9.984043836593627930e-01
9.955136179924011230e-01
9.992859363555908203e-01
9.986476302146911621e-01
9.980623722076416016e-01
9.997513294219970703e-01
9.897540807723999023e-01
9.937284588813781738e-01
9.999419450759887695e-01
9.935480952262878418e-01
9.987021088600158691e-01
9.952620267868041992e-01
9.973582625389099121e-01
9.990006089210510254e-01
9.967443943023681641e-01
9.957677125930786133e-01
9.969694018363952637e-01
9.905587434768676758e-01
9.948867559432983398e-01
9.785953760147094727e-01
9.991521239280700684e-01
9.965630173683166504e-01
9.941172003746032715e-01
9.968525767326354980e-01
9.981522560119628906e-01
9.995617866516113281e-01
9.943141341209411621e-01
9.970073699951171875e-01
9.972382783889770508e-01
9.988366961479187012e-01
9.992854595184326172e-01
9.985459446907043457e-01
9.941580295562744141e-01
9.949848055839538574e-01
9.964984655380249023e-01
9.998707175254821777e-01
9.991337656974792480e-01
9.975782632827758789e-01
9.936830401420593262e-01
9.979319572448730469e-01
9.990062713623046875e-01
9.895625710487365723e-01
9.983747601509094238e-01
9.975020289421081543e-01
9.993564486503601074e-01
9.977014064788818359e-01
9.920204877853393555e-01
9.966939091682434082e-01
9.999038577079772949e-01
9.954635500907897949e-01
9.958342909812927246e-01
9.940699934959411621e-01
9.919826984405517578e-01
9.972776174545288086e-01
9.953886270523071289e-01
9.976748228073120117e-01
9.985611438751220703e-01
9.955502152442932129e-01
9.975649714469909668e-01
9.922791123390197754e-01
9.987317919731140137e-01
9.969344139099121094e-01
9.795091152191162109e-01
9.989371299743652344e-01
9.966708421707153320e-01
9.993020892143249512e-01
9.898537397384643555e-01
9.961972236633300781e-01
9.988248348236083984e-01
9.939140081405639648e-01
9.984756708145141602e-01
9.997275471687316895e-01
9.994656443595886230e-01
9.936963319778442383e-01
9.983070492744445801e-01
9.968870282173156738e-01
9.985023736953735352e-01
9.930911064147949219e-01
9.936167597770690918e-01
9.994677901268005371e-01
9.954037070274353027e-01
9.973800778388977051e-01
9.939466714859008789e-01
9.986461997032165527e-01
9.968510270118713379e-01
9.982891082763671875e-01
9.969587326049804688e-01
9.938247203826904297e-01
9.973629117012023926e-01
9.955150485038757324e-01
9.979880452156066895e-01
9.911985397338867188e-01
9.977036118507385254e-01
9.987022876739501953e-01
9.993931055068969727e-01
9.982155561447143555e-01
9.981411099433898926e-01
9.976195096969604492e-01
9.951257109642028809e-01
9.980459213256835938e-01
9.997283816337585449e-01
9.992040991783142090e-01
9.991509318351745605e-01
9.929774999618530273e-01
9.948287606239318848e-01
9.898016452789306641e-01
9.986686706542968750e-01
9.994112849235534668e-01
9.967308044433593750e-01
9.973612427711486816e-01
9.859735369682312012e-01
9.924047589302062988e-01
9.928137660026550293e-01
9.957901239395141602e-01
9.953908920288085938e-01
9.763043522834777832e-01
9.973824024200439453e-01
9.890065789222717285e-01
9.998412728309631348e-01
9.985445141792297363e-01
9.991661906242370605e-01
9.951226115226745605e-01
9.976508021354675293e-01
9.982293844223022461e-01
9.987156987190246582e-01
9.991487860679626465e-01
9.917046427726745605e-01
9.992606639862060547e-01
9.979094266891479492e-01
9.985943436622619629e-01
9.951057434082031250e-01
9.880122542381286621e-01
9.998378157615661621e-01
9.771469831466674805e-01
9.989197850227355957e-01
9.983035326004028320e-01
9.993398785591125488e-01
9.973319768905639648e-01
9.903358817100524902e-01
9.979174137115478516e-01
9.908440709114074707e-01
9.971953034400939941e-01
9.990041851997375488e-01
9.967449903488159180e-01
9.955165982246398926e-01
9.940731525421142578e-01
9.990136027336120605e-01
9.955013394355773926e-01
9.984079599380493164e-01
9.961957335472106934e-01
9.996989369392395020e-01
9.988407492637634277e-01
9.975781440734863281e-01
9.986515045166015625e-01
9.977116584777832031e-01
9.931115508079528809e-01
9.920314550399780273e-01
9.923568367958068848e-01
9.995265007019042969e-01
9.991793036460876465e-01
9.977322816848754883e-01
9.994122385978698730e-01
9.859710335731506348e-01
9.969600439071655273e-01
9.974563121795654297e-01
9.979263544082641602e-01
9.981237053871154785e-01
9.980489015579223633e-01
9.992924332618713379e-01
9.978459477424621582e-01
9.965248107910156250e-01
9.964488744735717773e-01
9.976765513420104980e-01
9.932703375816345215e-01
9.980471134185791016e-01
9.939694404602050781e-01
9.981449842453002930e-01
9.996457099914550781e-01
9.993357658386230469e-01
9.996935725212097168e-01
9.986759424209594727e-01
9.915019273757934570e-01
9.871451258659362793e-01
9.972334504127502441e-01
9.973465800285339355e-01
9.996092915534973145e-01
9.883416295051574707e-01
9.881353974342346191e-01
9.958598017692565918e-01
9.973335862159729004e-01
9.963835477828979492e-01
9.967685341835021973e-01
9.707026481628417969e-01
9.999633431434631348e-01
9.929362535476684570e-01
9.992858767509460449e-01
9.982457160949707031e-01
9.992495179176330566e-01
9.949257373809814453e-01
9.914714097976684570e-01
9.959014654159545898e-01
9.965941309928894043e-01
9.989067912101745605e-01
9.991698265075683594e-01
9.888268709182739258e-01
9.997376203536987305e-01
9.989073872566223145e-01
9.988089203834533691e-01
9.886232018470764160e-01
9.938383698463439941e-01
9.810649752616882324e-01
9.993118047714233398e-01
9.918324351310729980e-01
9.985992908477783203e-01
9.990803003311157227e-01
9.996972680091857910e-01
9.886884689331054688e-01
9.976234436035156250e-01
9.864737391471862793e-01
9.941581487655639648e-01
9.886130690574645996e-01
9.903421401977539062e-01
9.951210618019104004e-01
9.963746070861816406e-01
9.993638992309570312e-01
9.949122667312622070e-01
9.941412210464477539e-01
9.987098574638366699e-01
9.999685883522033691e-01
9.986452460289001465e-01
9.929118752479553223e-01
9.946122169494628906e-01
9.965075254440307617e-01
9.949543476104736328e-01
9.965346455574035645e-01
9.998542666435241699e-01
9.794328808784484863e-01
9.986325502395629883e-01
9.994687438011169434e-01
9.961251616477966309e-01
9.987277388572692871e-01
9.865549802780151367e-01
9.985414147377014160e-01
9.968451261520385742e-01
9.987062811851501465e-01
9.975219964981079102e-01
9.966521263122558594e-01
9.983981847763061523e-01
9.986562132835388184e-01
9.991104602813720703e-01
9.957168102264404297e-01
9.969536066055297852e-01
9.992346167564392090e-01
9.980528950691223145e-01
9.993048906326293945e-01
9.974985718727111816e-01
9.970490932464599609e-01
9.921546578407287598e-01
9.861320257186889648e-01
9.980419874191284180e-01
9.991254210472106934e-01
9.984711408615112305e-01
9.984928965568542480e-01
9.905015230178833008e-01
9.989299774169921875e-01
9.905186295509338379e-01
9.969978928565979004e-01
9.948333501815795898e-01
9.999036192893981934e-01
9.992862939834594727e-01
9.979042410850524902e-01
9.924308061599731445e-01
9.954102635383605957e-01
9.943183064460754395e-01
9.989527463912963867e-01
9.974645376205444336e-01
9.989022612571716309e-01
9.969422817230224609e-01
9.894703030586242676e-01
9.932683706283569336e-01
9.884002208709716797e-01
9.931038618087768555e-01
9.977269768714904785e-01
9.961581826210021973e-01
9.997448921203613281e-01
9.988293647766113281e-01
9.968321323394775391e-01
9.979298710823059082e-01
9.980122447013854980e-01
9.992993474006652832e-01
9.988516569137573242e-01
9.808064103126525879e-01
9.988305568695068359e-01
9.945820569992065430e-01
9.981821179389953613e-01
9.861623644828796387e-01
9.993731379508972168e-01
9.980641603469848633e-01
9.982410073280334473e-01
9.993810057640075684e-01
9.992104768753051758e-01
9.994409084320068359e-01
9.942443370819091797e-01
9.988954663276672363e-01
9.984665513038635254e-01
9.999480843544006348e-01
9.976431131362915039e-01
9.987367987632751465e-01
9.991981387138366699e-01
9.991894960403442383e-01
9.956374168395996094e-01
9.987762570381164551e-01
9.987048506736755371e-01
9.980631470680236816e-01
9.986026883125305176e-01
9.974531531333923340e-01
9.934235811233520508e-01
9.957486987113952637e-01
9.976533651351928711e-01
9.954080581665039062e-01
9.979933500289916992e-01
9.975658059120178223e-01
9.982593655586242676e-01
9.920359253883361816e-01
9.956462383270263672e-01
9.996682405471801758e-01
9.975850582122802734e-01
9.946926236152648926e-01
9.969270229339599609e-01
9.986003041267395020e-01
9.918115139007568359e-01
9.966049194335937500e-01
9.998412728309631348e-01
9.970542788505554199e-01
9.994221925735473633e-01
9.998441934585571289e-01
9.997901320457458496e-01
9.591935873031616211e-01
9.940425753593444824e-01
9.965062737464904785e-01
9.966877102851867676e-01
9.962732195854187012e-01
9.982036352157592773e-01
9.993040561676025391e-01
9.945091605186462402e-01
9.976770281791687012e-01
9.987034797668457031e-01
9.938992261886596680e-01
9.979231357574462891e-01
9.985080361366271973e-01
9.992937445640563965e-01
9.990391731262207031e-01
9.911446571350097656e-01
9.983923435211181641e-01
9.987148046493530273e-01
9.987841844558715820e-01
9.972385168075561523e-01
9.994429945945739746e-01
9.986743927001953125e-01
9.989621043205261230e-01
9.937213659286499023e-01
9.986020922660827637e-01
9.961218237876892090e-01
9.969857335090637207e-01
9.953300952911376953e-01
9.987365603446960449e-01
9.981182217597961426e-01
9.992184042930603027e-01
9.982522130012512207e-01
9.984449148178100586e-01
9.993699789047241211e-01
9.967477321624755859e-01
9.922506809234619141e-01
9.953242540359497070e-01
9.977391958236694336e-01
9.970174431800842285e-01
9.935516119003295898e-01
9.979159832000732422e-01
9.997642040252685547e-01
9.962795972824096680e-01
9.963855743408203125e-01
9.983041286468505859e-01
9.977251291275024414e-01
9.990291595458984375e-01
9.939234852790832520e-01
9.917758703231811523e-01
9.982078671455383301e-01
9.988284111022949219e-01
9.918698668479919434e-01
9.907252788543701172e-01
9.978100061416625977e-01
9.999341964721679688e-01
9.878610968589782715e-01
9.973094463348388672e-01
9.996454119682312012e-01
9.992260932922363281e-01
9.714426994323730469e-01
9.945367574691772461e-01
9.920469522476196289e-01
9.988641738891601562e-01
9.962131977081298828e-01
9.882386326789855957e-01
9.970424175262451172e-01
9.991527199745178223e-01
