9.973443150520324707e-01
9.986116290092468262e-01
9.945009350776672363e-01
9.956282973289489746e-01
9.784185290336608887e-01
9.909647107124328613e-01
9.992136955261230469e-01
9.971812963485717773e-01
9.994970560073852539e-01
9.985634088516235352e-01
9.999547600746154785e-01
9.960715770721435547e-01
9.992253780364990234e-01
9.616433978080749512e-01
9.918482899665832520e-01
9.992824196815490723e-01
9.974455833435058594e-01
9.981793165206909180e-01
9.984527826309204102e-01
9.986876845359802246e-01
9.922932982444763184e-01
9.955978393554687500e-01
9.997594952583312988e-01
9.973360300064086914e-01
9.991829395294189453e-01
9.981091618537902832e-01
9.999716281890869141e-01
9.966645240783691406e-01
9.956517815589904785e-01
9.910309910774230957e-01
9.990049600601196289e-01
9.803262948989868164e-01
9.917241334915161133e-01
9.922118782997131348e-01
9.938127994537353516e-01
9.966431856155395508e-01
9.996056556701660156e-01
9.987525343894958496e-01
9.990276694297790527e-01
9.907845854759216309e-01
9.977243542671203613e-01
9.909858703613281250e-01
9.995405673980712891e-01
9.886905550956726074e-01
9.971894621849060059e-01
9.978525638580322266e-01
9.992642402648925781e-01
9.986380338668823242e-01
9.993047714233398438e-01
9.967518448829650879e-01
9.956205487251281738e-01
9.991391897201538086e-01
9.879679679870605469e-01
9.971134066581726074e-01
9.936488866806030273e-01
9.995821714401245117e-01
9.987921118736267090e-01
9.976122975349426270e-01
9.940336346626281738e-01
9.999928474426269531e-01
9.943755865097045898e-01
9.736180305480957031e-01
9.993292689323425293e-01
9.972108006477355957e-01
9.932455420494079590e-01
9.963641762733459473e-01
9.990690946578979492e-01
9.910595417022705078e-01
9.982345700263977051e-01
9.993287920951843262e-01
9.992375969886779785e-01
9.989222288131713867e-01
9.959613680839538574e-01
9.952723383903503418e-01
9.192214012145996094e-01
9.973967075347900391e-01
9.988483786582946777e-01
9.994132518768310547e-01
9.971162080764770508e-01
9.943038821220397949e-01
9.989694356918334961e-01
9.953851103782653809e-01
9.992173910140991211e-01
9.990163445472717285e-01
9.869104623794555664e-01
9.934464693069458008e-01
9.945233464241027832e-01
9.991237521171569824e-01
9.920518398284912109e-01
9.998744130134582520e-01
9.946041107177734375e-01
9.965384602546691895e-01
9.996116161346435547e-01
9.977765679359436035e-01
9.967051148414611816e-01
9.991289973258972168e-01
9.954685568809509277e-01
9.913257956504821777e-01
9.960424304008483887e-01
9.993056058883666992e-01
9.967098832130432129e-01
9.970786571502685547e-01
9.989460706710815430e-01
9.964606165885925293e-01
9.993032813072204590e-01
9.972692728042602539e-01
9.993379712104797363e-01
9.973575472831726074e-01
9.986956119537353516e-01
9.983989596366882324e-01
9.996894001960754395e-01
9.939972758293151855e-01
9.943811297416687012e-01
9.985894560813903809e-01
9.993481040000915527e-01
9.990357160568237305e-01
9.962742924690246582e-01
9.956064224243164062e-01
9.931622147560119629e-01
9.949801564216613770e-01
9.958497285842895508e-01
9.982942938804626465e-01
9.953826665878295898e-01
9.952179193496704102e-01
9.835229516029357910e-01
9.957984089851379395e-01
9.990603327751159668e-01
9.991989135742187500e-01
9.995544552803039551e-01
9.905214905738830566e-01
9.992980957031250000e-01
9.991505742073059082e-01
9.912567138671875000e-01
9.971211552619934082e-01
9.946851134300231934e-01
9.940356612205505371e-01
9.980183839797973633e-01
9.964600205421447754e-01
9.995921254158020020e-01
9.957830309867858887e-01
9.989959597587585449e-01
9.989867806434631348e-01
9.736824631690979004e-01
9.977777600288391113e-01
9.973151087760925293e-01
9.990979433059692383e-01
9.991087317466735840e-01
9.970480203628540039e-01
9.980562329292297363e-01
9.956350326538085938e-01
9.990637302398681641e-01
9.965895414352416992e-01
9.984669089317321777e-01
9.941990375518798828e-01
9.990879893302917480e-01
9.922894239425659180e-01
9.973351359367370605e-01
9.980262517929077148e-01
9.860420823097229004e-01
9.995191097259521484e-01
9.788038134574890137e-01
9.961764216423034668e-01
9.989767670631408691e-01
9.998624324798583984e-01
9.978935122489929199e-01
9.991629719734191895e-01
9.980157613754272461e-01
9.994398951530456543e-01
9.988341331481933594e-01
9.964652061462402344e-01
9.948387742042541504e-01
9.856137037277221680e-01
9.989265203475952148e-01
9.813736081123352051e-01
9.972831010818481445e-01
9.926326870918273926e-01
9.966166615486145020e-01
9.958482980728149414e-01
9.988242983818054199e-01
9.971245527267456055e-01
9.950644969940185547e-01
9.984861612319946289e-01
9.986716508865356445e-01
9.994000196456909180e-01
9.988505840301513672e-01
9.925240278244018555e-01
9.985316395759582520e-01
9.985342621803283691e-01
9.986513257026672363e-01
9.994133114814758301e-01
9.915338158607482910e-01
9.982581138610839844e-01
9.977333545684814453e-01
9.975369572639465332e-01
9.810709953308105469e-01
9.953833818435668945e-01
9.992668628692626953e-01
9.973604679107666016e-01
9.989956021308898926e-01
9.808840155601501465e-01
9.976856708526611328e-01
9.985313415527343750e-01
9.960183501243591309e-01
9.981827139854431152e-01
9.947865009307861328e-01
9.992019534111022949e-01
9.988993406295776367e-01
9.949610233306884766e-01
9.960336089134216309e-01
9.971450567245483398e-01
9.910701513290405273e-01
9.939731955528259277e-01
9.920542836189270020e-01
9.993976354598999023e-01
9.982878565788269043e-01
9.924093484878540039e-01
9.977921843528747559e-01
9.987644553184509277e-01
9.888331294059753418e-01
9.975486993789672852e-01
9.984923601150512695e-01
9.928428530693054199e-01
9.994024634361267090e-01
9.994440674781799316e-01
9.993720650672912598e-01
9.909211993217468262e-01
9.971030950546264648e-01
9.951231479644775391e-01
9.986741542816162109e-01
9.955664277076721191e-01
9.991245865821838379e-01
9.965850114822387695e-01
9.975739717483520508e-01
9.952567815780639648e-01
9.986078143119812012e-01
9.973484873771667480e-01
9.991731047630310059e-01
9.994006156921386719e-01
9.914559721946716309e-01
9.968999028205871582e-01
9.989448189735412598e-01
9.947533607482910156e-01
9.945573806762695312e-01
9.890453219413757324e-01
9.945603013038635254e-01
9.993416070938110352e-01
9.971405863761901855e-01
9.950415492057800293e-01
9.978442788124084473e-01
9.986436367034912109e-01
9.960325956344604492e-01
9.882454276084899902e-01
9.999383091926574707e-01
9.920771718025207520e-01
9.995985627174377441e-01
9.986439943313598633e-01
9.968062043190002441e-01
9.977142810821533203e-01
9.991574287414550781e-01
9.999349713325500488e-01
9.984626173973083496e-01
9.961408376693725586e-01
9.993447661399841309e-01
9.968979358673095703e-01
9.934331178665161133e-01
9.976986646652221680e-01
9.974976778030395508e-01
9.756658673286437988e-01
9.995300173759460449e-01
9.983924031257629395e-01
9.842305183410644531e-01
9.841284751892089844e-01
9.988188743591308594e-01
9.913964867591857910e-01
9.950823187828063965e-01
9.986274838447570801e-01
9.962762594223022461e-01
9.976964592933654785e-01
9.982827305793762207e-01
9.981911182403564453e-01
9.965701103210449219e-01
9.991750717163085938e-01
9.935839772224426270e-01
9.962513446807861328e-01
9.988313317298889160e-01
9.995994567871093750e-01
9.991281032562255859e-01
9.991617798805236816e-01
9.981861710548400879e-01
9.914343357086181641e-01
9.960606098175048828e-01
9.984305500984191895e-01
9.965956211090087891e-01
9.982977509498596191e-01
9.973658323287963867e-01
9.972293972969055176e-01
9.994748234748840332e-01
9.964873194694519043e-01
9.973848462104797363e-01
9.973893761634826660e-01
9.988641142845153809e-01
9.988038539886474609e-01
9.994612932205200195e-01
9.981989264488220215e-01
9.984497427940368652e-01
9.721897244453430176e-01
9.984255433082580566e-01
9.989609718322753906e-01
9.978569746017456055e-01
9.860535264015197754e-01
9.970480203628540039e-01
9.971437454223632812e-01
9.945859313011169434e-01
9.961061477661132812e-01
9.986057877540588379e-01
9.987587928771972656e-01
9.983719587326049805e-01
9.988718032836914062e-01
9.991890192031860352e-01
9.688866734504699707e-01
9.857416749000549316e-01
9.983979463577270508e-01
9.984002709388732910e-01
9.956492781639099121e-01
9.978997707366943359e-01
9.992284774780273438e-01
9.880703091621398926e-01
9.927541017532348633e-01
9.993028640747070312e-01
9.979802370071411133e-01
9.941064715385437012e-01
9.932202100753784180e-01
9.992203116416931152e-01
9.995011091232299805e-01
9.959852695465087891e-01
9.969230890274047852e-01
9.958490729331970215e-01
9.929638504981994629e-01
9.823591113090515137e-01
9.989374279975891113e-01
9.978417754173278809e-01
9.995933771133422852e-01
9.985204935073852539e-01
9.998190999031066895e-01
9.977492690086364746e-01
9.992368221282958984e-01
9.978410601615905762e-01
9.997590184211730957e-01
9.995080828666687012e-01
9.958225488662719727e-01
9.971874356269836426e-01
9.968241453170776367e-01
9.955922961235046387e-01
9.977204203605651855e-01
9.904391169548034668e-01
9.934856295585632324e-01
9.997110366821289062e-01
9.961743950843811035e-01
9.993559718132019043e-01
9.994143843650817871e-01
9.976205825805664062e-01
9.968571662902832031e-01
9.939733743667602539e-01
9.990578293800354004e-01
9.957621693611145020e-01
9.997310638427734375e-01
9.968652129173278809e-01
9.991378784179687500e-01
9.893053770065307617e-01
9.977123141288757324e-01
9.995762109756469727e-01
9.955507516860961914e-01
9.950708746910095215e-01
9.984380602836608887e-01
9.947564005851745605e-01
9.973083138465881348e-01
9.949787259101867676e-01
9.981008768081665039e-01
9.958136677742004395e-01
9.842825531959533691e-01
9.986045956611633301e-01
9.863494038581848145e-01
9.967520833015441895e-01
9.966083168983459473e-01
9.990206956863403320e-01
9.978212714195251465e-01
9.933855533599853516e-01
9.968445897102355957e-01
9.955968856811523438e-01
9.989685416221618652e-01
9.991491436958312988e-01
9.849067926406860352e-01
9.991016387939453125e-01
9.982488751411437988e-01
9.963682293891906738e-01
9.950611591339111328e-01
9.990344047546386719e-01
9.966405034065246582e-01
9.998899698257446289e-01
9.772387146949768066e-01
9.992750883102416992e-01
9.991480112075805664e-01
9.975602030754089355e-01
9.968815445899963379e-01
9.984655380249023438e-01
9.987783432006835938e-01
9.960938692092895508e-01
9.962037205696105957e-01
9.939536452293395996e-01
9.977032542228698730e-01
9.983150362968444824e-01
9.991809129714965820e-01
9.964001774787902832e-01
9.993177056312561035e-01
9.954280257225036621e-01
9.975306391716003418e-01
9.998938441276550293e-01
9.962881207466125488e-01
9.992945790290832520e-01
9.928522706031799316e-01
9.990946650505065918e-01
9.993850588798522949e-01
9.965714216232299805e-01
9.995074272155761719e-01
9.935914874076843262e-01
9.963770508766174316e-01
9.997332096099853516e-01
9.973380565643310547e-01
9.982574582099914551e-01
9.909267425537109375e-01
9.879355430603027344e-01
9.982250928878784180e-01
9.985275268554687500e-01
9.824616312980651855e-01
9.992921352386474609e-01
9.956249594688415527e-01
9.808853268623352051e-01
9.974773526191711426e-01
9.889136552810668945e-01
9.955635070800781250e-01
9.952800869941711426e-01
9.990592002868652344e-01
9.991136193275451660e-01
9.955240488052368164e-01
9.963259696960449219e-01
9.987182617187500000e-01
9.990531802177429199e-01
9.988188743591308594e-01
9.991036057472229004e-01
9.995820522308349609e-01
9.975827336311340332e-01
9.976704716682434082e-01
9.975616931915283203e-01
9.977470040321350098e-01
9.969198107719421387e-01
9.982223510742187500e-01
9.990780353546142578e-01
9.960615038871765137e-01
9.873428940773010254e-01
9.966472983360290527e-01
9.995504021644592285e-01
9.973783493041992188e-01
9.996168613433837891e-01
9.947326779365539551e-01
9.987872838973999023e-01
9.945592880249023438e-01
9.997466206550598145e-01
9.998286962509155273e-01
9.986179471015930176e-01
9.982910752296447754e-01
9.989643096923828125e-01
9.986032843589782715e-01
9.970778822898864746e-01
9.970393776893615723e-01
9.957956075668334961e-01
9.932772517204284668e-01
9.950561523437500000e-01
9.985088706016540527e-01
9.995322227478027344e-01
9.991474151611328125e-01
9.979391098022460938e-01
9.946943521499633789e-01
9.961501955986022949e-01
9.794335961341857910e-01
9.973119497299194336e-01
9.966858029365539551e-01
9.995213150978088379e-01
9.968039989471435547e-01
9.954541325569152832e-01
9.984688758850097656e-01
9.987227320671081543e-01
9.991450905799865723e-01
9.868152737617492676e-01
9.981887936592102051e-01
9.961063861846923828e-01
9.975797533988952637e-01
9.952448010444641113e-01
9.987865090370178223e-01
9.958552122116088867e-01
9.964457154273986816e-01
9.968302845954895020e-01
9.934402108192443848e-01
9.994037151336669922e-01
9.991205930709838867e-01
9.996016025543212891e-01
9.990097880363464355e-01
9.725386500358581543e-01
9.909673929214477539e-01
9.921952486038208008e-01
9.976846575736999512e-01
9.973497986793518066e-01
9.989695549011230469e-01
9.962788820266723633e-01
9.276840090751647949e-01
9.978255033493041992e-01
9.938892722129821777e-01
9.956911206245422363e-01
9.860824346542358398e-01
9.956245422363281250e-01
9.998136162757873535e-01
9.977090954780578613e-01
9.641867280006408691e-01
9.984048008918762207e-01
9.988138675689697266e-01
9.975779056549072266e-01
9.996265769004821777e-01
9.972999095916748047e-01
9.997129440307617188e-01
9.909138679504394531e-01
9.971995949745178223e-01
9.938336014747619629e-01
9.967031478881835938e-01
9.992284774780273438e-01
9.983872175216674805e-01
9.977334141731262207e-01
9.983882904052734375e-01
9.934644699096679688e-01
9.984196424484252930e-01
9.962773919105529785e-01
9.992058277130126953e-01
9.968209862709045410e-01
9.963974356651306152e-01
9.935874342918395996e-01
9.752435684204101562e-01
9.987475872039794922e-01
9.964835047721862793e-01
9.979469180107116699e-01
9.991998672485351562e-01
9.918504357337951660e-01
9.990133643150329590e-01
9.904597401618957520e-01
9.979025125503540039e-01
9.992168545722961426e-01
9.917851686477661133e-01
9.893342852592468262e-01
9.981166124343872070e-01
9.985777735710144043e-01
9.977744221687316895e-01
9.945999979972839355e-01
9.977528452873229980e-01
9.906706809997558594e-01
9.981671571731567383e-01
9.990175366401672363e-01
9.974645376205444336e-01
9.989125728607177734e-01
9.993452429771423340e-01
9.952237010002136230e-01
9.967578649520874023e-01
9.920893311500549316e-01
9.948523640632629395e-01
9.984480142593383789e-01
9.997769594192504883e-01
9.980070590972900391e-01
9.990896582603454590e-01
9.953027367591857910e-01
9.991294145584106445e-01
9.973766207695007324e-01
9.992367029190063477e-01
9.957099556922912598e-01
9.975038170814514160e-01
9.989886879920959473e-01
9.953019618988037109e-01
9.996631741523742676e-01
9.911879897117614746e-01
9.990988373756408691e-01
9.992859959602355957e-01
9.827568531036376953e-01
9.953015446662902832e-01
9.988231658935546875e-01
9.997036457061767578e-01
9.994516372680664062e-01
9.991769194602966309e-01
9.929493665695190430e-01
9.855081439018249512e-01
9.974589943885803223e-01
9.985485672950744629e-01
9.968572258949279785e-01
9.988586306571960449e-01
9.990965127944946289e-01
9.982762932777404785e-01
9.833405613899230957e-01
9.957579374313354492e-01
9.964498877525329590e-01
9.838544726371765137e-01
9.960377812385559082e-01
9.936403632164001465e-01
9.991937279701232910e-01
9.952239990234375000e-01
9.963975548744201660e-01
9.951294660568237305e-01
9.972372651100158691e-01
9.996457099914550781e-01
9.994878172874450684e-01
9.880875945091247559e-01
9.953564405441284180e-01
9.989047646522521973e-01
9.895926117897033691e-01
9.910989999771118164e-01
9.982911348342895508e-01
9.940240383148193359e-01
9.972591996192932129e-01
9.976268410682678223e-01
9.941616058349609375e-01
9.978423714637756348e-01
9.948880672454833984e-01
9.989159703254699707e-01
9.959557056427001953e-01
9.984546899795532227e-01
9.986515641212463379e-01
9.986211061477661133e-01
9.815952181816101074e-01
9.915221929550170898e-01
9.971948266029357910e-01
9.827843308448791504e-01
9.984080195426940918e-01
9.991701841354370117e-01
9.991956949234008789e-01
9.986805319786071777e-01
9.982987046241760254e-01
9.974709153175354004e-01
9.964930415153503418e-01
9.964949488639831543e-01
9.998831748962402344e-01
9.959591627120971680e-01
9.890071749687194824e-01
9.929385781288146973e-01
9.958083033561706543e-01
9.931999444961547852e-01
9.926664829254150391e-01
9.960038065910339355e-01
9.900462627410888672e-01
9.988532066345214844e-01
9.980610609054565430e-01
9.933956265449523926e-01
9.970211386680603027e-01
9.987304210662841797e-01
9.988639950752258301e-01
9.991763830184936523e-01
9.971539378166198730e-01
9.800432324409484863e-01
9.979949593544006348e-01
9.971778392791748047e-01
9.986951947212219238e-01
9.977253675460815430e-01
9.990329742431640625e-01
9.983903169631958008e-01
9.988656640052795410e-01
9.980053305625915527e-01
9.995794296264648438e-01
9.992889165878295898e-01
9.990075230598449707e-01
9.939455986022949219e-01
9.913060069084167480e-01
9.985969066619873047e-01
9.931034445762634277e-01
9.984112977981567383e-01
9.963664412498474121e-01
9.955065250396728516e-01
9.986804127693176270e-01
9.892316460609436035e-01
9.969758391380310059e-01
9.995567798614501953e-01
9.995085597038269043e-01
9.827688932418823242e-01
9.986822605133056641e-01
9.974480271339416504e-01
9.864252805709838867e-01
9.999580383300781250e-01
9.933575391769409180e-01
9.977820515632629395e-01
9.938516616821289062e-01
9.916849136352539062e-01
9.980967640876770020e-01
9.886009693145751953e-01
9.998590350151062012e-01
9.999446868896484375e-01
9.910412430763244629e-01
9.956790804862976074e-01
9.945526123046875000e-01
9.954435229301452637e-01
9.990932345390319824e-01
9.992182850837707520e-01
9.924200177192687988e-01
9.998909831047058105e-01
9.991125464439392090e-01
9.969082474708557129e-01
9.958320856094360352e-01
9.956293106079101562e-01
9.992471337318420410e-01
9.911538362503051758e-01
9.932827949523925781e-01
9.998704195022583008e-01
9.912683367729187012e-01
9.980143904685974121e-01
9.993255138397216797e-01
9.995806217193603516e-01
9.980888366699218750e-01
9.972282648086547852e-01
9.969205856323242188e-01
9.899867177009582520e-01
9.964004158973693848e-01
9.991415143013000488e-01
9.931213259696960449e-01
9.973715543746948242e-01
9.986431598663330078e-01
9.965690374374389648e-01
9.982298016548156738e-01
9.922735691070556641e-01
9.969893097877502441e-01
9.956185221672058105e-01
9.969804883003234863e-01
9.994435906410217285e-01
9.985858201980590820e-01
9.989796876907348633e-01
9.926204681396484375e-01
9.943891167640686035e-01
9.980591535568237305e-01
9.987895488739013672e-01
9.962155222892761230e-01
9.900892376899719238e-01
9.981809258460998535e-01
9.851990342140197754e-01
9.979889392852783203e-01
9.978882074356079102e-01
9.992219209671020508e-01
9.937494397163391113e-01
9.977644085884094238e-01
9.988374114036560059e-01
9.977601170539855957e-01
9.996284842491149902e-01
9.925299882888793945e-01
9.955372214317321777e-01
9.977706074714660645e-01
9.987201690673828125e-01
9.707660675048828125e-01
9.959774017333984375e-01
9.962412118911743164e-01
9.979183673858642578e-01
9.984391927719116211e-01
9.962977170944213867e-01
9.819603562355041504e-01
9.910404086112976074e-01
9.986250400543212891e-01
9.954359531402587891e-01
9.988085031509399414e-01
9.984082579612731934e-01
9.969385266304016113e-01
9.970286488533020020e-01
9.993815422058105469e-01
9.987412691116333008e-01
9.984406232833862305e-01
9.955604672431945801e-01
9.954350590705871582e-01
9.990734457969665527e-01
9.987290501594543457e-01
9.954819679260253906e-01
9.986957907676696777e-01
9.890071153640747070e-01
9.988250136375427246e-01
9.980889558792114258e-01
9.989895820617675781e-01
9.963887333869934082e-01
9.944043755531311035e-01
9.934782385826110840e-01
9.953208565711975098e-01
9.965299963951110840e-01
9.966900348663330078e-01
9.928104877471923828e-01
9.950199723243713379e-01
9.950816035270690918e-01
9.456585645675659180e-01
9.896006584167480469e-01
9.976162910461425781e-01
9.975422024726867676e-01
9.976123571395874023e-01
9.996442198753356934e-01
9.974042177200317383e-01
9.985629320144653320e-01
9.894779324531555176e-01
9.988194108009338379e-01
9.965097904205322266e-01
9.980941414833068848e-01
9.984707236289978027e-01
9.981445670127868652e-01
9.985060691833496094e-01
9.991542100906372070e-01
9.903545975685119629e-01
9.969816207885742188e-01
9.937239289283752441e-01
9.978938102722167969e-01
9.999130368232727051e-01
9.808788895606994629e-01
9.975990653038024902e-01
9.999902844429016113e-01
9.935780763626098633e-01
9.939360022544860840e-01
9.959259629249572754e-01
9.941653013229370117e-01
9.930856823921203613e-01
9.954392313957214355e-01
9.940395355224609375e-01
9.968686103820800781e-01
9.995476603507995605e-01
9.974750876426696777e-01
9.949448108673095703e-01
9.937511682510375977e-01
9.953898787498474121e-01
9.991268515586853027e-01
9.961171746253967285e-01
9.954593181610107422e-01
9.994761943817138672e-01
9.958462119102478027e-01
9.951956868171691895e-01
9.958847761154174805e-01
9.779543876647949219e-01
9.957668185234069824e-01
9.843183755874633789e-01
9.994504451751708984e-01
9.999033808708190918e-01
9.954218268394470215e-01
9.973457455635070801e-01
9.966853857040405273e-01
9.958329200744628906e-01
9.977175593376159668e-01
9.911992549896240234e-01
9.966862797737121582e-01
9.990000128746032715e-01
9.984433054924011230e-01
9.969686865806579590e-01
9.955457448959350586e-01
9.919059276580810547e-01
9.954077005386352539e-01
9.975360631942749023e-01
9.948886632919311523e-01
9.984276890754699707e-01
9.983649253845214844e-01
9.961779713630676270e-01
9.982346296310424805e-01
9.984635114669799805e-01
9.980590939521789551e-01
9.951301217079162598e-01
9.867787361145019531e-01
9.984596371650695801e-01
9.949224591255187988e-01
9.986512064933776855e-01
9.966438412666320801e-01
9.979959726333618164e-01
9.979323148727416992e-01
9.924723505973815918e-01
9.999396204948425293e-01
9.922536611557006836e-01
9.931679368019104004e-01
9.758749008178710938e-01
9.988337755203247070e-01
9.938769340515136719e-01
9.902683496475219727e-01
9.981173276901245117e-01
9.985127449035644531e-01
9.841178655624389648e-01
9.963766932487487793e-01
9.951020479202270508e-01
9.989318847656250000e-01
9.822356700897216797e-01
9.945187568664550781e-01
9.930903315544128418e-01
9.955094456672668457e-01
9.903858304023742676e-01
9.998512864112854004e-01
9.972038865089416504e-01
9.932596683502197266e-01
9.969771504402160645e-01
9.987741112709045410e-01
9.981688857078552246e-01
9.969308972358703613e-01
9.969770312309265137e-01
9.984050989151000977e-01
9.994062185287475586e-01
9.992132186889648438e-01
9.998628497123718262e-01
9.948158264160156250e-01
9.935045838356018066e-01
9.900974035263061523e-01
9.944359064102172852e-01
9.986353516578674316e-01
9.953273534774780273e-01
9.993585348129272461e-01
9.990970492362976074e-01
9.984706044197082520e-01
9.965875744819641113e-01
9.916532635688781738e-01
9.935111999511718750e-01
9.997417330741882324e-01
9.932151436805725098e-01
9.989280104637145996e-01
9.952925443649291992e-01
9.987607598304748535e-01
9.993068575859069824e-01
9.973316192626953125e-01
9.985886812210083008e-01
9.973826408386230469e-01
9.942629933357238770e-01
9.962319135665893555e-01
9.548268914222717285e-01
9.997541308403015137e-01
9.964390397071838379e-01
9.938325881958007812e-01
9.961518049240112305e-01
9.989150762557983398e-01
9.998276829719543457e-01
9.928179979324340820e-01
9.977427721023559570e-01
9.966468214988708496e-01
9.986148476600646973e-01
9.994255304336547852e-01
9.993509650230407715e-01
9.967850446701049805e-01
9.947862029075622559e-01
9.964866042137145996e-01
9.999969601631164551e-01
9.980589151382446289e-01
9.982156157493591309e-01
9.950128197669982910e-01
9.986020326614379883e-01
9.990028738975524902e-01
9.898962378501892090e-01
9.963573813438415527e-01
9.978996515274047852e-01
9.981577396392822266e-01
9.952487349510192871e-01
9.966354370117187500e-01
9.974781870841979980e-01
9.991242289543151855e-01
9.974157810211181641e-01
9.949476718902587891e-01
9.940877556800842285e-01
9.962570667266845703e-01
9.973868727684020996e-01
9.957301020622253418e-01
9.975330829620361328e-01
9.985353350639343262e-01
9.942588806152343750e-01
9.930046200752258301e-01
9.957345128059387207e-01
9.986526370048522949e-01
9.964803457260131836e-01
9.772741198539733887e-01
9.989706873893737793e-01
9.943659305572509766e-01
9.995682239532470703e-01
9.919849634170532227e-01
9.972123503684997559e-01
9.992572069168090820e-01
9.938816428184509277e-01
9.986914992332458496e-01
9.996035695075988770e-01
9.998551607131958008e-01
9.973804950714111328e-01
9.982923865318298340e-01
9.986516833305358887e-01
9.988424777984619141e-01
9.939802289009094238e-01
9.932200312614440918e-01
9.990205168724060059e-01
9.958437681198120117e-01
9.961633086204528809e-01
9.973409175872802734e-01
9.911201596260070801e-01
9.975275993347167969e-01
9.939799904823303223e-01
9.917852282524108887e-01
9.976819753646850586e-01
9.977866411209106445e-01
9.960552453994750977e-01
9.983264207839965820e-01
9.856008291244506836e-01
9.976278543472290039e-01
9.942724108695983887e-01
9.996783733367919922e-01
9.983018040657043457e-01
9.978480339050292969e-01
9.983049631118774414e-01
9.957370162010192871e-01
9.991283416748046875e-01
9.997879862785339355e-01
9.991462230682373047e-01
9.989865422248840332e-01
9.866945147514343262e-01
9.971905946731567383e-01
9.970098137855529785e-01
9.983917474746704102e-01
9.895471930503845215e-01
9.965471625328063965e-01
9.938516020774841309e-01
9.891150593757629395e-01
9.954063892364501953e-01
9.909360408782958984e-01
9.937592744827270508e-01
9.975792765617370605e-01
9.708715081214904785e-01
9.976831078529357910e-01
9.877100586891174316e-01
9.999258518218994141e-01
9.974567294120788574e-01
9.997221827507019043e-01
9.979091882705688477e-01
9.967749714851379395e-01
9.981483221054077148e-01
9.984114766120910645e-01
9.984414577484130859e-01
9.904348254203796387e-01
9.996192455291748047e-01
9.979428052902221680e-01
9.990558028221130371e-01
9.971995353698730469e-01
9.866771697998046875e-01
9.989251494407653809e-01
9.650089144706726074e-01
9.993214607238769531e-01
9.981329441070556641e-01
9.992747306823730469e-01
9.963479042053222656e-01
9.846274852752685547e-01
9.978523254394531250e-01
9.979175329208374023e-01
9.977133870124816895e-01
9.995183944702148438e-01
9.980494379997253418e-01
9.977633953094482422e-01
9.941384196281433105e-01
9.987674355506896973e-01
9.936864376068115234e-01
9.976648092269897461e-01
9.969304800033569336e-01
9.996510744094848633e-01
9.988968968391418457e-01
9.983781576156616211e-01
9.988300800323486328e-01
9.981600642204284668e-01
9.947062730789184570e-01
9.970291256904602051e-01
9.906914234161376953e-01
9.994417428970336914e-01
9.991984963417053223e-01
9.992259740829467773e-01
9.980757832527160645e-01
9.898446798324584961e-01
9.959509968757629395e-01
9.969058036804199219e-01
9.990011453628540039e-01
9.982206821441650391e-01
9.986755847930908203e-01
9.992724657058715820e-01
9.974256157875061035e-01
9.940924048423767090e-01
9.974918961524963379e-01
9.955897331237792969e-01
9.940898418426513672e-01
9.981476068496704102e-01
9.934537410736083984e-01
9.985798001289367676e-01
9.995851516723632812e-01
9.985155463218688965e-01
9.999192953109741211e-01
9.988621473312377930e-01
9.893392920494079590e-01
9.937484860420227051e-01
9.958681464195251465e-01
9.972859621047973633e-01
9.997683167457580566e-01
9.957811832427978516e-01
9.881583452224731445e-01
9.994853138923645020e-01
9.979525208473205566e-01
9.966142177581787109e-01
9.970213770866394043e-01
9.610435366630554199e-01
9.999598264694213867e-01
9.946976900100708008e-01
9.986830949783325195e-01
9.987784624099731445e-01
9.994012117385864258e-01
9.976745247840881348e-01
9.909377694129943848e-01
9.962145090103149414e-01
9.939458966255187988e-01
9.986233711242675781e-01
9.992087483406066895e-01
9.890770316123962402e-01
9.994341731071472168e-01
9.992290139198303223e-01
9.987466335296630859e-01
9.879143238067626953e-01
9.956066608428955078e-01
9.916104078292846680e-01
9.993445277214050293e-01
9.918594956398010254e-01
9.993979334831237793e-01
9.990661144256591797e-01
9.994356632232666016e-01
9.922617077827453613e-01
9.973607063293457031e-01
9.852035045623779297e-01
9.938538074493408203e-01
9.779065251350402832e-01
9.956963658332824707e-01
9.952147603034973145e-01
9.962130784988403320e-01
9.992353320121765137e-01
9.992557764053344727e-01
9.962922334671020508e-01
9.975237250328063965e-01
9.997779726982116699e-01
9.984042644500732422e-01
9.949845671653747559e-01
9.944851994514465332e-01
9.942876100540161133e-01
9.966287612915039062e-01
9.967828989028930664e-01
9.996399879455566406e-01
9.994260668754577637e-01
9.993726015090942383e-01
9.997003078460693359e-01
9.943045377731323242e-01
9.988803863525390625e-01
9.960485696792602539e-01
9.986733794212341309e-01
9.958458542823791504e-01
9.987062811851501465e-01
9.962336421012878418e-01
9.972715377807617188e-01
9.982840418815612793e-01
9.994543194770812988e-01
9.990242123603820801e-01
9.978870749473571777e-01
9.978298544883728027e-01
9.995806813240051270e-01
9.981869459152221680e-01
9.989570975303649902e-01
9.953303337097167969e-01
9.972335100173950195e-01
9.966446757316589355e-01
9.956206083297729492e-01
9.971756935119628906e-01
9.990052580833435059e-01
9.989295005798339844e-01
9.971135258674621582e-01
9.896212220191955566e-01
9.989153146743774414e-01
9.901061654090881348e-01
9.985219240188598633e-01
9.946678876876831055e-01
9.999265670776367188e-01
9.987058043479919434e-01
9.986533522605895996e-01
9.928119182586669922e-01
9.956709742546081543e-01
9.954549074172973633e-01
9.975804686546325684e-01
9.978094100952148438e-01
9.981326460838317871e-01
9.987059831619262695e-01
9.881663322448730469e-01
9.967984557151794434e-01
9.865559339523315430e-01
9.901881217956542969e-01
9.982680082321166992e-01
9.951201081275939941e-01
9.999570250511169434e-01
9.993679523468017578e-01
9.991531372070312500e-01
9.985058307647705078e-01
9.990535974502563477e-01
9.993875026702880859e-01
9.992696046829223633e-01
9.921901822090148926e-01
9.988607168197631836e-01
9.907274246215820312e-01
9.980699419975280762e-01
9.885979890823364258e-01
9.992890357971191406e-01
9.985194802284240723e-01
9.984569549560546875e-01
9.988003969192504883e-01
9.980185627937316895e-01
9.993532896041870117e-01
9.949988722801208496e-01
9.989565014839172363e-01
9.995228052139282227e-01
9.999075531959533691e-01
9.975246191024780273e-01
9.982696175575256348e-01
9.994953274726867676e-01
9.956787824630737305e-01
9.944199323654174805e-01
9.959624409675598145e-01
9.985626935958862305e-01
9.954038262367248535e-01
9.986227750778198242e-01
9.979978799819946289e-01
9.909340739250183105e-01
9.956859946250915527e-01
9.974580407142639160e-01
9.974347949028015137e-01
9.985091090202331543e-01
9.988126158714294434e-01
9.991152286529541016e-01
9.880637526512145996e-01
9.960258007049560547e-01
9.993658661842346191e-01
9.966515302658081055e-01
9.955070018768310547e-01
9.975809454917907715e-01
9.974439144134521484e-01
9.914627075195312500e-01
9.958410263061523438e-01
9.971634149551391602e-01
9.970095753669738770e-01
9.981201291084289551e-01
9.966958165168762207e-01
9.997204542160034180e-01
9.640720486640930176e-01
9.942162632942199707e-01
9.974511861801147461e-01
9.973132014274597168e-01
9.955442547798156738e-01
9.980437159538269043e-01
9.995405673980712891e-01
9.980050325393676758e-01
9.956470727920532227e-01
9.995087981224060059e-01
9.936735033988952637e-01
9.980952739715576172e-01
9.969440102577209473e-01
9.997504949569702148e-01
9.991097450256347656e-01
9.894595146179199219e-01
9.959536194801330566e-01
9.986907243728637695e-01
9.994659423828125000e-01
9.968609809875488281e-01
9.997106790542602539e-01
9.989458322525024414e-01
9.978865981101989746e-01
9.956189393997192383e-01
9.986816644668579102e-01
9.940658211708068848e-01
9.969625473022460938e-01
9.977890253067016602e-01
9.995915293693542480e-01
9.764037132263183594e-01
9.991356730461120605e-01
9.984909892082214355e-01
9.983726143836975098e-01
9.993314743041992188e-01
9.981300830841064453e-01
9.943896532058715820e-01
9.884610772132873535e-01
9.980177879333496094e-01
9.965969324111938477e-01
9.940229654312133789e-01
9.955144524574279785e-01
9.997749924659729004e-01
9.964146018028259277e-01
9.925947189331054688e-01
9.984823465347290039e-01
9.978646636009216309e-01
9.992004632949829102e-01
9.957667589187622070e-01
9.937820434570312500e-01
9.977290034294128418e-01
9.984624385833740234e-01
9.912786483764648438e-01
9.967644810676574707e-01
9.981431365013122559e-01
9.986658096313476562e-01
9.984472393989562988e-01
9.986131787300109863e-01
9.994044303894042969e-01
9.988908767700195312e-01
9.764958024024963379e-01
9.942920804023742676e-01
9.922336935997009277e-01
9.982748627662658691e-01
9.971107840538024902e-01
9.948790669441223145e-01
9.978933334350585938e-01
9.992607235908508301e-01
