9.808522462844848633e-01
9.985595345497131348e-01
9.905244112014770508e-01
9.908456802368164062e-01
9.654344320297241211e-01
9.902351498603820801e-01
9.992151260375976562e-01
9.985479712486267090e-01
9.993343949317932129e-01
9.973047375679016113e-01
9.998998641967773438e-01
9.953356385231018066e-01
9.982113838195800781e-01
9.531514048576354980e-01
9.678780436515808105e-01
9.989026784896850586e-01
9.885847568511962891e-01
9.957079887390136719e-01
9.969365000724792480e-01
9.962339997291564941e-01
9.923650026321411133e-01
9.964733123779296875e-01
9.991259574890136719e-01
9.964281916618347168e-01
9.967316389083862305e-01
9.981048703193664551e-01
9.988337755203247070e-01
9.948202967643737793e-01
9.951994419097900391e-01
9.869427084922790527e-01
9.985791444778442383e-01
9.886399507522583008e-01
9.793949127197265625e-01
9.862722158432006836e-01
9.700511693954467773e-01
9.925395250320434570e-01
9.987716078758239746e-01
9.973419308662414551e-01
9.671164751052856445e-01
9.841362833976745605e-01
9.892706871032714844e-01
9.886462688446044922e-01
9.987553954124450684e-01
9.690320491790771484e-01
9.954631328582763672e-01
9.955746531486511230e-01
9.984154105186462402e-01
9.981327652931213379e-01
9.947665929794311523e-01
9.928927421569824219e-01
9.987171888351440430e-01
9.992752671241760254e-01
9.828903079032897949e-01
9.928806424140930176e-01
9.939112663269042969e-01
9.980597496032714844e-01
9.983365535736083984e-01
9.929932951927185059e-01
9.920589327812194824e-01
9.993159174919128418e-01
9.905118346214294434e-01
8.904027342796325684e-01
9.998602271080017090e-01
9.992334246635437012e-01
9.837753772735595703e-01
9.944628477096557617e-01
9.987661242485046387e-01
9.770401120185852051e-01
9.974069595336914062e-01
9.960731863975524902e-01
9.974175095558166504e-01
9.991550445556640625e-01
9.944463372230529785e-01
9.911260604858398438e-01
9.420486688613891602e-01
9.933453202247619629e-01
9.980682134628295898e-01
9.876286387443542480e-01
9.954283237457275391e-01
9.853022694587707520e-01
9.927052259445190430e-01
9.789106249809265137e-01
9.999067783355712891e-01
9.886322021484375000e-01
9.961266517639160156e-01
9.864249229431152344e-01
9.845529198646545410e-01
9.969273209571838379e-01
9.746931791305541992e-01
9.994277358055114746e-01
9.933953881263732910e-01
9.957860112190246582e-01
9.985266327857971191e-01
9.972643256187438965e-01
9.942297339439392090e-01
9.988778233528137207e-01
9.886681437492370605e-01
9.908408522605895996e-01
9.926038980484008789e-01
9.936719536781311035e-01
9.940621852874755859e-01
9.945396184921264648e-01
9.983234405517578125e-01
9.777541160583496094e-01
9.992102980613708496e-01
9.971749782562255859e-01
9.967028498649597168e-01
9.948017001152038574e-01
9.985999464988708496e-01
9.917973875999450684e-01
9.955217242240905762e-01
9.919348955154418945e-01
9.968477487564086914e-01
9.961377382278442383e-01
9.959953427314758301e-01
9.971714615821838379e-01
9.953422546386718750e-01
9.912296533584594727e-01
9.973346590995788574e-01
9.960528016090393066e-01
9.964375495910644531e-01
9.955525994300842285e-01
9.934663176536560059e-01
9.907383322715759277e-01
9.835793972015380859e-01
9.814683794975280762e-01
9.978796839714050293e-01
9.988228678703308105e-01
9.982445240020751953e-01
9.846799373626708984e-01
9.986726641654968262e-01
9.989853501319885254e-01
9.054019451141357422e-01
9.938021898269653320e-01
9.894565343856811523e-01
9.873921871185302734e-01
9.979262948036193848e-01
9.922465682029724121e-01
9.978609681129455566e-01
9.956507086753845215e-01
9.989472031593322754e-01
9.973450303077697754e-01
9.404834508895874023e-01
9.974947571754455566e-01
9.972445964813232422e-01
9.953883886337280273e-01
9.988868832588195801e-01
9.952530264854431152e-01
9.954418540000915527e-01
9.899177551269531250e-01
9.983667731285095215e-01
9.963480830192565918e-01
9.991568326950073242e-01
9.918548464775085449e-01
9.976930022239685059e-01
9.884995222091674805e-01
9.986159801483154297e-01
9.973068833351135254e-01
9.946206212043762207e-01
9.993857145309448242e-01
9.637656807899475098e-01
9.977712631225585938e-01
9.967457652091979980e-01
9.995593428611755371e-01
9.979641437530517578e-01
9.991400837898254395e-01
9.988626241683959961e-01
9.979138374328613281e-01
9.964178204536437988e-01
9.951590895652770996e-01
9.973231554031372070e-01
9.772234559059143066e-01
9.992055892944335938e-01
9.947960972785949707e-01
9.932816624641418457e-01
9.928933978080749512e-01
9.963765740394592285e-01
9.921215176582336426e-01
9.888789057731628418e-01
9.971213340759277344e-01
9.731114506721496582e-01
9.972729086875915527e-01
9.976562857627868652e-01
9.984945654869079590e-01
9.976980686187744141e-01
9.973700046539306641e-01
9.973935484886169434e-01
9.958156943321228027e-01
9.973528981208801270e-01
9.993686079978942871e-01
9.905309677124023438e-01
9.967352747917175293e-01
9.824286103248596191e-01
9.976154565811157227e-01
9.332904815673828125e-01
9.964911341667175293e-01
9.981355071067810059e-01
9.893508553504943848e-01
9.987603425979614258e-01
9.470649957656860352e-01
9.732144474983215332e-01
9.957299232482910156e-01
9.915989041328430176e-01
9.573903083801269531e-01
9.930310845375061035e-01
9.990177750587463379e-01
9.982267022132873535e-01
9.865566492080688477e-01
9.948884844779968262e-01
9.963619112968444824e-01
9.803571701049804688e-01
9.928222894668579102e-01
9.216625690460205078e-01
9.990568757057189941e-01
9.988613724708557129e-01
9.891062378883361816e-01
9.985961318016052246e-01
9.994092583656311035e-01
9.790647625923156738e-01
9.849772453308105469e-01
9.977363944053649902e-01
9.964283108711242676e-01
9.981495738029479980e-01
9.982918500900268555e-01
9.992660880088806152e-01
9.899491071701049805e-01
9.886124134063720703e-01
9.901778101921081543e-01
9.986891746520996094e-01
9.829717874526977539e-01
9.968912601470947266e-01
9.986854195594787598e-01
9.900273680686950684e-01
9.803453683853149414e-01
9.975416064262390137e-01
9.929125905036926270e-01
9.992218017578125000e-01
9.994454979896545410e-01
9.845126271247863770e-01
9.989827275276184082e-01
9.990343451499938965e-01
9.761362671852111816e-01
9.964677691459655762e-01
9.341835379600524902e-01
9.884300231933593750e-01
9.971262812614440918e-01
9.953770041465759277e-01
9.689981341361999512e-01
9.963608384132385254e-01
9.987272620201110840e-01
9.923936724662780762e-01
9.929949045181274414e-01
9.987217187881469727e-01
9.911134839057922363e-01
9.994120597839355469e-01
9.981350898742675781e-01
9.985449314117431641e-01
9.959982037544250488e-01
9.956651329994201660e-01
9.989039301872253418e-01
9.989995360374450684e-01
9.969932436943054199e-01
9.961941838264465332e-01
9.979194998741149902e-01
9.977391362190246582e-01
9.819927811622619629e-01
9.938341379165649414e-01
9.977436065673828125e-01
9.380571246147155762e-01
9.991800189018249512e-01
9.986195564270019531e-01
9.821614623069763184e-01
9.526910185813903809e-01
9.982005953788757324e-01
9.929510951042175293e-01
9.849041700363159180e-01
9.935192465782165527e-01
9.936534166336059570e-01
9.954103827476501465e-01
9.985867142677307129e-01
9.976726174354553223e-01
9.725931882858276367e-01
9.989728331565856934e-01
9.859308600425720215e-01
9.937660098075866699e-01
9.971309900283813477e-01
9.993008971214294434e-01
9.974832534790039062e-01
9.989435672760009766e-01
9.971286654472351074e-01
9.948287010192871094e-01
9.918491840362548828e-01
9.972057342529296875e-01
9.717624783515930176e-01
9.954444766044616699e-01
9.966034889221191406e-01
9.876808524131774902e-01
9.944698214530944824e-01
9.972108602523803711e-01
9.993943572044372559e-01
9.955492615699768066e-01
9.946196079254150391e-01
9.997873902320861816e-01
9.975173473358154297e-01
9.991944432258605957e-01
9.947487711906433105e-01
9.962705969810485840e-01
9.452657103538513184e-01
9.978834390640258789e-01
9.976707696914672852e-01
9.980176091194152832e-01
9.700580835342407227e-01
9.926939606666564941e-01
9.840416312217712402e-01
9.944657087326049805e-01
9.973041415214538574e-01
9.945728182792663574e-01
9.891175031661987305e-01
9.966778755187988281e-01
9.988346695899963379e-01
9.989743828773498535e-01
9.644576907157897949e-01
9.833678007125854492e-01
9.981552362442016602e-01
9.979076981544494629e-01
9.816877841949462891e-01
9.958489537239074707e-01
9.989121556282043457e-01
9.867487549781799316e-01
9.919762015342712402e-01
9.985583424568176270e-01
9.969099760055541992e-01
9.895517230033874512e-01
9.082195162773132324e-01
9.970166087150573730e-01
9.997217059135437012e-01
9.961434006690979004e-01
9.950510859489440918e-01
9.928473830223083496e-01
9.777500629425048828e-01
9.695953130722045898e-01
9.977989792823791504e-01
9.978559613227844238e-01
9.996311664581298828e-01
9.971896409988403320e-01
9.992413520812988281e-01
9.948449134826660156e-01
9.988700747489929199e-01
9.981648325920104980e-01
9.986538887023925781e-01
9.982942938804626465e-01
9.882453680038452148e-01
9.916207790374755859e-01
9.935607910156250000e-01
9.921305775642395020e-01
9.963563084602355957e-01
9.861199855804443359e-01
9.866862297058105469e-01
9.972473978996276855e-01
9.943631291389465332e-01
9.981753826141357422e-01
9.968191385269165039e-01
9.916746020317077637e-01
9.805496335029602051e-01
9.814987778663635254e-01
9.963412880897521973e-01
9.864921569824218750e-01
9.992731213569641113e-01
9.914571642875671387e-01
9.943982362747192383e-01
9.770107269287109375e-01
9.946165680885314941e-01
9.983486533164978027e-01
9.907281398773193359e-01
9.920941591262817383e-01
9.974234700202941895e-01
9.679408669471740723e-01
9.984034299850463867e-01
9.630858898162841797e-01
9.973703622817993164e-01
9.806646108627319336e-01
9.648126363754272461e-01
9.971932172775268555e-01
9.754905700683593750e-01
9.947966337203979492e-01
9.831129312515258789e-01
9.993418455123901367e-01
9.950835108757019043e-01
9.971059560775756836e-01
9.927316308021545410e-01
9.956732392311096191e-01
9.994723200798034668e-01
9.966772794723510742e-01
9.957256317138671875e-01
9.753535389900207520e-01
9.989527463912963867e-01
9.831762909889221191e-01
9.968891143798828125e-01
9.900659322738647461e-01
9.988247752189636230e-01
9.930943250656127930e-01
9.995903968811035156e-01
7.208784222602844238e-01
9.989365935325622559e-01
9.990341663360595703e-01
9.931743144989013672e-01
9.902036786079406738e-01
9.974664449691772461e-01
9.979286789894104004e-01
9.941557049751281738e-01
9.970468282699584961e-01
9.889067411422729492e-01
9.927627444267272949e-01
9.949703812599182129e-01
9.987315535545349121e-01
9.906238913536071777e-01
9.986823797225952148e-01
9.932938814163208008e-01
9.964143633842468262e-01
9.998093843460083008e-01
9.990440011024475098e-01
9.984105825424194336e-01
9.945791959762573242e-01
9.990323185920715332e-01
9.977313876152038574e-01
9.948713779449462891e-01
9.995452165603637695e-01
9.647186398506164551e-01
9.984064102172851562e-01
9.988112449645996094e-01
9.932635426521301270e-01
9.968243241310119629e-01
9.865628480911254883e-01
9.814777374267578125e-01
9.973575472831726074e-01
9.977049231529235840e-01
9.693186879158020020e-01
9.977505207061767578e-01
9.839480519294738770e-01
9.649351835250854492e-01
9.967453479766845703e-01
9.735584855079650879e-01
9.939834475517272949e-01
9.969603419303894043e-01
9.878876805305480957e-01
9.986366033554077148e-01
9.912899732589721680e-01
9.937872290611267090e-01
9.983484148979187012e-01
9.834166765213012695e-01
9.969415664672851562e-01
9.989290237426757812e-01
9.994988441467285156e-01
9.946722388267517090e-01
9.954630732536315918e-01
9.960811734199523926e-01
9.944454431533813477e-01
9.929738640785217285e-01
9.979953765869140625e-01
9.934136867523193359e-01
9.928043484687805176e-01
9.958605766296386719e-01
9.943499565124511719e-01
9.984238743782043457e-01
9.937067627906799316e-01
9.986674189567565918e-01
9.897015690803527832e-01
9.957706332206726074e-01
9.877913594245910645e-01
9.981091618537902832e-01
9.993327260017395020e-01
9.975873231887817383e-01
9.936563372611999512e-01
9.989870190620422363e-01
9.978638887405395508e-01
9.977505803108215332e-01
9.921262264251708984e-01
9.944617748260498047e-01
9.846891164779663086e-01
9.971411228179931641e-01
9.976410865783691406e-01
9.984019398689270020e-01
9.989660382270812988e-01
9.919087290763854980e-01
9.912477135658264160e-01
9.913473129272460938e-01
9.963421821594238281e-01
9.954079389572143555e-01
9.942655563354492188e-01
9.987558722496032715e-01
9.965777397155761719e-01
9.924541115760803223e-01
9.967021942138671875e-01
9.953116774559020996e-01
9.987784028053283691e-01
9.478787779808044434e-01
9.966759681701660156e-01
9.945990443229675293e-01
9.930932521820068359e-01
9.784218668937683105e-01
9.976903796195983887e-01
9.888975620269775391e-01
9.755046367645263672e-01
9.914147257804870605e-01
9.836788177490234375e-01
9.982817173004150391e-01
9.948258399963378906e-01
9.099768400192260742e-01
9.988129734992980957e-01
9.380118846893310547e-01
9.933593869209289551e-01
9.555609822273254395e-01
9.979534149169921875e-01
9.913541674613952637e-01
9.985668063163757324e-01
9.880867600440979004e-01
7.834352254867553711e-01
9.976692199707031250e-01
9.879614114761352539e-01
9.948281049728393555e-01
9.735311865806579590e-01
9.818006157875061035e-01
9.977769851684570312e-01
9.893582463264465332e-01
9.821347594261169434e-01
9.954880475997924805e-01
9.946964979171752930e-01
9.910945296287536621e-01
9.987592101097106934e-01
9.895093441009521484e-01
9.887428879737854004e-01
9.916440248489379883e-01
9.877732396125793457e-01
9.915269017219543457e-01
9.948843121528625488e-01
9.992018342018127441e-01
9.968244433403015137e-01
9.931545853614807129e-01
9.979915618896484375e-01
9.774224758148193359e-01
9.968031048774719238e-01
9.967303872108459473e-01
9.991604685783386230e-01
9.942610263824462891e-01
9.927321076393127441e-01
9.890073537826538086e-01
9.908899664878845215e-01
9.987195134162902832e-01
9.934839010238647461e-01
9.904002547264099121e-01
9.990761280059814453e-01
9.897949695587158203e-01
9.971522092819213867e-01
9.782910346984863281e-01
9.928085207939147949e-01
9.989628791809082031e-01
9.816960096359252930e-01
9.900035858154296875e-01
9.930885434150695801e-01
9.990381002426147461e-01
9.936064481735229492e-01
9.956957697868347168e-01
9.900460243225097656e-01
9.958903789520263672e-01
9.976826310157775879e-01
9.989680051803588867e-01
9.947604537010192871e-01
9.987877607345581055e-01
9.961219429969787598e-01
9.970016479492187500e-01
9.863367080688476562e-01
9.789276123046875000e-01
9.919018149375915527e-01
9.974123239517211914e-01
9.906494617462158203e-01
9.993852972984313965e-01
9.947799444198608398e-01
9.985783696174621582e-01
9.976638555526733398e-01
9.989459514617919922e-01
9.971843361854553223e-01
9.971832633018493652e-01
9.793979525566101074e-01
9.959068894386291504e-01
9.965313673019409180e-01
9.908769130706787109e-01
9.996536374092102051e-01
9.834049940109252930e-01
9.989449977874755859e-01
9.994423985481262207e-01
9.656226038932800293e-01
9.469868540763854980e-01
9.978666305541992188e-01
9.947117567062377930e-01
9.994583129882812500e-01
9.989635944366455078e-01
9.618183374404907227e-01
9.769847393035888672e-01
9.973107576370239258e-01
9.810712933540344238e-01
9.854506850242614746e-01
9.984470605850219727e-01
9.973413944244384766e-01
9.968119859695434570e-01
9.888688325881958008e-01
9.936837553977966309e-01
9.927368760108947754e-01
9.923896789550781250e-01
9.906147122383117676e-01
9.962533712387084961e-01
9.989256858825683594e-01
9.937488436698913574e-01
9.918270111083984375e-01
9.874589443206787109e-01
9.951902627944946289e-01
9.929584860801696777e-01
9.986574053764343262e-01
9.770969748497009277e-01
9.633751511573791504e-01
9.986583590507507324e-01
9.834646582603454590e-01
9.830592274665832520e-01
9.946213960647583008e-01
9.762175083160400391e-01
9.961727261543273926e-01
9.991828203201293945e-01
9.923882484436035156e-01
9.975502490997314453e-01
9.955935478210449219e-01
9.981557130813598633e-01
9.957135915756225586e-01
9.985377788543701172e-01
9.978289008140563965e-01
9.985563158988952637e-01
9.674957990646362305e-01
9.928159117698669434e-01
9.935438036918640137e-01
9.732096791267395020e-01
9.941683411598205566e-01
9.967531561851501465e-01
9.990633130073547363e-01
9.938216209411621094e-01
9.978427290916442871e-01
9.922175407409667969e-01
9.924773573875427246e-01
9.944066405296325684e-01
9.990251064300537109e-01
9.847593307495117188e-01
9.841200113296508789e-01
9.859842061996459961e-01
9.911732077598571777e-01
9.879048466682434082e-01
9.860472083091735840e-01
9.934927225112915039e-01
9.497641324996948242e-01
9.919999241828918457e-01
9.982718825340270996e-01
9.841741323471069336e-01
8.613769412040710449e-01
9.915525317192077637e-01
9.978120326995849609e-01
9.989003539085388184e-01
9.905123114585876465e-01
9.937393069267272949e-01
9.943323135375976562e-01
9.873319864273071289e-01
9.942038655281066895e-01
9.982423186302185059e-01
9.961386919021606445e-01
9.939821362495422363e-01
9.985898137092590332e-01
9.931030273437500000e-01
9.987176656723022461e-01
9.989813566207885742e-01
9.986164569854736328e-01
9.972851276397705078e-01
9.618365764617919922e-01
9.960864782333374023e-01
9.775550365447998047e-01
9.985591173171997070e-01
9.943677186965942383e-01
9.973627328872680664e-01
9.989954829216003418e-01
9.873425960540771484e-01
9.958912730216979980e-01
9.990548491477966309e-01
9.982168078422546387e-01
9.817421436309814453e-01
9.996337294578552246e-01
9.917148351669311523e-01
9.836485385894775391e-01
9.990969896316528320e-01
9.882894158363342285e-01
9.976316690444946289e-01
9.948167204856872559e-01
9.916856288909912109e-01
9.981635808944702148e-01
9.793331623077392578e-01
9.987504482269287109e-01
9.998442530632019043e-01
9.885095953941345215e-01
9.848586320877075195e-01
9.908645749092102051e-01
8.575420975685119629e-01
9.989495873451232910e-01
9.961297512054443359e-01
8.986833095550537109e-01
9.987964630126953125e-01
9.977977275848388672e-01
9.959452152252197266e-01
9.952667355537414551e-01
9.937748908996582031e-01
9.985249042510986328e-01
9.829053878784179688e-01
9.527878165245056152e-01
9.998043179512023926e-01
9.768960475921630859e-01
9.951697587966918945e-01
9.980933070182800293e-01
9.991663098335266113e-01
9.980480074882507324e-01
9.946681857109069824e-01
9.924788475036621094e-01
9.612936377525329590e-01
9.927144050598144531e-01
9.989092350006103516e-01
9.940568208694458008e-01
9.968655109405517578e-01
9.969568252563476562e-01
9.924427866935729980e-01
9.969271421432495117e-01
9.905318021774291992e-01
9.965963363647460938e-01
9.935095310211181641e-01
9.961274266242980957e-01
9.943674802780151367e-01
9.989734888076782227e-01
9.985584616661071777e-01
9.857567548751831055e-01
9.959757924079895020e-01
9.926408529281616211e-01
9.987165927886962891e-01
9.809435606002807617e-01
9.910260438919067383e-01
9.917308688163757324e-01
9.790598154067993164e-01
9.967235922813415527e-01
9.981991648674011230e-01
9.977717995643615723e-01
9.726435542106628418e-01
9.943053126335144043e-01
9.947264790534973145e-01
8.675028681755065918e-01
9.987375140190124512e-01
9.904533624649047852e-01
9.849217534065246582e-01
9.968675374984741211e-01
9.960453510284423828e-01
9.784339666366577148e-01
9.813071489334106445e-01
9.743263721466064453e-01
9.969708919525146484e-01
9.993562102317810059e-01
9.930222630500793457e-01
9.472708106040954590e-01
9.799348711967468262e-01
9.979835748672485352e-01
9.965642094612121582e-01
9.985094666481018066e-01
9.916376471519470215e-01
9.939522743225097656e-01
9.822708368301391602e-01
9.969539642333984375e-01
9.943377971649169922e-01
9.978811144828796387e-01
9.996636509895324707e-01
9.931840896606445312e-01
9.991907477378845215e-01
9.987075924873352051e-01
9.906838536262512207e-01
9.973242878913879395e-01
9.995306134223937988e-01
9.993793964385986328e-01
9.977506995201110840e-01
9.975793361663818359e-01
9.856157898902893066e-01
9.973791837692260742e-01
9.855860471725463867e-01
9.881358742713928223e-01
9.934970140457153320e-01
9.951213598251342773e-01
9.952356219291687012e-01
9.950583577156066895e-01
9.950572252273559570e-01
9.994128942489624023e-01
9.716737866401672363e-01
9.959885478019714355e-01
9.972704648971557617e-01
9.959442019462585449e-01
9.983516335487365723e-01
9.735199213027954102e-01
9.925582408905029297e-01
9.351399540901184082e-01
9.886814355850219727e-01
9.933741688728332520e-01
9.986597895622253418e-01
9.931537508964538574e-01
9.982630014419555664e-01
9.979068040847778320e-01
9.976398348808288574e-01
9.768130183219909668e-01
9.934280514717102051e-01
9.883713126182556152e-01
9.991813302040100098e-01
9.993496537208557129e-01
9.567409753799438477e-01
9.902672171592712402e-01
9.998084306716918945e-01
9.872785210609436035e-01
9.890536665916442871e-01
9.927211403846740723e-01
9.981029033660888672e-01
9.786349534988403320e-01
9.976207017898559570e-01
9.892518520355224609e-01
9.915013909339904785e-01
9.994397163391113281e-01
9.882478713989257812e-01
9.834311604499816895e-01
9.719066619873046875e-01
9.899126887321472168e-01
9.989110231399536133e-01
9.936009049415588379e-01
9.935117959976196289e-01
9.944577813148498535e-01
9.832550883293151855e-01
9.969776868820190430e-01
9.897734522819519043e-01
9.585983753204345703e-01
9.623288512229919434e-01
9.671093225479125977e-01
9.975458979606628418e-01
9.996878504753112793e-01
9.897543191909790039e-01
9.937486648559570312e-01
9.977734088897705078e-01
9.959039092063903809e-01
9.972142577171325684e-01
9.874844551086425781e-01
9.920395016670227051e-01
9.169765114784240723e-01
9.952287077903747559e-01
9.951506257057189941e-01
9.980897903442382812e-01
9.855933785438537598e-01
9.914290308952331543e-01
9.941231012344360352e-01
9.888322353363037109e-01
9.952972531318664551e-01
9.947211146354675293e-01
9.962280988693237305e-01
9.914584159851074219e-01
9.975736141204833984e-01
9.956645369529724121e-01
9.704315066337585449e-01
9.900994896888732910e-01
9.984145164489746094e-01
9.944185614585876465e-01
9.976538419723510742e-01
9.922301173210144043e-01
9.978859424591064453e-01
9.982722401618957520e-01
9.903245568275451660e-01
9.997944235801696777e-01
9.790130853652954102e-01
9.904779791831970215e-01
9.352498054504394531e-01
9.806033968925476074e-01
9.720646142959594727e-01
9.795465469360351562e-01
9.972611069679260254e-01
9.978286623954772949e-01
9.791483879089355469e-01
9.740890264511108398e-01
9.765359759330749512e-01
9.995821714401245117e-01
9.635345339775085449e-01
9.822112321853637695e-01
9.967313408851623535e-01
9.915007352828979492e-01
9.674323797225952148e-01
9.999220967292785645e-01
9.922088980674743652e-01
9.836246967315673828e-01
9.936104416847229004e-01
9.983904957771301270e-01
9.970404505729675293e-01
9.956554174423217773e-01
9.960834980010986328e-01
9.979013800621032715e-01
9.917430877685546875e-01
9.944239854812622070e-01
9.966108798980712891e-01
9.995508193969726562e-01
9.934068322181701660e-01
9.822219610214233398e-01
9.878876805305480957e-01
9.932877421379089355e-01
9.985548257827758789e-01
9.936463236808776855e-01
9.992696642875671387e-01
9.963527917861938477e-01
9.884182810783386230e-01
9.967157840728759766e-01
9.705671072006225586e-01
9.842202663421630859e-01
9.996951222419738770e-01
9.927882552146911621e-01
9.876462817192077637e-01
9.947912096977233887e-01
9.969742894172668457e-01
9.979320168495178223e-01
9.950779676437377930e-01
9.984541535377502441e-01
9.956468939781188965e-01
9.956043362617492676e-01
9.926967620849609375e-01
8.687972426414489746e-01
9.981765151023864746e-01
9.923391342163085938e-01
9.917511940002441406e-01
9.967514872550964355e-01
9.974727630615234375e-01
9.997189044952392578e-01
9.825229644775390625e-01
9.937992691993713379e-01
9.935716986656188965e-01
9.971380829811096191e-01
9.993039965629577637e-01
9.959531426429748535e-01
9.936075210571289062e-01
9.759668111801147461e-01
9.947794675827026367e-01
9.997749924659729004e-01
9.942925572395324707e-01
9.964489340782165527e-01
9.936273097991943359e-01
9.977097511291503906e-01
9.964555501937866211e-01
9.781763553619384766e-01
9.974417090415954590e-01
9.970797300338745117e-01
9.996320605278015137e-01
9.737405180931091309e-01
9.942784309387207031e-01
9.896718263626098633e-01
9.987199902534484863e-01
9.959275126457214355e-01
9.937722682952880859e-01
9.941284060478210449e-01
9.926777482032775879e-01
9.975860118865966797e-01
9.909414649009704590e-01
9.977024197578430176e-01
9.985525608062744141e-01
9.967749714851379395e-01
9.969042539596557617e-01
9.946652054786682129e-01
9.985989928245544434e-01
9.933156967163085938e-01
9.614090323448181152e-01
9.988678097724914551e-01
9.873057007789611816e-01
9.983534812927246094e-01
9.713733792304992676e-01
9.850626587867736816e-01
9.995967745780944824e-01
9.939223527908325195e-01
9.977928400039672852e-01
9.997845292091369629e-01
9.995989203453063965e-01
9.941129684448242188e-01
9.970138669013977051e-01
9.981667399406433105e-01
9.976676702499389648e-01
9.832628965377807617e-01
9.916162490844726562e-01
9.976406693458557129e-01
9.931707978248596191e-01
9.963163733482360840e-01
9.968729019165039062e-01
9.902762770652770996e-01
9.921689033508300781e-01
9.977201819419860840e-01
9.954076409339904785e-01
9.980770945549011230e-01
9.773781895637512207e-01
9.935808181762695312e-01
9.977093338966369629e-01
9.264057874679565430e-01
9.960298538208007812e-01
9.860438704490661621e-01
9.982515573501586914e-01
9.939754605293273926e-01
9.974068403244018555e-01
9.896123409271240234e-01
9.881706833839416504e-01
9.933027625083923340e-01
9.985779523849487305e-01
9.989825487136840820e-01
9.991486668586730957e-01
9.945439100265502930e-01
9.956134557723999023e-01
9.921434521675109863e-01
9.970520734786987305e-01
9.746029973030090332e-01
9.924567937850952148e-01
9.907627105712890625e-01
9.836518764495849609e-01
9.892263412475585938e-01
9.748386144638061523e-01
9.231069684028625488e-01
9.961206912994384766e-01
9.581931829452514648e-01
9.929529428482055664e-01
9.645766019821166992e-01
9.993031024932861328e-01
9.977618455886840820e-01
9.995846748352050781e-01
9.943944215774536133e-01
9.939834475517272949e-01
9.951181411743164062e-01
9.985027313232421875e-01
9.982552528381347656e-01
9.913797974586486816e-01
9.984416961669921875e-01
9.977585673332214355e-01
9.967619776725769043e-01
9.937312006950378418e-01
9.854362607002258301e-01
9.979931116104125977e-01
9.595096111297607422e-01
9.984100461006164551e-01
9.978888034820556641e-01
9.993181228637695312e-01
9.854510426521301270e-01
9.878593683242797852e-01
9.976887106895446777e-01
9.976159334182739258e-01
9.946621656417846680e-01
9.985532760620117188e-01
9.916847944259643555e-01
9.967205524444580078e-01
9.894180297851562500e-01
9.981177449226379395e-01
9.903756976127624512e-01
9.994882345199584961e-01
9.851701855659484863e-01
9.983428120613098145e-01
9.983882904052734375e-01
9.974623918533325195e-01
9.955139160156250000e-01
9.953454732894897461e-01
9.648783802986145020e-01
9.923149347305297852e-01
9.887991547584533691e-01
9.975327253341674805e-01
9.989269971847534180e-01
9.953280091285705566e-01
9.957461953163146973e-01
9.832087755203247070e-01
9.813835024833679199e-01
9.957199692726135254e-01
9.966446161270141602e-01
9.994382858276367188e-01
9.983220696449279785e-01
9.988471269607543945e-01
9.954594969749450684e-01
9.916040897369384766e-01
9.959504604339599609e-01
9.670475125312805176e-01
9.928093552589416504e-01
9.972483515739440918e-01
9.907183051109313965e-01
9.965288043022155762e-01
9.943536520004272461e-01
9.984802007675170898e-01
9.996998906135559082e-01
9.984850883483886719e-01
9.766998887062072754e-01
9.832516312599182129e-01
9.961638450622558594e-01
9.959146380424499512e-01
9.989689588546752930e-01
9.714971780776977539e-01
9.779790043830871582e-01
9.609873890876770020e-01
9.968426823616027832e-01
9.915097355842590332e-01
9.961266517639160156e-01
9.265666007995605469e-01
9.993564486503601074e-01
9.925695657730102539e-01
9.984005093574523926e-01
9.977785944938659668e-01
9.977672696113586426e-01
9.979805946350097656e-01
9.775635600090026855e-01
9.912355542182922363e-01
9.899610280990600586e-01
9.985753297805786133e-01
9.989464879035949707e-01
9.776753187179565430e-01
9.990178346633911133e-01
9.976135492324829102e-01
9.978742599487304688e-01
9.506803154945373535e-01
9.863650202751159668e-01
9.723209738731384277e-01
9.973720312118530273e-01
9.822643399238586426e-01
9.979739189147949219e-01
9.990248084068298340e-01
9.956538677215576172e-01
9.807841181755065918e-01
9.967035651206970215e-01
9.785878658294677734e-01
9.919589161872863770e-01
9.745318889617919922e-01
9.910263419151306152e-01
9.891111254692077637e-01
9.929866790771484375e-01
9.999431967735290527e-01
9.929552674293518066e-01
9.979861378669738770e-01
9.980252385139465332e-01
9.990477561950683594e-01
9.981053471565246582e-01
9.958617687225341797e-01
9.947550296783447266e-01
9.952898621559143066e-01
9.961372613906860352e-01
9.910712242126464844e-01
9.993110299110412598e-01
9.991726279258728027e-01
9.950364232063293457e-01
9.982119202613830566e-01
9.944273829460144043e-01
9.985831379890441895e-01
9.963863492012023926e-01
9.975739717483520508e-01
9.858944416046142578e-01
9.971151351928710938e-01
9.716330766677856445e-01
9.878794550895690918e-01
9.955796599388122559e-01
9.993656873703002930e-01
9.989721775054931641e-01
9.854586124420166016e-01
9.977417588233947754e-01
9.961528182029724121e-01
9.969130754470825195e-01
9.981644153594970703e-01
9.934313893318176270e-01
9.968191981315612793e-01
9.997428655624389648e-01
9.690997004508972168e-01
9.883459210395812988e-01
9.992251396179199219e-01
9.976067543029785156e-01
9.974115490913391113e-01
9.864799380302429199e-01
9.989123344421386719e-01
9.871979355812072754e-01
9.939780831336975098e-01
9.934315085411071777e-01
9.998634457588195801e-01
9.971359372138977051e-01
9.988160729408264160e-01
9.658338427543640137e-01
9.650759100914001465e-01
9.897187352180480957e-01
9.962748289108276367e-01
9.922254681587219238e-01
9.978559017181396484e-01
9.973018169403076172e-01
9.846301674842834473e-01
9.837611913681030273e-01
9.864922761917114258e-01
9.780763983726501465e-01
9.980428218841552734e-01
9.945445060729980469e-01
9.998878836631774902e-01
9.986657500267028809e-01
9.958149790763854980e-01
9.989285469055175781e-01
9.981577396392822266e-01
9.993014335632324219e-01
9.994105100631713867e-01
9.777302145957946777e-01
9.987621903419494629e-01
9.668129086494445801e-01
9.977968335151672363e-01
9.943445324897766113e-01
9.977045059204101562e-01
9.960564970970153809e-01
9.964402318000793457e-01
9.988312125205993652e-01
9.959019422531127930e-01
9.985484480857849121e-01
9.911368489265441895e-01
9.943856000900268555e-01
9.968894720077514648e-01
9.997959733009338379e-01
9.940145015716552734e-01
9.893722534179687500e-01
9.982966184616088867e-01
9.978212714195251465e-01
9.893611073493957520e-01
9.970502853393554688e-01
9.983162283897399902e-01
9.891737699508666992e-01
9.873088598251342773e-01
9.979259967803955078e-01
9.890844225883483887e-01
9.936853051185607910e-01
9.963135719299316406e-01
9.986720085144042969e-01
9.972528815269470215e-01
9.964604973793029785e-01
9.884459376335144043e-01
9.704096913337707520e-01
9.919505715370178223e-01
9.979369640350341797e-01
9.903111457824707031e-01
9.971638321876525879e-01
9.908562302589416504e-01
9.929311871528625488e-01
9.694501757621765137e-01
9.850133061408996582e-01
9.991729259490966797e-01
9.977205991744995117e-01
9.992454648017883301e-01
9.981977939605712891e-01
9.988998770713806152e-01
9.127237200736999512e-01
9.875091314315795898e-01
9.965932965278625488e-01
9.962401986122131348e-01
9.891865849494934082e-01
9.981365203857421875e-01
9.986501336097717285e-01
9.900543093681335449e-01
9.685165286064147949e-01
9.986087083816528320e-01
9.887768030166625977e-01
9.980434775352478027e-01
9.804930090904235840e-01
9.986196756362915039e-01
9.989376664161682129e-01
9.922897815704345703e-01
9.944488406181335449e-01
9.973087906837463379e-01
9.985182285308837891e-01
9.903082847595214844e-01
9.987678527832031250e-01
9.946784973144531250e-01
9.984018802642822266e-01
9.726222157478332520e-01
9.971051216125488281e-01
9.950851202011108398e-01
9.829064607620239258e-01
9.984934926033020020e-01
9.981021881103515625e-01
9.942340850830078125e-01
9.989175200462341309e-01
9.878106117248535156e-01
9.967866539955139160e-01
9.996032714843750000e-01
9.994727373123168945e-01
9.954855442047119141e-01
9.953175187110900879e-01
9.980816841125488281e-01
9.968927502632141113e-01
9.941293597221374512e-01
9.909188151359558105e-01
9.999361038208007812e-01
9.925653338432312012e-01
9.952455759048461914e-01
9.968365430831909180e-01
9.902200698852539062e-01
9.991241097450256348e-01
9.898461699485778809e-01
9.923434257507324219e-01
9.946740269660949707e-01
9.977527856826782227e-01
9.864826202392578125e-01
9.999319911003112793e-01
9.887568354606628418e-01
9.959270954132080078e-01
9.942301511764526367e-01
9.932059049606323242e-01
9.988798499107360840e-01
9.981234669685363770e-01
9.372158646583557129e-01
9.941890835762023926e-01
9.903769493103027344e-01
9.974247813224792480e-01
9.923653006553649902e-01
9.552600383758544922e-01
9.968972802162170410e-01
9.991725087165832520e-01
