9.712803959846496582e-01
9.982669949531555176e-01
9.903534650802612305e-01
9.823808073997497559e-01
9.661082625389099121e-01
9.957734346389770508e-01
9.995149374008178711e-01
9.982969164848327637e-01
9.988389611244201660e-01
9.972374439239501953e-01
9.999420642852783203e-01
9.965058565139770508e-01
9.970588088035583496e-01
9.626507163047790527e-01
9.708113670349121094e-01
9.983429908752441406e-01
9.902416467666625977e-01
9.967653155326843262e-01
9.969642162322998047e-01
9.980044364929199219e-01
9.877140522003173828e-01
9.949641227722167969e-01
9.986727237701416016e-01
9.964858293533325195e-01
9.966033101081848145e-01
9.968978166580200195e-01
9.999641776084899902e-01
9.920219182968139648e-01
9.957607388496398926e-01
9.855848550796508789e-01
9.975502490997314453e-01
9.742116928100585938e-01
9.728096127510070801e-01
9.861426353454589844e-01
9.781301021575927734e-01
9.898099303245544434e-01
9.995366334915161133e-01
9.968563914299011230e-01
9.944946765899658203e-01
9.936406016349792480e-01
9.979149699211120605e-01
9.868922233581542969e-01
9.984242916107177734e-01
9.582356214523315430e-01
9.919394850730895996e-01
9.950585365295410156e-01
9.983770251274108887e-01
9.973952174186706543e-01
9.942050576210021973e-01
9.956755042076110840e-01
9.985394477844238281e-01
9.985576868057250977e-01
9.766129851341247559e-01
9.983370900154113770e-01
9.881963729858398438e-01
9.986077547073364258e-01
9.980390667915344238e-01
9.965848922729492188e-01
9.929071664810180664e-01
9.993911981582641602e-01
9.924305677413940430e-01
8.868746161460876465e-01
9.988172650337219238e-01
9.990256428718566895e-01
9.846473932266235352e-01
9.914078116416931152e-01
9.985463023185729980e-01
9.748684167861938477e-01
9.971245527267456055e-01
9.976252913475036621e-01
9.938793182373046875e-01
9.980675578117370605e-01
9.954479336738586426e-01
9.893339872360229492e-01
9.304042458534240723e-01
9.936096668243408203e-01
9.975739121437072754e-01
9.941690564155578613e-01
9.913927912712097168e-01
9.802891612052917480e-01
9.977437257766723633e-01
9.735761284828186035e-01
9.993952512741088867e-01
9.979726672172546387e-01
9.647342562675476074e-01
9.756506681442260742e-01
9.839727878570556641e-01
9.981977343559265137e-01
9.772770404815673828e-01
9.998073577880859375e-01
9.911336302757263184e-01
9.941234588623046875e-01
9.989640116691589355e-01
9.948081970214843750e-01
9.952644109725952148e-01
9.974235296249389648e-01
9.875563383102416992e-01
9.933574199676513672e-01
9.901071786880493164e-01
9.976798892021179199e-01
9.916329383850097656e-01
9.940858483314514160e-01
9.979540705680847168e-01
9.708663225173950195e-01
9.987719058990478516e-01
9.956044554710388184e-01
9.995946288108825684e-01
9.972267746925354004e-01
9.972739815711975098e-01
9.962770938873291016e-01
9.979436993598937988e-01
9.872822165489196777e-01
9.903589487075805664e-01
9.979902505874633789e-01
9.952151775360107422e-01
9.979208111763000488e-01
9.942686557769775391e-01
9.712976813316345215e-01
9.961468577384948730e-01
9.947246909141540527e-01
9.969946146011352539e-01
9.936327934265136719e-01
9.803353548049926758e-01
9.905499219894409180e-01
9.795894026756286621e-01
9.629051089286804199e-01
9.989799261093139648e-01
9.983562827110290527e-01
9.991214275360107422e-01
9.783688187599182129e-01
9.975480437278747559e-01
9.988167881965637207e-01
8.644419908523559570e-01
9.949752092361450195e-01
9.853598475456237793e-01
9.760122299194335938e-01
9.976584315299987793e-01
9.894902706146240234e-01
9.983793497085571289e-01
9.939334988594055176e-01
9.983353018760681152e-01
9.979987144470214844e-01
9.195663928985595703e-01
9.965271949768066406e-01
9.959538578987121582e-01
9.983940720558166504e-01
9.984952211380004883e-01
9.952003359794616699e-01
9.967389702796936035e-01
9.923211336135864258e-01
9.980246424674987793e-01
9.930467605590820312e-01
9.974014759063720703e-01
9.914901256561279297e-01
9.963123798370361328e-01
9.738194942474365234e-01
9.761531352996826172e-01
9.925279021263122559e-01
9.770515561103820801e-01
9.996531009674072266e-01
9.583351612091064453e-01
9.744537472724914551e-01
9.969037175178527832e-01
9.979904890060424805e-01
9.957269430160522461e-01
9.987483024597167969e-01
9.973527789115905762e-01
9.958745837211608887e-01
9.984538555145263672e-01
9.905143976211547852e-01
9.923187494277954102e-01
9.700144529342651367e-01
9.984848499298095703e-01
9.923626184463500977e-01
9.942457079887390137e-01
9.896594285964965820e-01
9.979498386383056641e-01
9.935706257820129395e-01
9.848206043243408203e-01
9.960144162178039551e-01
9.649637341499328613e-01
9.951333999633789062e-01
9.980965852737426758e-01
9.991868138313293457e-01
9.987607002258300781e-01
9.985070228576660156e-01
9.963189363479614258e-01
9.958170056343078613e-01
9.982760548591613770e-01
9.993655681610107422e-01
9.893324971199035645e-01
9.950116872787475586e-01
9.884333014488220215e-01
9.958938360214233398e-01
8.963352441787719727e-01
9.964300990104675293e-01
9.973863363265991211e-01
9.895314574241638184e-01
9.986951947212219238e-01
9.262585043907165527e-01
9.870687127113342285e-01
9.967964291572570801e-01
9.921442866325378418e-01
9.935858845710754395e-01
9.896485209465026855e-01
9.979583621025085449e-01
9.981167912483215332e-01
9.899523258209228516e-01
9.955175518989562988e-01
9.947457909584045410e-01
9.713301062583923340e-01
9.909178018569946289e-01
9.123207926750183105e-01
9.987484216690063477e-01
9.990267753601074219e-01
9.897061586380004883e-01
9.980453848838806152e-01
9.994614720344543457e-01
9.690932035446166992e-01
9.883713126182556152e-01
9.972988963127136230e-01
9.977649450302124023e-01
9.992063641548156738e-01
9.992868900299072266e-01
9.988409280776977539e-01
9.910362362861633301e-01
9.887981414794921875e-01
9.875259995460510254e-01
9.971611499786376953e-01
9.879963397979736328e-01
9.984182119369506836e-01
9.933198094367980957e-01
9.846019744873046875e-01
9.735704660415649414e-01
9.974336028099060059e-01
9.878550171852111816e-01
9.984439611434936523e-01
9.993773102760314941e-01
9.630290865898132324e-01
9.948257207870483398e-01
9.991083145141601562e-01
9.829859137535095215e-01
9.972773194313049316e-01
9.479774832725524902e-01
9.915595054626464844e-01
9.984742403030395508e-01
9.920878410339355469e-01
9.355837106704711914e-01
9.972705841064453125e-01
9.988242983818054199e-01
9.910173416137695312e-01
9.851186871528625488e-01
9.991696476936340332e-01
9.951706528663635254e-01
9.991177916526794434e-01
9.965407252311706543e-01
9.921702742576599121e-01
9.940876364707946777e-01
9.980728626251220703e-01
9.993982911109924316e-01
9.989453554153442383e-01
9.929565191268920898e-01
9.981338977813720703e-01
9.934442639350891113e-01
9.790829420089721680e-01
9.941032528877258301e-01
9.885551929473876953e-01
9.112102389335632324e-01
9.961803555488586426e-01
9.979551434516906738e-01
9.784515500068664551e-01
9.344124197959899902e-01
9.982945919036865234e-01
9.896050691604614258e-01
9.876629114151000977e-01
9.965003728866577148e-01
9.942620396614074707e-01
9.965457320213317871e-01
9.975355267524719238e-01
9.965485334396362305e-01
9.788433909416198730e-01
9.978806376457214355e-01
9.834187626838684082e-01
9.894611239433288574e-01
9.987733960151672363e-01
9.994336366653442383e-01
9.935523867607116699e-01
9.981390833854675293e-01
9.986877441406250000e-01
9.960700869560241699e-01
9.924798607826232910e-01
9.953315258026123047e-01
9.887373447418212891e-01
9.924729466438293457e-01
9.885107278823852539e-01
9.908715486526489258e-01
9.981366991996765137e-01
9.987255930900573730e-01
9.953175187110900879e-01
9.977877140045166016e-01
9.999466538429260254e-01
9.984548687934875488e-01
9.986564517021179199e-01
9.977154135704040527e-01
9.916903972625732422e-01
9.103853702545166016e-01
9.983218312263488770e-01
9.981392025947570801e-01
9.969862699508666992e-01
9.564574956893920898e-01
9.901643991470336914e-01
9.815623164176940918e-01
9.923385977745056152e-01
9.907568097114562988e-01
9.929357171058654785e-01
9.848875999450683594e-01
9.964226484298706055e-01
9.977198839187622070e-01
9.980497360229492188e-01
9.519484043121337891e-01
9.824279546737670898e-01
9.962729215621948242e-01
9.967361688613891602e-01
9.747767448425292969e-01
9.921061396598815918e-01
9.988287091255187988e-01
9.719440937042236328e-01
9.868702292442321777e-01
9.978128075599670410e-01
9.970211982727050781e-01
9.867548346519470215e-01
8.881393671035766602e-01
9.967183470726013184e-01
9.998248219490051270e-01
9.971210360527038574e-01
9.942764639854431152e-01
9.951948523521423340e-01
9.767726063728332520e-01
9.586814045906066895e-01
9.984747767448425293e-01
9.966396689414978027e-01
9.997220635414123535e-01
9.974468946456909180e-01
9.987292885780334473e-01
9.932693839073181152e-01
9.977070689201354980e-01
9.957568645477294922e-01
9.992789030075073242e-01
9.971472620964050293e-01
9.929228425025939941e-01
9.863294959068298340e-01
9.934232234954833984e-01
9.878594279289245605e-01
9.987053275108337402e-01
9.830065965652465820e-01
9.862752556800842285e-01
9.982004165649414062e-01
9.933891296386718750e-01
9.979933500289916992e-01
9.990271925926208496e-01
9.829075932502746582e-01
9.748253226280212402e-01
9.731599092483520508e-01
9.981022477149963379e-01
9.919267892837524414e-01
9.998835325241088867e-01
9.953249692916870117e-01
9.979583024978637695e-01
9.681919217109680176e-01
9.928103089332580566e-01
9.988257288932800293e-01
9.924982786178588867e-01
9.924554228782653809e-01
9.961346387863159180e-01
9.571741223335266113e-01
9.979940652847290039e-01
9.513358473777770996e-01
9.959273338317871094e-01
9.760653376579284668e-01
9.416088461875915527e-01
9.977159500122070312e-01
9.727140069007873535e-01
9.956930875778198242e-01
9.823595285415649414e-01
9.988012909889221191e-01
9.951017498970031738e-01
9.926797151565551758e-01
9.889630079269409180e-01
9.936930537223815918e-01
9.990881681442260742e-01
9.968894124031066895e-01
9.699845314025878906e-01
9.979850649833679199e-01
9.945275187492370605e-01
9.954192042350769043e-01
9.850108623504638672e-01
9.981438517570495605e-01
9.899866580963134766e-01
9.998770952224731445e-01
7.967418432235717773e-01
9.990307688713073730e-01
9.979676604270935059e-01
9.951314926147460938e-01
9.902191758155822754e-01
9.961734414100646973e-01
9.975357651710510254e-01
9.919396042823791504e-01
9.954185485839843750e-01
9.859607815742492676e-01
9.892633557319641113e-01
9.919722676277160645e-01
9.976396560668945312e-01
9.884222745895385742e-01
9.984510540962219238e-01
9.902865290641784668e-01
9.928611516952514648e-01
9.998729228973388672e-01
9.868312478065490723e-01
9.994559884071350098e-01
9.918549656867980957e-01
9.982084035873413086e-01
9.968655109405517578e-01
9.917105436325073242e-01
9.996024966239929199e-01
9.452428221702575684e-01
9.982262849807739258e-01
9.993475079536437988e-01
9.743763804435729980e-01
9.968677759170532227e-01
9.831972718238830566e-01
9.884696602821350098e-01
9.977855086326599121e-01
9.977867007255554199e-01
9.446958899497985840e-01
9.983601570129394531e-01
9.878264665603637695e-01
9.618636965751647949e-01
9.969587922096252441e-01
9.767027497291564941e-01
9.905037879943847656e-01
9.967778325080871582e-01
9.956462979316711426e-01
9.980616569519042969e-01
9.915157556533813477e-01
9.922617673873901367e-01
9.975465536117553711e-01
9.961065053939819336e-01
9.953435063362121582e-01
9.985730648040771484e-01
9.995512962341308594e-01
9.954027533531188965e-01
9.955155849456787109e-01
9.957155585289001465e-01
9.930168986320495605e-01
9.890102148056030273e-01
9.992455840110778809e-01
9.924705028533935547e-01
9.967522621154785156e-01
9.872674345970153809e-01
9.919353127479553223e-01
9.991169571876525879e-01
9.959730505943298340e-01
9.992008805274963379e-01
9.943594932556152344e-01
9.983248710632324219e-01
9.880329370498657227e-01
9.983530640602111816e-01
9.989577531814575195e-01
9.971653819084167480e-01
9.903581738471984863e-01
9.994170069694519043e-01
9.950490593910217285e-01
9.983139038085937500e-01
9.828494787216186523e-01
9.895486235618591309e-01
9.891800880432128906e-01
9.974271059036254883e-01
9.973074197769165039e-01
9.993825554847717285e-01
9.978899955749511719e-01
9.904937148094177246e-01
9.903755187988281250e-01
9.819743633270263672e-01
9.953278899192810059e-01
9.901685118675231934e-01
9.919851422309875488e-01
9.985528588294982910e-01
9.953377246856689453e-01
9.878458380699157715e-01
9.974103569984436035e-01
9.946284294128417969e-01
9.984577894210815430e-01
9.601776003837585449e-01
9.976701736450195312e-01
9.871421456336975098e-01
9.940391182899475098e-01
9.686548709869384766e-01
9.978170990943908691e-01
9.908348917961120605e-01
9.801088571548461914e-01
9.881191849708557129e-01
9.813289642333984375e-01
9.987788796424865723e-01
9.960057735443115234e-01
9.979325532913208008e-01
9.976433515548706055e-01
9.164376258850097656e-01
9.873570203781127930e-01
9.531056284904479980e-01
9.957500100135803223e-01
9.913061261177062988e-01
9.978939890861511230e-01
9.820953607559204102e-01
7.994067668914794922e-01
9.969666004180908203e-01
9.721974730491638184e-01
9.940015077590942383e-01
9.681857824325561523e-01
9.755548238754272461e-01
9.990285634994506836e-01
9.952958822250366211e-01
9.342247843742370605e-01
9.951776266098022461e-01
9.942587614059448242e-01
9.928366541862487793e-01
9.964945316314697266e-01
9.974374175071716309e-01
9.931816458702087402e-01
9.838626980781555176e-01
9.796820282936096191e-01
9.891685247421264648e-01
9.970232248306274414e-01
9.989647865295410156e-01
9.977554082870483398e-01
9.938164353370666504e-01
9.975184202194213867e-01
9.644144177436828613e-01
9.967938661575317383e-01
9.928717613220214844e-01
9.983707666397094727e-01
9.922611713409423828e-01
9.931735992431640625e-01
9.795861244201660156e-01
9.895341992378234863e-01
9.979181289672851562e-01
9.927418828010559082e-01
9.946476221084594727e-01
9.984551668167114258e-01
9.776322841644287109e-01
9.975695013999938965e-01
9.728220105171203613e-01
9.930825829505920410e-01
9.980178475379943848e-01
9.813278317451477051e-01
9.916901588439941406e-01
9.966534376144409180e-01
9.967098236083984375e-01
9.959115982055664062e-01
9.945257902145385742e-01
9.901503324508666992e-01
9.861428737640380859e-01
9.959464669227600098e-01
9.979920387268066406e-01
9.944816827774047852e-01
9.990031719207763672e-01
9.966081976890563965e-01
9.945484399795532227e-01
9.890211820602416992e-01
9.720906615257263184e-01
9.953459501266479492e-01
9.914045929908752441e-01
9.994845986366271973e-01
9.947546720504760742e-01
9.974410533905029297e-01
9.974845051765441895e-01
9.978623390197753906e-01
9.959486126899719238e-01
9.960491657257080078e-01
9.744137525558471680e-01
9.941126108169555664e-01
9.952819347381591797e-01
9.905363917350769043e-01
9.997074604034423828e-01
9.842271208763122559e-01
9.982379078865051270e-01
9.991327524185180664e-01
9.599592089653015137e-01
9.334124326705932617e-01
9.980911612510681152e-01
9.956785440444946289e-01
9.969225525856018066e-01
9.979127049446105957e-01
9.596232771873474121e-01
9.573519825935363770e-01
9.965877532958984375e-01
9.808168411254882812e-01
9.886217713356018066e-01
9.979987144470214844e-01
9.969177246093750000e-01
9.938974976539611816e-01
9.947059750556945801e-01
9.917798042297363281e-01
9.900945425033569336e-01
9.858115315437316895e-01
9.905608296394348145e-01
9.821613430976867676e-01
9.983011484146118164e-01
9.896433949470520020e-01
9.928885102272033691e-01
9.814024567604064941e-01
9.935573935508728027e-01
9.987547397613525391e-01
9.986277222633361816e-01
9.726566076278686523e-01
9.537754654884338379e-01
9.979621767997741699e-01
9.704558253288269043e-01
9.719178080558776855e-01
9.965735673904418945e-01
9.745818972587585449e-01
9.930000901222229004e-01
9.978448748588562012e-01
9.968474507331848145e-01
9.963924288749694824e-01
9.961848258972167969e-01
9.982462525367736816e-01
9.937633872032165527e-01
9.981353878974914551e-01
9.974276423454284668e-01
9.983974695205688477e-01
9.564665555953979492e-01
9.908736944198608398e-01
9.938254952430725098e-01
9.756500124931335449e-01
9.945704340934753418e-01
9.985694885253906250e-01
9.983616471290588379e-01
9.966896772384643555e-01
9.967365860939025879e-01
9.887857437133789062e-01
9.917998909950256348e-01
9.890963435173034668e-01
9.990960359573364258e-01
9.775772690773010254e-01
9.743345975875854492e-01
9.845390915870666504e-01
9.937426447868347168e-01
9.838846325874328613e-01
9.864487648010253906e-01
9.861905574798583984e-01
9.270547032356262207e-01
9.941797852516174316e-01
9.743165373802185059e-01
9.784981012344360352e-01
8.080359101295471191e-01
9.956593513488769531e-01
9.975638389587402344e-01
9.982665777206420898e-01
9.853419065475463867e-01
9.918381571769714355e-01
9.968873858451843262e-01
9.901009798049926758e-01
9.900831580162048340e-01
9.964073896408081055e-01
9.958464503288269043e-01
9.943284988403320312e-01
9.974347949028015137e-01
9.897742271423339844e-01
9.989733099937438965e-01
9.997237920761108398e-01
9.979979395866394043e-01
9.977278709411621094e-01
9.323297739028930664e-01
9.973369836807250977e-01
9.808539748191833496e-01
9.981401562690734863e-01
9.931635260581970215e-01
9.921920299530029297e-01
9.979283809661865234e-01
9.847580194473266602e-01
9.863632321357727051e-01
9.996100068092346191e-01
9.985111951828002930e-01
9.856413006782531738e-01
9.990821480751037598e-01
9.948154091835021973e-01
9.710464477539062500e-01
9.996950626373291016e-01
9.855364561080932617e-01
9.971538782119750977e-01
9.716538786888122559e-01
9.887322187423706055e-01
9.967259764671325684e-01
9.773821234703063965e-01
9.992504119873046875e-01
9.999641180038452148e-01
9.865616559982299805e-01
9.772136211395263672e-01
9.847902655601501465e-01
8.615711331367492676e-01
9.996875524520874023e-01
9.981119036674499512e-01
8.862096667289733887e-01
9.988463521003723145e-01
9.965332746505737305e-01
9.966726303100585938e-01
9.954343438148498535e-01
9.927542209625244141e-01
9.994207620620727539e-01
9.842615127563476562e-01
9.421073794364929199e-01
9.997712969779968262e-01
9.580714106559753418e-01
9.964378476142883301e-01
9.954865574836730957e-01
9.998092651367187500e-01
9.960014820098876953e-01
9.958482980728149414e-01
9.963551759719848633e-01
9.568901062011718750e-01
9.883226156234741211e-01
9.989220499992370605e-01
9.961565732955932617e-01
9.943315982818603516e-01
9.956634044647216797e-01
9.895738959312438965e-01
9.984204173088073730e-01
9.921262860298156738e-01
9.937039017677307129e-01
9.944451451301574707e-01
9.942674636840820312e-01
9.933109879493713379e-01
9.989870190620422363e-01
9.981331229209899902e-01
9.802541136741638184e-01
9.963505268096923828e-01
9.915967583656311035e-01
9.983077049255371094e-01
9.843695163726806641e-01
9.883153438568115234e-01
9.930115342140197754e-01
9.904537200927734375e-01
9.955732226371765137e-01
9.946132302284240723e-01
9.968795776367187500e-01
9.394682049751281738e-01
9.919193387031555176e-01
9.955683946609497070e-01
8.501389026641845703e-01
9.991206526756286621e-01
9.795718789100646973e-01
9.787145256996154785e-01
9.965527057647705078e-01
9.980915784835815430e-01
9.696011543273925781e-01
9.613032937049865723e-01
9.581469297409057617e-01
9.959579110145568848e-01
9.993079304695129395e-01
9.920065402984619141e-01
9.357922077178955078e-01
9.808257222175598145e-01
9.976309537887573242e-01
9.888512492179870605e-01
9.984214305877685547e-01
9.931284785270690918e-01
9.925848841667175293e-01
9.924229979515075684e-01
9.987266659736633301e-01
9.910851120948791504e-01
9.970200657844543457e-01
9.930370450019836426e-01
9.833066463470458984e-01
9.992181658744812012e-01
9.979748725891113281e-01
9.913024902343750000e-01
9.981371760368347168e-01
9.992241263389587402e-01
9.991456866264343262e-01
9.960845112800598145e-01
9.972144961357116699e-01
9.900177717208862305e-01
9.951279163360595703e-01
9.795039892196655273e-01
9.904807209968566895e-01
9.853076338768005371e-01
9.957687854766845703e-01
9.965156912803649902e-01
9.941042065620422363e-01
9.914692640304565430e-01
9.984157085418701172e-01
9.637229442596435547e-01
9.967148303985595703e-01
9.976078271865844727e-01
9.939072132110595703e-01
9.995411634445190430e-01
9.858877062797546387e-01
9.951286315917968750e-01
8.704681396484375000e-01
9.852573275566101074e-01
9.919481277465820312e-01
9.980394840240478516e-01
9.985072612762451172e-01
9.968860745429992676e-01
9.982010126113891602e-01
9.981770515441894531e-01
9.726396203041076660e-01
9.947878122329711914e-01
9.756793379783630371e-01
9.969349503517150879e-01
9.992652535438537598e-01
9.369552731513977051e-01
9.920689463615417480e-01
9.996008872985839844e-01
9.893440008163452148e-01
9.871872663497924805e-01
9.938387870788574219e-01
9.965614676475524902e-01
9.710844755172729492e-01
9.971396923065185547e-01
9.838712215423583984e-01
9.897835850715637207e-01
9.994626641273498535e-01
9.913562536239624023e-01
9.722861051559448242e-01
9.534380435943603516e-01
9.867693781852722168e-01
9.979542493820190430e-01
9.906680583953857422e-01
9.855859279632568359e-01
9.928921461105346680e-01
9.794582724571228027e-01
9.961769580841064453e-01
9.882931113243103027e-01
9.424825906753540039e-01
9.897744059562683105e-01
9.514958858489990234e-01
9.975696206092834473e-01
9.996907114982604980e-01
9.879727363586425781e-01
9.952381253242492676e-01
9.967029094696044922e-01
9.980628490447998047e-01
9.986613392829895020e-01
9.799751639366149902e-01
9.939136505126953125e-01
9.921815991401672363e-01
9.968426823616027832e-01
9.946556687355041504e-01
9.936112165451049805e-01
9.873978495597839355e-01
9.919902682304382324e-01
9.963789582252502441e-01
9.951739311218261719e-01
9.947876930236816406e-01
9.923096299171447754e-01
9.899831414222717285e-01
9.943929910659790039e-01
9.976599216461181641e-01
9.979510903358459473e-01
9.739401936531066895e-01
9.902388453483581543e-01
9.977229237556457520e-01
9.926039576530456543e-01
9.975571632385253906e-01
9.871584177017211914e-01
9.968779683113098145e-01
9.981333017349243164e-01
9.868205189704895020e-01
9.996197819709777832e-01
9.627370238304138184e-01
9.750550985336303711e-01
9.338657259941101074e-01
9.845103621482849121e-01
9.758972525596618652e-01
9.714553356170654297e-01
9.977828264236450195e-01
9.993667602539062500e-01
9.627008438110351562e-01
9.881719350814819336e-01
9.724454879760742188e-01
9.997825026512145996e-01
9.604102969169616699e-01
9.722054004669189453e-01
9.899550080299377441e-01
9.900904893875122070e-01
9.675804972648620605e-01
9.999269843101501465e-01
9.927462935447692871e-01
9.840053319931030273e-01
9.951295256614685059e-01
9.980884790420532227e-01
9.985411167144775391e-01
9.954502582550048828e-01
9.939208626747131348e-01
9.973731040954589844e-01
9.934951663017272949e-01
9.982938170433044434e-01
9.997566342353820801e-01
9.911065697669982910e-01
9.779756069183349609e-01
9.850253462791442871e-01
9.908099174499511719e-01
9.979820251464843750e-01
9.905508160591125488e-01
9.986262321472167969e-01
9.991543889045715332e-01
9.945856332778930664e-01
9.951577186584472656e-01
9.715070724487304688e-01
9.831713438034057617e-01
9.997932910919189453e-01
9.919055104255676270e-01
9.852355718612670898e-01
9.903508424758911133e-01
9.976614713668823242e-01
9.986913204193115234e-01
9.957187771797180176e-01
9.953604936599731445e-01
9.932795763015747070e-01
9.818577170372009277e-01
9.880166053771972656e-01
8.776959776878356934e-01
9.998119473457336426e-01
9.872475862503051758e-01
9.888062477111816406e-01
9.941965341567993164e-01
9.979686737060546875e-01
9.996234178543090820e-01
9.812862277030944824e-01
9.930431246757507324e-01
9.947880506515502930e-01
9.977046251296997070e-01
9.993964433670043945e-01
9.973221421241760254e-01
9.905730485916137695e-01
9.821962714195251465e-01
9.946816563606262207e-01
9.998617172241210938e-01
9.908746480941772461e-01
9.962890744209289551e-01
9.943354129791259766e-01
9.981958270072937012e-01
9.975404739379882812e-01
9.800207018852233887e-01
9.977075457572937012e-01
9.972877502441406250e-01
9.988643527030944824e-01
9.719977974891662598e-01
9.986443519592285156e-01
9.868640303611755371e-01
9.989109635353088379e-01
9.951882362365722656e-01
9.902632236480712891e-01
9.911795258522033691e-01
9.939973354339599609e-01
9.944677948951721191e-01
9.916055798530578613e-01
9.877063632011413574e-01
9.973692893981933594e-01
9.966384172439575195e-01
9.963222146034240723e-01
9.928420782089233398e-01
9.973530173301696777e-01
9.904397726058959961e-01
9.502723217010498047e-01
9.978275895118713379e-01
9.837148785591125488e-01
9.990929365158081055e-01
9.676935076713562012e-01
9.908289313316345215e-01
9.985592961311340332e-01
9.907973408699035645e-01
9.949386715888977051e-01
9.992343783378601074e-01
9.996705651283264160e-01
9.926853775978088379e-01
9.951205253601074219e-01
9.975982308387756348e-01
9.981495738029479980e-01
9.797039031982421875e-01
9.875282049179077148e-01
9.981450438499450684e-01
9.927323460578918457e-01
9.969067573547363281e-01
9.970956444740295410e-01
9.743806123733520508e-01
9.940729737281799316e-01
9.924187660217285156e-01
9.982431530952453613e-01
9.968401193618774414e-01
9.836717247962951660e-01
9.941067099571228027e-01
9.971241354942321777e-01
8.783626556396484375e-01
9.903393983840942383e-01
9.809803962707519531e-01
9.990106225013732910e-01
9.973005652427673340e-01
9.966517686843872070e-01
9.937793612480163574e-01
9.887524843215942383e-01
9.926426410675048828e-01
9.989011883735656738e-01
9.980130791664123535e-01
9.988009333610534668e-01
9.946376681327819824e-01
9.969715476036071777e-01
9.955171346664428711e-01
9.975753426551818848e-01
9.499784708023071289e-01
9.915236234664916992e-01
9.936523437500000000e-01
9.864737391471862793e-01
9.926791787147521973e-01
9.714463353157043457e-01
9.222872853279113770e-01
9.986516833305358887e-01
9.411665201187133789e-01
9.985095858573913574e-01
9.397116899490356445e-01
9.997330904006958008e-01
9.979999661445617676e-01
9.997572898864746094e-01
9.909304380416870117e-01
9.949867129325866699e-01
9.967728853225708008e-01
9.973905086517333984e-01
9.977960586547851562e-01
9.917540550231933594e-01
9.987750053405761719e-01
9.967371821403503418e-01
9.991020560264587402e-01
9.945380687713623047e-01
9.815918207168579102e-01
9.999065399169921875e-01
9.334945678710937500e-01
9.991686344146728516e-01
9.963012337684631348e-01
9.993910193443298340e-01
9.815535545349121094e-01
9.745200276374816895e-01
9.962404966354370117e-01
9.963389039039611816e-01
9.924018979072570801e-01
9.992065429687500000e-01
9.928793907165527344e-01
9.965164065361022949e-01
9.846817255020141602e-01
9.983416795730590820e-01
9.895500540733337402e-01
9.950101971626281738e-01
9.915118813514709473e-01
9.992074370384216309e-01
9.983530640602111816e-01
9.968565702438354492e-01
9.987048506736755371e-01
9.950815439224243164e-01
9.854398369789123535e-01
9.933912754058837891e-01
9.913101792335510254e-01
9.975073337554931641e-01
9.978977441787719727e-01
9.926469922065734863e-01
9.985486865043640137e-01
9.884610772132873535e-01
9.628503322601318359e-01
9.956424832344055176e-01
9.953690171241760254e-01
9.965583086013793945e-01
9.978170394897460938e-01
9.987639188766479492e-01
9.930652976036071777e-01
9.928062558174133301e-01
9.976540803909301758e-01
9.771693944931030273e-01
9.921314716339111328e-01
9.972722530364990234e-01
9.885337352752685547e-01
9.960409998893737793e-01
9.865330457687377930e-01
9.986926317214965820e-01
9.986418485641479492e-01
9.977948069572448730e-01
9.721612930297851562e-01
9.836243987083435059e-01
9.912400245666503906e-01
9.961274266242980957e-01
9.997448325157165527e-01
9.734687805175781250e-01
9.664181470870971680e-01
9.954259991645812988e-01
9.916810989379882812e-01
9.935268759727478027e-01
9.951109290122985840e-01
9.125831723213195801e-01
9.998561739921569824e-01
9.926099181175231934e-01
9.972788095474243164e-01
9.980085492134094238e-01
9.988324642181396484e-01
9.967108964920043945e-01
9.668471813201904297e-01
9.817755222320556641e-01
9.855783581733703613e-01
9.972833991050720215e-01
9.979538321495056152e-01
9.672267436981201172e-01
9.996325373649597168e-01
9.984496235847473145e-01
9.975143074989318848e-01
9.572437405586242676e-01
9.731246829032897949e-01
9.723610281944274902e-01
9.969888329505920410e-01
9.638351202011108398e-01
9.980509877204895020e-01
9.986270666122436523e-01
9.992708563804626465e-01
9.728992581367492676e-01
9.980931282043457031e-01
9.707397818565368652e-01
9.888240694999694824e-01
9.537957906723022461e-01
9.900754690170288086e-01
9.914289116859436035e-01
9.810075759887695312e-01
9.998973011970520020e-01
9.962125420570373535e-01
9.948651790618896484e-01
9.971334934234619141e-01
9.998456835746765137e-01
9.971550703048706055e-01
9.964984655380249023e-01
9.927900433540344238e-01
9.857486486434936523e-01
9.923089742660522461e-01
9.875283241271972656e-01
9.989404082298278809e-01
9.974828958511352539e-01
9.932237267494201660e-01
9.996524453163146973e-01
9.956204295158386230e-01
9.980234503746032715e-01
9.894880652427673340e-01
9.974432587623596191e-01
9.924108386039733887e-01
9.976060390472412109e-01
9.505918622016906738e-01
9.924457073211669922e-01
9.963722825050354004e-01
9.992539882659912109e-01
9.980137348175048828e-01
9.899271726608276367e-01
9.987350106239318848e-01
9.968382716178894043e-01
9.971696138381958008e-01
9.969991445541381836e-01
9.926354289054870605e-01
9.940962791442871094e-01
9.998295903205871582e-01
9.815781116485595703e-01
9.861089587211608887e-01
9.991123676300048828e-01
9.984548687934875488e-01
9.978278279304504395e-01
9.841856360435485840e-01
9.981499910354614258e-01
9.834175109863281250e-01
9.979434013366699219e-01
9.879303574562072754e-01
9.996765255928039551e-01
9.968439936637878418e-01
9.982486367225646973e-01
9.538543224334716797e-01
9.525876641273498535e-01
9.868727326393127441e-01
9.950775504112243652e-01
9.935334324836730957e-01
9.969236850738525391e-01
9.965766072273254395e-01
9.837981462478637695e-01
9.776766896247863770e-01
9.555678367614746094e-01
9.689797163009643555e-01
9.973731637001037598e-01
9.920334815979003906e-01
9.999858140945434570e-01
9.994785189628601074e-01
9.959319829940795898e-01
9.921942353248596191e-01
9.995712637901306152e-01
9.993706941604614258e-01
9.978223443031311035e-01
9.904564619064331055e-01
9.977897405624389648e-01
9.342564344406127930e-01
9.965564012527465820e-01
9.706062078475952148e-01
9.982334971427917480e-01
9.980490803718566895e-01
9.972557425498962402e-01
9.990868568420410156e-01
9.945815801620483398e-01
9.986733198165893555e-01
9.821406602859497070e-01
9.918785691261291504e-01
9.981692433357238770e-01
9.998612403869628906e-01
9.941200017929077148e-01
9.980506300926208496e-01
9.990715384483337402e-01
9.970107078552246094e-01
9.851281642913818359e-01
9.956528544425964355e-01
9.980033636093139648e-01
9.783044457435607910e-01
9.851254224777221680e-01
9.972296953201293945e-01
9.898844957351684570e-01
9.896323680877685547e-01
9.952158927917480469e-01
9.981040954589843750e-01
9.981689453125000000e-01
9.913874268531799316e-01
9.638171792030334473e-01
9.674363732337951660e-01
9.894143939018249512e-01
9.990099072456359863e-01
9.905559420585632324e-01
9.921802282333374023e-01
9.869608879089355469e-01
9.938060641288757324e-01
9.528163671493530273e-01
9.866549372673034668e-01
9.927010536193847656e-01
9.959005117416381836e-01
9.987704157829284668e-01
9.987177252769470215e-01
9.986555576324462891e-01
8.939311504364013672e-01
9.825659394264221191e-01
9.947836399078369141e-01
9.954645633697509766e-01
9.837513566017150879e-01
9.968601465225219727e-01
9.991619586944580078e-01
9.988164305686950684e-01
9.558780789375305176e-01
9.982517957687377930e-01
9.851272106170654297e-01
9.945757389068603516e-01
9.765363335609436035e-01
9.990929365158081055e-01
9.982259273529052734e-01
9.900475740432739258e-01
9.914588332176208496e-01
9.965344667434692383e-01
9.988144636154174805e-01
9.931381940841674805e-01
9.986530542373657227e-01
9.974767565727233887e-01
9.974647164344787598e-01
9.704007506370544434e-01
9.977232813835144043e-01
9.932159185409545898e-01
9.903841614723205566e-01
9.939612746238708496e-01
9.989562630653381348e-01
9.875826835632324219e-01
9.978400468826293945e-01
9.889884591102600098e-01
9.875634312629699707e-01
9.998196363449096680e-01
9.989187121391296387e-01
9.958294630050659180e-01
9.945349693298339844e-01
9.966053962707519531e-01
9.961105585098266602e-01
9.915917515754699707e-01
9.849977493286132812e-01
9.998711943626403809e-01
9.815610647201538086e-01
9.937713146209716797e-01
9.978113174438476562e-01
9.975715875625610352e-01
9.989044666290283203e-01
9.883643984794616699e-01
9.892811775207519531e-01
9.947650432586669922e-01
9.985858201980590820e-01
9.900159239768981934e-01
9.868598580360412598e-01
9.896994829177856445e-01
9.974406957626342773e-01
9.973609447479248047e-01
9.914301633834838867e-01
9.977743029594421387e-01
9.971721172332763672e-01
9.153442382812500000e-01
9.912480115890502930e-01
9.851959943771362305e-01
9.963510632514953613e-01
9.934198260307312012e-01
9.901862740516662598e-01
9.950457215309143066e-01
9.983624219894409180e-01
