9.902566075325012207e-01
9.985806941986083984e-01
9.943057894706726074e-01
9.918146133422851562e-01
9.705338478088378906e-01
9.906688928604125977e-01
9.992827773094177246e-01
9.986014962196350098e-01
9.991651177406311035e-01
9.972174763679504395e-01
9.997820854187011719e-01
9.950155019760131836e-01
9.980544447898864746e-01
9.353550076484680176e-01
9.623636603355407715e-01
9.991302490234375000e-01
9.883849024772644043e-01
9.965879917144775391e-01
9.954198002815246582e-01
9.981399774551391602e-01
9.943448305130004883e-01
9.965388178825378418e-01
9.987843632698059082e-01
9.965305924415588379e-01
9.951508045196533203e-01
9.980008006095886230e-01
9.986226558685302734e-01
9.932339787483215332e-01
9.949547648429870605e-01
9.861894249916076660e-01
9.984926581382751465e-01
9.852988123893737793e-01
9.800485968589782715e-01
9.875699281692504883e-01
9.801476001739501953e-01
9.906867742538452148e-01
9.985299706459045410e-01
9.973397254943847656e-01
9.714414477348327637e-01
9.887898564338684082e-01
9.873759746551513672e-01
9.902873039245605469e-01
9.984312653541564941e-01
9.711071252822875977e-01
9.952368140220642090e-01
9.947576522827148438e-01
9.983568191528320312e-01
9.981362223625183105e-01
9.945337772369384766e-01
9.924541711807250977e-01
9.995455145835876465e-01
9.992812871932983398e-01
9.834365844726562500e-01
9.916759729385375977e-01
9.911131858825683594e-01
9.980000853538513184e-01
9.991497993469238281e-01
9.951459765434265137e-01
9.958552122116088867e-01
9.988902211189270020e-01
9.933389425277709961e-01
9.166945219039916992e-01
9.960156679153442383e-01
9.993819594383239746e-01
9.840145111083984375e-01
9.925683140754699707e-01
9.986204504966735840e-01
9.862388372421264648e-01
9.974034428596496582e-01
9.962286949157714844e-01
9.959392547607421875e-01
9.994469881057739258e-01
9.974659681320190430e-01
9.891036748886108398e-01
9.479572772979736328e-01
9.929162859916687012e-01
9.980300664901733398e-01
9.941887855529785156e-01
9.952964186668395996e-01
9.821637272834777832e-01
9.948958754539489746e-01
9.822515249252319336e-01
9.996972680091857910e-01
9.930397272109985352e-01
9.767397046089172363e-01
9.905453920364379883e-01
9.874103665351867676e-01
9.949927926063537598e-01
9.708980917930603027e-01
9.993447065353393555e-01
9.928092360496520996e-01
9.924985170364379883e-01
9.986724853515625000e-01
9.942545890808105469e-01
9.930989146232604980e-01
9.971315264701843262e-01
9.903907775878906250e-01
9.925977587699890137e-01
9.985568523406982422e-01
9.920803904533386230e-01
9.939005374908447266e-01
9.932534694671630859e-01
9.975234866142272949e-01
9.749031066894531250e-01
9.992405176162719727e-01
9.972378611564636230e-01
9.972872734069824219e-01
9.929254651069641113e-01
9.981126189231872559e-01
9.933902621269226074e-01
9.971939921379089355e-01
9.911942481994628906e-01
9.896177649497985840e-01
9.955763816833496094e-01
9.963652491569519043e-01
9.966043829917907715e-01
9.952784776687622070e-01
9.861920475959777832e-01
9.962363839149475098e-01
9.961982965469360352e-01
9.975727796554565430e-01
9.944421052932739258e-01
9.838740229606628418e-01
9.899954199790954590e-01
9.916213154792785645e-01
9.807837605476379395e-01
9.971379041671752930e-01
9.988030195236206055e-01
9.983637332916259766e-01
9.865145683288574219e-01
9.981898069381713867e-01
9.989579916000366211e-01
8.417199254035949707e-01
9.943504929542541504e-01
9.899327158927917480e-01
9.902721047401428223e-01
9.984522461891174316e-01
9.921696782112121582e-01
9.988391995429992676e-01
9.952534437179565430e-01
9.989821314811706543e-01
9.972752928733825684e-01
9.364902377128601074e-01
9.975600242614746094e-01
9.974722862243652344e-01
9.930515885353088379e-01
9.989823698997497559e-01
9.946963787078857422e-01
9.964480400085449219e-01
9.877868294715881348e-01
9.987453222274780273e-01
9.958035349845886230e-01
9.989657998085021973e-01
9.919396638870239258e-01
9.978983998298645020e-01
9.720071554183959961e-01
9.871683120727539062e-01
9.961206912994384766e-01
9.885075688362121582e-01
9.993300437927246094e-01
9.662926793098449707e-01
9.858846664428710938e-01
9.937883615493774414e-01
9.992889761924743652e-01
9.986310601234436035e-01
9.991204142570495605e-01
9.959721565246582031e-01
9.963983893394470215e-01
9.972624778747558594e-01
9.911623001098632812e-01
9.970370531082153320e-01
9.760571718215942383e-01
9.991973042488098145e-01
9.926853179931640625e-01
9.945277571678161621e-01
9.928793907165527344e-01
9.977491497993469238e-01
9.938268661499023438e-01
9.902139902114868164e-01
9.969254732131958008e-01
9.750000834465026855e-01
9.978436827659606934e-01
9.976415634155273438e-01
9.981282353401184082e-01
9.982380867004394531e-01
9.978815317153930664e-01
9.952598214149475098e-01
9.960855841636657715e-01
9.968550205230712891e-01
9.994949102401733398e-01
9.887378811836242676e-01
9.932219386100769043e-01
9.831116199493408203e-01
9.974192380905151367e-01
8.991016149520874023e-01
9.965704083442687988e-01
9.969987869262695312e-01
9.886583089828491211e-01
9.991940855979919434e-01
9.482557177543640137e-01
9.746167659759521484e-01
9.955857396125793457e-01
9.936812520027160645e-01
9.669893383979797363e-01
9.930335283279418945e-01
9.989429712295532227e-01
9.980663061141967773e-01
9.877744913101196289e-01
9.931640028953552246e-01
9.948538541793823242e-01
9.825440049171447754e-01
9.927747249603271484e-01
9.431773424148559570e-01
9.992061853408813477e-01
9.992323517799377441e-01
9.889861941337585449e-01
9.986450672149658203e-01
9.992775321006774902e-01
9.857237935066223145e-01
9.839469790458679199e-01
9.980132579803466797e-01
9.944061040878295898e-01
9.981967210769653320e-01
9.980081319808959961e-01
9.992656707763671875e-01
9.868785142898559570e-01
9.893795251846313477e-01
9.906792044639587402e-01
9.982296824455261230e-01
9.835710525512695312e-01
9.965912699699401855e-01
9.987720251083374023e-01
9.894608855247497559e-01
9.863427877426147461e-01
9.976661801338195801e-01
9.920768737792968750e-01
9.992501139640808105e-01
9.995245933532714844e-01
9.794573187828063965e-01
9.990124106407165527e-01
9.992261528968811035e-01
9.760528802871704102e-01
9.969636797904968262e-01
9.295026063919067383e-01
9.899373650550842285e-01
9.968562126159667969e-01
9.953393340110778809e-01
9.786030650138854980e-01
9.955579042434692383e-01
9.967790842056274414e-01
9.941196441650390625e-01
9.910433888435363770e-01
9.988958239555358887e-01
9.895348548889160156e-01
9.992327690124511719e-01
9.997223019599914551e-01
9.977154731750488281e-01
9.967275857925415039e-01
9.930892586708068848e-01
9.988926053047180176e-01
9.989131689071655273e-01
9.976890683174133301e-01
9.962624311447143555e-01
9.985794425010681152e-01
9.944021105766296387e-01
9.833863377571105957e-01
9.935015439987182617e-01
9.960363507270812988e-01
9.402290582656860352e-01
9.981514811515808105e-01
9.985645413398742676e-01
9.867445230484008789e-01
9.905880093574523926e-01
9.975131750106811523e-01
9.939134120941162109e-01
9.873270988464355469e-01
9.922987222671508789e-01
9.941431879997253418e-01
9.956750869750976562e-01
9.986024498939514160e-01
9.980020523071289062e-01
9.719788432121276855e-01
9.989259243011474609e-01
9.884210228919982910e-01
9.913070201873779297e-01
9.963820576667785645e-01
9.992807507514953613e-01
9.950516819953918457e-01
9.989063739776611328e-01
9.977972507476806641e-01
9.928116202354431152e-01
9.925759434700012207e-01
9.980387091636657715e-01
9.866313338279724121e-01
9.955400228500366211e-01
9.971279501914978027e-01
9.893252253532409668e-01
9.937317371368408203e-01
9.985766410827636719e-01
9.984456896781921387e-01
9.957258105278015137e-01
9.953202605247497559e-01
9.998632073402404785e-01
9.978121519088745117e-01
9.990447759628295898e-01
9.935403466224670410e-01
9.964073300361633301e-01
9.419390559196472168e-01
9.972115755081176758e-01
9.979873299598693848e-01
9.979267120361328125e-01
9.586905241012573242e-01
9.917952418327331543e-01
9.876831173896789551e-01
9.945384263992309570e-01
9.989027380943298340e-01
9.927318692207336426e-01
9.877930283546447754e-01
9.951649904251098633e-01
9.982187151908874512e-01
9.988598227500915527e-01
9.620281457901000977e-01
9.811722040176391602e-01
9.985727667808532715e-01
9.979311823844909668e-01
9.809801578521728516e-01
9.931123256683349609e-01
9.989472627639770508e-01
9.920763373374938965e-01
9.976645112037658691e-01
9.965626597404479980e-01
9.906365275382995605e-01
9.198974967002868652e-01
9.954250454902648926e-01
9.997452497482299805e-01
9.959705471992492676e-01
9.943906664848327637e-01
9.960209727287292480e-01
9.744514226913452148e-01
9.714342355728149414e-01
9.974490404129028320e-01
9.976608157157897949e-01
9.995842576026916504e-01
9.974457025527954102e-01
9.999424815177917480e-01
9.933837056159973145e-01
9.987915158271789551e-01
9.986895322799682617e-01
9.986978769302368164e-01
9.971717596054077148e-01
9.922037720680236816e-01
9.970098733901977539e-01
9.932732582092285156e-01
9.917874932289123535e-01
9.969366788864135742e-01
9.865838289260864258e-01
9.872112274169921875e-01
9.978160262107849121e-01
9.937003850936889648e-01
9.973005056381225586e-01
9.984009861946105957e-01
9.921349287033081055e-01
9.792606234550476074e-01
9.825135469436645508e-01
9.960557222366333008e-01
9.888856410980224609e-01
9.994655251502990723e-01
9.918765425682067871e-01
9.946957826614379883e-01
9.772440195083618164e-01
9.936320185661315918e-01
9.982900619506835938e-01
9.926244020462036133e-01
9.918954372406005859e-01
9.967948198318481445e-01
9.705063700675964355e-01
9.988088607788085938e-01
9.638730287551879883e-01
9.976014494895935059e-01
9.764786362648010254e-01
9.655607938766479492e-01
9.965229034423828125e-01
9.670211076736450195e-01
9.948827624320983887e-01
9.814291596412658691e-01
9.992088675498962402e-01
9.950846433639526367e-01
9.954999685287475586e-01
9.895226955413818359e-01
9.953851699829101562e-01
9.995848536491394043e-01
9.976015090942382812e-01
9.979497194290161133e-01
9.759361743927001953e-01
9.989448785781860352e-01
9.879643321037292480e-01
9.966066479682922363e-01
9.897284507751464844e-01
9.987730979919433594e-01
9.928995966911315918e-01
9.995482563972473145e-01
6.595884561538696289e-01
9.989410638809204102e-01
9.989517331123352051e-01
9.950081110000610352e-01
9.900658726692199707e-01
9.976007938385009766e-01
9.971948266029357910e-01
9.927582740783691406e-01
9.973765015602111816e-01
9.894717931747436523e-01
9.959001541137695312e-01
9.939741492271423340e-01
9.992385506629943848e-01
9.911953806877136230e-01
9.985348582267761230e-01
9.940062165260314941e-01
9.952646493911743164e-01
9.999521374702453613e-01
9.913784265518188477e-01
9.987785816192626953e-01
9.975745081901550293e-01
9.991032481193542480e-01
9.966514706611633301e-01
9.947460293769836426e-01
9.996150732040405273e-01
9.695295095443725586e-01
9.972803592681884766e-01
9.988500475883483887e-01
9.559030532836914062e-01
9.971160292625427246e-01
9.870001673698425293e-01
9.669353961944580078e-01
9.972183704376220703e-01
9.980258345603942871e-01
9.729827046394348145e-01
9.964951872825622559e-01
9.832863807678222656e-01
9.703266620635986328e-01
9.955801367759704590e-01
9.793762564659118652e-01
9.943414926528930664e-01
9.962037801742553711e-01
9.862480163574218750e-01
9.986824989318847656e-01
9.913982748985290527e-01
9.938076734542846680e-01
9.979538917541503906e-01
9.831483960151672363e-01
9.962274432182312012e-01
9.989786744117736816e-01
9.994764924049377441e-01
9.925871491432189941e-01
9.955037832260131836e-01
9.958003163337707520e-01
9.902745485305786133e-01
9.908933043479919434e-01
9.977846145629882812e-01
9.974680542945861816e-01
9.920845031738281250e-01
9.853872060775756836e-01
9.933876395225524902e-01
9.981889724731445312e-01
9.944414496421813965e-01
9.986490011215209961e-01
9.932062029838562012e-01
9.930111765861511230e-01
9.875260591506958008e-01
9.987674355506896973e-01
9.990356564521789551e-01
9.976133704185485840e-01
9.942433834075927734e-01
9.990344047546386719e-01
9.974856972694396973e-01
9.978460073471069336e-01
9.912987947463989258e-01
9.980480074882507324e-01
9.901910424232482910e-01
9.953214526176452637e-01
9.980847835540771484e-01
9.979573488235473633e-01
9.989321827888488770e-01
9.926108717918395996e-01
9.884849786758422852e-01
9.913321137428283691e-01
9.984146356582641602e-01
9.960221648216247559e-01
9.948074221611022949e-01
9.988348484039306641e-01
9.953734874725341797e-01
9.919624328613281250e-01
9.968069791793823242e-01
9.955201148986816406e-01
9.986023902893066406e-01
9.626029133796691895e-01
9.966996908187866211e-01
9.938902258872985840e-01
9.925070405006408691e-01
9.771685600280761719e-01
9.975208044052124023e-01
9.900907278060913086e-01
9.878308176994323730e-01
9.876973628997802734e-01
9.850033521652221680e-01
9.980967640876770020e-01
9.972274899482727051e-01
9.573918581008911133e-01
9.988203048706054688e-01
9.384986162185668945e-01
9.939225912094116211e-01
9.586408138275146484e-01
9.986225962638854980e-01
9.877488017082214355e-01
9.985795617103576660e-01
9.872928261756896973e-01
7.967095375061035156e-01
9.976560473442077637e-01
9.889509677886962891e-01
9.937912225723266602e-01
9.744184613227844238e-01
9.983758926391601562e-01
9.985295534133911133e-01
9.888290166854858398e-01
9.653091430664062500e-01
9.958842396736145020e-01
9.935669302940368652e-01
9.919182658195495605e-01
9.982221126556396484e-01
9.911606907844543457e-01
9.924514293670654297e-01
9.901067614555358887e-01
9.978976845741271973e-01
9.920867681503295898e-01
9.954530596733093262e-01
9.990524053573608398e-01
9.966739416122436523e-01
9.920318126678466797e-01
9.978681206703186035e-01
9.828007221221923828e-01
9.956000447273254395e-01
9.942320585250854492e-01
9.992005825042724609e-01
9.943631291389465332e-01
9.939738512039184570e-01
9.861701726913452148e-01
9.962068200111389160e-01
9.986334443092346191e-01
9.934977293014526367e-01
9.907393455505371094e-01
9.990264177322387695e-01
9.963075518608093262e-01
9.961083531379699707e-01
9.767460227012634277e-01
9.927338957786560059e-01
9.989469051361083984e-01
9.788436293601989746e-01
9.894431829452514648e-01
9.894705414772033691e-01
9.983295798301696777e-01
9.917302131652832031e-01
9.958549737930297852e-01
9.890487790107727051e-01
9.962735772132873535e-01
9.985554218292236328e-01
9.989733099937438965e-01
9.943294525146484375e-01
9.988461732864379883e-01
9.964619278907775879e-01
9.987474083900451660e-01
9.934055209159851074e-01
9.756526947021484375e-01
9.962116479873657227e-01
9.946227669715881348e-01
9.901446700096130371e-01
9.989493489265441895e-01
9.940184354782104492e-01
9.995334148406982422e-01
9.964192509651184082e-01
9.989483356475830078e-01
9.975534081459045410e-01
9.961720705032348633e-01
9.839353561401367188e-01
9.962301850318908691e-01
9.960286617279052734e-01
9.899665713310241699e-01
9.994186162948608398e-01
9.750922322273254395e-01
9.988355636596679688e-01
9.959850907325744629e-01
9.623568654060363770e-01
9.357657432556152344e-01
9.979335665702819824e-01
9.960548877716064453e-01
9.990282654762268066e-01
9.989352822303771973e-01
9.581664800643920898e-01
9.747919440269470215e-01
9.949409961700439453e-01
9.881550669670104980e-01
9.859934449195861816e-01
9.986011981964111328e-01
9.963374137878417969e-01
9.977689385414123535e-01
9.997817277908325195e-01
9.916511774063110352e-01
9.919420480728149414e-01
9.870730638504028320e-01
9.924259781837463379e-01
9.904964566230773926e-01
9.989337325096130371e-01
9.903833866119384766e-01
9.898337125778198242e-01
9.870613217353820801e-01
9.960019588470458984e-01
9.919468760490417480e-01
9.987218379974365234e-01
9.760345816612243652e-01
9.573680162429809570e-01
9.986097216606140137e-01
9.770805239677429199e-01
9.882928729057312012e-01
9.951584339141845703e-01
9.743840098381042480e-01
9.950767755508422852e-01
9.982062578201293945e-01
9.969536662101745605e-01
9.977207183837890625e-01
9.964486360549926758e-01
9.981309175491333008e-01
9.946523904800415039e-01
9.986547827720642090e-01
9.965489506721496582e-01
9.989383816719055176e-01
9.710230827331542969e-01
9.925215840339660645e-01
9.934230446815490723e-01
9.800953865051269531e-01
9.952118992805480957e-01
9.954687952995300293e-01
9.991139173507690430e-01
9.920312166213989258e-01
9.976946115493774414e-01
9.953376054763793945e-01
9.946556091308593750e-01
9.954883456230163574e-01
9.987003803253173828e-01
9.855677485466003418e-01
9.838512539863586426e-01
9.871926307678222656e-01
9.918662905693054199e-01
9.868486523628234863e-01
9.832965731620788574e-01
9.908967018127441406e-01
9.469068050384521484e-01
9.914583563804626465e-01
9.742328524589538574e-01
9.848666787147521973e-01
8.914663791656494141e-01
9.902033805847167969e-01
9.977009892463684082e-01
9.988238811492919922e-01
9.840019345283508301e-01
9.827194809913635254e-01
9.929161071777343750e-01
9.866663813591003418e-01
9.958013296127319336e-01
9.973100423812866211e-01
9.951412081718444824e-01
9.926078915596008301e-01
9.986468553543090820e-01
9.940431714057922363e-01
9.988054633140563965e-01
9.989694356918334961e-01
9.979619383811950684e-01
9.967527389526367188e-01
9.561182260513305664e-01
9.962974190711975098e-01
9.791364073753356934e-01
9.985284805297851562e-01
9.893049597740173340e-01
9.918801188468933105e-01
9.990980625152587891e-01
9.867498278617858887e-01
9.858255386352539062e-01
9.997402429580688477e-01
9.985349774360656738e-01
9.818236231803894043e-01
9.991042017936706543e-01
9.893506169319152832e-01
9.806314706802368164e-01
9.991610050201416016e-01
9.911323785781860352e-01
9.978948831558227539e-01
9.630430340766906738e-01
9.915994405746459961e-01
9.981658458709716797e-01
9.786987900733947754e-01
9.994472861289978027e-01
9.999056458473205566e-01
9.892141222953796387e-01
9.712038636207580566e-01
9.913136363029479980e-01
8.793101906776428223e-01
9.982729554176330566e-01
9.958477616310119629e-01
9.200151562690734863e-01
9.991827011108398438e-01
9.965138435363769531e-01
9.927539825439453125e-01
9.958163499832153320e-01
9.935010671615600586e-01
9.984200596809387207e-01
9.792425632476806641e-01
9.724045991897583008e-01
9.998008608818054199e-01
9.686309695243835449e-01
9.945750832557678223e-01
9.976443052291870117e-01
9.985197186470031738e-01
9.961467385292053223e-01
9.949822425842285156e-01
9.918842911720275879e-01
9.658926725387573242e-01
9.910827279090881348e-01
9.988926053047180176e-01
9.943367838859558105e-01
9.956933856010437012e-01
9.954171776771545410e-01
9.874482154846191406e-01
9.973474144935607910e-01
9.916040897369384766e-01
9.953821897506713867e-01
9.937598109245300293e-01
9.953755736351013184e-01
9.980535507202148438e-01
9.998200535774230957e-01
9.985691905021667480e-01
9.832172989845275879e-01
9.942814707756042480e-01
9.918406009674072266e-01
9.988481402397155762e-01
9.815119504928588867e-01
9.913422465324401855e-01
9.930366873741149902e-01
9.802251458168029785e-01
9.967857003211975098e-01
9.953178763389587402e-01
9.966428875923156738e-01
9.790801405906677246e-01
9.915843009948730469e-01
9.951311349868774414e-01
8.881823420524597168e-01
9.985188245773315430e-01
9.886578321456909180e-01
9.843271374702453613e-01
9.971679449081420898e-01
9.957188963890075684e-01
9.784477353096008301e-01
9.816555380821228027e-01
9.669577479362487793e-01
9.964107275009155273e-01
9.992079138755798340e-01
9.942359328269958496e-01
9.519784450531005859e-01
9.755210876464843750e-01
9.992932081222534180e-01
9.941772222518920898e-01
9.984201788902282715e-01
9.902759194374084473e-01
9.943692684173583984e-01
9.824789762496948242e-01
9.977523684501647949e-01
9.951229095458984375e-01
9.967528581619262695e-01
9.928326010704040527e-01
9.951139688491821289e-01
9.994360208511352539e-01
9.987561106681823730e-01
9.898810386657714844e-01
9.973887205123901367e-01
9.990693926811218262e-01
9.991416931152343750e-01
9.972102642059326172e-01
9.984527826309204102e-01
9.858146309852600098e-01
9.967605471611022949e-01
9.842341542243957520e-01
9.841466546058654785e-01
9.927889704704284668e-01
9.953616857528686523e-01
9.957340955734252930e-01
9.952283501625061035e-01
9.881579279899597168e-01
9.990727305412292480e-01
9.741786122322082520e-01
9.934805035591125488e-01
9.971344470977783203e-01
9.960622787475585938e-01
9.980444908142089844e-01
9.727401137351989746e-01
9.909116029739379883e-01
9.506962895393371582e-01
9.876876473426818848e-01
9.918497800827026367e-01
9.986073970794677734e-01
9.936464428901672363e-01
9.980385899543762207e-01
9.979534745216369629e-01
9.972292780876159668e-01
9.782955050468444824e-01
9.947898387908935547e-01
9.852473735809326172e-01
9.984989166259765625e-01
9.997316598892211914e-01
9.541973471641540527e-01
9.905874133110046387e-01
9.997513890266418457e-01
9.875282049179077148e-01
9.928234219551086426e-01
9.904830455780029297e-01
9.976231455802917480e-01
9.761269688606262207e-01
9.973961710929870605e-01
9.849157929420471191e-01
9.906294941902160645e-01
9.994981884956359863e-01
9.875421524047851562e-01
9.841352105140686035e-01
9.737514853477478027e-01
9.975563287734985352e-01
9.989296197891235352e-01
9.908370971679687500e-01
9.936333298683166504e-01
9.967671632766723633e-01
9.818741679191589355e-01
9.976317286491394043e-01
9.889540672302246094e-01
9.628648161888122559e-01
9.784739017486572266e-01
9.652063250541687012e-01
9.968410134315490723e-01
9.997660517692565918e-01
9.909720420837402344e-01
9.909643530845642090e-01
9.977732896804809570e-01
9.955333471298217773e-01
9.963074922561645508e-01
9.842242598533630371e-01
9.923839569091796875e-01
9.268884658813476562e-01
9.919978976249694824e-01
9.955065846443176270e-01
9.976955652236938477e-01
9.850775599479675293e-01
9.933817386627197266e-01
9.935656189918518066e-01
9.885786771774291992e-01
9.954656958580017090e-01
9.968052506446838379e-01
9.961759448051452637e-01
9.923573732376098633e-01
9.975625872611999512e-01
9.953308105468750000e-01
9.775190353393554688e-01
9.921702146530151367e-01
9.989523291587829590e-01
9.957987666130065918e-01
9.977862238883972168e-01
9.926116466522216797e-01
9.977802038192749023e-01
9.981682896614074707e-01
9.885379076004028320e-01
9.997341036796569824e-01
9.742162227630615234e-01
9.810794591903686523e-01
9.431670904159545898e-01
9.844089150428771973e-01
9.748865365982055664e-01
9.827164411544799805e-01
9.959147572517395020e-01
9.979964494705200195e-01
9.787165522575378418e-01
9.796991348266601562e-01
9.761274456977844238e-01
9.990968108177185059e-01
9.660953879356384277e-01
9.814939498901367188e-01
9.947535395622253418e-01
9.906132221221923828e-01
9.620723128318786621e-01
9.999489188194274902e-01
9.974102377891540527e-01
9.859476685523986816e-01
9.922467470169067383e-01
9.982414841651916504e-01
9.974238872528076172e-01
9.958633184432983398e-01
9.956008195877075195e-01
9.978652596473693848e-01
9.883567690849304199e-01
9.952035546302795410e-01
9.968227744102478027e-01
9.995347857475280762e-01
9.944756031036376953e-01
9.824112653732299805e-01
9.881980419158935547e-01
9.931782484054565430e-01
9.985806345939636230e-01
9.935974478721618652e-01
9.992936849594116211e-01
9.939308762550354004e-01
9.881718754768371582e-01
9.976313710212707520e-01
9.719288945198059082e-01
9.865343570709228516e-01
9.998013973236083984e-01
9.912836551666259766e-01
9.881163239479064941e-01
9.951043725013732910e-01
9.967609643936157227e-01
9.976575374603271484e-01
9.950085878372192383e-01
9.964926838874816895e-01
9.950482249259948730e-01
9.914001822471618652e-01
9.903609752655029297e-01
8.858222365379333496e-01
9.988178014755249023e-01
9.921563267707824707e-01
9.921626448631286621e-01
9.958377480506896973e-01
9.972162246704101562e-01
9.989479780197143555e-01
9.864572286605834961e-01
9.932206273078918457e-01
9.928193092346191406e-01
9.965432882308959961e-01
9.993495345115661621e-01
9.969142079353332520e-01
9.916576147079467773e-01
9.748758077621459961e-01
9.949141740798950195e-01
9.995990395545959473e-01
9.956519007682800293e-01
9.964720010757446289e-01
9.929895997047424316e-01
9.982309341430664062e-01
9.971988797187805176e-01
9.778328537940979004e-01
9.985381960868835449e-01
9.971787333488464355e-01
9.993141889572143555e-01
9.640768766403198242e-01
9.940891265869140625e-01
9.854115843772888184e-01
9.985531568527221680e-01
9.964752197265625000e-01
9.931449294090270996e-01
9.940993785858154297e-01
9.931358695030212402e-01
9.968105554580688477e-01
9.905616641044616699e-01
9.973009824752807617e-01
9.984413385391235352e-01
9.940717816352844238e-01
9.978935122489929199e-01
9.945083856582641602e-01
9.985124468803405762e-01
9.919981360435485840e-01
9.628561139106750488e-01
9.988220334053039551e-01
9.912545084953308105e-01
9.982051253318786621e-01
9.719310402870178223e-01
9.849459528923034668e-01
9.989656805992126465e-01
9.938793182373046875e-01
9.971330761909484863e-01
9.997761249542236328e-01
9.992051124572753906e-01
9.955238699913024902e-01
9.952093362808227539e-01
9.977569580078125000e-01
9.977755546569824219e-01
9.822052121162414551e-01
9.878988862037658691e-01
9.967562556266784668e-01
9.943754076957702637e-01
9.980622529983520508e-01
9.968740940093994141e-01
9.955344796180725098e-01
9.874553084373474121e-01
9.852365255355834961e-01
9.966133236885070801e-01
9.950196743011474609e-01
9.847491979598999023e-01
9.940382838249206543e-01
9.974175691604614258e-01
9.179145097732543945e-01
9.955921769142150879e-01
9.818106889724731445e-01
9.980292916297912598e-01
9.937282800674438477e-01
9.973127841949462891e-01
9.884769320487976074e-01
9.896899461746215820e-01
9.955640435218811035e-01
9.986959695816040039e-01
9.989117980003356934e-01
9.991180896759033203e-01
9.949173927307128906e-01
9.966099858283996582e-01
9.932894706726074219e-01
9.958732128143310547e-01
9.871818423271179199e-01
9.969864487648010254e-01
9.915365576744079590e-01
9.866843819618225098e-01
9.907159805297851562e-01
9.746806621551513672e-01
9.403773546218872070e-01
9.959512352943420410e-01
9.636830091476440430e-01
9.995283484458923340e-01
9.580355286598205566e-01
9.995123744010925293e-01
9.975473880767822266e-01
9.997406601905822754e-01
9.922509193420410156e-01
9.917173385620117188e-01
9.951567053794860840e-01
9.984357953071594238e-01
9.981530904769897461e-01
9.908010363578796387e-01
9.989547133445739746e-01
9.977029561996459961e-01
9.962937235832214355e-01
9.941154122352600098e-01
9.854453206062316895e-01
9.929484724998474121e-01
9.533972144126892090e-01
9.977428317070007324e-01
9.981598258018493652e-01
9.994214773178100586e-01
9.866501688957214355e-01
9.844411015510559082e-01
9.976063370704650879e-01
9.973032474517822266e-01
9.944336414337158203e-01
9.984475970268249512e-01
9.899023771286010742e-01
9.959518313407897949e-01
9.898793697357177734e-01
9.977059960365295410e-01
9.861888885498046875e-01
9.991111159324645996e-01
9.905483126640319824e-01
9.984412789344787598e-01
9.981355071067810059e-01
9.971262812614440918e-01
9.927291870117187500e-01
9.962858557701110840e-01
9.772356152534484863e-01
9.917351603507995605e-01
9.890649318695068359e-01
9.972912073135375977e-01
9.988980889320373535e-01
9.962341785430908203e-01
9.990410208702087402e-01
9.846293330192565918e-01
9.997650980949401855e-01
9.962590932846069336e-01
9.954779148101806641e-01
9.981206059455871582e-01
9.978629350662231445e-01
9.990568161010742188e-01
9.959696531295776367e-01
9.904820919036865234e-01
9.964990615844726562e-01
9.502921700477600098e-01
9.941367506980895996e-01
9.973408579826354980e-01
9.913110136985778809e-01
9.953751564025878906e-01
9.987173676490783691e-01
9.985077977180480957e-01
9.994237422943115234e-01
9.981777667999267578e-01
9.831117987632751465e-01
9.830016493797302246e-01
9.957745671272277832e-01
9.961701035499572754e-01
9.993051886558532715e-01
9.760249257087707520e-01
9.782915115356445312e-01
9.710549116134643555e-01
9.964560270309448242e-01
9.925407171249389648e-01
9.960819482803344727e-01
9.251486659049987793e-01
9.995796084403991699e-01
9.905024766921997070e-01
9.978131055831909180e-01
9.975638389587402344e-01
9.973466992378234863e-01
9.982238411903381348e-01
9.762042164802551270e-01
9.928362965583801270e-01
9.870440363883972168e-01
9.984991550445556641e-01
9.989371299743652344e-01
9.818722605705261230e-01
9.983165264129638672e-01
9.973952770233154297e-01
9.978578090667724609e-01
9.622421264648437500e-01
9.860312342643737793e-01
9.812572598457336426e-01
9.966313838958740234e-01
9.785305261611938477e-01
9.985861778259277344e-01
9.989176392555236816e-01
9.976940751075744629e-01
9.779655337333679199e-01
9.988577365875244141e-01
9.787244796752929688e-01
9.922407269477844238e-01
9.773005843162536621e-01
9.879657626152038574e-01
9.881525039672851562e-01
9.931032657623291016e-01
9.998755455017089844e-01
9.950639605522155762e-01
9.981017112731933594e-01
9.973683953285217285e-01
9.992850422859191895e-01
9.982421994209289551e-01
9.947340488433837891e-01
9.944990873336791992e-01
9.918394088745117188e-01
9.958049654960632324e-01
9.897342324256896973e-01
9.997757673263549805e-01
9.980548024177551270e-01
9.973387122154235840e-01
9.982279539108276367e-01
9.939866065979003906e-01
9.984481930732727051e-01
9.977771043777465820e-01
9.974898695945739746e-01
9.925864934921264648e-01
9.966689348220825195e-01
9.568189978599548340e-01
9.862858653068542480e-01
9.954982399940490723e-01
9.985955357551574707e-01
9.989150166511535645e-01
9.930906295776367188e-01
9.973481297492980957e-01
9.947984218597412109e-01
9.955918788909912109e-01
9.974796772003173828e-01
9.946283698081970215e-01
9.959176182746887207e-01
9.989285469055175781e-01
9.798324108123779297e-01
9.897419214248657227e-01
9.993472099304199219e-01
9.982182383537292480e-01
9.980152249336242676e-01
9.872361421585083008e-01
9.989822506904602051e-01
9.865161180496215820e-01
9.935228824615478516e-01
9.940450787544250488e-01
9.998567104339599609e-01
9.968567490577697754e-01
9.985567927360534668e-01
9.620136022567749023e-01
9.773299694061279297e-01
9.914101958274841309e-01
9.989253878593444824e-01
9.930932521820068359e-01
9.974935054779052734e-01
9.970582723617553711e-01
9.848469495773315430e-01
9.855931997299194336e-01
9.676795601844787598e-01
9.810000658035278320e-01
9.978972077369689941e-01
9.944856762886047363e-01
9.998694062232971191e-01
9.983870387077331543e-01
9.961796402931213379e-01
9.987707138061523438e-01
9.975890517234802246e-01
9.993224740028381348e-01
9.978489875793457031e-01
9.821503162384033203e-01
9.986993074417114258e-01
9.639324545860290527e-01
9.977855682373046875e-01
9.702938795089721680e-01
9.965038299560546875e-01
9.956870675086975098e-01
9.970403909683227539e-01
9.984883666038513184e-01
9.939444661140441895e-01
9.994282126426696777e-01
9.913704395294189453e-01
9.953261017799377441e-01
9.964729547500610352e-01
9.998213648796081543e-01
9.940400123596191406e-01
9.940180778503417969e-01
9.980357885360717773e-01
9.975922703742980957e-01
9.910935759544372559e-01
9.971442818641662598e-01
9.985890984535217285e-01
9.978493452072143555e-01
9.892744421958923340e-01
9.977375268936157227e-01
9.908131361007690430e-01
9.894625544548034668e-01
9.969212412834167480e-01
9.979379773139953613e-01
9.975221753120422363e-01
9.934656620025634766e-01
9.832677245140075684e-01
9.710981249809265137e-01
9.928577542304992676e-01
9.982520341873168945e-01
9.903186559677124023e-01
9.964054226875305176e-01
9.896801114082336426e-01
9.941589236259460449e-01
9.699453711509704590e-01
9.801411032676696777e-01
9.989313483238220215e-01
9.971062541007995605e-01
9.989909529685974121e-01
9.988508820533752441e-01
9.984188079833984375e-01
9.126891493797302246e-01
9.883357286453247070e-01
9.969492554664611816e-01
9.965558052062988281e-01
9.909766912460327148e-01
9.981127977371215820e-01
9.985937476158142090e-01
9.872658252716064453e-01
9.714775085449218750e-01
9.984505176544189453e-01
9.884880185127258301e-01
9.976252913475036621e-01
9.967057108879089355e-01
9.983720183372497559e-01
9.989278912544250488e-01
9.905045628547668457e-01
9.949600696563720703e-01
9.974467158317565918e-01
9.984051585197448730e-01
9.922330379486083984e-01
9.988300204277038574e-01
9.918053150177001953e-01
9.982735514640808105e-01
9.804939627647399902e-01
9.967022538185119629e-01
9.952000379562377930e-01
9.875479340553283691e-01
9.965313076972961426e-01
9.986643791198730469e-01
9.902287721633911133e-01
9.989592432975769043e-01
9.851801991462707520e-01
9.977617263793945312e-01
9.996348619461059570e-01
9.993617534637451172e-01
9.947621822357177734e-01
9.912297129631042480e-01
9.980228543281555176e-01
9.967901110649108887e-01
9.939769506454467773e-01
9.958961606025695801e-01
9.998956918716430664e-01
9.927304387092590332e-01
9.950116276741027832e-01
9.976627230644226074e-01
9.918303489685058594e-01
9.991874098777770996e-01
9.899811744689941406e-01
9.918208122253417969e-01
9.953141212463378906e-01
9.985696673393249512e-01
9.867176413536071777e-01
9.966530799865722656e-01
9.895621538162231445e-01
9.978622794151306152e-01
9.933491349220275879e-01
9.984053373336791992e-01
9.996179938316345215e-01
9.978059530258178711e-01
9.301913976669311523e-01
9.943125844001770020e-01
9.909306764602661133e-01
9.972693324089050293e-01
9.924048185348510742e-01
9.529961347579956055e-01
9.977326989173889160e-01
9.991822242736816406e-01
