9.731370210647583008e-01
9.984359145164489746e-01
9.946593642234802246e-01
9.896796941757202148e-01
9.648382663726806641e-01
9.842721223831176758e-01
9.993074536323547363e-01
9.983068108558654785e-01
9.991319179534912109e-01
9.975242018699645996e-01
9.998680949211120605e-01
9.964609742164611816e-01
9.984042048454284668e-01
9.405629038810729980e-01
9.641894698143005371e-01
9.987581372261047363e-01
9.918211102485656738e-01
9.964818358421325684e-01
9.957197308540344238e-01
9.973734617233276367e-01
9.919744729995727539e-01
9.956760406494140625e-01
9.994550943374633789e-01
9.968552589416503906e-01
9.961494207382202148e-01
9.975026845932006836e-01
9.966160655021667480e-01
9.927213191986083984e-01
9.956991076469421387e-01
9.869125485420227051e-01
9.978882670402526855e-01
9.813836812973022461e-01
9.729562997817993164e-01
9.817327260971069336e-01
9.717583656311035156e-01
9.900320172309875488e-01
9.995407462120056152e-01
9.972877502441406250e-01
9.943229556083679199e-01
9.911077022552490234e-01
9.979418516159057617e-01
9.883698225021362305e-01
9.983800649642944336e-01
9.652882218360900879e-01
9.932583570480346680e-01
9.958497881889343262e-01
9.982278347015380859e-01
9.980062842369079590e-01
9.939023852348327637e-01
9.931106567382812500e-01
9.995990991592407227e-01
9.990410208702087402e-01
9.823638200759887695e-01
9.974713325500488281e-01
9.859303832054138184e-01
9.979917407035827637e-01
9.994902610778808594e-01
9.950069785118103027e-01
9.952885508537292480e-01
9.994818568229675293e-01
9.942962527275085449e-01
9.122541546821594238e-01
9.979478716850280762e-01
9.993257522583007812e-01
9.895229935646057129e-01
9.929415583610534668e-01
9.985208511352539062e-01
9.835596084594726562e-01
9.969110488891601562e-01
9.967946410179138184e-01
9.941124320030212402e-01
9.991073608398437500e-01
9.972203373908996582e-01
9.891589879989624023e-01
9.263577461242675781e-01
9.949752688407897949e-01
9.978881478309631348e-01
9.888300895690917969e-01
9.932737946510314941e-01
9.791386127471923828e-01
9.961319565773010254e-01
9.796134829521179199e-01
9.994119405746459961e-01
9.994388818740844727e-01
9.778809547424316406e-01
9.915531277656555176e-01
9.856696724891662598e-01
9.976990222930908203e-01
9.757217168807983398e-01
9.997345209121704102e-01
9.922286868095397949e-01
9.942699670791625977e-01
9.989477396011352539e-01
9.940208196640014648e-01
9.938130974769592285e-01
9.965831637382507324e-01
9.874266982078552246e-01
9.931597113609313965e-01
9.929200410842895508e-01
9.925991892814636230e-01
9.927188158035278320e-01
9.942119121551513672e-01
9.978864789009094238e-01
9.710610508918762207e-01
9.990344047546386719e-01
9.962443113327026367e-01
9.997345209121704102e-01
9.905238747596740723e-01
9.979655742645263672e-01
9.973989725112915039e-01
9.982174038887023926e-01
9.879970550537109375e-01
9.869641065597534180e-01
9.978449940681457520e-01
9.965114593505859375e-01
9.979264140129089355e-01
9.949365854263305664e-01
9.740406870841979980e-01
9.958682060241699219e-01
9.953820705413818359e-01
9.967011809349060059e-01
9.932187795639038086e-01
9.809765219688415527e-01
9.919097423553466797e-01
9.828665256500244141e-01
9.692175388336181641e-01
9.968259334564208984e-01
9.986353516578674316e-01
9.988801479339599609e-01
9.811765551567077637e-01
9.972982406616210938e-01
9.988768696784973145e-01
8.887702226638793945e-01
9.958031177520751953e-01
9.871702790260314941e-01
9.845694303512573242e-01
9.981701374053955078e-01
9.937829375267028809e-01
9.989037513732910156e-01
9.951038956642150879e-01
9.986009597778320312e-01
9.969521164894104004e-01
9.235871434211730957e-01
9.968825578689575195e-01
9.966292381286621094e-01
9.984547495841979980e-01
9.987417459487915039e-01
9.946446418762207031e-01
9.964871406555175781e-01
9.900704622268676758e-01
9.979404211044311523e-01
9.946175217628479004e-01
9.982978105545043945e-01
9.916260242462158203e-01
9.980048537254333496e-01
9.772056341171264648e-01
9.842884540557861328e-01
9.957961440086364746e-01
9.895873665809631348e-01
9.992073178291320801e-01
9.602214097976684570e-01
9.898041486740112305e-01
9.963546395301818848e-01
9.987818598747253418e-01
9.961901903152465820e-01
9.988693594932556152e-01
9.968457221984863281e-01
9.971181154251098633e-01
9.990624785423278809e-01
9.899901747703552246e-01
9.938008785247802734e-01
9.750621318817138672e-01
9.988731145858764648e-01
9.930217266082763672e-01
9.945363402366638184e-01
9.910660386085510254e-01
9.967606663703918457e-01
9.929038286209106445e-01
9.863210916519165039e-01
9.964990019798278809e-01
9.758418798446655273e-01
9.969800710678100586e-01
9.981067180633544922e-01
9.987379312515258789e-01
9.984272122383117676e-01
9.978108406066894531e-01
9.967734217643737793e-01
9.960423111915588379e-01
9.979501962661743164e-01
9.994144439697265625e-01
9.893984198570251465e-01
9.958419203758239746e-01
9.891954064369201660e-01
9.965828061103820801e-01
9.038094878196716309e-01
9.957789778709411621e-01
9.968088269233703613e-01
9.904668331146240234e-01
9.992696642875671387e-01
9.331935048103332520e-01
9.898257851600646973e-01
9.976414442062377930e-01
9.933285117149353027e-01
9.460376501083374023e-01
9.891529083251953125e-01
9.984593987464904785e-01
9.980900883674621582e-01
9.881629943847656250e-01
9.955378770828247070e-01
9.948217868804931641e-01
9.758536815643310547e-01
9.914152622222900391e-01
8.966605663299560547e-01
9.989873170852661133e-01
9.984205365180969238e-01
9.904689192771911621e-01
9.984859228134155273e-01
9.997491836547851562e-01
9.797489047050476074e-01
9.843186736106872559e-01
9.982965588569641113e-01
9.966150522232055664e-01
9.988667368888854980e-01
9.986247420310974121e-01
9.989857077598571777e-01
9.912913441658020020e-01
9.895913004875183105e-01
9.870306253433227539e-01
9.980013966560363770e-01
9.876972436904907227e-01
9.980213046073913574e-01
9.945980906486511230e-01
9.868810176849365234e-01
9.753100872039794922e-01
9.974521398544311523e-01
9.904567003250122070e-01
9.990429878234863281e-01
9.995434284210205078e-01
9.718228578567504883e-01
9.925742745399475098e-01
9.993135929107666016e-01
9.832290410995483398e-01
9.967423081398010254e-01
9.249356389045715332e-01
9.901047348976135254e-01
9.977327585220336914e-01
9.933807849884033203e-01
9.714785814285278320e-01
9.956892728805541992e-01
9.996439814567565918e-01
9.923129677772521973e-01
9.892311096191406250e-01
9.988388419151306152e-01
9.934627413749694824e-01
9.991902112960815430e-01
9.963281154632568359e-01
9.977943301200866699e-01
9.932724237442016602e-01
9.950849413871765137e-01
9.982712268829345703e-01
9.989135861396789551e-01
9.984665513038635254e-01
9.926757812500000000e-01
9.983586668968200684e-01
9.942539334297180176e-01
9.804558753967285156e-01
9.921523332595825195e-01
9.887667894363403320e-01
9.197209477424621582e-01
9.975506067276000977e-01
9.982652068138122559e-01
9.830729365348815918e-01
9.929496049880981445e-01
9.977866411209106445e-01
9.910895228385925293e-01
9.866407513618469238e-01
9.964045286178588867e-01
9.944666028022766113e-01
9.962490797042846680e-01
9.982739686965942383e-01
9.973947405815124512e-01
9.832752346992492676e-01
9.984215497970581055e-01
9.833654165267944336e-01
9.916991591453552246e-01
9.981473684310913086e-01
9.993889927864074707e-01
9.983018636703491211e-01
9.983755946159362793e-01
9.985275268554687500e-01
9.931857585906982422e-01
9.939637184143066406e-01
9.962543845176696777e-01
9.709118604660034180e-01
9.945003986358642578e-01
9.936418533325195312e-01
9.891655445098876953e-01
9.925007820129394531e-01
9.996171593666076660e-01
9.981532692909240723e-01
9.950219392776489258e-01
9.943284988403320312e-01
9.998908042907714844e-01
9.978871941566467285e-01
9.988964200019836426e-01
9.952467083930969238e-01
9.943085312843322754e-01
9.404716491699218750e-01
9.981399774551391602e-01
9.980129599571228027e-01
9.977655410766601562e-01
9.602054357528686523e-01
9.909182786941528320e-01
9.859342575073242188e-01
9.940966367721557617e-01
9.990546703338623047e-01
9.949649572372436523e-01
9.827752113342285156e-01
9.969258308410644531e-01
9.984208345413208008e-01
9.982805252075195312e-01
9.549283981323242188e-01
9.799624681472778320e-01
9.982916116714477539e-01
9.971706867218017578e-01
9.747514724731445312e-01
9.941094517707824707e-01
9.988247156143188477e-01
9.885376095771789551e-01
9.978231787681579590e-01
9.983271956443786621e-01
9.887458086013793945e-01
9.300651550292968750e-01
9.963143467903137207e-01
9.998486638069152832e-01
9.959456920623779297e-01
9.945777654647827148e-01
9.939559698104858398e-01
9.790627956390380859e-01
9.611140489578247070e-01
9.983183145523071289e-01
9.972041845321655273e-01
9.998159408569335938e-01
9.980212450027465820e-01
9.999566674232482910e-01
9.935595989227294922e-01
9.988902211189270020e-01
9.962512254714965820e-01
9.995964169502258301e-01
9.978660345077514648e-01
9.913413524627685547e-01
9.953714609146118164e-01
9.918325543403625488e-01
9.909292459487915039e-01
9.984728693962097168e-01
9.844354391098022461e-01
9.880626201629638672e-01
9.983756542205810547e-01
9.940140843391418457e-01
9.971666932106018066e-01
9.988083243370056152e-01
9.900668859481811523e-01
9.729283452033996582e-01
9.777267575263977051e-01
9.971903562545776367e-01
9.909214377403259277e-01
9.998150467872619629e-01
9.919870495796203613e-01
9.979858398437500000e-01
9.780018925666809082e-01
9.939563870429992676e-01
9.987001419067382812e-01
9.916448593139648438e-01
9.924617409706115723e-01
9.965124726295471191e-01
9.591428637504577637e-01
9.990202188491821289e-01
9.504253268241882324e-01
9.966437220573425293e-01
9.753500223159790039e-01
9.549461603164672852e-01
9.970844984054565430e-01
9.627960920333862305e-01
9.952132701873779297e-01
9.832417368888854980e-01
9.990117549896240234e-01
9.953510761260986328e-01
9.945433735847473145e-01
9.880505800247192383e-01
9.941303730010986328e-01
9.995808005332946777e-01
9.981329441070556641e-01
9.975984096527099609e-01
9.757940173149108887e-01
9.985126256942749023e-01
9.966526627540588379e-01
9.962187409400939941e-01
9.884681701660156250e-01
9.984265565872192383e-01
9.918189048767089844e-01
9.998323321342468262e-01
6.646318435668945312e-01
9.989956617355346680e-01
9.984720349311828613e-01
9.985660910606384277e-01
9.898187518119812012e-01
9.965623617172241211e-01
9.974188804626464844e-01
9.935775399208068848e-01
9.965696930885314941e-01
9.877749681472778320e-01
9.938644170761108398e-01
9.935771822929382324e-01
9.991950988769531250e-01
9.893721342086791992e-01
9.984598159790039062e-01
9.911513924598693848e-01
9.939113855361938477e-01
9.998983740806579590e-01
9.972829818725585938e-01
9.992856383323669434e-01
9.974026083946228027e-01
9.989058971405029297e-01
9.963362216949462891e-01
9.925345182418823242e-01
9.996352195739746094e-01
9.562801718711853027e-01
9.979149699211120605e-01
9.991652369499206543e-01
9.633136987686157227e-01
9.971632361412048340e-01
9.844800233840942383e-01
9.850844740867614746e-01
9.968864917755126953e-01
9.976873397827148438e-01
9.501829743385314941e-01
9.978828430175781250e-01
9.889476299285888672e-01
9.692184329032897949e-01
9.956669211387634277e-01
9.703624844551086426e-01
9.913496971130371094e-01
9.954072237014770508e-01
9.956627488136291504e-01
9.985188245773315430e-01
9.926663637161254883e-01
9.928947091102600098e-01
9.986093044281005859e-01
9.938021302223205566e-01
9.954998493194580078e-01
9.985235333442687988e-01
9.995218515396118164e-01
9.948162436485290527e-01
9.962703585624694824e-01
9.962592720985412598e-01
9.925502538681030273e-01
9.869974851608276367e-01
9.973770380020141602e-01
9.961660504341125488e-01
9.916839599609375000e-01
9.832673668861389160e-01
9.908912181854248047e-01
9.988305568695068359e-01
9.945949912071228027e-01
9.986361265182495117e-01
9.926756024360656738e-01
9.983640909194946289e-01
9.889760613441467285e-01
9.986108541488647461e-01
9.984692335128784180e-01
9.975101351737976074e-01
9.922802448272705078e-01
9.990007281303405762e-01
9.968385696411132812e-01
9.967124462127685547e-01
9.782642126083374023e-01
9.886844754219055176e-01
9.830864667892456055e-01
9.967253804206848145e-01
9.979392290115356445e-01
9.987215995788574219e-01
9.983214139938354492e-01
9.949948787689208984e-01
9.873950481414794922e-01
9.845865368843078613e-01
9.987277984619140625e-01
9.943464398384094238e-01
9.928421378135681152e-01
9.987416267395019531e-01
9.945283532142639160e-01
9.909067153930664062e-01
9.967556595802307129e-01
9.945393800735473633e-01
9.983034133911132812e-01
9.578761458396911621e-01
9.981932640075683594e-01
9.888302683830261230e-01
9.933012723922729492e-01
9.729411005973815918e-01
9.981057047843933105e-01
9.891759753227233887e-01
9.894355535507202148e-01
9.853894710540771484e-01
9.866169691085815430e-01
9.984403252601623535e-01
9.982505440711975098e-01
9.583108425140380859e-01
9.982928633689880371e-01
9.261170625686645508e-01
9.938778281211853027e-01
9.517834782600402832e-01
9.963559508323669434e-01
9.882789850234985352e-01
9.983053207397460938e-01
9.821993708610534668e-01
8.199574351310729980e-01
9.970427751541137695e-01
9.583472013473510742e-01
9.945750236511230469e-01
9.705888032913208008e-01
9.980069994926452637e-01
9.989514946937561035e-01
9.962173104286193848e-01
9.609920978546142578e-01
9.964025616645812988e-01
9.939439296722412109e-01
9.933738708496093750e-01
9.973295331001281738e-01
9.978874325752258301e-01
9.894204735755920410e-01
9.939227700233459473e-01
9.979219436645507812e-01
9.904727935791015625e-01
9.965310096740722656e-01
9.989257454872131348e-01
9.975541830062866211e-01
9.946601390838623047e-01
9.976599216461181641e-01
9.750050306320190430e-01
9.973453879356384277e-01
9.949012994766235352e-01
9.989428520202636719e-01
9.937523007392883301e-01
9.950650930404663086e-01
9.832894802093505859e-01
9.953851699829101562e-01
9.984372854232788086e-01
9.932890534400939941e-01
9.926769137382507324e-01
9.989396929740905762e-01
9.804255366325378418e-01
9.986358880996704102e-01
9.719322323799133301e-01
9.921217560768127441e-01
9.983955025672912598e-01
9.786248803138732910e-01
9.889199137687683105e-01
9.959797859191894531e-01
9.970648884773254395e-01
9.960482120513916016e-01
9.944205284118652344e-01
9.904474616050720215e-01
9.923297762870788574e-01
9.961932301521301270e-01
9.985643625259399414e-01
9.941143393516540527e-01
9.990623593330383301e-01
9.957965016365051270e-01
9.967497587203979492e-01
9.915297031402587891e-01
9.692756533622741699e-01
9.956893920898437500e-01
9.966027736663818359e-01
9.919251203536987305e-01
9.988069534301757812e-01
9.958915114402770996e-01
9.989172220230102539e-01
9.965599775314331055e-01
9.983189105987548828e-01
9.969096779823303223e-01
9.965290427207946777e-01
9.801046848297119141e-01
9.947988986968994141e-01
9.971917271614074707e-01
9.912230968475341797e-01
9.992399811744689941e-01
9.776897430419921875e-01
9.983174204826354980e-01
9.970891475677490234e-01
9.632076621055603027e-01
9.234908819198608398e-01
9.976878166198730469e-01
9.920119047164916992e-01
9.987340569496154785e-01
9.984659552574157715e-01
9.575398564338684082e-01
9.609758257865905762e-01
9.973275661468505859e-01
9.884458780288696289e-01
9.891469478607177734e-01
9.982143044471740723e-01
9.974058866500854492e-01
9.980958104133605957e-01
9.998841285705566406e-01
9.921903610229492188e-01
9.940256476402282715e-01
9.850404262542724609e-01
9.932700395584106445e-01
9.818991422653198242e-01
9.984922409057617188e-01
9.882323741912841797e-01
9.892936944961547852e-01
9.813210964202880859e-01
9.975035786628723145e-01
9.970437884330749512e-01
9.988390803337097168e-01
9.740290641784667969e-01
9.547494649887084961e-01
9.980329275131225586e-01
9.733764529228210449e-01
9.815889000892639160e-01
9.960825443267822266e-01
9.786592721939086914e-01
9.938009977340698242e-01
9.978194236755371094e-01
9.934557080268859863e-01
9.970124363899230957e-01
9.964987039566040039e-01
9.981866478919982910e-01
9.949041604995727539e-01
9.983663558959960938e-01
9.975493550300598145e-01
9.989987611770629883e-01
9.579885005950927734e-01
9.920918941497802734e-01
9.948640465736389160e-01
9.823728203773498535e-01
9.954203367233276367e-01
9.979436993598937988e-01
9.986979365348815918e-01
9.964083433151245117e-01
9.974815845489501953e-01
9.926971197128295898e-01
9.935348629951477051e-01
9.931276440620422363e-01
9.975802898406982422e-01
9.793088436126708984e-01
9.779760837554931641e-01
9.863331913948059082e-01
9.928085207939147949e-01
9.857856631278991699e-01
9.860461354255676270e-01
9.893530607223510742e-01
9.354217648506164551e-01
9.946752190589904785e-01
9.726157188415527344e-01
9.797345995903015137e-01
9.104249477386474609e-01
9.949472546577453613e-01
9.978390336036682129e-01
9.987151622772216797e-01
9.829211235046386719e-01
9.848187565803527832e-01
9.891241192817687988e-01
9.899315237998962402e-01
9.936298131942749023e-01
9.969300627708435059e-01
9.968459606170654297e-01
9.935979247093200684e-01
9.981735944747924805e-01
9.957786798477172852e-01
9.991363883018493652e-01
9.989800453186035156e-01
9.974450469017028809e-01
9.973570108413696289e-01
9.420536160469055176e-01
9.969369769096374512e-01
9.802002906799316406e-01
9.982858896255493164e-01
9.928345680236816406e-01
9.969020485877990723e-01
9.984315633773803711e-01
9.857118129730224609e-01
9.881538748741149902e-01
9.996636509895324707e-01
9.981653094291687012e-01
9.862926602363586426e-01
9.993926882743835449e-01
9.908378720283508301e-01
9.730113744735717773e-01
9.999517202377319336e-01
9.896892309188842773e-01
9.975724220275878906e-01
9.599029421806335449e-01
9.897571206092834473e-01
9.973241686820983887e-01
9.801846146583557129e-01
9.994903802871704102e-01
9.999272823333740234e-01
9.874851107597351074e-01
9.788790345191955566e-01
9.869691729545593262e-01
8.749201297760009766e-01
9.985232949256896973e-01
9.978909492492675781e-01
8.615850806236267090e-01
9.988759756088256836e-01
9.972865581512451172e-01
9.955643415451049805e-01
9.956432580947875977e-01
9.933754801750183105e-01
9.974483847618103027e-01
9.821096658706665039e-01
9.695549011230468750e-01
9.999858140945434570e-01
9.687671661376953125e-01
9.957562088966369629e-01
9.977007508277893066e-01
9.994856119155883789e-01
9.967517852783203125e-01
9.965001344680786133e-01
9.939460158348083496e-01
9.526851177215576172e-01
9.888939261436462402e-01
9.987995028495788574e-01
9.924584627151489258e-01
9.945113062858581543e-01
9.971830844879150391e-01
9.879636764526367188e-01
9.974238276481628418e-01
9.932210445404052734e-01
9.939278960227966309e-01
9.937343001365661621e-01
9.946764707565307617e-01
9.980218410491943359e-01
9.996668100357055664e-01
9.981552958488464355e-01
9.820063710212707520e-01
9.979043602943420410e-01
9.902296066284179688e-01
9.978742003440856934e-01
9.820618629455566406e-01
9.900957345962524414e-01
9.938369989395141602e-01
9.833082556724548340e-01
9.966068267822265625e-01
9.935761690139770508e-01
9.976796507835388184e-01
9.589576721191406250e-01
9.905614256858825684e-01
9.955304861068725586e-01
8.566499352455139160e-01
9.984609484672546387e-01
9.845782518386840820e-01
9.792610406875610352e-01
9.968924522399902344e-01
9.979028105735778809e-01
9.611070156097412109e-01
9.698436260223388672e-01
9.578881263732910156e-01
9.956818222999572754e-01
9.989535212516784668e-01
9.940893054008483887e-01
9.435985684394836426e-01
9.774152636528015137e-01
9.975662231445312500e-01
9.922983646392822266e-01
9.985021948814392090e-01
9.930257201194763184e-01
9.940431714057922363e-01
9.929479956626892090e-01
9.949274659156799316e-01
9.935330748558044434e-01
9.976488351821899414e-01
9.970430731773376465e-01
9.919752478599548340e-01
9.988018274307250977e-01
9.984567761421203613e-01
9.918255805969238281e-01
9.980906248092651367e-01
9.994431138038635254e-01
9.991791248321533203e-01
9.963289499282836914e-01
9.981019496917724609e-01
9.900496602058410645e-01
9.948431253433227539e-01
9.790660738945007324e-01
9.918576478958129883e-01
9.894887208938598633e-01
9.955508112907409668e-01
9.963425993919372559e-01
9.941857457160949707e-01
9.908335804939270020e-01
9.991882443428039551e-01
9.305968284606933594e-01
9.968728423118591309e-01
9.973773360252380371e-01
9.957376718521118164e-01
9.997767210006713867e-01
9.803254604339599609e-01
9.954436421394348145e-01
9.250273704528808594e-01
9.830741286277770996e-01
9.942772984504699707e-01
9.984391331672668457e-01
9.922228455543518066e-01
9.974060654640197754e-01
9.972408413887023926e-01
9.980741143226623535e-01
9.807513952255249023e-01
9.945821762084960938e-01
9.722538590431213379e-01
9.980112314224243164e-01
9.991381764411926270e-01
9.399993419647216797e-01
9.889069795608520508e-01
9.997911453247070312e-01
9.865180253982543945e-01
9.898488521575927734e-01
9.912463426589965820e-01
9.971494674682617188e-01
9.726028442382812500e-01
9.973418712615966797e-01
9.836786389350891113e-01
9.921690225601196289e-01
9.995024800300598145e-01
9.913222789764404297e-01
9.747468233108520508e-01
9.669484496116638184e-01
9.974257349967956543e-01
9.985343813896179199e-01
9.902541041374206543e-01
9.895930886268615723e-01
9.978362321853637695e-01
9.809963703155517578e-01
9.973399043083190918e-01
9.889097213745117188e-01
9.453778862953186035e-01
9.828934073448181152e-01
9.531203508377075195e-01
9.976760149002075195e-01
9.998901486396789551e-01
9.879229664802551270e-01
9.959528446197509766e-01
9.969948530197143555e-01
9.951272010803222656e-01
9.986160993576049805e-01
9.813645482063293457e-01
9.929183721542358398e-01
9.166581034660339355e-01
9.963179230690002441e-01
9.967690110206604004e-01
9.962818026542663574e-01
9.835711121559143066e-01
9.941959977149963379e-01
9.963347315788269043e-01
9.799406528472900391e-01
9.938696622848510742e-01
9.968534708023071289e-01
9.957283139228820801e-01
9.920666813850402832e-01
9.979102015495300293e-01
9.960872530937194824e-01
9.791441559791564941e-01
9.913228750228881836e-01
9.976761937141418457e-01
9.957985281944274902e-01
9.979104399681091309e-01
9.908752441406250000e-01
9.972311854362487793e-01
9.982104301452636719e-01
9.853414893150329590e-01
9.998871088027954102e-01
9.708865880966186523e-01
9.769375324249267578e-01
9.335490465164184570e-01
9.858963489532470703e-01
9.698365926742553711e-01
9.793052077293395996e-01
9.983385205268859863e-01
9.979474544525146484e-01
9.678115844726562500e-01
9.880291223526000977e-01
9.782575368881225586e-01
9.996150135993957520e-01
9.619963765144348145e-01
9.793301224708557129e-01
9.922220706939697266e-01
9.908754229545593262e-01
9.563186764717102051e-01
9.999683499336242676e-01
9.973145723342895508e-01
9.891995787620544434e-01
9.942504167556762695e-01
9.981971979141235352e-01
9.977263212203979492e-01
9.955960512161254883e-01
9.941900372505187988e-01
9.976469278335571289e-01
9.916369318962097168e-01
9.952626228332519531e-01
9.976589083671569824e-01
9.997164011001586914e-01
9.914630055427551270e-01
9.791961312294006348e-01
9.867480993270874023e-01
9.920893907546997070e-01
9.983795881271362305e-01
9.922128319740295410e-01
9.989476203918457031e-01
9.949180483818054199e-01
9.952257871627807617e-01
9.981622099876403809e-01
9.687758088111877441e-01
9.872022271156311035e-01
9.998934864997863770e-01
9.929578900337219238e-01
9.838955402374267578e-01
9.920049905776977539e-01
9.977474808692932129e-01
9.983577132225036621e-01
9.954935312271118164e-01
9.950109124183654785e-01
9.929867982864379883e-01
9.794728159904479980e-01
9.881789088249206543e-01
8.519474267959594727e-01
9.995715022087097168e-01
9.908315539360046387e-01
9.895400404930114746e-01
9.916585087776184082e-01
9.978973269462585449e-01
9.998389482498168945e-01
9.835009574890136719e-01
9.938850998878479004e-01
9.934962391853332520e-01
9.972122907638549805e-01
9.993571043014526367e-01
9.960389733314514160e-01
9.913504719734191895e-01
9.782387614250183105e-01
9.957611560821533203e-01
9.998535513877868652e-01
9.944657087326049805e-01
9.965417385101318359e-01
9.933488368988037109e-01
9.970858097076416016e-01
9.963389039039611816e-01
9.770581126213073730e-01
9.964883327484130859e-01
9.978512525558471680e-01
9.992424249649047852e-01
9.664115905761718750e-01
9.960657358169555664e-01
9.851697683334350586e-01
9.987120628356933594e-01
9.969396591186523438e-01
9.928943514823913574e-01
9.924306273460388184e-01
9.938160181045532227e-01
9.952632188796997070e-01
9.923671483993530273e-01
9.920827746391296387e-01
9.978044033050537109e-01
9.945933818817138672e-01
9.977612495422363281e-01
9.934332966804504395e-01
9.979652762413024902e-01
9.913150668144226074e-01
9.528180360794067383e-01
9.985065460205078125e-01
9.925746917724609375e-01
9.987808465957641602e-01
9.718688130378723145e-01
9.912917017936706543e-01
9.989439845085144043e-01
9.918955564498901367e-01
9.975207448005676270e-01
9.999125599861145020e-01
9.998753070831298828e-01
9.894346594810485840e-01
9.960976243019104004e-01
9.974587559700012207e-01
9.980149269104003906e-01
9.793670773506164551e-01
9.881392717361450195e-01
9.977033734321594238e-01
9.938567280769348145e-01
9.979645013809204102e-01
9.969210028648376465e-01
9.927712082862854004e-01
9.925886988639831543e-01
9.913870096206665039e-01
9.974527955055236816e-01
9.954666495323181152e-01
9.826183915138244629e-01
9.942213892936706543e-01
9.970144033432006836e-01
9.051913619041442871e-01
9.939265251159667969e-01
9.797013401985168457e-01
9.991382360458374023e-01
9.957275390625000000e-01
9.967768192291259766e-01
9.927885532379150391e-01
9.852690100669860840e-01
9.960972666740417480e-01
9.985395669937133789e-01
9.983344078063964844e-01
9.988579154014587402e-01
9.952059984207153320e-01
9.950001835823059082e-01
9.940790534019470215e-01
9.980717301368713379e-01
9.828971028327941895e-01
9.953554272651672363e-01
9.909089207649230957e-01
9.874588251113891602e-01
9.904404878616333008e-01
9.708659052848815918e-01
9.533192515373229980e-01
9.952198266983032227e-01
9.567273855209350586e-01
9.999558925628662109e-01
9.470242261886596680e-01
9.997256994247436523e-01
9.980475902557373047e-01
9.996707439422607422e-01
9.916366338729858398e-01
9.952726960182189941e-01
9.968744516372680664e-01
9.975814819335937500e-01
9.979147315025329590e-01
9.907062053680419922e-01
9.982128143310546875e-01
9.972423911094665527e-01
9.988088011741638184e-01
9.943352341651916504e-01
9.833765625953674316e-01
9.981679916381835938e-01
9.382535815238952637e-01
9.990104436874389648e-01
9.974066615104675293e-01
9.994679093360900879e-01
9.853147268295288086e-01
9.767988324165344238e-01
9.969123005867004395e-01
9.960334897041320801e-01
9.941714406013488770e-01
9.989550113677978516e-01
9.925850629806518555e-01
9.964507818222045898e-01
9.870261549949645996e-01
9.977512955665588379e-01
9.899010658264160156e-01
9.951964020729064941e-01
9.908921122550964355e-01
9.989418387413024902e-01
9.981045126914978027e-01
9.972007870674133301e-01
9.984964132308959961e-01
9.972183108329772949e-01
9.811104536056518555e-01
9.897709488868713379e-01
9.906734824180603027e-01
9.974184036254882812e-01
9.984053373336791992e-01
9.979449510574340820e-01
9.995422959327697754e-01
9.823109507560729980e-01
9.959422349929809570e-01
9.965199232101440430e-01
9.974082708358764648e-01
9.965732693672180176e-01
9.977708458900451660e-01
9.989970326423645020e-01
9.939797520637512207e-01
9.934608340263366699e-01
9.975465536117553711e-01
9.601442813873291016e-01
9.936769008636474609e-01
9.971187114715576172e-01
9.895194768905639648e-01
9.961227178573608398e-01
9.986612796783447266e-01
9.988158941268920898e-01
9.996389746665954590e-01
9.984413981437683105e-01
9.787270426750183105e-01
9.836313128471374512e-01
9.940526485443115234e-01
9.967214465141296387e-01
9.994221329689025879e-01
9.710206985473632812e-01
9.697673916816711426e-01
9.674175381660461426e-01
9.934099316596984863e-01
9.915760755538940430e-01
9.943848252296447754e-01
9.095893502235412598e-01
9.998046755790710449e-01
9.913798570632934570e-01
9.967442750930786133e-01
9.978429675102233887e-01
9.974454641342163086e-01
9.972687363624572754e-01
9.682161211967468262e-01
9.829056859016418457e-01
9.867305755615234375e-01
9.978437423706054688e-01
9.983507394790649414e-01
9.693756699562072754e-01
9.996526241302490234e-01
9.981132149696350098e-01
9.981374740600585938e-01
9.628808498382568359e-01
9.792793989181518555e-01
9.712408185005187988e-01
9.979277253150939941e-01
9.706031084060668945e-01
9.982759952545166016e-01
9.986581802368164062e-01
9.970886707305908203e-01
9.795859456062316895e-01
9.985033869743347168e-01
9.755594730377197266e-01
9.906713366508483887e-01
9.755316376686096191e-01
9.908577799797058105e-01
9.906393289566040039e-01
9.831188917160034180e-01
9.999226331710815430e-01
9.943315386772155762e-01
9.975679516792297363e-01
9.971625208854675293e-01
9.993370175361633301e-01
9.977897405624389648e-01
9.959463477134704590e-01
9.936167597770690918e-01
9.854160547256469727e-01
9.943841695785522461e-01
9.898500442504882812e-01
9.998198747634887695e-01
9.989274144172668457e-01
9.980897903442382812e-01
9.993642568588256836e-01
9.941136240959167480e-01
9.982845187187194824e-01
9.957084655761718750e-01
9.985521435737609863e-01
9.923804402351379395e-01
9.972245097160339355e-01
9.612060189247131348e-01
9.922236800193786621e-01
9.965663552284240723e-01
9.991366863250732422e-01
9.984560608863830566e-01
9.927802681922912598e-01
9.984062910079956055e-01
9.966768026351928711e-01
9.976692199707031250e-01
9.966177344322204590e-01
9.928233027458190918e-01
9.945488572120666504e-01
9.983544349670410156e-01
9.847981929779052734e-01
9.884864091873168945e-01
9.990496039390563965e-01
9.984560608863830566e-01
9.976923465728759766e-01
9.857862591743469238e-01
9.985191226005554199e-01
9.853634238243103027e-01
9.946767687797546387e-01
9.911900162696838379e-01
9.998995661735534668e-01
9.961937069892883301e-01
9.982140660285949707e-01
9.565779566764831543e-01
9.730717539787292480e-01
9.876087307929992676e-01
9.978664517402648926e-01
9.937127828598022461e-01
9.963873028755187988e-01
9.965220689773559570e-01
9.849485754966735840e-01
9.744790196418762207e-01
9.658930897712707520e-01
9.753290414810180664e-01
9.981240630149841309e-01
9.924490451812744141e-01
9.999160170555114746e-01
9.995687603950500488e-01
9.964794516563415527e-01
9.909020662307739258e-01
9.997672438621520996e-01
9.993427395820617676e-01
9.988133907318115234e-01
9.806258678436279297e-01
9.981554150581359863e-01
9.556633830070495605e-01
9.972727894783020020e-01
9.681326746940612793e-01
9.975135326385498047e-01
9.982407093048095703e-01
9.973646998405456543e-01
9.988958835601806641e-01
9.954630732536315918e-01
9.991665482521057129e-01
9.857409596443176270e-01
9.892843961715698242e-01
9.966294169425964355e-01
9.998744130134582520e-01
9.942271113395690918e-01
9.988728165626525879e-01
9.988855719566345215e-01
9.983455538749694824e-01
9.877842664718627930e-01
9.963039159774780273e-01
9.980576634407043457e-01
9.979513883590698242e-01
9.847804903984069824e-01
9.975344538688659668e-01
9.894366860389709473e-01
9.902148246765136719e-01
9.968957304954528809e-01
9.985222816467285156e-01
9.979295134544372559e-01
9.863778352737426758e-01
9.857325553894042969e-01
9.730378389358520508e-01
9.916840791702270508e-01
9.987694621086120605e-01
9.906259179115295410e-01
9.954305887222290039e-01
9.896475672721862793e-01
9.921357631683349609e-01
9.629892706871032715e-01
9.825589656829833984e-01
9.989557862281799316e-01
9.966776967048645020e-01
9.994536042213439941e-01
9.994248747825622559e-01
9.983138442039489746e-01
8.914160728454589844e-01
9.844670891761779785e-01
9.959369897842407227e-01
9.957629442214965820e-01
9.875743985176086426e-01
9.973567724227905273e-01
9.990450143814086914e-01
9.896175265312194824e-01
9.771990180015563965e-01
9.983995556831359863e-01
9.868257641792297363e-01
9.953372478485107422e-01
9.972484707832336426e-01
9.992712140083312988e-01
9.984212517738342285e-01
9.895478487014770508e-01
9.927341341972351074e-01
9.976184368133544922e-01
9.985133409500122070e-01
9.894092679023742676e-01
9.994590878486633301e-01
9.968052506446838379e-01
9.978449344635009766e-01
9.703081846237182617e-01
9.973195791244506836e-01
9.950106739997863770e-01
9.914076328277587891e-01
9.960965514183044434e-01
9.993401765823364258e-01
9.885411262512207031e-01
9.984412193298339844e-01
9.919219017028808594e-01
9.974097013473510742e-01
9.995360374450683594e-01
9.992223381996154785e-01
9.946743249893188477e-01
9.881030917167663574e-01
9.971156120300292969e-01
9.964359998703002930e-01
9.926658272743225098e-01
9.948937892913818359e-01
9.998849034309387207e-01
9.825444221496582031e-01
9.928074479103088379e-01
9.973740577697753906e-01
9.966369867324829102e-01
9.990146756172180176e-01
9.888865351676940918e-01
9.917282462120056152e-01
9.951688051223754883e-01
9.987780451774597168e-01
9.887964725494384766e-01
9.917233586311340332e-01
9.839836955070495605e-01
9.987663030624389648e-01
9.955765604972839355e-01
9.984070658683776855e-01
9.995228648185729980e-01
9.969022274017333984e-01
9.247394800186157227e-01
9.921658039093017578e-01
9.869661331176757812e-01
9.967293143272399902e-01
9.931684732437133789e-01
9.542577266693115234e-01
9.955528974533081055e-01
9.988627433776855469e-01
