9.802517294883728027e-01
9.982565641403198242e-01
9.894160628318786621e-01
9.889898896217346191e-01
9.580088257789611816e-01
9.840776920318603516e-01
9.995599985122680664e-01
9.981991052627563477e-01
9.995118379592895508e-01
9.969198703765869141e-01
9.998049139976501465e-01
9.964392781257629395e-01
9.971311092376708984e-01
9.413981437683105469e-01
9.713661670684814453e-01
9.972038269042968750e-01
9.878863692283630371e-01
9.963959455490112305e-01
9.961717724800109863e-01
9.969272017478942871e-01
9.888921976089477539e-01
9.955506324768066406e-01
9.989319443702697754e-01
9.965814948081970215e-01
9.963925480842590332e-01
9.967575073242187500e-01
9.916059970855712891e-01
9.948990941047668457e-01
9.960533976554870605e-01
9.865638017654418945e-01
9.976492524147033691e-01
9.794051647186279297e-01
9.723278284072875977e-01
9.832776188850402832e-01
9.803031086921691895e-01
9.889580011367797852e-01
9.994139671325683594e-01
9.965217113494873047e-01
9.927006959915161133e-01
9.941709041595458984e-01
9.971012473106384277e-01
9.820358753204345703e-01
9.984744787216186523e-01
9.640987515449523926e-01
9.917181730270385742e-01
9.947161674499511719e-01
9.985502958297729492e-01
9.974675774574279785e-01
9.952321052551269531e-01
9.894465208053588867e-01
9.965648651123046875e-01
9.986000657081604004e-01
9.776264429092407227e-01
9.975805282592773438e-01
9.916787147521972656e-01
9.977938532829284668e-01
9.984733462333679199e-01
9.914060831069946289e-01
9.957040548324584961e-01
9.987089633941650391e-01
9.893988370895385742e-01
8.704764246940612793e-01
9.993220567703247070e-01
9.990245699882507324e-01
9.808363318443298340e-01
9.930316805839538574e-01
9.986498355865478516e-01
9.808464646339416504e-01
9.977161884307861328e-01
9.966610670089721680e-01
9.848318099975585938e-01
9.983360171318054199e-01
9.931790828704833984e-01
9.888181686401367188e-01
9.436448216438293457e-01
9.944099187850952148e-01
9.976235628128051758e-01
9.886823892593383789e-01
9.919762015342712402e-01
9.787732958793640137e-01
9.966152906417846680e-01
9.720019102096557617e-01
9.999020695686340332e-01
9.987952709197998047e-01
9.979332685470581055e-01
9.823296666145324707e-01
9.825338721275329590e-01
9.972857236862182617e-01
9.757518172264099121e-01
9.996874332427978516e-01
9.922770261764526367e-01
9.885017871856689453e-01
9.987489581108093262e-01
9.980766773223876953e-01
9.934825301170349121e-01
9.920435547828674316e-01
9.843871593475341797e-01
9.924805760383605957e-01
9.967612624168395996e-01
9.931916594505310059e-01
9.929215908050537109e-01
9.947444200515747070e-01
9.983389973640441895e-01
9.801992177963256836e-01
9.988911747932434082e-01
9.942489862442016602e-01
9.988002777099609375e-01
9.923865795135498047e-01
9.977006316184997559e-01
9.970941543579101562e-01
9.967286586761474609e-01
9.873301386833190918e-01
9.897705912590026855e-01
9.978384375572204590e-01
9.924556612968444824e-01
9.971479773521423340e-01
9.934000968933105469e-01
9.673485755920410156e-01
9.967187643051147461e-01
9.939211010932922363e-01
9.969677925109863281e-01
9.956585764884948730e-01
9.901786446571350098e-01
9.904569983482360840e-01
9.773457050323486328e-01
9.485852122306823730e-01
9.967470169067382812e-01
9.979858994483947754e-01
9.987636804580688477e-01
9.836757183074951172e-01
9.973371028900146484e-01
9.987173080444335938e-01
9.015305638313293457e-01
9.938527345657348633e-01
9.848563671112060547e-01
9.785852432250976562e-01
9.975601434707641602e-01
9.915751218795776367e-01
9.974723458290100098e-01
9.946916103363037109e-01
9.976761937141418457e-01
9.961115121841430664e-01
9.206953048706054688e-01
9.963011741638183594e-01
9.954575300216674805e-01
9.988266825675964355e-01
9.985229372978210449e-01
9.928500652313232422e-01
9.964028000831604004e-01
9.901605248451232910e-01
9.973324537277221680e-01
9.952031970024108887e-01
9.956737160682678223e-01
9.920641183853149414e-01
9.953876733779907227e-01
9.837995767593383789e-01
9.987929463386535645e-01
9.981138706207275391e-01
9.915539622306823730e-01
9.993826746940612793e-01
9.534485936164855957e-01
9.954774975776672363e-01
9.970450401306152344e-01
9.991325736045837402e-01
9.949095249176025391e-01
9.985931515693664551e-01
9.996336698532104492e-01
9.970912933349609375e-01
9.980039000511169434e-01
9.910589456558227539e-01
9.940664172172546387e-01
9.663920998573303223e-01
9.981463551521301270e-01
9.944664835929870605e-01
9.951328635215759277e-01
9.902155399322509766e-01
9.972119927406311035e-01
9.915544390678405762e-01
9.777420163154602051e-01
9.956766963005065918e-01
9.784308671951293945e-01
9.966532588005065918e-01
9.972515106201171875e-01
9.988887310028076172e-01
9.987608790397644043e-01
9.973194599151611328e-01
9.972022175788879395e-01
9.945115447044372559e-01
9.978766441345214844e-01
9.992510080337524414e-01
9.889758229255676270e-01
9.940448403358459473e-01
9.878891110420227051e-01
9.954640865325927734e-01
9.225367903709411621e-01
9.957895278930664062e-01
9.964978694915771484e-01
9.895221590995788574e-01
9.984247088432312012e-01
9.244132041931152344e-01
9.894415736198425293e-01
9.973578453063964844e-01
9.898807406425476074e-01
9.431248307228088379e-01
9.889134764671325684e-01
9.978278875350952148e-01
9.977371692657470703e-01
9.883646965026855469e-01
9.951740503311157227e-01
9.932312369346618652e-01
9.669485688209533691e-01
9.904972910881042480e-01
8.937324285507202148e-01
9.983784556388854980e-01
9.982753992080688477e-01
9.868760108947753906e-01
9.979677796363830566e-01
9.995461106300354004e-01
9.598325490951538086e-01
9.849610924720764160e-01
9.977703094482421875e-01
9.962694048881530762e-01
9.993887543678283691e-01
9.989768862724304199e-01
9.982725381851196289e-01
9.885345697402954102e-01
9.893988370895385742e-01
9.855498671531677246e-01
9.972603321075439453e-01
9.888262152671813965e-01
9.979307055473327637e-01
9.970185160636901855e-01
9.875174164772033691e-01
9.687794446945190430e-01
9.971861243247985840e-01
9.846374392509460449e-01
9.985604882240295410e-01
9.994339942932128906e-01
9.647409915924072266e-01
9.871463775634765625e-01
9.991962909698486328e-01
9.824207425117492676e-01
9.963476657867431641e-01
9.647474288940429688e-01
9.864570498466491699e-01
9.976255297660827637e-01
9.917691946029663086e-01
9.606146216392517090e-01
9.981331825256347656e-01
9.981293082237243652e-01
9.875984787940979004e-01
9.906520843505859375e-01
9.992078542709350586e-01
9.937576055526733398e-01
9.980292916297912598e-01
9.913197755813598633e-01
9.968613982200622559e-01
9.920825958251953125e-01
9.911937117576599121e-01
9.971477389335632324e-01
9.995197653770446777e-01
9.962638616561889648e-01
9.934995174407958984e-01
9.988993406295776367e-01
9.974905848503112793e-01
9.764050245285034180e-01
9.927743077278137207e-01
9.959390163421630859e-01
9.096763134002685547e-01
9.957141280174255371e-01
9.978495836257934570e-01
9.811009168624877930e-01
9.321615695953369141e-01
9.978910684585571289e-01
9.913995265960693359e-01
9.833186864852905273e-01
9.949353337287902832e-01
9.943066239356994629e-01
9.950873851776123047e-01
9.973115324974060059e-01
9.966591596603393555e-01
9.786054491996765137e-01
9.974498152732849121e-01
9.781926274299621582e-01
9.906485080718994141e-01
9.980922341346740723e-01
9.993425607681274414e-01
9.988068342208862305e-01
9.973593950271606445e-01
9.973323941230773926e-01
9.947503805160522461e-01
9.923430085182189941e-01
9.943332672119140625e-01
9.718073606491088867e-01
9.903517961502075195e-01
9.903811812400817871e-01
9.874250888824462891e-01
9.922670125961303711e-01
9.966713786125183105e-01
9.996709823608398438e-01
9.954187273979187012e-01
9.945499897003173828e-01
9.996020197868347168e-01
9.974683523178100586e-01
9.985401630401611328e-01
9.960886240005493164e-01
9.897460341453552246e-01
9.214925169944763184e-01
9.980038404464721680e-01
9.975286722183227539e-01
9.962888956069946289e-01
9.620515108108520508e-01
9.869678616523742676e-01
9.830837249755859375e-01
9.940539002418518066e-01
9.932965040206909180e-01
9.930943250656127930e-01
9.773306250572204590e-01
9.940521121025085449e-01
9.975087046623229980e-01
9.975454807281494141e-01
9.545545578002929688e-01
9.819313883781433105e-01
9.950714111328125000e-01
9.957479238510131836e-01
9.732860922813415527e-01
9.964513778686523438e-01
9.986921548843383789e-01
9.696546196937561035e-01
9.868054389953613281e-01
9.977195262908935547e-01
9.984372854232788086e-01
9.853687882423400879e-01
9.043861627578735352e-01
9.966577291488647461e-01
9.998618960380554199e-01
9.958482384681701660e-01
9.952777028083801270e-01
9.917819499969482422e-01
9.783610701560974121e-01
9.529195427894592285e-01
9.976476430892944336e-01
9.965568184852600098e-01
9.995724558830261230e-01
9.971492886543273926e-01
9.993010759353637695e-01
9.941442608833312988e-01
9.986221194267272949e-01
9.947633743286132812e-01
9.996153712272644043e-01
9.971736073493957520e-01
9.868402481079101562e-01
9.826428294181823730e-01
9.928641915321350098e-01
9.884219169616699219e-01
9.984461069107055664e-01
9.813679456710815430e-01
9.872862100601196289e-01
9.982212781906127930e-01
9.926425218582153320e-01
9.960750341415405273e-01
9.978982210159301758e-01
9.878236651420593262e-01
9.746628403663635254e-01
9.737227559089660645e-01
9.973247051239013672e-01
9.872663617134094238e-01
9.995235204696655273e-01
9.924409389495849609e-01
9.974264502525329590e-01
9.766541719436645508e-01
9.920154213905334473e-01
9.985973238945007324e-01
9.885475635528564453e-01
9.898554086685180664e-01
9.950425624847412109e-01
9.603109955787658691e-01
9.979614615440368652e-01
9.488413333892822266e-01
9.950730204582214355e-01
9.812059402465820312e-01
9.442905783653259277e-01
9.972979426383972168e-01
9.767107963562011719e-01
9.956811070442199707e-01
9.850686192512512207e-01
9.983979463577270508e-01
9.949309229850769043e-01
9.968273043632507324e-01
9.905042648315429688e-01
9.935505390167236328e-01
9.990543723106384277e-01
9.974361062049865723e-01
9.974765777587890625e-01
9.717634916305541992e-01
9.974298477172851562e-01
9.933708310127258301e-01
9.959086179733276367e-01
9.862130284309387207e-01
9.980038404464721680e-01
9.910206794738769531e-01
9.997324347496032715e-01
7.748190164566040039e-01
9.986167550086975098e-01
9.977639317512512207e-01
9.942883253097534180e-01
9.897725582122802734e-01
9.959663748741149902e-01
9.983057975769042969e-01
9.934906363487243652e-01
9.946232438087463379e-01
9.847598671913146973e-01
9.879439473152160645e-01
9.919015169143676758e-01
9.968643188476562500e-01
9.893506169319152832e-01
9.984186291694641113e-01
9.875123500823974609e-01
9.932110905647277832e-01
9.998475313186645508e-01
9.982135891914367676e-01
9.991145133972167969e-01
9.931357502937316895e-01
9.977515339851379395e-01
9.959304928779602051e-01
9.924910664558410645e-01
9.987843632698059082e-01
9.534674882888793945e-01
9.980003237724304199e-01
9.988437891006469727e-01
9.971365332603454590e-01
9.962810873985290527e-01
9.820932745933532715e-01
9.717403054237365723e-01
9.965515136718750000e-01
9.961544871330261230e-01
9.452770352363586426e-01
9.967679381370544434e-01
9.891360998153686523e-01
9.593691229820251465e-01
9.955269694328308105e-01
9.737441539764404297e-01
9.907335042953491211e-01
9.956303238868713379e-01
9.956456422805786133e-01
9.977739453315734863e-01
9.926274418830871582e-01
9.919208288192749023e-01
9.967176914215087891e-01
9.963226914405822754e-01
9.966859221458435059e-01
9.978012442588806152e-01
9.994308352470397949e-01
9.952516555786132812e-01
9.952844977378845215e-01
9.955673813819885254e-01
9.915775060653686523e-01
9.843524098396301270e-01
9.978281259536743164e-01
9.934646487236022949e-01
9.910476803779602051e-01
9.773482680320739746e-01
9.906687736511230469e-01
9.988818764686584473e-01
9.939550757408142090e-01
9.986512660980224609e-01
9.909632205963134766e-01
9.984666109085083008e-01
9.864754676818847656e-01
9.983864426612854004e-01
9.986864328384399414e-01
9.961807131767272949e-01
9.920763969421386719e-01
9.991383552551269531e-01
9.935538768768310547e-01
9.961803555488586426e-01
9.831245541572570801e-01
9.912694692611694336e-01
9.859392642974853516e-01
9.962675571441650391e-01
9.972577691078186035e-01
9.985840916633605957e-01
9.976150989532470703e-01
9.926475286483764648e-01
9.903942942619323730e-01
9.801899790763854980e-01
9.933456778526306152e-01
9.923211336135864258e-01
9.916498064994812012e-01
9.988943934440612793e-01
9.969665408134460449e-01
9.885410666465759277e-01
9.967579841613769531e-01
9.942638278007507324e-01
9.980565309524536133e-01
9.400473833084106445e-01
9.976338148117065430e-01
9.862198233604431152e-01
9.944908618927001953e-01
9.763667583465576172e-01
9.982585906982421875e-01
9.909662604331970215e-01
9.802657365798950195e-01
9.888155460357666016e-01
9.860355257987976074e-01
9.983158111572265625e-01
9.941187500953674316e-01
9.058097600936889648e-01
9.973136782646179199e-01
9.113857746124267578e-01
9.854034185409545898e-01
9.554264545440673828e-01
9.948954582214355469e-01
9.882390499114990234e-01
9.975392818450927734e-01
9.773392677307128906e-01
8.141911029815673828e-01
9.965574145317077637e-01
9.411073327064514160e-01
9.937573075294494629e-01
9.691458940505981445e-01
9.736513495445251465e-01
9.980085492134094238e-01
9.964906573295593262e-01
9.696207046508789062e-01
9.961556196212768555e-01
9.955510497093200684e-01
9.926276206970214844e-01
9.992007613182067871e-01
9.965454936027526855e-01
9.950028657913208008e-01
9.926908612251281738e-01
9.833450317382812500e-01
9.915053248405456543e-01
9.951756000518798828e-01
9.982138276100158691e-01
9.976531267166137695e-01
9.947289228439331055e-01
9.966880083084106445e-01
9.551063776016235352e-01
9.972512722015380859e-01
9.955043792724609375e-01
9.980749487876892090e-01
9.932641983032226562e-01
9.948916435241699219e-01
9.823024868965148926e-01
9.840615391731262207e-01
9.979987144470214844e-01
9.929477572441101074e-01
9.927027821540832520e-01
9.983413815498352051e-01
9.864007234573364258e-01
9.986090064048767090e-01
9.706994891166687012e-01
9.912852048873901367e-01
9.974548816680908203e-01
9.792904853820800781e-01
9.886375069618225098e-01
9.939187765121459961e-01
9.985356926918029785e-01
9.950314164161682129e-01
9.942969083786010742e-01
9.901870489120483398e-01
9.951457977294921875e-01
9.957171082496643066e-01
9.977623224258422852e-01
9.938416481018066406e-01
9.984998703002929688e-01
9.962254762649536133e-01
9.956288933753967285e-01
9.845319390296936035e-01
9.674571752548217773e-01
9.913959503173828125e-01
9.971297383308410645e-01
9.933519363403320312e-01
9.991907477378845215e-01
9.948735237121582031e-01
9.979850649833679199e-01
9.980950355529785156e-01
9.974130988121032715e-01
9.955639839172363281e-01
9.963333010673522949e-01
9.748237133026123047e-01
9.934219121932983398e-01
9.951977133750915527e-01
9.868151545524597168e-01
9.998550415039062500e-01
9.815993905067443848e-01
9.978358745574951172e-01
9.989991188049316406e-01
9.631518721580505371e-01
9.620345234870910645e-01
9.974263310432434082e-01
9.959663152694702148e-01
9.954679012298583984e-01
9.974154233932495117e-01
9.570732712745666504e-01
9.559106230735778809e-01
9.969151020050048828e-01
9.898732900619506836e-01
9.885137081146240234e-01
9.969280958175659180e-01
9.972991943359375000e-01
9.953460097312927246e-01
9.909355640411376953e-01
9.918393492698669434e-01
9.915460348129272461e-01
9.885383844375610352e-01
9.910895228385925293e-01
9.931312203407287598e-01
9.976563453674316406e-01
9.866598248481750488e-01
9.911249279975891113e-01
9.771994948387145996e-01
9.920568466186523438e-01
9.955971837043762207e-01
9.983330368995666504e-01
9.758067727088928223e-01
9.521993994712829590e-01
9.978296756744384766e-01
9.749085903167724609e-01
9.730514287948608398e-01
9.960232377052307129e-01
9.697555899620056152e-01
9.936636686325073242e-01
9.987515807151794434e-01
9.969578385353088379e-01
9.959046840667724609e-01
9.956508874893188477e-01
9.981334805488586426e-01
9.938622117042541504e-01
9.981931447982788086e-01
9.983997344970703125e-01
9.980160593986511230e-01
9.485003948211669922e-01
9.913283586502075195e-01
9.938079714775085449e-01
9.730363488197326660e-01
9.942299723625183105e-01
9.971961975097656250e-01
9.979043602943420410e-01
9.949429631233215332e-01
9.962662458419799805e-01
9.792150855064392090e-01
9.896176457405090332e-01
9.883167743682861328e-01
9.966475963592529297e-01
9.779531359672546387e-01
9.738990068435668945e-01
9.843416213989257812e-01
9.943611621856689453e-01
9.853550791740417480e-01
9.865918755531311035e-01
9.890830516815185547e-01
9.213021993637084961e-01
9.923018217086791992e-01
9.988257288932800293e-01
9.691257476806640625e-01
8.229885697364807129e-01
9.933363199234008789e-01
9.972364902496337891e-01
9.982454776763916016e-01
9.851578474044799805e-01
9.966816306114196777e-01
9.898929595947265625e-01
9.900008440017700195e-01
9.932234883308410645e-01
9.957060813903808594e-01
9.960805773735046387e-01
9.938057065010070801e-01
9.967517852783203125e-01
9.890010356903076172e-01
9.988245964050292969e-01
9.992477297782897949e-01
9.981980323791503906e-01
9.984217286109924316e-01
9.284442067146301270e-01
9.964547157287597656e-01
9.765265583992004395e-01
9.979308843612670898e-01
9.926267862319946289e-01
9.966384768486022949e-01
9.982926249504089355e-01
9.842343330383300781e-01
9.855608344078063965e-01
9.997761249542236328e-01
9.991174340248107910e-01
9.832823276519775391e-01
9.999117851257324219e-01
9.844118356704711914e-01
9.725886583328247070e-01
9.998730421066284180e-01
9.850597381591796875e-01
9.967377781867980957e-01
9.970673322677612305e-01
9.886666536331176758e-01
9.966393709182739258e-01
9.804725050926208496e-01
9.986790418624877930e-01
9.998480677604675293e-01
9.847528934478759766e-01
9.742241501808166504e-01
9.840890765190124512e-01
8.348745107650756836e-01
9.980850219726562500e-01
9.978112578392028809e-01
8.100097179412841797e-01
9.944362640380859375e-01
9.977740645408630371e-01
9.927263259887695312e-01
9.945216774940490723e-01
9.926896691322326660e-01
9.978788495063781738e-01
9.820694327354431152e-01
9.287821650505065918e-01
9.997332096099853516e-01
9.470125436782836914e-01
9.949875473976135254e-01
9.955766797065734863e-01
9.993809461593627930e-01
9.981570243835449219e-01
9.961624145507812500e-01
9.941182136535644531e-01
9.575542807579040527e-01
9.891610145568847656e-01
9.985911250114440918e-01
9.973255991935729980e-01
9.933885335922241211e-01
9.969231486320495605e-01
9.919785857200622559e-01
9.977595806121826172e-01
9.921873211860656738e-01
9.925970435142517090e-01
9.939025640487670898e-01
9.932766556739807129e-01
9.898507595062255859e-01
9.988328814506530762e-01
9.973211884498596191e-01
9.809592366218566895e-01
9.958153963088989258e-01
9.894599914550781250e-01
9.978560209274291992e-01
9.803123474121093750e-01
9.916927218437194824e-01
9.926545023918151855e-01
9.726916551589965820e-01
9.950606822967529297e-01
9.929431676864624023e-01
9.975156188011169434e-01
9.384616613388061523e-01
9.820687770843505859e-01
9.952549934387207031e-01
8.307971954345703125e-01
9.985610246658325195e-01
9.879492521286010742e-01
9.861731529235839844e-01
9.965603947639465332e-01
9.977384209632873535e-01
9.735698103904724121e-01
9.484065771102905273e-01
9.603966474533081055e-01
9.951125979423522949e-01
9.995694756507873535e-01
9.913043975830078125e-01
9.426369071006774902e-01
9.779585599899291992e-01
9.974720478057861328e-01
9.917802214622497559e-01
9.981147050857543945e-01
9.925922751426696777e-01
9.927017688751220703e-01
9.926816225051879883e-01
9.943889379501342773e-01
9.934074282646179199e-01
9.981467127799987793e-01
9.995021820068359375e-01
9.852927923202514648e-01
9.992166161537170410e-01
9.980708360671997070e-01
9.894109964370727539e-01
9.979223012924194336e-01
9.993474483489990234e-01
9.988950490951538086e-01
9.971858859062194824e-01
9.984676241874694824e-01
9.895877838134765625e-01
9.957607388496398926e-01
9.801055788993835449e-01
9.899041056632995605e-01
9.874600172042846680e-01
9.956285953521728516e-01
9.961152076721191406e-01
9.937798380851745605e-01
9.929879903793334961e-01
9.986703991889953613e-01
9.509280323982238770e-01
9.967816472053527832e-01
9.971056580543518066e-01
9.943946003913879395e-01
9.992623925209045410e-01
9.854540824890136719e-01
9.934780597686767578e-01
8.891568183898925781e-01
9.739511013031005859e-01
9.957643747329711914e-01
9.981648921966552734e-01
9.929584264755249023e-01
9.971122741699218750e-01
9.967806339263916016e-01
9.981942772865295410e-01
9.755234718322753906e-01
9.943991303443908691e-01
9.817791581153869629e-01
9.987364411354064941e-01
9.988813400268554688e-01
9.338173270225524902e-01
9.877002835273742676e-01
9.997021555900573730e-01
9.866755604743957520e-01
9.868028759956359863e-01
9.926430583000183105e-01
9.984114170074462891e-01
9.670642614364624023e-01
9.972192049026489258e-01
9.912502765655517578e-01
9.919728636741638184e-01
9.993430376052856445e-01
9.898633956909179688e-01
9.731127619743347168e-01
9.488802552223205566e-01
9.867637753486633301e-01
9.970732927322387695e-01
9.915452599525451660e-01
9.888976216316223145e-01
9.911886453628540039e-01
9.779793620109558105e-01
9.964842200279235840e-01
9.902164936065673828e-01
9.375664591789245605e-01
9.790660142898559570e-01
9.615650177001953125e-01
9.978629350662231445e-01
9.997060298919677734e-01
9.843931794166564941e-01
9.969291090965270996e-01
9.956436753273010254e-01
9.950874447822570801e-01
9.975078105926513672e-01
9.810582399368286133e-01
9.931091666221618652e-01
9.098053574562072754e-01
9.930770993232727051e-01
9.934050440788269043e-01
9.980561733245849609e-01
9.818859696388244629e-01
9.947171211242675781e-01
9.959876537322998047e-01
9.851756691932678223e-01
9.951388835906982422e-01
9.918305873870849609e-01
9.914919137954711914e-01
9.950518608093261719e-01
9.973524212837219238e-01
9.974838495254516602e-01
9.761887192726135254e-01
9.892972111701965332e-01
9.967304468154907227e-01
9.926724433898925781e-01
9.972994327545166016e-01
9.859457015991210938e-01
9.965313673019409180e-01
9.982697963714599609e-01
9.855883717536926270e-01
9.997332692146301270e-01
9.734147787094116211e-01
9.878802299499511719e-01
9.184805154800415039e-01
9.868893027305603027e-01
9.732890129089355469e-01
9.821676015853881836e-01
9.974257946014404297e-01
9.967853426933288574e-01
9.625591635704040527e-01
9.845030903816223145e-01
9.858251810073852539e-01
9.995523095130920410e-01
9.621700644493103027e-01
9.749833941459655762e-01
9.974921941757202148e-01
9.872112870216369629e-01
9.572984576225280762e-01
9.999275207519531250e-01
9.930090904235839844e-01
9.812945723533630371e-01
9.936122894287109375e-01
9.977732896804809570e-01
9.975849390029907227e-01
9.955599904060363770e-01
9.946779608726501465e-01
9.966951012611389160e-01
9.951044917106628418e-01
9.944045543670654297e-01
9.973910450935363770e-01
9.996021389961242676e-01
9.915232062339782715e-01
9.780047535896301270e-01
9.849013090133666992e-01
9.910317659378051758e-01
9.980706572532653809e-01
9.893752932548522949e-01
9.983231425285339355e-01
9.983073472976684570e-01
9.949097633361816406e-01
9.943894743919372559e-01
9.619539380073547363e-01
9.813217520713806152e-01
9.997345805168151855e-01
9.928441047668457031e-01
9.723348021507263184e-01
9.889046549797058105e-01
9.973183274269104004e-01
9.984912276268005371e-01
9.948518276214599609e-01
9.986624121665954590e-01
9.925279021263122559e-01
9.955758452415466309e-01
9.877635836601257324e-01
8.262692093849182129e-01
9.995941519737243652e-01
9.851958155632019043e-01
9.883956313133239746e-01
9.960363507270812988e-01
9.969603419303894043e-01
9.995038509368896484e-01
9.764232039451599121e-01
9.926996827125549316e-01
9.927135109901428223e-01
9.971366524696350098e-01
9.992883801460266113e-01
9.965946674346923828e-01
9.898200631141662598e-01
9.796465635299682617e-01
9.944559931755065918e-01
9.997807145118713379e-01
9.941722154617309570e-01
9.968900084495544434e-01
9.930434823036193848e-01
9.965412616729736328e-01
9.956538677215576172e-01
9.773805141448974609e-01
9.978852272033691406e-01
9.974192976951599121e-01
9.984443187713623047e-01
9.722889065742492676e-01
9.964227080345153809e-01
9.875698089599609375e-01
9.988102316856384277e-01
9.950391054153442383e-01
9.895656704902648926e-01
9.913288354873657227e-01
9.951753616333007812e-01
9.957500100135803223e-01
9.902873635292053223e-01
9.880467057228088379e-01
9.971689581871032715e-01
9.944180846214294434e-01
9.966083765029907227e-01
9.926679730415344238e-01
9.973055124282836914e-01
9.879109263420104980e-01
9.486532211303710938e-01
9.977949857711791992e-01
9.857255220413208008e-01
9.986698031425476074e-01
9.680709838867187500e-01
9.903538823127746582e-01
9.994683265686035156e-01
9.907429814338684082e-01
9.932066798210144043e-01
9.996216297149658203e-01
9.993809461593627930e-01
9.885533452033996582e-01
9.944921731948852539e-01
9.993010163307189941e-01
9.974789619445800781e-01
9.796572327613830566e-01
9.897696375846862793e-01
9.964131712913513184e-01
9.932833909988403320e-01
9.976248145103454590e-01
9.970669150352478027e-01
9.794836640357971191e-01
9.891826510429382324e-01
9.967897534370422363e-01
9.976012110710144043e-01
9.979388117790222168e-01
9.757261872291564941e-01
9.945681095123291016e-01
9.968604445457458496e-01
8.437270522117614746e-01
9.905367493629455566e-01
9.878811836242675781e-01
9.994023442268371582e-01
9.960564970970153809e-01
9.961442351341247559e-01
9.895875453948974609e-01
9.847730398178100586e-01
9.935769438743591309e-01
9.983265995979309082e-01
9.974398016929626465e-01
9.986480474472045898e-01
9.947752952575683594e-01
9.935394525527954102e-01
9.955300092697143555e-01
9.981559514999389648e-01
9.434940814971923828e-01
9.908725619316101074e-01
9.868147373199462891e-01
9.846827983856201172e-01
9.889793992042541504e-01
9.687888026237487793e-01
9.135678410530090332e-01
9.933080673217773438e-01
9.456250071525573730e-01
9.987026453018188477e-01
9.476716518402099609e-01
9.997422695159912109e-01
9.977832436561584473e-01
9.997720122337341309e-01
9.957062602043151855e-01
9.935665726661682129e-01
9.964553713798522949e-01
9.963081479072570801e-01
9.975733160972595215e-01
9.909885525703430176e-01
9.989288449287414551e-01
9.964276552200317383e-01
9.984114766120910645e-01
9.938067197799682617e-01
9.823989868164062500e-01
9.990873336791992188e-01
9.265082478523254395e-01
9.986879229545593262e-01
9.961588382720947266e-01
9.994188547134399414e-01
9.871771931648254395e-01
9.582656025886535645e-01
9.962057471275329590e-01
9.947769045829772949e-01
9.929085969924926758e-01
9.989380836486816406e-01
9.918476343154907227e-01
9.961584210395812988e-01
9.836566448211669922e-01
9.971553683280944824e-01
9.894612431526184082e-01
9.966806173324584961e-01
9.873965382575988770e-01
9.986208081245422363e-01
9.979514479637145996e-01
9.970111846923828125e-01
9.981957674026489258e-01
9.945235252380371094e-01
9.480571150779724121e-01
9.894751906394958496e-01
9.865327477455139160e-01
9.977228641510009766e-01
9.973380565643310547e-01
9.904058575630187988e-01
9.960127472877502441e-01
9.812279939651489258e-01
9.687861800193786621e-01
9.953836798667907715e-01
9.957253932952880859e-01
9.967957735061645508e-01
9.982076287269592285e-01
9.982942342758178711e-01
9.922595024108886719e-01
9.921625852584838867e-01
9.966307878494262695e-01
9.538606405258178711e-01
9.936154484748840332e-01
9.973779320716857910e-01
9.873601198196411133e-01
9.941848516464233398e-01
9.895101785659790039e-01
9.987044334411621094e-01
9.996542930603027344e-01
9.967077374458312988e-01
9.760126471519470215e-01
9.853435754776000977e-01
9.929362535476684570e-01
9.961096644401550293e-01
9.996575117111206055e-01
9.689044952392578125e-01
9.649786949157714844e-01
9.837258458137512207e-01
9.910029768943786621e-01
9.906129837036132812e-01
9.946686029434204102e-01
9.122443199157714844e-01
9.998714327812194824e-01
9.922671914100646973e-01
9.960566759109497070e-01
9.976072907447814941e-01
9.986041784286499023e-01
9.952433705329895020e-01
9.737121462821960449e-01
9.792905449867248535e-01
9.845247268676757812e-01
9.968418478965759277e-01
9.976758956909179688e-01
9.621279835700988770e-01
9.995905756950378418e-01
9.981131553649902344e-01
9.969385266304016113e-01
9.516136646270751953e-01
9.705921411514282227e-01
9.677289128303527832e-01
9.988685846328735352e-01
9.592338204383850098e-01
9.982476830482482910e-01
9.983574748039245605e-01
9.982087016105651855e-01
9.782212376594543457e-01
9.974259138107299805e-01
9.754613637924194336e-01
9.900650382041931152e-01
9.674039483070373535e-01
9.906948208808898926e-01
9.924460649490356445e-01
9.811069369316101074e-01
9.999248981475830078e-01
9.902830719947814941e-01
9.943121671676635742e-01
9.970594644546508789e-01
9.983746409416198730e-01
9.971373081207275391e-01
9.956360459327697754e-01
9.928119778633117676e-01
9.883611202239990234e-01
9.902548193931579590e-01
9.919649958610534668e-01
9.990475177764892578e-01
9.996984601020812988e-01
9.875678420066833496e-01
9.990059137344360352e-01
9.967693090438842773e-01
9.979386329650878906e-01
9.928417205810546875e-01
9.981827735900878906e-01
9.894104003906250000e-01
9.972131848335266113e-01
9.690124392509460449e-01
9.912372827529907227e-01
9.958099722862243652e-01
9.994411468505859375e-01
9.979928731918334961e-01
9.872753024101257324e-01
9.978811740875244141e-01
9.967911839485168457e-01
9.965891242027282715e-01
9.950222373008728027e-01
9.878461360931396484e-01
9.933032989501953125e-01
9.973487854003906250e-01
9.843112230300903320e-01
9.878345727920532227e-01
9.990288019180297852e-01
9.980819821357727051e-01
9.981701970100402832e-01
9.848111867904663086e-01
9.979655146598815918e-01
9.843896031379699707e-01
9.938893914222717285e-01
9.881523251533508301e-01
9.998978972434997559e-01
9.946882128715515137e-01
9.983633756637573242e-01
9.654147624969482422e-01
9.575598835945129395e-01
9.826427698135375977e-01
9.934207201004028320e-01
9.937428236007690430e-01
9.968868494033813477e-01
9.990449547767639160e-01
9.845576286315917969e-01
9.744244813919067383e-01
9.863370656967163086e-01
9.823933243751525879e-01
9.978441596031188965e-01
9.929285645484924316e-01
9.998871684074401855e-01
9.993682503700256348e-01
9.960446953773498535e-01
9.943234920501708984e-01
9.986534118652343750e-01
9.993346929550170898e-01
9.993328452110290527e-01
9.889503121376037598e-01
9.974060058593750000e-01
9.512485861778259277e-01
9.965187907218933105e-01
9.932224154472351074e-01
9.980989098548889160e-01
9.953849911689758301e-01
9.967865347862243652e-01
9.989938735961914062e-01
9.927378892898559570e-01
9.987828731536865234e-01
9.853571057319641113e-01
9.932909011840820312e-01
9.983226060867309570e-01
9.996048808097839355e-01
9.934148192405700684e-01
9.961737394332885742e-01
9.988551735877990723e-01
9.958737492561340332e-01
9.839575886726379395e-01
9.877477884292602539e-01
9.974674582481384277e-01
9.743729829788208008e-01
9.769617319107055664e-01
9.974671006202697754e-01
9.873596429824829102e-01
9.901029467582702637e-01
9.932451248168945312e-01
9.987555146217346191e-01
9.976339340209960938e-01
9.884890913963317871e-01
9.880603551864624023e-01
9.707548618316650391e-01
9.879447817802429199e-01
9.989148974418640137e-01
9.895573854446411133e-01
9.889016747474670410e-01
9.885380268096923828e-01
9.922170042991638184e-01
9.519202113151550293e-01
9.788200259208679199e-01
9.984276890754699707e-01
9.959719181060791016e-01
9.993041157722473145e-01
9.980580806732177734e-01
9.988251924514770508e-01
8.845151066780090332e-01
9.776085019111633301e-01
9.948541522026062012e-01
9.950290918350219727e-01
9.859612584114074707e-01
9.966855645179748535e-01
9.990404248237609863e-01
9.886588454246520996e-01
9.591882228851318359e-01
9.979047179222106934e-01
9.822521209716796875e-01
9.945775866508483887e-01
9.842635393142700195e-01
9.985100626945495605e-01
9.976342320442199707e-01
9.896046519279479980e-01
9.935642480850219727e-01
9.963477849960327148e-01
9.986131787300109863e-01
9.889004826545715332e-01
9.994313120841979980e-01
9.978253245353698730e-01
9.961733818054199219e-01
9.743875861167907715e-01
9.970830082893371582e-01
9.938480854034423828e-01
9.863804578781127930e-01
9.981182813644409180e-01
9.989911913871765137e-01
9.865365028381347656e-01
9.974388480186462402e-01
9.910772442817687988e-01
9.879499077796936035e-01
9.993822574615478516e-01
9.992979764938354492e-01
9.959097504615783691e-01
9.917412996292114258e-01
9.968815445899963379e-01
9.961013793945312500e-01
9.912841320037841797e-01
9.766872525215148926e-01
9.998793005943298340e-01
9.812655448913574219e-01
9.946887493133544922e-01
9.978145360946655273e-01
9.954960346221923828e-01
9.986359477043151855e-01
9.880929589271545410e-01
9.925080537796020508e-01
9.942027926445007324e-01
9.969416856765747070e-01
9.894029498100280762e-01
9.904362559318542480e-01
9.799709320068359375e-01
9.960155487060546875e-01
9.972372055053710938e-01
9.922316670417785645e-01
9.964532256126403809e-01
9.950557947158813477e-01
9.259641766548156738e-01
9.914855957031250000e-01
9.850761294364929199e-01
9.955761432647705078e-01
9.930039048194885254e-01
9.545022249221801758e-01
9.951416850090026855e-01
9.983721375465393066e-01
