9.730616211891174316e-01
9.982419610023498535e-01
9.903659224510192871e-01
9.925590753555297852e-01
9.672378897666931152e-01
9.939585924148559570e-01
9.995232820510864258e-01
9.982106089591979980e-01
9.993999600410461426e-01
9.972168207168579102e-01
9.998886585235595703e-01
9.959025382995605469e-01
9.968265891075134277e-01
9.501426219940185547e-01
9.656617045402526855e-01
9.980256557464599609e-01
9.906228184700012207e-01
9.968698024749755859e-01
9.954812526702880859e-01
9.975394010543823242e-01
9.883935451507568359e-01
9.944583773612976074e-01
9.990752339363098145e-01
9.966185688972473145e-01
9.961535930633544922e-01
9.965025782585144043e-01
9.999735951423645020e-01
9.907784461975097656e-01
9.950623512268066406e-01
9.842814803123474121e-01
9.972996115684509277e-01
9.719925522804260254e-01
9.761815071105957031e-01
9.797603487968444824e-01
9.745364189147949219e-01
9.875006675720214844e-01
9.994171857833862305e-01
9.967698454856872559e-01
9.934490323066711426e-01
9.931253790855407715e-01
9.977380037307739258e-01
9.864119291305541992e-01
9.984726905822753906e-01
9.621455669403076172e-01
9.920094013214111328e-01
9.952235221862792969e-01
9.980789422988891602e-01
9.973669052124023438e-01
9.946207404136657715e-01
9.958021640777587891e-01
9.985404014587402344e-01
9.984379410743713379e-01
9.755550622940063477e-01
9.983614087104797363e-01
9.870217442512512207e-01
9.979077577590942383e-01
9.987195730209350586e-01
9.956368803977966309e-01
9.962446093559265137e-01
9.990656971931457520e-01
9.914535284042358398e-01
8.834102153778076172e-01
9.982265830039978027e-01
9.988520741462707520e-01
9.847599864006042480e-01
9.928476810455322266e-01
9.983940720558166504e-01
9.737480878829956055e-01
9.976577162742614746e-01
9.972970485687255859e-01
9.965624213218688965e-01
9.979102015495300293e-01
9.949263930320739746e-01
9.886137843132019043e-01
9.002785682678222656e-01
9.945056438446044922e-01
9.972772002220153809e-01
9.967209100723266602e-01
9.915057420730590820e-01
9.672467112541198730e-01
9.979637265205383301e-01
9.760719537734985352e-01
9.996809959411621094e-01
9.996888041496276855e-01
9.575950503349304199e-01
9.796302914619445801e-01
9.848986268043518066e-01
9.979779720306396484e-01
9.758523106575012207e-01
9.997019171714782715e-01
9.910197854042053223e-01
9.881502985954284668e-01
9.990891814231872559e-01
9.952555298805236816e-01
9.944654107093811035e-01
9.956987500190734863e-01
9.849312901496887207e-01
9.921329021453857422e-01
9.976589679718017578e-01
9.990746378898620605e-01
9.925949573516845703e-01
9.945021271705627441e-01
9.980228543281555176e-01
9.778082370758056641e-01
9.988286495208740234e-01
9.949669837951660156e-01
9.995748400688171387e-01
9.975209832191467285e-01
9.968270063400268555e-01
9.967620968818664551e-01
9.984973669052124023e-01
9.880718588829040527e-01
9.884072542190551758e-01
9.979954361915588379e-01
9.947282075881958008e-01
9.982115030288696289e-01
9.938404560089111328e-01
9.684666395187377930e-01
9.972264170646667480e-01
9.944369792938232422e-01
9.977450370788574219e-01
9.946023821830749512e-01
9.804592132568359375e-01
9.900307059288024902e-01
9.808353781700134277e-01
9.579060673713684082e-01
9.986264109611511230e-01
9.981387853622436523e-01
9.989541769027709961e-01
9.787589311599731445e-01
9.974610209465026855e-01
9.986481666564941406e-01
9.090263247489929199e-01
9.944918155670166016e-01
9.848586320877075195e-01
9.758426547050476074e-01
9.977779984474182129e-01
9.913645386695861816e-01
9.984202384948730469e-01
9.946317076683044434e-01
9.980143904685974121e-01
9.988331794738769531e-01
9.206404089927673340e-01
9.963445663452148438e-01
9.946025609970092773e-01
9.982883334159851074e-01
9.983742237091064453e-01
9.939954280853271484e-01
9.968459010124206543e-01
9.923766255378723145e-01
9.971064925193786621e-01
9.933406710624694824e-01
9.961897134780883789e-01
9.915992021560668945e-01
9.938223958015441895e-01
9.798784852027893066e-01
9.717132449150085449e-01
9.941835403442382812e-01
9.858306646347045898e-01
9.996554851531982422e-01
9.618415832519531250e-01
9.870923161506652832e-01
9.970719218254089355e-01
9.988813996315002441e-01
9.953905940055847168e-01
9.985234141349792480e-01
9.968396425247192383e-01
9.955900907516479492e-01
9.987215399742126465e-01
9.878965616226196289e-01
9.928518533706665039e-01
9.712917804718017578e-01
9.981641769409179688e-01
9.918817281723022461e-01
9.951863288879394531e-01
9.896654486656188965e-01
9.974131584167480469e-01
9.937002062797546387e-01
9.728984236717224121e-01
9.956694245338439941e-01
9.709659814834594727e-01
9.962314963340759277e-01
9.975460171699523926e-01
9.985526800155639648e-01
9.986584186553955078e-01
9.969254136085510254e-01
9.968394637107849121e-01
9.955430626869201660e-01
9.976751804351806641e-01
9.992712140083312988e-01
9.898615479469299316e-01
9.947250485420227051e-01
9.896037578582763672e-01
9.948153495788574219e-01
8.975039720535278320e-01
9.962222576141357422e-01
9.970225691795349121e-01
9.903186559677124023e-01
9.984720349311828613e-01
9.211570620536804199e-01
9.838423132896423340e-01
9.970446825027465820e-01
9.915969967842102051e-01
9.912969470024108887e-01
9.901548027992248535e-01
9.975414872169494629e-01
9.979684352874755859e-01
9.886107444763183594e-01
9.957654476165771484e-01
9.949507117271423340e-01
9.732103943824768066e-01
9.911152720451354980e-01
9.017626047134399414e-01
9.986805319786071777e-01
9.986588954925537109e-01
9.900171756744384766e-01
9.980151057243347168e-01
9.996588826179504395e-01
9.683012366294860840e-01
9.890829324722290039e-01
9.975311160087585449e-01
9.992473721504211426e-01
9.989836812019348145e-01
9.990097880363464355e-01
9.985786080360412598e-01
9.910046458244323730e-01
9.904165863990783691e-01
9.895087480545043945e-01
9.971542954444885254e-01
9.901409149169921875e-01
9.980892539024353027e-01
9.954003691673278809e-01
9.830460548400878906e-01
9.739328026771545410e-01
9.974334239959716797e-01
9.913526177406311035e-01
9.983391761779785156e-01
9.993333816528320312e-01
9.548442959785461426e-01
9.922598004341125488e-01
9.991092681884765625e-01
9.857831001281738281e-01
9.978435635566711426e-01
9.489691853523254395e-01
9.892381429672241211e-01
9.984297752380371094e-01
9.922646880149841309e-01
9.249339103698730469e-01
9.976426362991333008e-01
9.991672635078430176e-01
9.912110567092895508e-01
9.859550595283508301e-01
9.996026754379272461e-01
9.949354529380798340e-01
9.994055628776550293e-01
9.967393875122070312e-01
9.930647611618041992e-01
9.923958778381347656e-01
9.977529644966125488e-01
9.986314177513122559e-01
9.985724687576293945e-01
9.922642111778259277e-01
9.984529018402099609e-01
9.933376312255859375e-01
9.761205315589904785e-01
9.936231970787048340e-01
9.860729575157165527e-01
9.101819992065429688e-01
9.974176883697509766e-01
9.975601434707641602e-01
9.600999951362609863e-01
9.295305609703063965e-01
9.980252385139465332e-01
9.899410605430603027e-01
9.878541231155395508e-01
9.964624047279357910e-01
9.944869875907897949e-01
9.966920614242553711e-01
9.972285032272338867e-01
9.961016774177551270e-01
9.802269339561462402e-01
9.975101351737976074e-01
9.844408035278320312e-01
9.879850745201110840e-01
9.975786209106445312e-01
9.993755221366882324e-01
9.986934661865234375e-01
9.977599382400512695e-01
9.982063174247741699e-01
9.954271912574768066e-01
9.938333034515380859e-01
9.945908784866333008e-01
9.879939556121826172e-01
9.912937879562377930e-01
9.889842867851257324e-01
9.910708069801330566e-01
9.984636306762695312e-01
9.981446266174316406e-01
9.954612255096435547e-01
9.966831207275390625e-01
9.999416470527648926e-01
9.984500408172607422e-01
9.989954829216003418e-01
9.979137778282165527e-01
9.934679269790649414e-01
9.239097237586975098e-01
9.981113672256469727e-01
9.979513883590698242e-01
9.968910813331604004e-01
9.569526910781860352e-01
9.881442189216613770e-01
9.798254370689392090e-01
9.927783608436584473e-01
9.902583956718444824e-01
9.920450448989868164e-01
9.698364138603210449e-01
9.941638708114624023e-01
9.978051185607910156e-01
9.976487159729003906e-01
9.507240653038024902e-01
9.863305091857910156e-01
9.966177940368652344e-01
9.963911771774291992e-01
9.672150015830993652e-01
9.932333827018737793e-01
9.988255500793457031e-01
9.670230746269226074e-01
9.868756532669067383e-01
9.973407983779907227e-01
9.983345270156860352e-01
9.866033792495727539e-01
8.923823833465576172e-01
9.963263273239135742e-01
9.997361898422241211e-01
9.961867928504943848e-01
9.941645264625549316e-01
9.931330084800720215e-01
9.761372208595275879e-01
9.562198519706726074e-01
9.982890486717224121e-01
9.960896372795104980e-01
9.996888041496276855e-01
9.972403645515441895e-01
9.988732933998107910e-01
9.921237826347351074e-01
9.976599216461181641e-01
9.954222440719604492e-01
9.994211196899414062e-01
9.968150258064270020e-01
9.910072684288024902e-01
9.850373268127441406e-01
9.935862421989440918e-01
9.894136786460876465e-01
9.980093836784362793e-01
9.827945828437805176e-01
9.871127009391784668e-01
9.976745247840881348e-01
9.928091764450073242e-01
9.978567957878112793e-01
9.991557598114013672e-01
9.871653914451599121e-01
9.761328697204589844e-01
9.708245992660522461e-01
9.975863695144653320e-01
9.944094419479370117e-01
9.997405409812927246e-01
9.937408566474914551e-01
9.985064268112182617e-01
9.759399890899658203e-01
9.939232468605041504e-01
9.984467625617980957e-01
9.919501543045043945e-01
9.918923974037170410e-01
9.960698485374450684e-01
9.596369862556457520e-01
9.976952075958251953e-01
9.536447525024414062e-01
9.959254264831542969e-01
9.798325300216674805e-01
9.427434802055358887e-01
9.977557659149169922e-01
9.719169735908508301e-01
9.960971474647521973e-01
9.871644377708435059e-01
9.982565045356750488e-01
9.953915476799011230e-01
9.935389757156372070e-01
9.877734780311584473e-01
9.934396743774414062e-01
9.987885355949401855e-01
9.974609017372131348e-01
9.718860983848571777e-01
9.974950551986694336e-01
9.967060089111328125e-01
9.952304959297180176e-01
9.866560101509094238e-01
9.978886842727661133e-01
9.893264770507812500e-01
9.998136758804321289e-01
8.080161809921264648e-01
9.987358450889587402e-01
9.975883364677429199e-01
9.977293014526367188e-01
9.923410415649414062e-01
9.957569241523742676e-01
9.967529177665710449e-01
9.933287501335144043e-01
9.950394034385681152e-01
9.849994182586669922e-01
9.895083904266357422e-01
9.930673837661743164e-01
9.970648884773254395e-01
9.904289245605468750e-01
9.982274174690246582e-01
9.894942045211791992e-01
9.914534091949462891e-01
9.997211694717407227e-01
9.954629540443420410e-01
9.988855123519897461e-01
9.936366081237792969e-01
9.980487823486328125e-01
9.964973926544189453e-01
9.885101914405822754e-01
9.993328452110290527e-01
9.454002976417541504e-01
9.991673231124877930e-01
9.994586706161499023e-01
9.717273712158203125e-01
9.968999624252319336e-01
9.845952987670898438e-01
9.928390979766845703e-01
9.978173971176147461e-01
9.978868961334228516e-01
9.504434466361999512e-01
9.979096055030822754e-01
9.896265268325805664e-01
9.612611532211303711e-01
9.970494508743286133e-01
9.741805791854858398e-01
9.908517599105834961e-01
9.978316426277160645e-01
9.949330687522888184e-01
9.979103803634643555e-01
9.911356568336486816e-01
9.925929903984069824e-01
9.971705079078674316e-01
9.952425360679626465e-01
9.955071210861206055e-01
9.982908964157104492e-01
9.994871020317077637e-01
9.952799677848815918e-01
9.954116344451904297e-01
9.956308603286743164e-01
9.913480281829833984e-01
9.862517714500427246e-01
9.978491663932800293e-01
9.919008016586303711e-01
9.940330386161804199e-01
9.858505725860595703e-01
9.914258718490600586e-01
9.989391565322875977e-01
9.954556822776794434e-01
9.990751743316650391e-01
9.937611818313598633e-01
9.981347918510437012e-01
9.876323342323303223e-01
9.992550015449523926e-01
9.993101954460144043e-01
9.967351555824279785e-01
9.912146329879760742e-01
9.993999004364013672e-01
9.943443536758422852e-01
9.978997111320495605e-01
9.870814681053161621e-01
9.892262220382690430e-01
9.873923063278198242e-01
9.966716766357421875e-01
9.972944855690002441e-01
9.993267655372619629e-01
9.974801540374755859e-01
9.911942481994628906e-01
9.903638958930969238e-01
9.894905090332031250e-01
9.950241446495056152e-01
9.912112951278686523e-01
9.917973279953002930e-01
9.982771277427673340e-01
9.941118955612182617e-01
9.894546270370483398e-01
9.973795413970947266e-01
9.946925044059753418e-01
9.983888268470764160e-01
9.504045844078063965e-01
9.981811642646789551e-01
9.889099001884460449e-01
9.944692254066467285e-01
9.779908657073974609e-01
9.981670379638671875e-01
9.909649491310119629e-01
9.780636429786682129e-01
9.890164732933044434e-01
9.871082305908203125e-01
9.990680217742919922e-01
9.949612021446228027e-01
9.940629601478576660e-01
9.972309470176696777e-01
9.136469364166259766e-01
9.813756346702575684e-01
9.277283549308776855e-01
9.953758120536804199e-01
9.889042973518371582e-01
9.977048635482788086e-01
9.749049544334411621e-01
7.963259220123291016e-01
9.966772198677062988e-01
9.607309699058532715e-01
9.937844872474670410e-01
9.736616015434265137e-01
9.788739681243896484e-01
9.992607235908508301e-01
9.964581727981567383e-01
9.249549508094787598e-01
9.956660866737365723e-01
9.949814081192016602e-01
9.936862587928771973e-01
9.966978430747985840e-01
9.974620938301086426e-01
9.960792064666748047e-01
9.895142912864685059e-01
9.805833101272583008e-01
9.895769357681274414e-01
9.966846704483032227e-01
9.985374808311462402e-01
9.973331689834594727e-01
9.938133955001831055e-01
9.972944855690002441e-01
9.652719497680664062e-01
9.981054663658142090e-01
9.940537810325622559e-01
9.981928467750549316e-01
9.918655157089233398e-01
9.951907992362976074e-01
9.791142940521240234e-01
9.906685948371887207e-01
9.977970123291015625e-01
9.921780228614807129e-01
9.937591552734375000e-01
9.984408020973205566e-01
9.874389767646789551e-01
9.992194175720214844e-01
9.689463973045349121e-01
9.930744171142578125e-01
9.976158142089843750e-01
9.810264706611633301e-01
9.925453066825866699e-01
9.962184429168701172e-01
9.967368841171264648e-01
9.958769679069519043e-01
9.950979948043823242e-01
9.911194443702697754e-01
9.905863404273986816e-01
9.958829879760742188e-01
9.978198409080505371e-01
9.947363138198852539e-01
9.988800883293151855e-01
9.966730475425720215e-01
9.937590956687927246e-01
9.882681965827941895e-01
9.711594581604003906e-01
9.953917264938354492e-01
9.899701476097106934e-01
9.997328519821166992e-01
9.952880144119262695e-01
9.967783093452453613e-01
9.975117444992065430e-01
9.975089430809020996e-01
9.957968592643737793e-01
9.956758618354797363e-01
9.715546369552612305e-01
9.944804310798645020e-01
9.945914745330810547e-01
9.908174872398376465e-01
9.993671774864196777e-01
9.744821786880493164e-01
9.977151155471801758e-01
9.972719550132751465e-01
9.567749500274658203e-01
9.205365777015686035e-01
9.979183673858642578e-01
9.922338724136352539e-01
9.962365627288818359e-01
9.974424839019775391e-01
9.677035808563232422e-01
9.559060335159301758e-01
9.961429238319396973e-01
9.885832071304321289e-01
9.914967417716979980e-01
9.969427585601806641e-01
9.969368577003479004e-01
9.951748847961425781e-01
9.929888248443603516e-01
9.924328923225402832e-01
9.920307993888854980e-01
9.860941767692565918e-01
9.902270436286926270e-01
9.723225235939025879e-01
9.979785680770874023e-01
9.890291690826416016e-01
9.915606379508972168e-01
9.818443655967712402e-01
9.946072101593017578e-01
9.961898922920227051e-01
9.985326528549194336e-01
9.631959199905395508e-01
9.566627740859985352e-01
9.977740645408630371e-01
9.708502888679504395e-01
9.744374155998229980e-01
9.958539009094238281e-01
9.734454154968261719e-01
9.927883744239807129e-01
9.977610111236572266e-01
9.951176047325134277e-01
9.960070252418518066e-01
9.965313076972961426e-01
9.981908202171325684e-01
9.934566020965576172e-01
9.980732202529907227e-01
9.971828460693359375e-01
9.986488223075866699e-01
9.534541368484497070e-01
9.899019598960876465e-01
9.949156045913696289e-01
9.755086302757263184e-01
9.952242970466613770e-01
9.984046220779418945e-01
9.981732368469238281e-01
9.965626597404479980e-01
9.966866970062255859e-01
9.918835163116455078e-01
9.913225173950195312e-01
9.904661774635314941e-01
9.998414516448974609e-01
9.708093404769897461e-01
9.731213450431823730e-01
9.847841262817382812e-01
9.915286898612976074e-01
9.834029078483581543e-01
9.885023236274719238e-01
9.880800247192382812e-01
9.102832078933715820e-01
9.943974614143371582e-01
9.698927402496337891e-01
9.785008430480957031e-01
9.179391860961914062e-01
9.955294132232666016e-01
9.973888397216796875e-01
9.981656074523925781e-01
9.849644303321838379e-01
9.960033297538757324e-01
9.962193369865417480e-01
9.895630478858947754e-01
9.925054907798767090e-01
9.955494999885559082e-01
9.972223043441772461e-01
9.955001473426818848e-01
9.970763325691223145e-01
9.926404356956481934e-01
9.983651638031005859e-01
9.997559785842895508e-01
9.975836277008056641e-01
9.977327585220336914e-01
9.271920323371887207e-01
9.976501464843750000e-01
9.825784564018249512e-01
9.978286027908325195e-01
9.940414428710937500e-01
9.950141906738281250e-01
9.978287220001220703e-01
9.852650165557861328e-01
9.908072352409362793e-01
9.995158314704895020e-01
9.995811581611633301e-01
9.847111701965332031e-01
9.991333484649658203e-01
9.900060892105102539e-01
9.754718542098999023e-01
9.998144507408142090e-01
9.855393767356872559e-01
9.970752000808715820e-01
9.668102860450744629e-01
9.885526299476623535e-01
9.963159561157226562e-01
9.762424826622009277e-01
9.991050958633422852e-01
9.999596476554870605e-01
9.869747757911682129e-01
9.740495085716247559e-01
9.840070009231567383e-01
8.435721993446350098e-01
9.989897608757019043e-01
9.984512329101562500e-01
8.378279209136962891e-01
9.980371594429016113e-01
9.964610338211059570e-01
9.953441619873046875e-01
9.950877428054809570e-01
9.930387735366821289e-01
9.994339346885681152e-01
9.832745194435119629e-01
9.370074272155761719e-01
9.994357824325561523e-01
9.709962010383605957e-01
9.970534443855285645e-01
9.952690601348876953e-01
9.999203085899353027e-01
9.962164759635925293e-01
9.958983063697814941e-01
9.964299201965332031e-01
9.595044851303100586e-01
9.876932501792907715e-01
9.987443089485168457e-01
9.959837198257446289e-01
9.936820268630981445e-01
9.972564578056335449e-01
9.904533624649047852e-01
9.973226785659790039e-01
9.917226433753967285e-01
9.929310083389282227e-01
9.936113357543945312e-01
9.935921430587768555e-01
9.927257895469665527e-01
9.989781975746154785e-01
9.980964660644531250e-01
9.834969043731689453e-01
9.956573843955993652e-01
9.902381300926208496e-01
9.979447722434997559e-01
9.746798276901245117e-01
9.892508387565612793e-01
9.940865039825439453e-01
9.860677123069763184e-01
9.950971603393554688e-01
9.957009553909301758e-01
9.964413046836853027e-01
9.403358101844787598e-01
9.909921288490295410e-01
9.950919747352600098e-01
8.313582539558410645e-01
9.989752769470214844e-01
9.803984165191650391e-01
9.757786989212036133e-01
9.964935183525085449e-01
9.981198310852050781e-01
9.758389592170715332e-01
9.571449160575866699e-01
9.558973908424377441e-01
9.953068494796752930e-01
9.991009831428527832e-01
9.920641779899597168e-01
9.367840290069580078e-01
9.790457487106323242e-01
9.970744252204895020e-01
9.881068468093872070e-01
9.983150362968444824e-01
9.932963252067565918e-01
9.912865161895751953e-01
9.917749762535095215e-01
9.988489151000976562e-01
9.928069710731506348e-01
9.973188638687133789e-01
9.946497082710266113e-01
9.841358065605163574e-01
9.991426467895507812e-01
9.979438781738281250e-01
9.904230833053588867e-01
9.978659749031066895e-01
9.993011355400085449e-01
9.985100626945495605e-01
9.952797293663024902e-01
9.975302219390869141e-01
9.876461625099182129e-01
9.949781894683837891e-01
9.789916276931762695e-01
9.879647493362426758e-01
9.825428724288940430e-01
9.955635666847229004e-01
9.958325624465942383e-01
9.936491847038269043e-01
9.903286695480346680e-01
9.995583891868591309e-01
9.619399905204772949e-01
9.971175789833068848e-01
9.978919029235839844e-01
9.940173029899597168e-01
9.995692372322082520e-01
9.854496717453002930e-01
9.953016042709350586e-01
8.412962555885314941e-01
9.716926217079162598e-01
9.870251417160034180e-01
9.979729652404785156e-01
9.983758926391601562e-01
9.967175126075744629e-01
9.977738261222839355e-01
9.982395172119140625e-01
9.821265339851379395e-01
9.947848916053771973e-01
9.728620052337646484e-01
9.964541196823120117e-01
9.991008639335632324e-01
9.333913326263427734e-01
9.912979602813720703e-01
9.998086094856262207e-01
9.895976185798645020e-01
9.871877431869506836e-01
9.900484681129455566e-01
9.963862895965576172e-01
9.707439541816711426e-01
9.971795678138732910e-01
9.803935885429382324e-01
9.902477264404296875e-01
9.994257688522338867e-01
9.913679361343383789e-01
9.648913145065307617e-01
9.543626904487609863e-01
9.869318008422851562e-01
9.975358843803405762e-01
9.895367622375488281e-01
9.871760010719299316e-01
9.931964278221130371e-01
9.788201451301574707e-01
9.962911009788513184e-01
9.874448180198669434e-01
9.366028308868408203e-01
9.831537008285522461e-01
9.541318416595458984e-01
9.981418251991271973e-01
9.997338652610778809e-01
9.874895811080932617e-01
9.969866275787353516e-01
9.960438609123229980e-01
9.968523979187011719e-01
9.979394078254699707e-01
9.801829457283020020e-01
9.926242232322692871e-01
9.797896742820739746e-01
9.960640668869018555e-01
9.947361350059509277e-01
9.941046833992004395e-01
9.874911308288574219e-01
9.911433458328247070e-01
9.960119724273681641e-01
9.932531118392944336e-01
9.952903389930725098e-01
9.939111471176147461e-01
9.909042716026306152e-01
9.919964671134948730e-01
9.975713491439819336e-01
9.971591830253601074e-01
9.814314246177673340e-01
9.898417592048645020e-01
9.975081086158752441e-01
9.928996562957763672e-01
9.977034330368041992e-01
9.875369668006896973e-01
9.962770342826843262e-01
9.980403184890747070e-01
9.874530434608459473e-01
9.997774362564086914e-01
9.653278589248657227e-01
9.630821347236633301e-01
9.310837984085083008e-01
9.906333684921264648e-01
9.751433134078979492e-01
9.732650518417358398e-01
9.977602958679199219e-01
9.987156391143798828e-01
9.641767144203186035e-01
9.876990914344787598e-01
9.803771376609802246e-01
9.995281100273132324e-01
9.613236784934997559e-01
9.701003432273864746e-01
9.893100857734680176e-01
9.898746013641357422e-01
9.660775065422058105e-01
9.999287724494934082e-01
9.893116354942321777e-01
9.869096875190734863e-01
9.942036271095275879e-01
9.980664849281311035e-01
9.982088208198547363e-01
9.959617853164672852e-01
9.937731623649597168e-01
9.970529675483703613e-01
9.912473559379577637e-01
9.980950951576232910e-01
9.997009038925170898e-01
9.917464256286621094e-01
9.771525263786315918e-01
9.844014048576354980e-01
9.911046028137207031e-01
9.979050755500793457e-01
9.906489849090576172e-01
9.985272884368896484e-01
9.990384578704833984e-01
9.939492940902709961e-01
9.931753277778625488e-01
9.725460410118103027e-01
9.859837293624877930e-01
9.998999238014221191e-01
9.921140670776367188e-01
9.719909429550170898e-01
9.901494383811950684e-01
9.976298213005065918e-01
9.983716607093811035e-01
9.955539107322692871e-01
9.955304265022277832e-01
9.931703805923461914e-01
9.825716018676757812e-01
9.872629642486572266e-01
8.157497048377990723e-01
9.987880587577819824e-01
9.881033301353454590e-01
9.891532659530639648e-01
9.937053918838500977e-01
9.981287717819213867e-01
9.986299276351928711e-01
9.844565391540527344e-01
9.940642118453979492e-01
9.946015477180480957e-01
9.976469278335571289e-01
9.993577599525451660e-01
9.978459477424621582e-01
9.891682863235473633e-01
9.833554029464721680e-01
9.950639009475708008e-01
9.998552799224853516e-01
9.927147626876831055e-01
9.965593814849853516e-01
9.934583306312561035e-01
9.983056783676147461e-01
9.958519339561462402e-01
9.775158166885375977e-01
9.962710142135620117e-01
9.972850680351257324e-01
9.990785121917724609e-01
9.580469131469726562e-01
9.960432052612304688e-01
9.830186367034912109e-01
9.995483756065368652e-01
9.951798915863037109e-01
9.888597130775451660e-01
9.911545515060424805e-01
9.942260384559631348e-01
9.935832619667053223e-01
9.907778501510620117e-01
9.814336895942687988e-01
9.968694448471069336e-01
9.954145550727844238e-01
9.965290427207946777e-01
9.930956959724426270e-01
9.968848824501037598e-01
9.891122579574584961e-01
9.504098296165466309e-01
9.977709650993347168e-01
9.817388057708740234e-01
9.990833401679992676e-01
9.687749147415161133e-01
9.909086823463439941e-01
9.984224438667297363e-01
9.908263683319091797e-01
9.935548305511474609e-01
9.994493126869201660e-01
9.990814924240112305e-01
9.931610822677612305e-01
9.936230182647705078e-01
9.976057410240173340e-01
9.979239106178283691e-01
9.780872464179992676e-01
9.872225522994995117e-01
9.978984594345092773e-01
9.938502311706542969e-01
9.971786737442016602e-01
9.968852996826171875e-01
9.852268099784851074e-01
9.934762716293334961e-01
9.912331104278564453e-01
9.974250793457031250e-01
9.968591928482055664e-01
9.793053269386291504e-01
9.940831065177917480e-01
9.967228770256042480e-01
8.559744358062744141e-01
9.921725392341613770e-01
9.812079668045043945e-01
9.992765188217163086e-01
9.968497753143310547e-01
9.968069195747375488e-01
9.940595030784606934e-01
9.873355031013488770e-01
9.935324192047119141e-01
9.985162615776062012e-01
9.976124763488769531e-01
9.986516237258911133e-01
9.949713349342346191e-01
9.965692162513732910e-01
9.938978552818298340e-01
9.977816343307495117e-01
9.354366064071655273e-01
9.917266368865966797e-01
9.912700653076171875e-01
9.868015050888061523e-01
9.927096366882324219e-01
9.662526845932006836e-01
9.211823940277099609e-01
9.988221526145935059e-01
9.406861662864685059e-01
9.984784126281738281e-01
9.419615864753723145e-01
9.996869564056396484e-01
9.979470372200012207e-01
9.997596144676208496e-01
9.929051995277404785e-01
9.956379532814025879e-01
9.973629117012023926e-01
9.978412985801696777e-01
9.973738789558410645e-01
9.910529255867004395e-01
9.985904693603515625e-01
9.962059259414672852e-01
9.987726211547851562e-01
9.943318367004394531e-01
9.819741249084472656e-01
9.963860511779785156e-01
9.306780695915222168e-01
9.989765882492065430e-01
9.963376522064208984e-01
9.993706941604614258e-01
9.858043193817138672e-01
9.551559090614318848e-01
9.960395097732543945e-01
9.955641031265258789e-01
9.929413199424743652e-01
9.991058111190795898e-01
9.931389093399047852e-01
9.971192479133605957e-01
9.841967821121215820e-01
9.972384572029113770e-01
9.881019592285156250e-01
9.951525926589965820e-01
9.857339262962341309e-01
9.993063807487487793e-01
9.981116652488708496e-01
9.968028664588928223e-01
9.982212781906127930e-01
9.944202303886413574e-01
9.887477755546569824e-01
9.925789833068847656e-01
9.885328412055969238e-01
9.977100491523742676e-01
9.974972009658813477e-01
9.899188876152038574e-01
9.988624453544616699e-01
9.878824353218078613e-01
9.751480817794799805e-01
9.953221678733825684e-01
9.961981177330017090e-01
9.969685077667236328e-01
9.979609251022338867e-01
9.985485672950744629e-01
9.925929307937622070e-01
9.936174750328063965e-01
9.975289702415466309e-01
9.721330404281616211e-01
9.925615191459655762e-01
9.968299269676208496e-01
9.880399703979492188e-01
9.965586662292480469e-01
9.830633401870727539e-01
9.983571767807006836e-01
9.995238780975341797e-01
9.971725940704345703e-01
9.704666733741760254e-01
9.845744967460632324e-01
9.916517734527587891e-01
9.963260293006896973e-01
9.996228814125061035e-01
9.767518639564514160e-01
9.662410616874694824e-01
9.967440366744995117e-01
9.906375408172607422e-01
9.920154809951782227e-01
9.946015477180480957e-01
9.136478900909423828e-01
9.997648000717163086e-01
9.923785328865051270e-01
9.961835145950317383e-01
9.977414608001708984e-01
9.974681138992309570e-01
9.953657984733581543e-01
9.725408554077148438e-01
9.794049263000488281e-01
9.851250052452087402e-01
9.969483613967895508e-01
9.975221753120422363e-01
9.669187664985656738e-01
9.995433092117309570e-01
9.981664419174194336e-01
9.973443150520324707e-01
9.616705179214477539e-01
9.764479398727416992e-01
9.589916467666625977e-01
9.981143474578857422e-01
9.545506834983825684e-01
9.979145526885986328e-01
9.983146190643310547e-01
9.998407959938049316e-01
9.682550430297851562e-01
9.987925291061401367e-01
9.722900390625000000e-01
9.894266724586486816e-01
9.539438486099243164e-01
9.846769571304321289e-01
9.918873310089111328e-01
9.796059727668762207e-01
9.998808503150939941e-01
9.960600137710571289e-01
9.960817694664001465e-01
9.971471428871154785e-01
9.988548755645751953e-01
9.972365498542785645e-01
9.968923330307006836e-01
9.924505949020385742e-01
9.856947064399719238e-01
9.908967614173889160e-01
9.877085685729980469e-01
9.989290833473205566e-01
9.987372159957885742e-01
9.939725399017333984e-01
9.996297955513000488e-01
9.939585328102111816e-01
9.981729388236999512e-01
9.958024621009826660e-01
9.978024959564208984e-01
9.941528439521789551e-01
9.976278543472290039e-01
9.539815187454223633e-01
9.928226470947265625e-01
9.958000779151916504e-01
9.993782639503479004e-01
9.975770711898803711e-01
9.875798225402832031e-01
9.987604618072509766e-01
9.968501925468444824e-01
9.973078966140747070e-01
9.955262541770935059e-01
9.926463365554809570e-01
9.935296773910522461e-01
9.973565936088562012e-01
9.891895055770874023e-01
9.865212440490722656e-01
9.990355372428894043e-01
9.980404973030090332e-01
9.980466365814208984e-01
9.842622280120849609e-01
9.976981282234191895e-01
9.840893149375915527e-01
9.970511198043823242e-01
9.874897599220275879e-01
9.998291730880737305e-01
9.950678944587707520e-01
9.979913830757141113e-01
9.594653844833374023e-01
9.586782455444335938e-01
9.857068657875061035e-01
9.951866269111633301e-01
9.938415288925170898e-01
9.974339604377746582e-01
9.972007274627685547e-01
9.848937988281250000e-01
9.696144461631774902e-01
9.529002904891967773e-01
9.707633852958679199e-01
9.973822832107543945e-01
9.910536408424377441e-01
9.999577403068542480e-01
9.996724724769592285e-01
9.956780672073364258e-01
9.931007623672485352e-01
9.991673231124877930e-01
9.993545413017272949e-01
9.958660602569580078e-01
9.856017231941223145e-01
9.973137974739074707e-01
9.392244219779968262e-01
9.962573051452636719e-01
9.785047769546508789e-01
9.982625842094421387e-01
9.967138767242431641e-01
9.976544976234436035e-01
9.988301396369934082e-01
9.954271912574768066e-01
9.990934729576110840e-01
9.860561490058898926e-01
9.803298115730285645e-01
9.977856874465942383e-01
9.999150633811950684e-01
9.942607879638671875e-01
9.856981039047241211e-01
9.988866448402404785e-01
9.970529675483703613e-01
9.839985370635986328e-01
9.958254694938659668e-01
9.977620244026184082e-01
9.843237400054931641e-01
9.706982970237731934e-01
9.969227910041809082e-01
9.909715652465820312e-01
9.900375008583068848e-01
9.939434528350830078e-01
9.984344244003295898e-01
9.980216622352600098e-01
9.884551167488098145e-01
9.817385673522949219e-01
9.655539393424987793e-01
9.894660115242004395e-01
9.991891384124755859e-01
9.897181391716003418e-01
9.866419434547424316e-01
9.889834523200988770e-01
9.920606613159179688e-01
9.520510435104370117e-01
9.714968204498291016e-01
9.970120191574096680e-01
9.957592487335205078e-01
9.992061853408813477e-01
9.993879199028015137e-01
9.983949065208435059e-01
8.930247426033020020e-01
9.834671020507812500e-01
9.949823617935180664e-01
9.953387975692749023e-01
9.840031862258911133e-01
9.965291619300842285e-01
9.989593625068664551e-01
9.959073066711425781e-01
9.520155787467956543e-01
9.981178045272827148e-01
9.859022498130798340e-01
9.944389462471008301e-01
9.798226952552795410e-01
9.988160133361816406e-01
9.977754950523376465e-01
9.892765879631042480e-01
9.920026659965515137e-01
9.963963627815246582e-01
9.981854557991027832e-01
9.912496209144592285e-01
9.998771548271179199e-01
9.972549080848693848e-01
9.975173473358154297e-01
9.694676399230957031e-01
9.977480769157409668e-01
9.935820102691650391e-01
9.891753196716308594e-01
9.952409267425537109e-01
9.994866847991943359e-01
9.894717931747436523e-01
9.973449110984802246e-01
9.919770956039428711e-01
9.964678883552551270e-01
9.995211362838745117e-01
9.990351796150207520e-01
9.963812232017517090e-01
9.926053881645202637e-01
9.961785674095153809e-01
9.958329200744628906e-01
9.914231300354003906e-01
9.915229082107543945e-01
9.998669624328613281e-01
9.807555079460144043e-01
9.938231706619262695e-01
9.959308505058288574e-01
9.971140623092651367e-01
9.987698793411254883e-01
9.870014190673828125e-01
9.902534484863281250e-01
9.945991039276123047e-01
9.981444478034973145e-01
9.895462393760681152e-01
9.858204722404479980e-01
9.923945069313049316e-01
9.942654967308044434e-01
9.964762330055236816e-01
9.911097288131713867e-01
9.975215792655944824e-01
9.959308505058288574e-01
9.161293506622314453e-01
9.912044405937194824e-01
9.855532050132751465e-01
9.961851239204406738e-01
9.940968751907348633e-01
9.889742136001586914e-01
9.950330257415771484e-01
9.981745481491088867e-01
