9.774570465087890625e-01
9.983505606651306152e-01
9.887139201164245605e-01
9.860698580741882324e-01
9.612166881561279297e-01
9.897273182868957520e-01
9.996563196182250977e-01
9.984050393104553223e-01
9.992725253105163574e-01
9.969204664230346680e-01
9.998739361763000488e-01
9.959432482719421387e-01
9.979348182678222656e-01
9.329577088356018066e-01
9.716151952743530273e-01
9.977948069572448730e-01
9.894556403160095215e-01
9.965438842773437500e-01
9.970735907554626465e-01
9.976949691772460938e-01
9.884727001190185547e-01
9.956310987472534180e-01
9.990510344505310059e-01
9.967620372772216797e-01
9.965565204620361328e-01
9.970071315765380859e-01
9.938114285469055176e-01
9.936613440513610840e-01
9.956622719764709473e-01
9.852557182312011719e-01
9.981783628463745117e-01
9.818699359893798828e-01
9.755564332008361816e-01
9.769706726074218750e-01
9.768762588500976562e-01
9.901046752929687500e-01
9.995087385177612305e-01
9.967193007469177246e-01
9.959058761596679688e-01
9.859519004821777344e-01
9.986300468444824219e-01
9.852526783943176270e-01
9.981811046600341797e-01
9.638870954513549805e-01
9.924855232238769531e-01
9.926048517227172852e-01
9.985945224761962891e-01
9.972792863845825195e-01
9.949341416358947754e-01
9.899240136146545410e-01
9.978303909301757812e-01
9.986912608146667480e-01
9.786105155944824219e-01
9.984421133995056152e-01
9.922618865966796875e-01
9.980416297912597656e-01
9.983507394790649414e-01
9.956864118576049805e-01
9.970346689224243164e-01
9.998471736907958984e-01
9.906075596809387207e-01
8.710722923278808594e-01
9.996038675308227539e-01
9.991463422775268555e-01
9.824546575546264648e-01
9.937161803245544434e-01
9.986508488655090332e-01
9.783303141593933105e-01
9.964949488639831543e-01
9.973108768463134766e-01
9.800585508346557617e-01
9.985462427139282227e-01
9.957725405693054199e-01
9.902413487434387207e-01
9.575189352035522461e-01
9.944118261337280273e-01
9.977139234542846680e-01
9.837168455123901367e-01
9.926586747169494629e-01
9.780038595199584961e-01
9.979759454727172852e-01
9.763167500495910645e-01
9.999312758445739746e-01
9.971055984497070312e-01
9.962596893310546875e-01
9.812824130058288574e-01
9.837809801101684570e-01
9.979940056800842285e-01
9.766469001770019531e-01
9.997296929359436035e-01
9.911164045333862305e-01
9.947483539581298828e-01
9.989790320396423340e-01
9.985635280609130859e-01
9.946494698524475098e-01
9.950060248374938965e-01
9.851831793785095215e-01
9.930924177169799805e-01
9.880428910255432129e-01
9.943009018898010254e-01
9.926502704620361328e-01
9.947049617767333984e-01
9.984249472618103027e-01
9.742208123207092285e-01
9.987782835960388184e-01
9.951100349426269531e-01
9.994953870773315430e-01
9.920655488967895508e-01
9.983074069023132324e-01
9.971547722816467285e-01
9.978189468383789062e-01
9.880968928337097168e-01
9.912795424461364746e-01
9.978606700897216797e-01
9.938861727714538574e-01
9.969556927680969238e-01
9.933409690856933594e-01
9.708934426307678223e-01
9.966083765029907227e-01
9.951620697975158691e-01
9.976444244384765625e-01
9.952557086944580078e-01
9.903215169906616211e-01
9.908524751663208008e-01
9.834541678428649902e-01
9.602121710777282715e-01
9.968014359474182129e-01
9.982042908668518066e-01
9.990277886390686035e-01
9.826614260673522949e-01
9.975444674491882324e-01
9.988250732421875000e-01
9.019148349761962891e-01
9.949363470077514648e-01
9.860357642173767090e-01
9.784637093544006348e-01
9.978469610214233398e-01
9.930707216262817383e-01
9.974171519279479980e-01
9.952369332313537598e-01
9.980015754699707031e-01
9.972143769264221191e-01
9.197538495063781738e-01
9.965366125106811523e-01
9.959176182746887207e-01
9.986761212348937988e-01
9.983759522438049316e-01
9.940724372863769531e-01
9.966856837272644043e-01
9.912613630294799805e-01
9.975767135620117188e-01
9.951770901679992676e-01
9.941301345825195312e-01
9.913979768753051758e-01
9.964275956153869629e-01
9.896112680435180664e-01
9.988136291503906250e-01
9.988026022911071777e-01
9.913701415061950684e-01
9.993398785591125488e-01
9.579123258590698242e-01
9.941948652267456055e-01
9.970561265945434570e-01
9.991639852523803711e-01
9.951688647270202637e-01
9.987090826034545898e-01
9.994307756423950195e-01
9.971814751625061035e-01
9.984554052352905273e-01
9.910408854484558105e-01
9.933583140373229980e-01
9.675500988960266113e-01
9.983653426170349121e-01
9.941852092742919922e-01
9.945856928825378418e-01
9.902409911155700684e-01
9.969926476478576660e-01
9.917444586753845215e-01
9.846726059913635254e-01
9.968632459640502930e-01
9.792661666870117188e-01
9.965181946754455566e-01
9.977234601974487305e-01
9.990579485893249512e-01
9.986208677291870117e-01
9.980392456054687500e-01
9.972649216651916504e-01
9.952816963195800781e-01
9.980599880218505859e-01
9.992272853851318359e-01
9.898816943168640137e-01
9.959415793418884277e-01
9.896846413612365723e-01
9.957570433616638184e-01
9.306092858314514160e-01
9.958431720733642578e-01
9.971066117286682129e-01
9.865337014198303223e-01
9.984375238418579102e-01
9.281762838363647461e-01
9.925556182861328125e-01
9.975952506065368652e-01
9.902395009994506836e-01
9.434036612510681152e-01
9.889268279075622559e-01
9.980183839797973633e-01
9.978142976760864258e-01
9.883363842964172363e-01
9.956853389739990234e-01
9.945688843727111816e-01
9.719351530075073242e-01
9.909319281578063965e-01
8.855010867118835449e-01
9.985070824623107910e-01
9.985672831535339355e-01
9.890505671501159668e-01
9.982486367225646973e-01
9.996079802513122559e-01
9.606062173843383789e-01
9.832546710968017578e-01
9.976090192794799805e-01
9.974557757377624512e-01
9.992955923080444336e-01
9.991042613983154297e-01
9.984886646270751953e-01
9.882861971855163574e-01
9.889599084854125977e-01
9.885463714599609375e-01
9.974645972251892090e-01
9.874332547187805176e-01
9.980364441871643066e-01
9.965340495109558105e-01
9.875572323799133301e-01
9.723088145256042480e-01
9.974831342697143555e-01
9.856782555580139160e-01
9.985746145248413086e-01
9.994681477546691895e-01
9.740989208221435547e-01
9.881139397621154785e-01
9.990701675415039062e-01
9.822673797607421875e-01
9.952771663665771484e-01
9.417899250984191895e-01
9.871951341629028320e-01
9.980857372283935547e-01
9.925201535224914551e-01
9.588879942893981934e-01
9.969550371170043945e-01
9.994394183158874512e-01
9.881529211997985840e-01
9.905297756195068359e-01
9.993637800216674805e-01
9.917711615562438965e-01
9.986950159072875977e-01
9.989625215530395508e-01
9.974889755249023438e-01
9.914848804473876953e-01
9.937033653259277344e-01
9.976717233657836914e-01
9.991490244865417480e-01
9.981387853622436523e-01
9.943981766700744629e-01
9.978899955749511719e-01
9.977100491523742676e-01
9.766904115676879883e-01
9.945912957191467285e-01
9.929201602935791016e-01
9.133957624435424805e-01
9.964846968650817871e-01
9.980033636093139648e-01
9.849314689636230469e-01
9.160332083702087402e-01
9.980440735816955566e-01
9.917148351669311523e-01
9.849033355712890625e-01
9.957885146141052246e-01
9.945070743560791016e-01
9.946579933166503906e-01
9.974893927574157715e-01
9.968237876892089844e-01
9.829790592193603516e-01
9.978061914443969727e-01
9.832997918128967285e-01
9.907442927360534668e-01
9.983383417129516602e-01
9.996016025543212891e-01
9.978790283203125000e-01
9.977067112922668457e-01
9.981699585914611816e-01
9.950043559074401855e-01
9.933628439903259277e-01
9.947484135627746582e-01
9.813187718391418457e-01
9.915175437927246094e-01
9.917710423469543457e-01
9.882684350013732910e-01
9.926468729972839355e-01
9.978718161582946777e-01
9.998469948768615723e-01
9.952470660209655762e-01
9.948851466178894043e-01
9.997674822807312012e-01
9.974107742309570312e-01
9.990229010581970215e-01
9.947468638420104980e-01
9.930303692817687988e-01
9.215595126152038574e-01
9.981106519699096680e-01
9.978721737861633301e-01
9.969949126243591309e-01
9.632437825202941895e-01
9.872472286224365234e-01
9.870996475219726562e-01
9.939253926277160645e-01
9.949632883071899414e-01
9.938169717788696289e-01
9.849311709403991699e-01
9.961467981338500977e-01
9.977633357048034668e-01
9.978298544883728027e-01
9.557907581329345703e-01
9.803269505500793457e-01
9.955250620841979980e-01
9.965954422950744629e-01
9.720514416694641113e-01
9.957821965217590332e-01
9.988271594047546387e-01
9.779462218284606934e-01
9.872968196868896484e-01
9.981265068054199219e-01
9.983501434326171875e-01
9.858936071395874023e-01
8.903821706771850586e-01
9.972676634788513184e-01
9.998655319213867188e-01
9.963601231575012207e-01
9.957455396652221680e-01
9.902496933937072754e-01
9.782351255416870117e-01
9.588257074356079102e-01
9.980247616767883301e-01
9.968922138214111328e-01
9.995909333229064941e-01
9.977242350578308105e-01
9.993087649345397949e-01
9.948700070381164551e-01
9.987813234329223633e-01
9.948858618736267090e-01
9.997947812080383301e-01
9.979560375213623047e-01
9.878244400024414062e-01
9.823968410491943359e-01
9.926729202270507812e-01
9.875902533531188965e-01
9.989709854125976562e-01
9.820030927658081055e-01
9.875493645668029785e-01
9.995197653770446777e-01
9.943466186523437500e-01
9.973960518836975098e-01
9.980612993240356445e-01
9.890958070755004883e-01
9.808989167213439941e-01
9.795188307762145996e-01
9.979783296585083008e-01
9.900737404823303223e-01
9.998353719711303711e-01
9.932413101196289062e-01
9.982377290725708008e-01
9.773599505424499512e-01
9.925070405006408691e-01
9.988389611244201660e-01
9.880611300468444824e-01
9.918503761291503906e-01
9.955012798309326172e-01
9.601033329963684082e-01
9.982987642288208008e-01
9.541018009185791016e-01
9.955695271492004395e-01
9.829573035240173340e-01
9.393869638442993164e-01
9.978135228157043457e-01
9.745295047760009766e-01
9.952400922775268555e-01
9.855393767356872559e-01
9.980086088180541992e-01
9.953298568725585938e-01
9.967817068099975586e-01
9.918538331985473633e-01
9.936636090278625488e-01
9.991689920425415039e-01
9.975421428680419922e-01
9.976593255996704102e-01
9.733954668045043945e-01
9.978094100952148438e-01
9.943373203277587891e-01
9.958500862121582031e-01
9.871830344200134277e-01
9.981463551521301270e-01
9.917501211166381836e-01
9.998213648796081543e-01
7.188960909843444824e-01
9.989283084869384766e-01
9.980807900428771973e-01
9.978512525558471680e-01
9.895146489143371582e-01
9.954846501350402832e-01
9.982757568359375000e-01
9.927327036857604980e-01
9.953411221504211426e-01
9.853598475456237793e-01
9.888490438461303711e-01
9.934473037719726562e-01
9.975478053092956543e-01
9.902960658073425293e-01
9.984323978424072266e-01
9.888678193092346191e-01
9.935134053230285645e-01
9.998333454132080078e-01
9.988653659820556641e-01
9.993261098861694336e-01
9.943453669548034668e-01
9.980875253677368164e-01
9.968934059143066406e-01
9.926983714103698730e-01
9.996523261070251465e-01
9.517259597778320312e-01
9.977446198463439941e-01
9.994437098503112793e-01
9.986427426338195801e-01
9.967074990272521973e-01
9.825195670127868652e-01
9.807608723640441895e-01
9.970096349716186523e-01
9.946379661560058594e-01
9.520004391670227051e-01
9.977970719337463379e-01
9.888716340065002441e-01
9.605032205581665039e-01
9.969350099563598633e-01
9.747965335845947266e-01
9.911348223686218262e-01
9.955462813377380371e-01
9.956544041633605957e-01
9.979916214942932129e-01
9.916634559631347656e-01
9.920049905776977539e-01
9.973346590995788574e-01
9.965276718139648438e-01
9.965978264808654785e-01
9.979909658432006836e-01
9.995974898338317871e-01
9.951706528663635254e-01
9.955869913101196289e-01
9.957293272018432617e-01
9.927365779876708984e-01
9.855587482452392578e-01
9.976779222488403320e-01
9.944507479667663574e-01
9.904693365097045898e-01
9.874763488769531250e-01
9.915000200271606445e-01
9.989576935768127441e-01
9.934686422348022461e-01
9.992067217826843262e-01
9.928662776947021484e-01
9.984802603721618652e-01
9.881550073623657227e-01
9.986630082130432129e-01
9.984957575798034668e-01
9.967389702796936035e-01
9.923007488250732422e-01
9.992259144783020020e-01
9.941319823265075684e-01
9.959850311279296875e-01
9.818547368049621582e-01
9.930145144462585449e-01
9.877652525901794434e-01
9.962930083274841309e-01
9.971129298210144043e-01
9.990323185920715332e-01
9.979522228240966797e-01
9.930818676948547363e-01
9.908849596977233887e-01
9.838818907737731934e-01
9.961433410644531250e-01
9.925943613052368164e-01
9.912304282188415527e-01
9.993838667869567871e-01
9.975242018699645996e-01
9.875347018241882324e-01
9.969540834426879883e-01
9.945105910301208496e-01
9.983777403831481934e-01
9.410527944564819336e-01
9.976226091384887695e-01
9.858500957489013672e-01
9.933855533599853516e-01
9.763553142547607422e-01
9.984989166259765625e-01
9.907205104827880859e-01
9.790086150169372559e-01
9.879413247108459473e-01
9.852870106697082520e-01
9.984138011932373047e-01
9.964385628700256348e-01
9.022264480590820312e-01
9.975636005401611328e-01
9.185892343521118164e-01
9.804900288581848145e-01
9.555206298828125000e-01
9.950239658355712891e-01
9.917353391647338867e-01
9.977640509605407715e-01
9.780985116958618164e-01
8.065819740295410156e-01
9.966944456100463867e-01
9.507309198379516602e-01
9.945315718650817871e-01
9.717335700988769531e-01
9.726813435554504395e-01
9.985455274581909180e-01
9.964982867240905762e-01
9.710016846656799316e-01
9.960274100303649902e-01
9.959989786148071289e-01
9.932410120964050293e-01
9.992440342903137207e-01
9.961104393005371094e-01
9.926233291625976562e-01
9.914551973342895508e-01
9.794603586196899414e-01
9.911082386970520020e-01
9.958531260490417480e-01
9.985715746879577637e-01
9.977036118507385254e-01
9.955583214759826660e-01
9.971186518669128418e-01
9.655448198318481445e-01
9.962556362152099609e-01
9.940286874771118164e-01
9.982863664627075195e-01
9.941461086273193359e-01
9.939213395118713379e-01
9.866023659706115723e-01
9.824451208114624023e-01
9.981154799461364746e-01
9.930812716484069824e-01
9.934476017951965332e-01
9.984485507011413574e-01
9.860793352127075195e-01
9.988728165626525879e-01
9.722751975059509277e-01
9.921946525573730469e-01
9.978556632995605469e-01
9.810892343521118164e-01
9.897170066833496094e-01
9.975610971450805664e-01
9.983330368995666504e-01
9.960477948188781738e-01
9.934170842170715332e-01
9.905804395675659180e-01
9.912297129631042480e-01
9.957901835441589355e-01
9.980443716049194336e-01
9.936003684997558594e-01
9.987035393714904785e-01
9.957269430160522461e-01
9.961645603179931641e-01
9.858348965644836426e-01
9.725879430770874023e-01
9.925114512443542480e-01
9.971342682838439941e-01
9.933159351348876953e-01
9.988574385643005371e-01
9.952190518379211426e-01
9.975529909133911133e-01
9.976717233657836914e-01
9.978558421134948730e-01
9.958022832870483398e-01
9.965784549713134766e-01
9.742035865783691406e-01
9.936319589614868164e-01
9.940773248672485352e-01
9.922645092010498047e-01
9.998856186866760254e-01
9.844508767127990723e-01
9.980399608612060547e-01
9.992702007293701172e-01
9.625881314277648926e-01
9.528453946113586426e-01
9.980359077453613281e-01
9.948122501373291016e-01
9.968379735946655273e-01
9.978459477424621582e-01
9.555829167366027832e-01
9.562587141990661621e-01
9.972019791603088379e-01
9.830706715583801270e-01
9.882752895355224609e-01
9.973072409629821777e-01
9.972598552703857422e-01
9.943019151687622070e-01
9.925515651702880859e-01
9.922899603843688965e-01
9.930263757705688477e-01
9.883468747138977051e-01
9.907163977622985840e-01
9.900999069213867188e-01
9.979678988456726074e-01
9.879242181777954102e-01
9.914070367813110352e-01
9.780728220939636230e-01
9.948530197143554688e-01
9.965950846672058105e-01
9.985274076461791992e-01
9.731903076171875000e-01
9.580379724502563477e-01
9.981616735458374023e-01
9.785170555114746094e-01
9.748464226722717285e-01
9.962990880012512207e-01
9.732841849327087402e-01
9.936573505401611328e-01
9.988300204277038574e-01
9.993310570716857910e-01
9.963707923889160156e-01
9.958297610282897949e-01
9.983629584312438965e-01
9.938266873359680176e-01
9.983447790145874023e-01
9.977431893348693848e-01
9.980619549751281738e-01
9.551447033882141113e-01
9.909875988960266113e-01
9.937630891799926758e-01
9.778987169265747070e-01
9.946094751358032227e-01
9.978566765785217285e-01
9.980909228324890137e-01
9.957044720649719238e-01
9.964488744735717773e-01
9.821421504020690918e-01
9.917221069335937500e-01
9.893320202827453613e-01
9.959667921066284180e-01
9.761610627174377441e-01
9.763432145118713379e-01
9.850383996963500977e-01
9.912035465240478516e-01
9.841507077217102051e-01
9.871623516082763672e-01
9.897107481956481934e-01
9.283895492553710938e-01
9.934204220771789551e-01
9.992614984512329102e-01
9.715042114257812500e-01
9.068309664726257324e-01
9.946210980415344238e-01
9.974692463874816895e-01
9.983748197555541992e-01
9.861155152320861816e-01
9.929664134979248047e-01
9.900051355361938477e-01
9.905081987380981445e-01
9.905806779861450195e-01
9.959999322891235352e-01
9.969435930252075195e-01
9.933747053146362305e-01
9.971964955329895020e-01
9.895614981651306152e-01
9.990260601043701172e-01
9.990198016166687012e-01
9.988548159599304199e-01
9.979848265647888184e-01
9.387606382369995117e-01
9.968898892402648926e-01
9.759249687194824219e-01
9.980823397636413574e-01
9.932658076286315918e-01
9.952635169029235840e-01
9.982802271842956543e-01
9.844238162040710449e-01
9.909821152687072754e-01
9.995399713516235352e-01
9.992341995239257812e-01
9.871743321418762207e-01
9.991149902343750000e-01
9.920810461044311523e-01
9.697070717811584473e-01
9.998446702957153320e-01
9.854014515876770020e-01
9.967832565307617188e-01
9.955328106880187988e-01
9.889358282089233398e-01
9.967733621597290039e-01
9.809786081314086914e-01
9.979112744331359863e-01
9.999297261238098145e-01
9.854258894920349121e-01
9.769275188446044922e-01
9.857857227325439453e-01
8.272835612297058105e-01
9.986113309860229492e-01
9.975407719612121582e-01
8.203257918357849121e-01
9.973565936088562012e-01
9.975076913833618164e-01
9.936743378639221191e-01
9.950335025787353516e-01
9.933010935783386230e-01
9.983990192413330078e-01
9.840555191040039062e-01
9.122844338417053223e-01
9.995963573455810547e-01
9.587062001228332520e-01
9.958075284957885742e-01
9.965682625770568848e-01
9.996958971023559570e-01
9.981091022491455078e-01
9.962051510810852051e-01
9.954919815063476562e-01
9.560922384262084961e-01
9.897975325584411621e-01
9.988422393798828125e-01
9.941155314445495605e-01
9.939197897911071777e-01
9.968782067298889160e-01
9.873191714286804199e-01
9.977512359619140625e-01
9.930278658866882324e-01
9.934424757957458496e-01
9.936731457710266113e-01
9.946824908256530762e-01
9.951937198638916016e-01
9.990585446357727051e-01
9.976135492324829102e-01
9.796850085258483887e-01
9.984369277954101562e-01
9.940536618232727051e-01
9.979997277259826660e-01
9.761182665824890137e-01
9.886603951454162598e-01
9.935723543167114258e-01
9.770691990852355957e-01
9.951851367950439453e-01
9.909762144088745117e-01
9.973632097244262695e-01
9.432012438774108887e-01
9.885656237602233887e-01
9.955600500106811523e-01
8.230537772178649902e-01
9.987995624542236328e-01
9.886702299118041992e-01
9.783146381378173828e-01
9.965640902519226074e-01
9.976488351821899414e-01
9.737586975097656250e-01
9.604210853576660156e-01
9.669809341430664062e-01
9.952979087829589844e-01
9.994832873344421387e-01
9.894993305206298828e-01
9.477245807647705078e-01
9.821575880050659180e-01
9.976312518119812012e-01
9.934928417205810547e-01
9.982097148895263672e-01
9.930817484855651855e-01
9.928159713745117188e-01
9.913910031318664551e-01
9.933370351791381836e-01
9.906695485115051270e-01
9.974999427795410156e-01
9.994267225265502930e-01
9.884781837463378906e-01
9.993397593498229980e-01
9.983142614364624023e-01
9.898600578308105469e-01
9.979840517044067383e-01
9.994655847549438477e-01
9.992273449897766113e-01
9.972805976867675781e-01
9.981651902198791504e-01
9.890768527984619141e-01
9.960284233093261719e-01
9.779387116432189941e-01
9.904099106788635254e-01
9.875821471214294434e-01
9.957097768783569336e-01
9.956394433975219727e-01
9.938338994979858398e-01
9.926675558090209961e-01
9.991607069969177246e-01
9.609923362731933594e-01
9.967015385627746582e-01
9.973810911178588867e-01
9.943682551383972168e-01
9.995856285095214844e-01
9.846199750900268555e-01
9.941332340240478516e-01
8.978579640388488770e-01
9.842767119407653809e-01
9.963322877883911133e-01
9.982379674911499023e-01
9.923090934753417969e-01
9.972330331802368164e-01
9.968491196632385254e-01
9.986837506294250488e-01
9.866279363632202148e-01
9.935974478721618652e-01
9.807895421981811523e-01
9.987805485725402832e-01
9.997087121009826660e-01
9.385395646095275879e-01
9.884977936744689941e-01
9.998082518577575684e-01
9.867304563522338867e-01
9.885621666908264160e-01
9.926791191101074219e-01
9.983710050582885742e-01
9.720818996429443359e-01
9.970713853836059570e-01
9.901925325393676758e-01
9.921830296516418457e-01
9.994238615036010742e-01
9.905546903610229492e-01
9.745543599128723145e-01
9.667414426803588867e-01
9.872010350227355957e-01
9.974465966224670410e-01
9.923887252807617188e-01
9.855216741561889648e-01
9.947388172149658203e-01
9.817618131637573242e-01
9.962572455406188965e-01
9.907144904136657715e-01
9.423072338104248047e-01
9.681681990623474121e-01
9.503683447837829590e-01
9.978583455085754395e-01
9.996165633201599121e-01
9.862458705902099609e-01
9.962400197982788086e-01
9.962472915649414062e-01
9.955369234085083008e-01
9.983220696449279785e-01
9.819585680961608887e-01
9.928126931190490723e-01
9.130275845527648926e-01
9.961573481559753418e-01
9.949125647544860840e-01
9.984813332557678223e-01
9.822286963462829590e-01
9.961262941360473633e-01
9.958075284957885742e-01
9.857892394065856934e-01
9.950088858604431152e-01
9.948588013648986816e-01
9.918282032012939453e-01
9.891577959060668945e-01
9.976059198379516602e-01
9.968411922454833984e-01
9.805382490158081055e-01
9.901513457298278809e-01
9.968835115432739258e-01
9.946029782295227051e-01
9.975937604904174805e-01
9.890528917312622070e-01
9.967775940895080566e-01
9.979336857795715332e-01
9.862627387046813965e-01
9.998059868812561035e-01
9.739155769348144531e-01
9.887433648109436035e-01
9.262579679489135742e-01
9.894492626190185547e-01
9.756604433059692383e-01
9.740949273109436035e-01
9.978592395782470703e-01
9.977080225944519043e-01
9.643555879592895508e-01
9.827284812927246094e-01
9.836296439170837402e-01
9.996318817138671875e-01
9.627690315246582031e-01
9.800090789794921875e-01
9.966185092926025391e-01
9.906286001205444336e-01
9.565825462341308594e-01
9.999564290046691895e-01
9.925725460052490234e-01
9.824187755584716797e-01
9.934548139572143555e-01
9.981492757797241211e-01
9.972962141036987305e-01
9.955171942710876465e-01
9.943790435791015625e-01
9.971498250961303711e-01
9.936797022819519043e-01
9.864635467529296875e-01
9.973521828651428223e-01
9.997357130050659180e-01
9.921668767929077148e-01
9.790264964103698730e-01
9.854671955108642578e-01
9.911610484123229980e-01
9.981983900070190430e-01
9.898038506507873535e-01
9.985736608505249023e-01
9.968445897102355957e-01
9.955873489379882812e-01
9.925944209098815918e-01
9.668970108032226562e-01
9.826338887214660645e-01
9.997999668121337891e-01
9.933109879493713379e-01
9.835019111633300781e-01
9.895623922348022461e-01
9.974234700202941895e-01
9.984436035156250000e-01
9.955113530158996582e-01
9.983065724372863770e-01
9.932315349578857422e-01
9.955615401268005371e-01
9.888647794723510742e-01
8.390612006187438965e-01
9.998326301574707031e-01
9.896791577339172363e-01
9.893636107444763184e-01
9.960918426513671875e-01
9.975540637969970703e-01
9.991422891616821289e-01
9.766324162483215332e-01
9.929251670837402344e-01
9.922231435775756836e-01
9.976339936256408691e-01
9.993277192115783691e-01
9.969814419746398926e-01
9.901407361030578613e-01
9.838514328002929688e-01
9.948416352272033691e-01
9.998419880867004395e-01
9.917059540748596191e-01
9.968960881233215332e-01
9.930906891822814941e-01
9.964053034782409668e-01
9.976974725723266602e-01
9.791123867034912109e-01
9.966285228729248047e-01
9.973600506782531738e-01
9.985718727111816406e-01
9.679046869277954102e-01
9.967338442802429199e-01
9.869571924209594727e-01
9.990897774696350098e-01
9.954725503921508789e-01
9.878163933753967285e-01
9.916787743568420410e-01
9.932422637939453125e-01
9.949787855148315430e-01
9.909636974334716797e-01
9.903500080108642578e-01
9.974175095558166504e-01
9.962568879127502441e-01
9.970771670341491699e-01
9.925575852394104004e-01
9.975759387016296387e-01
9.898181557655334473e-01
9.516917467117309570e-01
9.979243874549865723e-01
9.874356389045715332e-01
9.988084435462951660e-01
9.680277705192565918e-01
9.907095432281494141e-01
9.993771910667419434e-01
9.910118579864501953e-01
9.941605329513549805e-01
9.991220831871032715e-01
9.991918206214904785e-01
9.848105907440185547e-01
9.961280226707458496e-01
9.993520379066467285e-01
9.978641271591186523e-01
9.795833230018615723e-01
9.897613525390625000e-01
9.972043633460998535e-01
9.933133721351623535e-01
9.973783493041992188e-01
9.969663619995117188e-01
9.868407845497131348e-01
9.920343756675720215e-01
9.968178272247314453e-01
9.966366887092590332e-01
9.978629946708679199e-01
9.798171520233154297e-01
9.943586587905883789e-01
9.972820281982421875e-01
8.663008809089660645e-01
9.941875338554382324e-01
9.847424030303955078e-01
9.993719458580017090e-01
9.969446063041687012e-01
9.966379404067993164e-01
9.931126832962036133e-01
9.852156043052673340e-01
9.942380785942077637e-01
9.973534345626831055e-01
9.977748394012451172e-01
9.987510442733764648e-01
9.944847226142883301e-01
9.956421256065368652e-01
9.961324930191040039e-01
9.980134963989257812e-01
9.424815177917480469e-01
9.869984984397888184e-01
9.890721440315246582e-01
9.865759015083312988e-01
9.889973998069763184e-01
9.723397493362426758e-01
9.665354490280151367e-01
9.943153858184814453e-01
9.478991627693176270e-01
9.990938901901245117e-01
9.440360665321350098e-01
9.997784495353698730e-01
9.979671835899353027e-01
9.998567700386047363e-01
9.949507713317871094e-01
9.948589801788330078e-01
9.964957833290100098e-01
9.971197247505187988e-01
9.974691867828369141e-01
9.914253950119018555e-01
9.989327788352966309e-01
9.966993331909179688e-01
9.984737634658813477e-01
9.937556982040405273e-01
9.814061522483825684e-01
9.988052248954772949e-01
9.286342859268188477e-01
9.989280700683593750e-01
9.964106678962707520e-01
9.994388222694396973e-01
9.871599674224853516e-01
9.611788392066955566e-01
9.964241981506347656e-01
9.959405064582824707e-01
9.934279918670654297e-01
9.991648793220520020e-01
9.932340979576110840e-01
9.965041279792785645e-01
9.848659038543701172e-01
9.973201751708984375e-01
9.864462018013000488e-01
9.960129261016845703e-01
9.861487746238708496e-01
9.988133907318115234e-01
9.982446432113647461e-01
9.970766305923461914e-01
9.983680844306945801e-01
9.957146644592285156e-01
9.746367931365966797e-01
9.899482131004333496e-01
9.908533692359924316e-01
9.979669451713562012e-01
9.977598190307617188e-01
9.958153963088989258e-01
9.955058097839355469e-01
9.818567037582397461e-01
9.730766415596008301e-01
9.960148334503173828e-01
9.960899353027343750e-01
9.971989989280700684e-01
9.976447224617004395e-01
9.984360933303833008e-01
9.931489229202270508e-01
9.936882257461547852e-01
9.971550107002258301e-01
9.594420194625854492e-01
9.935801625251770020e-01
9.974248409271240234e-01
9.882665276527404785e-01
9.947872757911682129e-01
9.923116564750671387e-01
9.987357854843139648e-01
9.996886849403381348e-01
9.973224401473999023e-01
9.763008952140808105e-01
9.869783520698547363e-01
9.927638769149780273e-01
9.963141679763793945e-01
9.995147585868835449e-01
9.685747027397155762e-01
9.664044380187988281e-01
9.496754407882690430e-01
9.923613071441650391e-01
9.911473393440246582e-01
9.960859417915344238e-01
9.103888273239135742e-01
9.998897314071655273e-01
9.930379986763000488e-01
9.964901208877563477e-01
9.979929327964782715e-01
9.978611469268798828e-01
9.966745972633361816e-01
9.729633927345275879e-01
9.808065295219421387e-01
9.833464622497558594e-01
9.972257018089294434e-01
9.980245828628540039e-01
9.636277556419372559e-01
9.993784427642822266e-01
9.983845949172973633e-01
9.978567361831665039e-01
9.597989320755004883e-01
9.772534370422363281e-01
9.807815551757812500e-01
9.985821247100830078e-01
9.692845344543457031e-01
9.990028738975524902e-01
9.985185265541076660e-01
9.981234669685363770e-01
9.776057004928588867e-01
9.971772432327270508e-01
9.758634567260742188e-01
9.908843636512756348e-01
9.646580219268798828e-01
9.899283051490783691e-01
9.918594360351562500e-01
9.821799397468566895e-01
9.999551773071289062e-01
9.915000796318054199e-01
9.955750703811645508e-01
9.966436028480529785e-01
9.982060790061950684e-01
9.979130029678344727e-01
9.953163266181945801e-01
9.930067658424377441e-01
9.914231896400451660e-01
9.914440512657165527e-01
9.932941198348999023e-01
9.992236495018005371e-01
9.992475509643554688e-01
9.963633418083190918e-01
9.993707537651062012e-01
9.969756007194519043e-01
9.981554746627807617e-01
9.911843538284301758e-01
9.979961514472961426e-01
9.898437857627868652e-01
9.976890683174133301e-01
9.775172472000122070e-01
9.919940233230590820e-01
9.959595203399658203e-01
9.994136691093444824e-01
9.982402920722961426e-01
9.880571365356445312e-01
9.984499812126159668e-01
9.975677728652954102e-01
9.973290562629699707e-01
9.958764910697937012e-01
9.910674691200256348e-01
9.938982725143432617e-01
9.981806874275207520e-01
9.842521548271179199e-01
9.863869547843933105e-01
9.991452097892761230e-01
9.982968568801879883e-01
9.991700649261474609e-01
9.845801591873168945e-01
9.981427192687988281e-01
9.839770197868347168e-01
9.936177730560302734e-01
9.889249801635742188e-01
9.998604655265808105e-01
9.947420954704284668e-01
9.984674453735351562e-01
9.655521512031555176e-01
9.614405632019042969e-01
9.869462847709655762e-01
9.945513606071472168e-01
9.936017394065856934e-01
9.964824914932250977e-01
9.972926378250122070e-01
9.841412901878356934e-01
9.726724028587341309e-01
9.841148853302001953e-01
9.794532060623168945e-01
9.979742765426635742e-01
9.919561743736267090e-01
9.999539256095886230e-01
9.994868636131286621e-01
9.959627985954284668e-01
9.919096231460571289e-01
9.994501471519470215e-01
9.994021654129028320e-01
9.995940327644348145e-01
9.656841754913330078e-01
9.976649284362792969e-01
9.444163441658020020e-01
9.966384172439575195e-01
9.963553547859191895e-01
9.978130459785461426e-01
9.975304603576660156e-01
9.971823692321777344e-01
9.986026883125305176e-01
9.947411417961120605e-01
9.991281032562255859e-01
9.859219789505004883e-01
9.943034052848815918e-01
9.964303374290466309e-01
9.999411702156066895e-01
9.937573075294494629e-01
9.937112331390380859e-01
9.989700913429260254e-01
9.966912269592285156e-01
9.876249432563781738e-01
9.974685311317443848e-01
9.977385401725769043e-01
9.864425659179687500e-01
9.846940040588378906e-01
9.976074695587158203e-01
9.886578917503356934e-01
9.899823069572448730e-01
9.946406483650207520e-01
9.984415173530578613e-01
9.978293180465698242e-01
9.900314211845397949e-01
9.851514101028442383e-01
9.704930186271667480e-01
9.893578886985778809e-01
9.989191293716430664e-01
9.889352917671203613e-01
9.862267971038818359e-01
9.890062808990478516e-01
9.926026463508605957e-01
9.583083391189575195e-01
9.786060452461242676e-01
9.868682622909545898e-01
9.964306950569152832e-01
9.990627169609069824e-01
9.981637597084045410e-01
9.992841482162475586e-01
8.861688375473022461e-01
9.839004278182983398e-01
9.951308369636535645e-01
9.950115084648132324e-01
9.885521531105041504e-01
9.968928694725036621e-01
9.990924596786499023e-01
9.965943694114685059e-01
9.605275392532348633e-01
9.981881380081176758e-01
9.859653711318969727e-01
9.950860738754272461e-01
9.838110804557800293e-01
9.988249540328979492e-01
9.980530142784118652e-01
9.909555315971374512e-01
9.931814074516296387e-01
9.965773224830627441e-01
9.989088773727416992e-01
9.892026782035827637e-01
9.995357990264892578e-01
9.977014064788818359e-01
9.969201087951660156e-01
9.783729910850524902e-01
9.976852536201477051e-01
9.945255517959594727e-01
9.859013557434082031e-01
9.977860450744628906e-01
9.992931485176086426e-01
9.862200617790222168e-01
9.978411793708801270e-01
9.930076599121093750e-01
9.860017895698547363e-01
9.995996952056884766e-01
9.993012547492980957e-01
9.961898326873779297e-01
9.898293018341064453e-01
9.969713091850280762e-01
9.960325956344604492e-01
9.916156530380249023e-01
9.870122075080871582e-01
9.999461770057678223e-01
9.822458028793334961e-01
9.941965937614440918e-01
9.963988661766052246e-01
9.967644214630126953e-01
9.987698197364807129e-01
9.885458350181579590e-01
9.928202629089355469e-01
9.948331713676452637e-01
9.980015158653259277e-01
9.905272126197814941e-01
9.999790787696838379e-01
9.896544814109802246e-01
9.974790215492248535e-01
9.956464171409606934e-01
9.927030801773071289e-01
9.965950846672058105e-01
9.957777857780456543e-01
9.271519780158996582e-01
9.917520880699157715e-01
9.855428338050842285e-01
9.957541227340698242e-01
9.932289719581604004e-01
9.653374552726745605e-01
9.949234724044799805e-01
9.985216856002807617e-01
