9.767657518386840820e-01
9.981778860092163086e-01
9.905047416687011719e-01
9.913074374198913574e-01
9.694964885711669922e-01
9.612569808959960938e-01
9.995891451835632324e-01
9.982166290283203125e-01
9.990361332893371582e-01
9.973644614219665527e-01
9.998719096183776855e-01
9.962868094444274902e-01
9.960737824440002441e-01
9.304121136665344238e-01
9.665800333023071289e-01
9.975525140762329102e-01
9.900756478309631348e-01
9.968888759613037109e-01
9.971140027046203613e-01
9.979969263076782227e-01
9.908640384674072266e-01
9.953923821449279785e-01
9.991418123245239258e-01
9.968761801719665527e-01
9.964984059333801270e-01
9.966378211975097656e-01
9.979362487792968750e-01
9.930186271667480469e-01
9.964162111282348633e-01
9.880953431129455566e-01
9.979011416435241699e-01
9.934186339378356934e-01
9.779983162879943848e-01
9.839390516281127930e-01
9.833832979202270508e-01
9.958218336105346680e-01
9.997122287750244141e-01
9.967206120491027832e-01
9.949628710746765137e-01
9.935538768768310547e-01
9.965200424194335938e-01
9.870508909225463867e-01
9.987448453903198242e-01
9.620423316955566406e-01
9.919638037681579590e-01
9.922353625297546387e-01
9.980316162109375000e-01
9.975799918174743652e-01
9.970666170120239258e-01
9.887740612030029297e-01
9.985686540603637695e-01
9.985656142234802246e-01
9.772316217422485352e-01
9.986607432365417480e-01
9.859225153923034668e-01
9.986605644226074219e-01
9.981440901756286621e-01
9.957066178321838379e-01
9.959703087806701660e-01
9.990977644920349121e-01
9.896701574325561523e-01
8.683741092681884766e-01
9.988618493080139160e-01
9.989838600158691406e-01
9.800292849540710449e-01
9.923645853996276855e-01
9.985764622688293457e-01
9.725899100303649902e-01
9.974511265754699707e-01
9.967356324195861816e-01
9.916177988052368164e-01
9.982414245605468750e-01
9.942678213119506836e-01
9.869765639305114746e-01
8.984407186508178711e-01
9.945378899574279785e-01
9.969980716705322266e-01
9.949499368667602539e-01
9.919244050979614258e-01
9.784466624259948730e-01
9.966847896575927734e-01
9.762898087501525879e-01
9.997059106826782227e-01
9.940021634101867676e-01
9.595252871513366699e-01
9.840009212493896484e-01
9.831328988075256348e-01
9.983103275299072266e-01
9.739018082618713379e-01
9.996928572654724121e-01
9.921864867210388184e-01
9.980917572975158691e-01
9.991313219070434570e-01
9.952911734580993652e-01
9.950374364852905273e-01
9.998320937156677246e-01
9.900093674659729004e-01
9.903451800346374512e-01
9.952017664909362793e-01
9.852915406227111816e-01
9.939156770706176758e-01
9.957669973373413086e-01
9.982761740684509277e-01
9.713670611381530762e-01
9.986286163330078125e-01
9.969947338104248047e-01
9.983733892440795898e-01
9.919416308403015137e-01
9.956940412521362305e-01
9.969473481178283691e-01
9.986852407455444336e-01
9.874330163002014160e-01
9.917905926704406738e-01
9.974751472473144531e-01
9.924579858779907227e-01
9.980709552764892578e-01
9.939173460006713867e-01
9.638484716415405273e-01
9.968835115432739258e-01
9.947144389152526855e-01
9.966846704483032227e-01
9.937350749969482422e-01
9.811758995056152344e-01
9.902780055999755859e-01
9.868434667587280273e-01
9.580961465835571289e-01
9.964364767074584961e-01
9.979243278503417969e-01
9.988473057746887207e-01
9.798697233200073242e-01
9.974198937416076660e-01
9.985287189483642578e-01
9.028738141059875488e-01
9.951981902122497559e-01
9.856218099594116211e-01
9.728455543518066406e-01
9.976638555526733398e-01
9.933944344520568848e-01
9.988089203834533691e-01
9.953918457031250000e-01
9.978766441345214844e-01
9.964166283607482910e-01
9.205150604248046875e-01
9.966197013854980469e-01
9.970554709434509277e-01
9.959272146224975586e-01
9.986676573753356934e-01
9.944564104080200195e-01
9.967958331108093262e-01
9.904673099517822266e-01
9.977883696556091309e-01
9.933577179908752441e-01
9.965063333511352539e-01
9.915871024131774902e-01
9.958885312080383301e-01
9.785725474357604980e-01
9.752786159515380859e-01
9.905624985694885254e-01
9.929599165916442871e-01
9.990217685699462891e-01
9.555652737617492676e-01
9.916860461235046387e-01
9.972511529922485352e-01
9.990477561950683594e-01
9.960770606994628906e-01
9.988101720809936523e-01
9.981197118759155273e-01
9.968824386596679688e-01
9.990104436874389648e-01
9.912486076354980469e-01
9.933584928512573242e-01
9.835582375526428223e-01
9.984637498855590820e-01
9.908615946769714355e-01
9.960164427757263184e-01
9.895758628845214844e-01
9.975035786628723145e-01
9.930757880210876465e-01
9.723041057586669922e-01
9.965711236000061035e-01
9.684354662895202637e-01
9.965026974678039551e-01
9.978206157684326172e-01
9.990762472152709961e-01
9.989537000656127930e-01
9.970992803573608398e-01
9.973877072334289551e-01
9.954360127449035645e-01
9.983188509941101074e-01
9.992501735687255859e-01
9.882258772850036621e-01
9.932142496109008789e-01
9.874204993247985840e-01
9.951058030128479004e-01
9.949635863304138184e-01
9.971774816513061523e-01
9.961346983909606934e-01
9.896453619003295898e-01
9.981790781021118164e-01
9.253398180007934570e-01
9.886545538902282715e-01
9.970958828926086426e-01
9.923958182334899902e-01
9.426358342170715332e-01
9.902107715606689453e-01
9.976146221160888672e-01
9.981041550636291504e-01
9.881151914596557617e-01
9.957340359687805176e-01
9.969967007637023926e-01
9.704909324645996094e-01
9.903586506843566895e-01
9.007468223571777344e-01
9.984392523765563965e-01
9.990161061286926270e-01
9.876891374588012695e-01
9.981048107147216797e-01
9.995568394660949707e-01
9.717906713485717773e-01
9.841852784156799316e-01
9.983112812042236328e-01
9.934253096580505371e-01
9.990994930267333984e-01
9.990826845169067383e-01
9.983506202697753906e-01
9.917430877685546875e-01
9.898177385330200195e-01
9.865561127662658691e-01
9.970088601112365723e-01
9.880951046943664551e-01
9.981001019477844238e-01
9.938877224922180176e-01
9.855867028236389160e-01
9.742638468742370605e-01
9.977395534515380859e-01
9.865679740905761719e-01
9.984635114669799805e-01
9.994213581085205078e-01
9.604426026344299316e-01
9.915469288825988770e-01
9.989604949951171875e-01
9.869717359542846680e-01
9.965484738349914551e-01
9.229816794395446777e-01
9.941823482513427734e-01
9.982519149780273438e-01
9.914762973785400391e-01
9.387716054916381836e-01
9.950701594352722168e-01
9.970996379852294922e-01
9.880570769309997559e-01
9.867775440216064453e-01
9.994707107543945312e-01
9.933849573135375977e-01
9.984224438667297363e-01
9.962869882583618164e-01
9.964556694030761719e-01
9.921452403068542480e-01
9.934495091438293457e-01
9.976042509078979492e-01
9.985846877098083496e-01
9.983502626419067383e-01
9.910208582878112793e-01
9.992390871047973633e-01
9.932457208633422852e-01
9.769170284271240234e-01
9.942948818206787109e-01
9.917771220207214355e-01
9.109144210815429688e-01
9.966298937797546387e-01
9.978833198547363281e-01
9.848779439926147461e-01
9.224590659141540527e-01
9.984501004219055176e-01
9.948274493217468262e-01
9.896426200866699219e-01
9.959388971328735352e-01
9.942717552185058594e-01
9.965319633483886719e-01
9.973446130752563477e-01
9.981006979942321777e-01
9.841830134391784668e-01
9.974402189254760742e-01
9.847213029861450195e-01
9.914182424545288086e-01
9.968324899673461914e-01
9.995080828666687012e-01
9.991751909255981445e-01
9.973664283752441406e-01
9.969880580902099609e-01
9.945035576820373535e-01
9.933314919471740723e-01
9.945989251136779785e-01
9.721104502677917480e-01
9.981734752655029297e-01
9.911416172981262207e-01
9.891009330749511719e-01
9.913581609725952148e-01
9.967744946479797363e-01
9.976102709770202637e-01
9.958038330078125000e-01
9.965423941612243652e-01
9.998258352279663086e-01
9.982406497001647949e-01
9.980467557907104492e-01
9.953933358192443848e-01
9.897699356079101562e-01
9.253544807434082031e-01
9.980431199073791504e-01
9.976131916046142578e-01
9.970060586929321289e-01
9.517506957054138184e-01
9.888251423835754395e-01
9.797618389129638672e-01
9.938645362854003906e-01
9.923288226127624512e-01
9.911307096481323242e-01
9.714506864547729492e-01
9.931256771087646484e-01
9.972027540206909180e-01
9.976231455802917480e-01
9.526154398918151855e-01
9.765782952308654785e-01
9.965332746505737305e-01
9.940502047538757324e-01
9.719529747962951660e-01
9.926444888114929199e-01
9.987127184867858887e-01
9.759054183959960938e-01
9.874368309974670410e-01
9.973290562629699707e-01
9.983508586883544922e-01
9.863825440406799316e-01
9.873241782188415527e-01
9.969740509986877441e-01
9.999660253524780273e-01
9.959994554519653320e-01
9.948528409004211426e-01
9.945486187934875488e-01
9.772636294364929199e-01
9.602925777435302734e-01
9.980210065841674805e-01
9.964116215705871582e-01
9.996274113655090332e-01
9.976083040237426758e-01
9.994601011276245117e-01
9.954681992530822754e-01
9.991562962532043457e-01
9.959779381752014160e-01
9.996255040168762207e-01
9.977496862411499023e-01
9.938820600509643555e-01
9.839926958084106445e-01
9.919980764389038086e-01
9.892985224723815918e-01
9.984726905822753906e-01
9.812672734260559082e-01
9.893850684165954590e-01
9.978882074356079102e-01
9.948762655258178711e-01
9.965853095054626465e-01
9.983927011489868164e-01
9.883755445480346680e-01
9.780495762825012207e-01
9.803190827369689941e-01
9.976180791854858398e-01
9.980909228324890137e-01
9.996386170387268066e-01
9.935085773468017578e-01
9.960810542106628418e-01
9.720551967620849609e-01
9.934486746788024902e-01
9.990746378898620605e-01
9.893292188644409180e-01
9.916293621063232422e-01
9.952948093414306641e-01
9.649584889411926270e-01
9.980823397636413574e-01
9.441682100296020508e-01
9.961383938789367676e-01
9.830402731895446777e-01
9.497078061103820801e-01
9.962885379791259766e-01
9.611911773681640625e-01
9.964810609817504883e-01
9.831802248954772949e-01
9.979269504547119141e-01
9.949270486831665039e-01
9.925377964973449707e-01
9.863778352737426758e-01
9.936237931251525879e-01
9.990479946136474609e-01
9.959831237792968750e-01
9.970452785491943359e-01
9.744190573692321777e-01
9.976660609245300293e-01
9.962635040283203125e-01
9.955493807792663574e-01
9.868324398994445801e-01
9.978371262550354004e-01
9.923799037933349609e-01
9.997125864028930664e-01
7.336452603340148926e-01
9.985440373420715332e-01
9.974825382232666016e-01
9.980085492134094238e-01
9.895273447036743164e-01
9.951841831207275391e-01
9.962503910064697266e-01
9.921134114265441895e-01
9.956550002098083496e-01
9.848802685737609863e-01
9.897449016571044922e-01
9.960347414016723633e-01
9.971028566360473633e-01
9.897606968879699707e-01
9.982454776763916016e-01
9.891334772109985352e-01
9.928585886955261230e-01
9.997025132179260254e-01
9.933539628982543945e-01
9.992721080780029297e-01
9.926747679710388184e-01
9.980869293212890625e-01
9.969457983970642090e-01
9.969005584716796875e-01
9.994800090789794922e-01
9.458729028701782227e-01
9.974619746208190918e-01
9.988631606101989746e-01
9.621936678886413574e-01
9.970360994338989258e-01
9.814069867134094238e-01
9.833914637565612793e-01
9.959855675697326660e-01
9.964498877525329590e-01
9.613503813743591309e-01
9.980026483535766602e-01
9.899759292602539062e-01
9.636957049369812012e-01
9.969784021377563477e-01
9.825741052627563477e-01
9.900913834571838379e-01
9.961644411087036133e-01
9.961284995079040527e-01
9.977757334709167480e-01
9.924853444099426270e-01
9.927938580513000488e-01
9.980733990669250488e-01
9.953066706657409668e-01
9.957423806190490723e-01
9.982928633689880371e-01
9.994623064994812012e-01
9.952149987220764160e-01
9.952037930488586426e-01
9.965168237686157227e-01
9.923883676528930664e-01
9.877753853797912598e-01
9.973457455635070801e-01
9.919850826263427734e-01
9.906020760536193848e-01
9.840850830078125000e-01
9.918230772018432617e-01
9.988240599632263184e-01
9.949153065681457520e-01
9.989342093467712402e-01
9.903759360313415527e-01
9.965824484825134277e-01
9.882458448410034180e-01
9.986497163772583008e-01
9.989995956420898438e-01
9.966714382171630859e-01
9.958333373069763184e-01
9.993132948875427246e-01
9.949676394462585449e-01
9.967935085296630859e-01
9.857078194618225098e-01
9.918677806854248047e-01
9.928928017616271973e-01
9.972783327102661133e-01
9.973210692405700684e-01
9.987831115722656250e-01
9.976074695587158203e-01
9.895084500312805176e-01
9.880430102348327637e-01
9.842498302459716797e-01
9.925545454025268555e-01
9.919474720954895020e-01
9.919046759605407715e-01
9.989324808120727539e-01
9.935526251792907715e-01
9.893163442611694336e-01
9.970697760581970215e-01
9.942584633827209473e-01
9.981168508529663086e-01
9.490326642990112305e-01
9.984521269798278809e-01
9.891600608825683594e-01
9.937239289283752441e-01
9.669338464736938477e-01
9.983155131340026855e-01
9.926814436912536621e-01
9.795036315917968750e-01
9.899908304214477539e-01
9.831947088241577148e-01
9.973424673080444336e-01
9.944569468498229980e-01
9.588056802749633789e-01
9.974870085716247559e-01
9.180130362510681152e-01
9.877128601074218750e-01
9.367482066154479980e-01
9.960142970085144043e-01
9.891546368598937988e-01
9.977423548698425293e-01
9.840869903564453125e-01
9.499374628067016602e-01
9.965497255325317383e-01
9.610558152198791504e-01
9.938642382621765137e-01
9.746285080909729004e-01
9.850346446037292480e-01
9.974455833435058594e-01
9.965823888778686523e-01
9.465029239654541016e-01
9.955247044563293457e-01
9.951691031455993652e-01
9.932507872581481934e-01
9.975523352622985840e-01
9.972148537635803223e-01
9.989326000213623047e-01
9.930031895637512207e-01
9.757715463638305664e-01
9.914016127586364746e-01
9.970986247062683105e-01
9.979561567306518555e-01
9.977933168411254883e-01
9.937070608139038086e-01
9.969936013221740723e-01
9.536962509155273438e-01
9.977656602859497070e-01
9.925876855850219727e-01
9.980985522270202637e-01
9.925320744514465332e-01
9.940007925033569336e-01
9.794989228248596191e-01
9.881141185760498047e-01
9.981515407562255859e-01
9.910411238670349121e-01
9.938529133796691895e-01
9.983952045440673828e-01
9.976923465728759766e-01
9.702925086021423340e-01
9.921756386756896973e-01
9.973737597465515137e-01
9.768590927124023438e-01
9.885258674621582031e-01
9.967295527458190918e-01
9.936037659645080566e-01
9.957936406135559082e-01
9.945451617240905762e-01
9.899038672447204590e-01
9.936919212341308594e-01
9.958985447883605957e-01
9.976065158843994141e-01
9.951617717742919922e-01
9.989217519760131836e-01
9.964457154273986816e-01
9.949599504470825195e-01
9.847236871719360352e-01
9.709072709083557129e-01
9.954588413238525391e-01
9.976933598518371582e-01
9.929805994033813477e-01
9.984404444694519043e-01
9.948166012763977051e-01
9.973117709159851074e-01
9.971637725830078125e-01
9.974513649940490723e-01
9.954104423522949219e-01
9.972637891769409180e-01
9.727464318275451660e-01
9.947119355201721191e-01
9.925258159637451172e-01
9.894207119941711426e-01
9.996773600578308105e-01
9.757469892501831055e-01
9.976144433021545410e-01
9.975876808166503906e-01
9.621553421020507812e-01
9.038147926330566406e-01
9.979502558708190918e-01
9.966969490051269531e-01
9.959872364997863770e-01
9.975174069404602051e-01
9.627342224121093750e-01
9.569918513298034668e-01
9.971558451652526855e-01
9.877830743789672852e-01
9.885700941085815430e-01
9.976854324340820312e-01
9.975216388702392578e-01
9.965348243713378906e-01
9.931781888008117676e-01
9.923061728477478027e-01
9.935196042060852051e-01
9.895075559616088867e-01
9.906287193298339844e-01
9.787572026252746582e-01
9.977172613143920898e-01
9.902675151824951172e-01
9.927889108657836914e-01
9.768071174621582031e-01
9.988807439804077148e-01
9.955387711524963379e-01
9.984763264656066895e-01
9.685463309288024902e-01
9.558022022247314453e-01
9.975848793983459473e-01
9.804926514625549316e-01
9.744327068328857422e-01
9.967750310897827148e-01
9.730036258697509766e-01
9.934133887290954590e-01
9.977589249610900879e-01
9.995003342628479004e-01
9.965873360633850098e-01
9.970986247062683105e-01
9.982344508171081543e-01
9.939319491386413574e-01
9.982090592384338379e-01
9.984819293022155762e-01
9.977441430091857910e-01
9.567322731018066406e-01
9.896626472473144531e-01
9.940570592880249023e-01
9.702419638633728027e-01
9.943789839744567871e-01
9.983441829681396484e-01
9.980578422546386719e-01
9.963871836662292480e-01
9.964684844017028809e-01
9.975898265838623047e-01
9.918716549873352051e-01
9.873443841934204102e-01
9.949633479118347168e-01
9.722052216529846191e-01
9.744997024536132812e-01
9.838671088218688965e-01
9.931779503822326660e-01
9.839161038398742676e-01
9.867162108421325684e-01
9.899364113807678223e-01
9.290088415145874023e-01
9.932014942169189453e-01
9.613608717918395996e-01
9.777581691741943359e-01
8.833818435668945312e-01
9.932879209518432617e-01
9.973396062850952148e-01
9.981741309165954590e-01
9.857901930809020996e-01
9.925921559333801270e-01
9.853485226631164551e-01
9.916069507598876953e-01
9.951118826866149902e-01
9.970092773437500000e-01
9.929731488227844238e-01
9.947395920753479004e-01
9.974293112754821777e-01
9.921687245368957520e-01
9.989171624183654785e-01
9.985450506210327148e-01
9.973511099815368652e-01
9.979432821273803711e-01
9.253599643707275391e-01
9.965658187866210938e-01
9.804041981697082520e-01
9.979844689369201660e-01
9.947479963302612305e-01
9.971750378608703613e-01
9.977298378944396973e-01
9.837802648544311523e-01
9.875764250755310059e-01
9.992101788520812988e-01
9.979653358459472656e-01
9.764428734779357910e-01
9.987663030624389648e-01
9.922074675559997559e-01
9.710654020309448242e-01
9.995523691177368164e-01
9.848899841308593750e-01
9.973772764205932617e-01
9.420397877693176270e-01
9.884119033813476562e-01
9.964300394058227539e-01
9.791272282600402832e-01
9.987022876739501953e-01
9.999412894248962402e-01
9.869533777236938477e-01
9.709295034408569336e-01
9.864200353622436523e-01
8.478509783744812012e-01
9.984280467033386230e-01
9.984274506568908691e-01
7.827615737915039062e-01
9.999495744705200195e-01
9.976670742034912109e-01
9.924276471138000488e-01
9.949659705162048340e-01
9.931671619415283203e-01
9.984017610549926758e-01
9.823629260063171387e-01
9.240999221801757812e-01
9.992063641548156738e-01
9.741263389587402344e-01
9.965811967849731445e-01
9.954516291618347168e-01
9.996425509452819824e-01
9.956069588661193848e-01
9.962948560714721680e-01
9.950045347213745117e-01
9.603186845779418945e-01
9.880346655845642090e-01
9.986017942428588867e-01
9.949860572814941406e-01
9.937859177589416504e-01
9.938922524452209473e-01
9.866752028465270996e-01
9.983809590339660645e-01
9.947974681854248047e-01
9.935030937194824219e-01
9.942176342010498047e-01
9.943734407424926758e-01
9.926396608352661133e-01
9.987221956253051758e-01
9.977788925170898438e-01
9.793913364410400391e-01
9.969191551208496094e-01
9.969095587730407715e-01
9.987648129463195801e-01
9.711974263191223145e-01
9.894404411315917969e-01
9.938647747039794922e-01
9.779687523841857910e-01
9.953210949897766113e-01
9.951105713844299316e-01
9.973842501640319824e-01
9.441958665847778320e-01
9.885478019714355469e-01
9.955123066902160645e-01
8.320378661155700684e-01
9.987339973449707031e-01
9.797561764717102051e-01
9.734995365142822266e-01
9.965957999229431152e-01
9.977716803550720215e-01
9.966043233871459961e-01
9.566220641136169434e-01
9.918994903564453125e-01
9.956285953521728516e-01
9.988012909889221191e-01
9.913486838340759277e-01
9.344752430915832520e-01
9.774403572082519531e-01
9.975781440734863281e-01
9.884757399559020996e-01
9.984632730484008789e-01
9.930811524391174316e-01
9.918168783187866211e-01
9.929162859916687012e-01
9.931621551513671875e-01
9.952765703201293945e-01
9.969404935836791992e-01
9.971634149551391602e-01
9.863343238830566406e-01
9.992847442626953125e-01
9.979586601257324219e-01
9.907071590423583984e-01
9.982761144638061523e-01
9.991316199302673340e-01
9.962078332901000977e-01
9.986546635627746582e-01
9.914191365242004395e-01
9.971669912338256836e-01
9.789620041847229004e-01
9.907388091087341309e-01
9.853838682174682617e-01
9.938037395477294922e-01
9.957036972045898438e-01
9.938135147094726562e-01
9.882363080978393555e-01
9.991062879562377930e-01
9.649208188056945801e-01
9.957783222198486328e-01
9.977038502693176270e-01
9.936702847480773926e-01
9.986950159072875977e-01
9.857569932937622070e-01
9.947679638862609863e-01
8.621488809585571289e-01
9.686613082885742188e-01
9.905679225921630859e-01
9.980024695396423340e-01
9.924703240394592285e-01
9.969551563262939453e-01
9.971214532852172852e-01
9.977724552154541016e-01
9.831122159957885742e-01
9.950403571128845215e-01
9.792999625205993652e-01
9.976694583892822266e-01
9.996130466461181641e-01
9.377693533897399902e-01
9.886283278465270996e-01
9.997966885566711426e-01
9.853548407554626465e-01
9.873928427696228027e-01
9.926493763923645020e-01
9.971666336059570312e-01
9.714798927307128906e-01
9.978348016738891602e-01
9.852269887924194336e-01
9.908084869384765625e-01
9.993170499801635742e-01
9.906433820724487305e-01
9.789936542510986328e-01
9.482184052467346191e-01
9.849818348884582520e-01
9.974887967109680176e-01
9.926206469535827637e-01
9.867714047431945801e-01
9.932330846786499023e-01
9.852978587150573730e-01
9.968110322952270508e-01
9.904134869575500488e-01
9.360715746879577637e-01
9.691064357757568359e-01
9.464728236198425293e-01
9.983491897583007812e-01
9.996417164802551270e-01
9.838742613792419434e-01
9.963071346282958984e-01
9.955094456672668457e-01
9.960930347442626953e-01
9.984135031700134277e-01
9.821172356605529785e-01
9.956906437873840332e-01
9.215067028999328613e-01
9.950392842292785645e-01
9.953641891479492188e-01
9.943367242813110352e-01
9.832226634025573730e-01
9.945893883705139160e-01
9.959780573844909668e-01
9.798663258552551270e-01
9.949608445167541504e-01
9.933120012283325195e-01
9.903959631919860840e-01
9.936864376068115234e-01
9.974216818809509277e-01
9.980181455612182617e-01
9.749271869659423828e-01
9.907741546630859375e-01
9.978768825531005859e-01
9.936854839324951172e-01
9.976658821105957031e-01
9.861026406288146973e-01
9.962342381477355957e-01
9.979038238525390625e-01
9.862551689147949219e-01
9.997466206550598145e-01
9.511225223541259766e-01
9.763302803039550781e-01
9.350708723068237305e-01
9.885478019714355469e-01
9.746535420417785645e-01
9.750447869300842285e-01
9.972969889640808105e-01
9.969719648361206055e-01
9.626872539520263672e-01
9.874893426895141602e-01
9.864343404769897461e-01
9.996767044067382812e-01
9.591199755668640137e-01
9.794315099716186523e-01
9.886898994445800781e-01
9.902864694595336914e-01
9.591979384422302246e-01
9.998295903205871582e-01
9.913390278816223145e-01
9.832705259323120117e-01
9.950035214424133301e-01
9.967078566551208496e-01
9.976242780685424805e-01
9.942476749420166016e-01
9.937761425971984863e-01
9.970492124557495117e-01
9.989644885063171387e-01
9.877215027809143066e-01
9.972843527793884277e-01
9.997472763061523438e-01
9.926261305809020996e-01
9.769640564918518066e-01
9.840034246444702148e-01
9.908608794212341309e-01
9.979270696640014648e-01
9.898335337638854980e-01
9.983094930648803711e-01
9.995567202568054199e-01
9.953731298446655273e-01
9.948260784149169922e-01
9.749789237976074219e-01
9.867066144943237305e-01
9.998037219047546387e-01
9.936897754669189453e-01
9.697232246398925781e-01
9.893110394477844238e-01
9.978880286216735840e-01
9.982309341430664062e-01
9.952097535133361816e-01
9.958099722862243652e-01
9.920623302459716797e-01
9.807322621345520020e-01
9.903946518898010254e-01
7.741438746452331543e-01
9.985905289649963379e-01
9.840721487998962402e-01
9.882510304450988770e-01
9.941829442977905273e-01
9.978965520858764648e-01
9.988680481910705566e-01
9.789566993713378906e-01
9.935200214385986328e-01
9.933751821517944336e-01
9.966245889663696289e-01
9.991703629493713379e-01
9.975272417068481445e-01
9.878073334693908691e-01
9.792461395263671875e-01
9.946315288543701172e-01
9.998235702514648438e-01
9.954246282577514648e-01
9.966629147529602051e-01
9.927825927734375000e-01
9.975999593734741211e-01
9.958665370941162109e-01
9.739903807640075684e-01
9.977460503578186035e-01
9.975180029869079590e-01
9.995138049125671387e-01
9.631124138832092285e-01
9.975545406341552734e-01
9.800258874893188477e-01
9.992157220840454102e-01
9.940056800842285156e-01
9.897902011871337891e-01
9.911243915557861328e-01
9.918060898780822754e-01
9.935275316238403320e-01
9.913938641548156738e-01
9.882850050926208496e-01
9.970767498016357422e-01
9.930538535118103027e-01
9.955692887306213379e-01
9.916573166847229004e-01
9.969486594200134277e-01
9.870464801788330078e-01
9.486297965049743652e-01
9.976228475570678711e-01
9.801791906356811523e-01
9.989094734191894531e-01
9.633147120475769043e-01
9.913738369941711426e-01
9.988269805908203125e-01
9.908278584480285645e-01
9.950962066650390625e-01
9.995122551918029785e-01
9.990938901901245117e-01
9.886569380760192871e-01
9.933130741119384766e-01
9.969858527183532715e-01
9.979463815689086914e-01
9.783813953399658203e-01
9.882109761238098145e-01
9.980643987655639648e-01
9.925516843795776367e-01
9.976272583007812500e-01
9.977127909660339355e-01
9.929164648056030273e-01
9.863821864128112793e-01
9.924783706665039062e-01
9.940458536148071289e-01
9.967132210731506348e-01
9.819994568824768066e-01
9.947286248207092285e-01
9.971249103546142578e-01
8.566883802413940430e-01
9.901728034019470215e-01
9.674634337425231934e-01
9.991046190261840820e-01
9.966649413108825684e-01
9.964718818664550781e-01
9.937868118286132812e-01
9.863101840019226074e-01
9.942745566368103027e-01
9.980387687683105469e-01
9.975486397743225098e-01
9.986582994461059570e-01
9.938147664070129395e-01
9.959085583686828613e-01
9.965569972991943359e-01
9.976671338081359863e-01
9.423565864562988281e-01
9.923510551452636719e-01
9.940539598464965820e-01
9.854618906974792480e-01
9.900810122489929199e-01
9.687533378601074219e-01
9.367710947990417480e-01
9.941900968551635742e-01
9.507079720497131348e-01
9.971560239791870117e-01
9.554729461669921875e-01
9.995627999305725098e-01
9.980560541152954102e-01
9.990985393524169922e-01
9.916616678237915039e-01
9.921318888664245605e-01
9.977982640266418457e-01
9.972563385963439941e-01
9.976044297218322754e-01
9.894613027572631836e-01
9.987686276435852051e-01
9.964917302131652832e-01
9.983069896697998047e-01
9.946658611297607422e-01
9.812934994697570801e-01
9.996348619461059570e-01
9.182491302490234375e-01
9.991379976272583008e-01
9.962264299392700195e-01
9.992567896842956543e-01
9.858053922653198242e-01
9.896402359008789062e-01
9.964513182640075684e-01
9.964987039566040039e-01
9.930546283721923828e-01
9.991145133972167969e-01
9.924463629722595215e-01
9.968783855438232422e-01
9.852197766304016113e-01
9.976901412010192871e-01
9.894787669181823730e-01
9.946423172950744629e-01
9.905335307121276855e-01
9.990893602371215820e-01
9.980350136756896973e-01
9.970266819000244141e-01
9.963761568069458008e-01
9.943718314170837402e-01
9.698612093925476074e-01
9.921323060989379883e-01
9.959768056869506836e-01
9.985389709472656250e-01
9.973657131195068359e-01
9.920703172683715820e-01
9.943962693214416504e-01
9.820005893707275391e-01
9.800164103507995605e-01
9.958330392837524414e-01
9.930618405342102051e-01
9.934515953063964844e-01
9.976823925971984863e-01
9.983918666839599609e-01
9.913947582244873047e-01
9.934014081954956055e-01
9.961482882499694824e-01
9.497845768928527832e-01
9.938268065452575684e-01
9.972355365753173828e-01
9.879851341247558594e-01
9.950110316276550293e-01
9.942483305931091309e-01
9.982495307922363281e-01
9.993544220924377441e-01
9.972033500671386719e-01
9.725561141967773438e-01
9.881953001022338867e-01
9.955755472183227539e-01
9.963603019714355469e-01
9.994613528251647949e-01
9.655885696411132812e-01
9.631848931312561035e-01
9.640591144561767578e-01
9.905782938003540039e-01
9.935716986656188965e-01
9.940156936645507812e-01
9.209095835685729980e-01
9.995690584182739258e-01
9.929175972938537598e-01
9.959839582443237305e-01
9.977335333824157715e-01
9.972118735313415527e-01
9.966222643852233887e-01
9.715685248374938965e-01
9.778385758399963379e-01
9.836267232894897461e-01
9.975799918174743652e-01
9.972947835922241211e-01
9.625952839851379395e-01
9.997236132621765137e-01
9.983856081962585449e-01
9.981555938720703125e-01
9.667857289314270020e-01
9.601703286170959473e-01
9.700746536254882812e-01
9.984915256500244141e-01
9.613043665885925293e-01
9.983428716659545898e-01
9.984137415885925293e-01
9.993631839752197266e-01
9.877566695213317871e-01
9.995295405387878418e-01
9.750305414199829102e-01
9.896067976951599121e-01
9.620006680488586426e-01
9.899903535842895508e-01
9.932175874710083008e-01
9.792988300323486328e-01
9.999192953109741211e-01
9.919944405555725098e-01
9.960625767707824707e-01
9.972542524337768555e-01
9.969198107719421387e-01
9.967435598373413086e-01
9.924961924552917480e-01
9.855092763900756836e-01
9.901263713836669922e-01
9.886897802352905273e-01
9.988575577735900879e-01
9.981657266616821289e-01
9.938798546791076660e-01
9.983195066452026367e-01
9.944847822189331055e-01
9.984156489372253418e-01
9.900612831115722656e-01
9.978054761886596680e-01
9.825584292411804199e-01
9.965300559997558594e-01
9.488523006439208984e-01
9.917572140693664551e-01
9.959533810615539551e-01
9.992970824241638184e-01
9.975800514221191406e-01
9.884372949600219727e-01
9.987530112266540527e-01
9.960702061653137207e-01
9.968220591545104980e-01
9.915363788604736328e-01
9.939213991165161133e-01
9.995268583297729492e-01
9.801377654075622559e-01
9.860028028488159180e-01
9.991111755371093750e-01
9.981111884117126465e-01
9.987556934356689453e-01
9.833950400352478027e-01
9.980081319808959961e-01
9.827597141265869141e-01
9.942809343338012695e-01
9.892123937606811523e-01
9.999895691871643066e-01
9.953410625457763672e-01
9.981940984725952148e-01
9.672442674636840820e-01
9.979251623153686523e-01
9.838891029357910156e-01
9.956532716751098633e-01
9.926215410232543945e-01
9.957747459411621094e-01
9.964805841445922852e-01
9.819936156272888184e-01
9.736699461936950684e-01
9.708483815193176270e-01
9.779733419418334961e-01
9.979250431060791016e-01
9.905455708503723145e-01
9.998146295547485352e-01
9.993770718574523926e-01
9.980625510215759277e-01
9.927116036415100098e-01
9.991925358772277832e-01
9.992242455482482910e-01
9.941628575325012207e-01
9.808216691017150879e-01
9.973163604736328125e-01
9.440781474113464355e-01
9.964337944984436035e-01
9.828414916992187500e-01
9.983248710632324219e-01
9.953430891036987305e-01
9.966083765029907227e-01
9.989724755287170410e-01
9.967018961906433105e-01
9.992844462394714355e-01
9.793941974639892578e-01
9.872211813926696777e-01
9.969902038574218750e-01
9.998266100883483887e-01
9.943318367004394531e-01
9.975143074989318848e-01
9.989638924598693848e-01
9.965664744377136230e-01
9.867482185363769531e-01
9.919509887695312500e-01
9.969742894172668457e-01
9.839774370193481445e-01
9.698343873023986816e-01
9.974129796028137207e-01
9.882389903068542480e-01
9.920578002929687500e-01
9.939311146736145020e-01
9.977221488952636719e-01
9.979781508445739746e-01
9.926617145538330078e-01
9.783431291580200195e-01
9.737861156463623047e-01
9.888157844543457031e-01
9.987151622772216797e-01
9.905888438224792480e-01
9.935196638107299805e-01
9.894308447837829590e-01
9.954533576965332031e-01
9.512000679969787598e-01
9.766763448715209961e-01
9.887032508850097656e-01
9.951885342597961426e-01
9.986956715583801270e-01
9.984229803085327148e-01
9.985024333000183105e-01
8.880034089088439941e-01
9.806621074676513672e-01
9.942318201065063477e-01
9.942001104354858398e-01
9.826597571372985840e-01
9.965121150016784668e-01
9.990422129631042480e-01
9.964634180068969727e-01
9.629048109054565430e-01
9.982145428657531738e-01
9.818738102912902832e-01
9.941936135292053223e-01
9.669718742370605469e-01
9.987522959709167480e-01
9.978580474853515625e-01
9.946033954620361328e-01
9.934217333793640137e-01
9.966802000999450684e-01
9.987042546272277832e-01
9.940895438194274902e-01
9.990385770797729492e-01
9.966859221458435059e-01
9.974058270454406738e-01
9.815767407417297363e-01
9.963921904563903809e-01
9.931638836860656738e-01
9.861946702003479004e-01
9.911383986473083496e-01
9.979880452156066895e-01
9.864131212234497070e-01
9.975144267082214355e-01
9.899747967720031738e-01
9.914483428001403809e-01
9.996739625930786133e-01
9.996056556701660156e-01
9.955933094024658203e-01
9.993826150894165039e-01
9.961441159248352051e-01
9.960147738456726074e-01
9.915161132812500000e-01
9.907271265983581543e-01
9.998168349266052246e-01
9.794709086418151855e-01
9.938554763793945312e-01
9.975705146789550781e-01
9.973552823066711426e-01
9.987624287605285645e-01
9.888079166412353516e-01
9.915791153907775879e-01
9.954507350921630859e-01
9.977097511291503906e-01
9.881688356399536133e-01
9.874827861785888672e-01
9.930688142776489258e-01
9.967084527015686035e-01
9.960989952087402344e-01
9.930290579795837402e-01
9.960533976554870605e-01
9.963098764419555664e-01
9.223349690437316895e-01
9.907961487770080566e-01
9.865080118179321289e-01
9.954463243484497070e-01
9.933456182479858398e-01
9.604325890541076660e-01
9.951161146163940430e-01
9.980897307395935059e-01
