9.941235780715942383e-01
9.986658096313476562e-01
9.930211305618286133e-01
9.959749579429626465e-01
9.801317453384399414e-01
9.875687956809997559e-01
9.989285469055175781e-01
9.981578588485717773e-01
9.994605183601379395e-01
9.985801577568054199e-01
9.999598860740661621e-01
9.972535967826843262e-01
9.990195035934448242e-01
9.814896583557128906e-01
9.921698570251464844e-01
9.990162849426269531e-01
9.975878000259399414e-01
9.978238344192504883e-01
9.981835484504699707e-01
9.988470077514648438e-01
9.939623475074768066e-01
9.961602091789245605e-01
9.997743368148803711e-01
9.971277117729187012e-01
9.975599050521850586e-01
9.980152249336242676e-01
9.997230768203735352e-01
9.943947196006774902e-01
9.938098192214965820e-01
9.930746555328369141e-01
9.983013272285461426e-01
9.908597469329833984e-01
9.920626282691955566e-01
9.958550930023193359e-01
9.879963994026184082e-01
9.928156137466430664e-01
9.995651245117187500e-01
9.988121986389160156e-01
9.978086352348327637e-01
9.991796612739562988e-01
9.990204572677612305e-01
9.950018525123596191e-01
9.980832338333129883e-01
9.878106117248535156e-01
9.969522356986999512e-01
9.981386065483093262e-01
9.991917610168457031e-01
9.986578822135925293e-01
9.984188675880432129e-01
9.945225715637207031e-01
9.986292719841003418e-01
9.993932843208312988e-01
9.843553304672241211e-01
9.989430904388427734e-01
9.949094057083129883e-01
9.990574717521667480e-01
9.980409145355224609e-01
9.968543052673339844e-01
9.950103163719177246e-01
9.994283914566040039e-01
9.914021492004394531e-01
9.528140425682067871e-01
9.997309446334838867e-01
9.992860555648803711e-01
9.940004944801330566e-01
9.968230128288269043e-01
9.988202452659606934e-01
9.759839177131652832e-01
9.990417361259460449e-01
9.984735250473022461e-01
9.982060790061950684e-01
9.991165399551391602e-01
9.941468238830566406e-01
9.959744811058044434e-01
9.912368655204772949e-01
9.987124204635620117e-01
9.987733960151672363e-01
9.916645288467407227e-01
9.967024922370910645e-01
9.961520433425903320e-01
9.989725351333618164e-01
9.909454584121704102e-01
9.997892379760742188e-01
9.977185726165771484e-01
9.972037672996520996e-01
9.924196600914001465e-01
9.941730499267578125e-01
9.995301961898803711e-01
9.933335781097412109e-01
9.998514652252197266e-01
9.948314428329467773e-01
9.949626326560974121e-01
9.994384050369262695e-01
9.979479312896728516e-01
9.935222864151000977e-01
9.992949366569519043e-01
9.953919649124145508e-01
9.985665082931518555e-01
9.927171468734741211e-01
9.975254535675048828e-01
9.983909130096435547e-01
9.966862797737121582e-01
9.987196326255798340e-01
9.962247014045715332e-01
9.992862343788146973e-01
9.969139099121093750e-01
9.984592795372009277e-01
9.954973459243774414e-01
9.991047978401184082e-01
9.982046484947204590e-01
9.953779578208923340e-01
9.936256408691406250e-01
9.912545084953308105e-01
9.988979101181030273e-01
9.975450038909912109e-01
9.995648860931396484e-01
9.955483078956604004e-01
9.956078529357910156e-01
9.978511929512023926e-01
9.940727353096008301e-01
9.983543157577514648e-01
9.980699419975280762e-01
9.863159656524658203e-01
9.946178793907165527e-01
9.916929602622985840e-01
9.961172342300415039e-01
9.993271827697753906e-01
9.991379380226135254e-01
9.998137354850769043e-01
9.940329194068908691e-01
9.989314079284667969e-01
9.991735219955444336e-01
9.788736701011657715e-01
9.957548975944519043e-01
9.936825037002563477e-01
9.937562346458435059e-01
9.981988668441772461e-01
9.966109991073608398e-01
9.990239739418029785e-01
9.950518608093261719e-01
9.991051554679870605e-01
9.989114999771118164e-01
9.759231805801391602e-01
9.980037808418273926e-01
9.969544410705566406e-01
9.991373419761657715e-01
9.989322423934936523e-01
9.967002272605895996e-01
9.978742599487304688e-01
9.922733306884765625e-01
9.993206858634948730e-01
9.976595044136047363e-01
9.988160729408264160e-01
9.945087432861328125e-01
9.990162849426269531e-01
9.914390444755554199e-01
9.988243579864501953e-01
9.974759221076965332e-01
9.937334060668945312e-01
9.995895624160766602e-01
9.818080663681030273e-01
9.954642653465270996e-01
9.988656640052795410e-01
9.989722371101379395e-01
9.976286292076110840e-01
9.992462992668151855e-01
9.999507665634155273e-01
9.983892440795898438e-01
9.991804361343383789e-01
9.952247142791748047e-01
9.968631863594055176e-01
9.780242443084716797e-01
9.991793632507324219e-01
9.937983155250549316e-01
9.974904060363769531e-01
9.932587742805480957e-01
9.981209635734558105e-01
9.959916472434997559e-01
9.983714818954467773e-01
9.989791512489318848e-01
9.964547753334045410e-01
9.981486201286315918e-01
9.987341165542602539e-01
9.992150068283081055e-01
9.988445043563842773e-01
9.974757432937622070e-01
9.981884956359863281e-01
9.994291067123413086e-01
9.987370371818542480e-01
9.995397329330444336e-01
9.897669553756713867e-01
9.980838298797607422e-01
9.962745904922485352e-01
9.978528618812561035e-01
9.818426966667175293e-01
9.972617030143737793e-01
9.991937875747680664e-01
9.967978596687316895e-01
9.985978603363037109e-01
9.846931695938110352e-01
9.983110427856445312e-01
9.989745616912841797e-01
9.944250583648681641e-01
9.794896841049194336e-01
9.940813183784484863e-01
9.992166757583618164e-01
9.988473057746887207e-01
9.934227466583251953e-01
9.989830851554870605e-01
9.990320801734924316e-01
9.904245138168334961e-01
9.932233095169067383e-01
9.918619394302368164e-01
9.990665912628173828e-01
9.987789392471313477e-01
9.912340044975280762e-01
9.980336427688598633e-01
9.992997050285339355e-01
9.681107401847839355e-01
9.978774785995483398e-01
9.986716508865356445e-01
9.989209771156311035e-01
9.994669556617736816e-01
9.992621541023254395e-01
9.993489980697631836e-01
9.912799000740051270e-01
9.977626204490661621e-01
9.948782324790954590e-01
9.988121986389160156e-01
9.955222606658935547e-01
9.986027479171752930e-01
9.977525472640991211e-01
9.962804913520812988e-01
9.948733448982238770e-01
9.983239173889160156e-01
9.896302819252014160e-01
9.994034171104431152e-01
9.995791316032409668e-01
9.919773340225219727e-01
9.954326748847961426e-01
9.983785152435302734e-01
9.921560883522033691e-01
9.984581470489501953e-01
9.905444383621215820e-01
9.962263107299804688e-01
9.995990395545959473e-01
9.967271685600280762e-01
9.884904026985168457e-01
9.968318939208984375e-01
9.957879185676574707e-01
9.948085546493530273e-01
9.913918972015380859e-01
9.999002218246459961e-01
9.945149421691894531e-01
9.985545873641967773e-01
9.958579540252685547e-01
9.985134601593017578e-01
9.968720674514770508e-01
9.972716569900512695e-01
9.992003440856933594e-01
9.999417066574096680e-01
9.932955503463745117e-01
9.977114796638488770e-01
9.991244077682495117e-01
9.980812072753906250e-01
9.932913184165954590e-01
9.973359704017639160e-01
9.968828558921813965e-01
9.743314385414123535e-01
9.989841580390930176e-01
9.985464811325073242e-01
9.939368367195129395e-01
9.828156828880310059e-01
9.975681304931640625e-01
9.950208663940429688e-01
9.930754303932189941e-01
9.981162548065185547e-01
9.956890940666198730e-01
9.947697520256042480e-01
9.981864094734191895e-01
9.976001381874084473e-01
9.951524138450622559e-01
9.992109537124633789e-01
9.950539469718933105e-01
9.948061704635620117e-01
9.983174800872802734e-01
9.991336464881896973e-01
9.992153048515319824e-01
9.992175698280334473e-01
9.976741671562194824e-01
9.948420524597167969e-01
9.967631697654724121e-01
9.986634850502014160e-01
9.458854198455810547e-01
9.981846809387207031e-01
9.976225495338439941e-01
9.963899254798889160e-01
9.960418343544006348e-01
9.990285038948059082e-01
9.980530142784118652e-01
9.977305531501770020e-01
9.978758692741394043e-01
9.997057318687438965e-01
9.985132217407226562e-01
9.996783733367919922e-01
9.949426054954528809e-01
9.984810352325439453e-01
9.177138209342956543e-01
9.988276958465576172e-01
9.983029961585998535e-01
9.980545043945312500e-01
9.855428338050842285e-01
9.961922168731689453e-01
9.908493161201477051e-01
9.968328475952148438e-01
9.981570839881896973e-01
9.958259463310241699e-01
9.987457990646362305e-01
9.977222681045532227e-01
9.989110231399536133e-01
9.991512894630432129e-01
9.765044450759887695e-01
9.847034811973571777e-01
9.979090094566345215e-01
9.980269074440002441e-01
9.933898448944091797e-01
9.948937296867370605e-01
9.989985823631286621e-01
9.811515808105468750e-01
9.930079579353332520e-01
9.989482760429382324e-01
9.975676536560058594e-01
9.938278794288635254e-01
9.840245246887207031e-01
9.992169737815856934e-01
9.999379515647888184e-01
9.977018237113952637e-01
9.950966835021972656e-01
9.973205327987670898e-01
9.932711720466613770e-01
9.822971224784851074e-01
9.986919760704040527e-01
9.979093074798583984e-01
9.999730587005615234e-01
9.986286759376525879e-01
9.999624490737915039e-01
9.980876445770263672e-01
9.991761445999145508e-01
9.975839853286743164e-01
9.999392628669738770e-01
9.987064599990844727e-01
9.975467324256896973e-01
9.951517581939697266e-01
9.974059462547302246e-01
9.953518509864807129e-01
9.970856904983520508e-01
9.904812574386596680e-01
9.918601512908935547e-01
9.984006881713867188e-01
9.952785372734069824e-01
9.984787702560424805e-01
9.947314262390136719e-01
9.968239068984985352e-01
9.973106384277343750e-01
9.949261546134948730e-01
9.991931319236755371e-01
9.938329458236694336e-01
9.999107122421264648e-01
9.955971240997314453e-01
9.987522959709167480e-01
9.941637516021728516e-01
9.978820085525512695e-01
9.989762306213378906e-01
9.942368865013122559e-01
9.939795136451721191e-01
9.982981085777282715e-01
9.890183210372924805e-01
9.981358051300048828e-01
9.912658929824829102e-01
9.975498914718627930e-01
9.946696162223815918e-01
9.962732195854187012e-01
9.988189339637756348e-01
9.812305569648742676e-01
9.971705675125122070e-01
9.966893792152404785e-01
9.989327788352966309e-01
9.980272054672241211e-01
9.982241392135620117e-01
9.959137439727783203e-01
9.957170486450195312e-01
9.990301728248596191e-01
9.981475472450256348e-01
9.957481026649475098e-01
9.891496300697326660e-01
9.991362094879150391e-01
9.974051117897033691e-01
9.967618584632873535e-01
9.925602674484252930e-01
9.991009235382080078e-01
9.936226010322570801e-01
9.999723434448242188e-01
9.450073242187500000e-01
9.988258481025695801e-01
9.992856979370117188e-01
9.992672801017761230e-01
9.973015189170837402e-01
9.981963038444519043e-01
9.986447095870971680e-01
9.959961175918579102e-01
9.969723224639892578e-01
9.929426312446594238e-01
9.976729750633239746e-01
9.990873336791992188e-01
9.992159605026245117e-01
9.931159615516662598e-01
9.967437386512756348e-01
9.964690208435058594e-01
9.966835975646972656e-01
9.999178051948547363e-01
9.970273375511169434e-01
9.983198046684265137e-01
9.964525699615478516e-01
9.990334510803222656e-01
9.988640546798706055e-01
9.893651604652404785e-01
9.989697933197021484e-01
9.905602335929870605e-01
9.983548521995544434e-01
9.993194341659545898e-01
9.991022944450378418e-01
9.978536367416381836e-01
9.924474954605102539e-01
9.894259572029113770e-01
9.988329410552978516e-01
9.949839711189270020e-01
9.942770600318908691e-01
9.995096921920776367e-01
9.955728054046630859e-01
9.881927967071533203e-01
9.900376796722412109e-01
9.872841238975524902e-01
9.960690140724182129e-01
9.970648288726806641e-01
9.981880187988281250e-01
9.991063475608825684e-01
9.955438375473022461e-01
9.970793128013610840e-01
9.991130828857421875e-01
9.986410737037658691e-01
9.983479976654052734e-01
9.993111491203308105e-01
9.998092651367187500e-01
9.972798824310302734e-01
9.971196651458740234e-01
9.974986314773559570e-01
9.961891174316406250e-01
9.969390630722045898e-01
9.982652664184570312e-01
9.978204965591430664e-01
9.866110682487487793e-01
9.976888298988342285e-01
9.960190057754516602e-01
9.992855787277221680e-01
9.955295324325561523e-01
9.994864463806152344e-01
9.932553172111511230e-01
9.988098144531250000e-01
9.914473891258239746e-01
9.998646378517150879e-01
9.996249675750732422e-01
9.986308813095092773e-01
9.993287324905395508e-01
9.991981387138366699e-01
9.982681274414062500e-01
9.965025782585144043e-01
9.978778958320617676e-01
9.963746666908264160e-01
9.954036474227905273e-01
9.921817779541015625e-01
9.988637566566467285e-01
9.994565248489379883e-01
9.992176294326782227e-01
9.974505901336669922e-01
9.942423701286315918e-01
9.958909153938293457e-01
9.974763393402099609e-01
9.971630573272705078e-01
9.961600899696350098e-01
9.990510344505310059e-01
9.975977540016174316e-01
9.952585101127624512e-01
9.987027049064636230e-01
9.978462457656860352e-01
9.990299344062805176e-01
9.805849194526672363e-01
9.979901313781738281e-01
9.954458475112915039e-01
9.984757900238037109e-01
9.956303238868713379e-01
9.989686608314514160e-01
9.945306777954101562e-01
9.916101694107055664e-01
9.880158901214599609e-01
9.952324032783508301e-01
9.992746710777282715e-01
9.983583688735961914e-01
9.953523278236389160e-01
9.990835785865783691e-01
9.697296023368835449e-01
9.985987544059753418e-01
9.958454966545104980e-01
9.974664449691772461e-01
9.968153834342956543e-01
9.988908171653747559e-01
9.930980205535888672e-01
8.848496675491333008e-01
9.975743293762207031e-01
9.955779314041137695e-01
9.945130944252014160e-01
9.816756844520568848e-01
9.961452484130859375e-01
9.998875260353088379e-01
9.976606965065002441e-01
9.849703907966613770e-01
9.973318576812744141e-01
9.985997080802917480e-01
9.977447986602783203e-01
9.995987415313720703e-01
9.973118901252746582e-01
9.918724894523620605e-01
9.927336573600769043e-01
9.974435567855834961e-01
9.938711524009704590e-01
9.973089098930358887e-01
9.991756677627563477e-01
9.985360503196716309e-01
9.983746409416198730e-01
9.973862767219543457e-01
9.935674667358398438e-01
9.991225600242614746e-01
9.977117776870727539e-01
9.991244077682495117e-01
9.964625239372253418e-01
9.956651329994201660e-01
9.954666495323181152e-01
9.941897988319396973e-01
9.988700747489929199e-01
9.959815144538879395e-01
9.955069422721862793e-01
9.992432594299316406e-01
9.995963573455810547e-01
9.963583946228027344e-01
9.916289448738098145e-01
9.958754181861877441e-01
9.992038011550903320e-01
9.886019229888916016e-01
9.936718344688415527e-01
9.958506822586059570e-01
9.990034699440002441e-01
9.980366826057434082e-01
9.960927367210388184e-01
9.969907402992248535e-01
9.979239106178283691e-01
9.976482391357421875e-01
9.991495013236999512e-01
9.968833327293395996e-01
9.985052943229675293e-01
9.971070885658264160e-01
9.972027540206909180e-01
9.969834685325622559e-01
9.886084198951721191e-01
9.946129918098449707e-01
9.976059198379516602e-01
9.961789250373840332e-01
9.996072649955749512e-01
9.980004429817199707e-01
9.948817491531372070e-01
9.997358322143554688e-01
9.990876317024230957e-01
9.968653917312622070e-01
9.990643858909606934e-01
9.957123994827270508e-01
9.975536465644836426e-01
9.984685778617858887e-01
9.944523572921752930e-01
9.999240040779113770e-01
9.948208928108215332e-01
9.992198348045349121e-01
9.998636841773986816e-01
9.788028597831726074e-01
9.959390759468078613e-01
9.991976022720336914e-01
9.992731213569641113e-01
9.994030594825744629e-01
9.991335868835449219e-01
9.903401732444763184e-01
9.862669706344604492e-01
9.977246522903442383e-01
9.989730715751647949e-01
9.956116676330566406e-01
9.993665814399719238e-01
9.985849261283874512e-01
9.975550770759582520e-01
9.948930144309997559e-01
9.950639605522155762e-01
9.964324831962585449e-01
9.938462376594543457e-01
9.930488467216491699e-01
9.982318878173828125e-01
9.992171525955200195e-01
9.970266222953796387e-01
9.909733533859252930e-01
9.942525029182434082e-01
9.976633191108703613e-01
9.994902610778808594e-01
9.993608593940734863e-01
9.917098283767700195e-01
9.875301718711853027e-01
9.987738132476806641e-01
9.907829165458679199e-01
9.935028553009033203e-01
9.978064298629760742e-01
9.905827641487121582e-01
9.973505735397338867e-01
9.935447573661804199e-01
9.767554998397827148e-01
9.979423880577087402e-01
9.975634217262268066e-01
9.986439347267150879e-01
9.956682920455932617e-01
9.986190795898437500e-01
9.986979365348815918e-01
9.977555274963378906e-01
9.816128015518188477e-01
9.932841658592224121e-01
9.973902106285095215e-01
9.916955232620239258e-01
9.977111816406250000e-01
9.994646906852722168e-01
9.990693330764770508e-01
9.983112215995788574e-01
9.985719323158264160e-01
9.941540360450744629e-01
9.902761578559875488e-01
9.971925020217895508e-01
9.989449381828308105e-01
9.938277006149291992e-01
9.898411631584167480e-01
9.922566413879394531e-01
9.972574114799499512e-01
9.927547574043273926e-01
9.902098178863525391e-01
9.953435063362121582e-01
9.917001724243164062e-01
9.980707764625549316e-01
9.996337294578552246e-01
9.882356524467468262e-01
9.925138354301452637e-01
9.981222748756408691e-01
9.988659620285034180e-01
9.992431402206420898e-01
9.926864504814147949e-01
9.972926974296569824e-01
9.948862791061401367e-01
9.969491958618164062e-01
9.986703395843505859e-01
9.986849427223205566e-01
9.990231990814208984e-01
9.973860979080200195e-01
9.989221692085266113e-01
9.914612770080566406e-01
9.984383583068847656e-01
9.989640116691589355e-01
9.989793896675109863e-01
9.983620643615722656e-01
9.894945025444030762e-01
9.972071647644042969e-01
9.898611307144165039e-01
9.983133673667907715e-01
9.959396719932556152e-01
9.958588480949401855e-01
9.984703063964843750e-01
9.888866543769836426e-01
9.951074123382568359e-01
9.937639236450195312e-01
9.998661875724792480e-01
9.921696782112121582e-01
9.993826150894165039e-01
9.972804188728332520e-01
9.923262000083923340e-01
9.994094967842102051e-01
9.919103384017944336e-01
9.973255991935729980e-01
9.997873306274414062e-01
9.922798275947570801e-01
9.981169700622558594e-01
9.911482334136962891e-01
9.991568922996520996e-01
9.999578595161437988e-01
9.888670444488525391e-01
9.945169091224670410e-01
9.949415326118469238e-01
9.932547211647033691e-01
9.999437332153320312e-01
9.991714954376220703e-01
9.923992753028869629e-01
9.998773932456970215e-01
9.985889196395874023e-01
9.944305419921875000e-01
9.956615567207336426e-01
9.945296049118041992e-01
9.994494915008544922e-01
9.883057475090026855e-01
9.727289080619812012e-01
9.993162751197814941e-01
9.928294420242309570e-01
9.979584217071533203e-01
9.991566538810729980e-01
9.997642636299133301e-01
9.973340630531311035e-01
9.973957538604736328e-01
9.935786128044128418e-01
9.911516308784484863e-01
9.972506761550903320e-01
9.991135597229003906e-01
9.895243644714355469e-01
9.972685575485229492e-01
9.991966485977172852e-01
9.908472895622253418e-01
9.991261959075927734e-01
9.962545037269592285e-01
9.972082376480102539e-01
9.935684800148010254e-01
9.972520470619201660e-01
9.992902278900146484e-01
9.987589120864868164e-01
9.989647865295410156e-01
9.930920600891113281e-01
9.988532066345214844e-01
9.963797330856323242e-01
9.974247813224792480e-01
9.949890375137329102e-01
9.925810694694519043e-01
9.979509115219116211e-01
9.688540101051330566e-01
9.980729222297668457e-01
9.948763251304626465e-01
9.988688230514526367e-01
9.915786981582641602e-01
9.976556897163391113e-01
9.983900785446166992e-01
9.960075616836547852e-01
9.980778098106384277e-01
9.908879995346069336e-01
9.971096515655517578e-01
9.976127147674560547e-01
9.988077282905578613e-01
9.878830909729003906e-01
9.963070750236511230e-01
9.875050187110900879e-01
9.969937801361083984e-01
9.989690184593200684e-01
9.902226924896240234e-01
9.907401800155639648e-01
9.936226010322570801e-01
9.985988736152648926e-01
9.973587989807128906e-01
9.988054633140563965e-01
9.975996017456054688e-01
9.975990653038024902e-01
9.963382482528686523e-01
9.990211129188537598e-01
9.987372756004333496e-01
9.986582994461059570e-01
9.958912134170532227e-01
9.949389696121215820e-01
9.989759922027587891e-01
9.985860586166381836e-01
9.940816760063171387e-01
9.987462162971496582e-01
9.969130158424377441e-01
9.992434382438659668e-01
9.987361431121826172e-01
9.990849494934082031e-01
9.963788986206054688e-01
9.973489642143249512e-01
9.933665990829467773e-01
9.957062005996704102e-01
9.964783191680908203e-01
9.965249300003051758e-01
9.938701391220092773e-01
9.951518774032592773e-01
9.941533803939819336e-01
9.998372793197631836e-01
9.768630862236022949e-01
9.976359009742736816e-01
9.985444545745849609e-01
9.967530369758605957e-01
9.992560148239135742e-01
9.974476695060729980e-01
9.985470175743103027e-01
9.960685968399047852e-01
9.988051056861877441e-01
9.985863566398620605e-01
9.983903765678405762e-01
9.986395239830017090e-01
9.981457591056823730e-01
9.988133907318115234e-01
9.992577433586120605e-01
9.881818890571594238e-01
9.932319521903991699e-01
9.930658340454101562e-01
9.986757636070251465e-01
9.998607635498046875e-01
9.842776060104370117e-01
9.954154491424560547e-01
9.999553561210632324e-01
9.941428303718566895e-01
9.946938753128051758e-01
9.952559471130371094e-01
9.986922740936279297e-01
9.894644021987915039e-01
9.968248605728149414e-01
9.941389560699462891e-01
9.943045377731323242e-01
9.995185136795043945e-01
9.968537688255310059e-01
9.925035238265991211e-01
9.774008393287658691e-01
9.954033493995666504e-01
9.990664720535278320e-01
9.975441098213195801e-01
9.978470802307128906e-01
9.988180398941040039e-01
9.899839758872985840e-01
9.951930642127990723e-01
9.951232075691223145e-01
9.810879826545715332e-01
9.930596947669982910e-01
9.882828593254089355e-01
9.993232488632202148e-01
9.998602271080017090e-01
9.933302402496337891e-01
9.970411062240600586e-01
9.953557848930358887e-01
9.975431561470031738e-01
9.974305629730224609e-01
9.912078976631164551e-01
9.826202988624572754e-01
9.911988377571105957e-01
9.985150098800659180e-01
9.971227645874023438e-01
9.971178174018859863e-01
9.876234531402587891e-01
9.984496235847473145e-01
9.973449110984802246e-01
9.972978234291076660e-01
9.982055425643920898e-01
9.978930354118347168e-01
9.953315258026123047e-01
9.979398846626281738e-01
9.985523223876953125e-01
9.977470636367797852e-01
9.950425028800964355e-01
9.940596818923950195e-01
9.977173209190368652e-01
9.986298680305480957e-01
9.985529780387878418e-01
9.964035749435424805e-01
9.980257749557495117e-01
9.970731735229492188e-01
9.922593235969543457e-01
9.999697804450988770e-01
9.883036017417907715e-01
9.933292865753173828e-01
9.706255197525024414e-01
9.965691566467285156e-01
9.954403042793273926e-01
9.919496178627014160e-01
9.984921216964721680e-01
9.983732104301452637e-01
9.830986857414245605e-01
9.939146041870117188e-01
9.945923089981079102e-01
9.998957514762878418e-01
9.761418104171752930e-01
9.952806234359741211e-01
9.974395632743835449e-01
9.948560595512390137e-01
9.878876209259033203e-01
9.999314546585083008e-01
9.915318489074707031e-01
9.939557313919067383e-01
9.973291158676147461e-01
9.985398054122924805e-01
9.969576597213745117e-01
9.962049126625061035e-01
9.971686005592346191e-01
9.984032511711120605e-01
9.967374801635742188e-01
9.904183149337768555e-01
9.975951910018920898e-01
9.993340373039245605e-01
9.944664239883422852e-01
9.925869703292846680e-01
9.911000132560729980e-01
9.949009418487548828e-01
9.986770749092102051e-01
9.946332573890686035e-01
9.994163513183593750e-01
9.988290667533874512e-01
9.985924959182739258e-01
9.747872352600097656e-01
9.899207949638366699e-01
9.957690238952636719e-01
9.998925328254699707e-01
9.950187802314758301e-01
9.986591935157775879e-01
9.953151941299438477e-01
9.937629699707031250e-01
9.991337656974792480e-01
9.967170357704162598e-01
9.992253780364990234e-01
9.971316456794738770e-01
9.960340857505798340e-01
9.978095293045043945e-01
9.953550696372985840e-01
9.990639686584472656e-01
9.963093400001525879e-01
9.947355985641479492e-01
9.967949986457824707e-01
9.989945292472839355e-01
9.997147321701049805e-01
9.920101761817932129e-01
9.977443218231201172e-01
9.967507123947143555e-01
9.986928701400756836e-01
9.994090199470520020e-01
9.954234957695007324e-01
9.962641596794128418e-01
9.958427548408508301e-01
9.961792826652526855e-01
9.985802769660949707e-01
9.981820583343505859e-01
9.978565573692321777e-01
9.943762421607971191e-01
9.981918931007385254e-01
9.971162676811218262e-01
9.914095401763916016e-01
9.986722469329833984e-01
9.977675080299377441e-01
9.987798333168029785e-01
9.941849708557128906e-01
9.966947436332702637e-01
9.968318939208984375e-01
9.997466206550598145e-01
9.958331584930419922e-01
9.956933259963989258e-01
9.942857027053833008e-01
9.918929934501647949e-01
9.980638623237609863e-01
9.939727783203125000e-01
9.980139136314392090e-01
9.985886216163635254e-01
9.952405095100402832e-01
9.962111711502075195e-01
9.935256838798522949e-01
9.985635280609130859e-01
9.965195059776306152e-01
9.779804348945617676e-01
9.990928173065185547e-01
9.925631284713745117e-01
9.996147155761718750e-01
9.861459732055664062e-01
9.976376295089721680e-01
9.998223185539245605e-01
9.941071271896362305e-01
9.982706308364868164e-01
9.993392825126647949e-01
9.996327757835388184e-01
9.932908415794372559e-01
9.982541203498840332e-01
9.982564449310302734e-01
9.988681674003601074e-01
9.924470186233520508e-01
9.941008090972900391e-01
9.995939135551452637e-01
9.969353079795837402e-01
9.956202507019042969e-01
9.971187114715576172e-01
9.973419308662414551e-01
9.964947104454040527e-01
9.975463747978210449e-01
9.974324107170104980e-01
9.981027245521545410e-01
9.966740012168884277e-01
9.949145317077636719e-01
9.980143904685974121e-01
9.867136478424072266e-01
9.990679025650024414e-01
9.938320517539978027e-01
9.996160864830017090e-01
9.972442388534545898e-01
9.981926679611206055e-01
9.982506036758422852e-01
9.943326115608215332e-01
9.971351027488708496e-01
9.978776574134826660e-01
9.991474151611328125e-01
9.992454051971435547e-01
9.921938776969909668e-01
9.973993301391601562e-01
9.939999580383300781e-01
9.981721639633178711e-01
9.900786876678466797e-01
9.984874725341796875e-01
9.958676099777221680e-01
9.941774606704711914e-01
9.928088188171386719e-01
9.911475777626037598e-01
9.934297800064086914e-01
9.845754504203796387e-01
9.738996624946594238e-01
9.958616495132446289e-01
9.955306649208068848e-01
9.993965029716491699e-01
9.987689852714538574e-01
9.935698509216308594e-01
9.951829910278320312e-01
9.972199797630310059e-01
9.978070855140686035e-01
9.991595745086669922e-01
9.988949894905090332e-01
9.928413629531860352e-01
9.993814826011657715e-01
9.977949857711791992e-01
9.987478852272033691e-01
9.937556385993957520e-01
9.884473085403442383e-01
9.965564608573913574e-01
9.748226404190063477e-01
9.992836713790893555e-01
9.980092048645019531e-01
9.993894100189208984e-01
9.951050877571105957e-01
9.874072074890136719e-01
9.976959824562072754e-01
9.982703924179077148e-01
9.969046115875244141e-01
9.998278617858886719e-01
9.973381161689758301e-01
9.992671012878417969e-01
9.934347271919250488e-01
9.974128603935241699e-01
9.970098733901977539e-01
9.972996115684509277e-01
9.930135607719421387e-01
9.997823834419250488e-01
9.989868998527526855e-01
9.987977743148803711e-01
9.987181425094604492e-01
9.969321489334106445e-01
9.966782927513122559e-01
9.914591908454895020e-01
9.944714903831481934e-01
9.978901743888854980e-01
9.992291331291198730e-01
9.985963106155395508e-01
9.947381019592285156e-01
9.860472679138183594e-01
9.982702732086181641e-01
9.965454339981079102e-01
9.990516304969787598e-01
9.983020424842834473e-01
9.990196824073791504e-01
9.992530345916748047e-01
9.976959228515625000e-01
9.963990449905395508e-01
9.973099231719970703e-01
9.976210594177246094e-01
9.924941658973693848e-01
9.987089037895202637e-01
9.933376312255859375e-01
9.985228776931762695e-01
9.954614043235778809e-01
9.993211627006530762e-01
9.997795224189758301e-01
9.985265135765075684e-01
9.801719784736633301e-01
9.946029782295227051e-01
9.967187047004699707e-01
9.968702793121337891e-01
9.976121187210083008e-01
9.870721697807312012e-01
9.887079596519470215e-01
9.898494482040405273e-01
9.973337650299072266e-01
9.943259954452514648e-01
9.977523684501647949e-01
9.735659360885620117e-01
9.999715685844421387e-01
9.932451248168945312e-01
9.994502663612365723e-01
9.989896416664123535e-01
9.971204996109008789e-01
9.977062940597534180e-01
9.915466308593750000e-01
9.959834218025207520e-01
9.893561005592346191e-01
9.983771443367004395e-01
9.991593360900878906e-01
9.877205491065979004e-01
9.992235898971557617e-01
9.988682866096496582e-01
9.984801411628723145e-01
9.846523404121398926e-01
9.953737258911132812e-01
9.912828207015991211e-01
9.992293715476989746e-01
9.940853714942932129e-01
9.993524551391601562e-01
9.991197586059570312e-01
9.988548755645751953e-01
9.851383566856384277e-01
9.982817173004150391e-01
9.869697093963623047e-01
9.945666790008544922e-01
9.904544353485107422e-01
9.645969271659851074e-01
9.944449067115783691e-01
9.963237047195434570e-01
9.999929070472717285e-01
9.937003850936889648e-01
9.988876581192016602e-01
9.974457025527954102e-01
9.999282360076904297e-01
9.983889460563659668e-01
9.958919882774353027e-01
9.944349527359008789e-01
9.985362887382507324e-01
9.973165392875671387e-01
9.968295097351074219e-01
9.987664222717285156e-01
9.997553229331970215e-01
9.991056919097900391e-01
9.987517595291137695e-01
9.977279901504516602e-01
9.984162449836730957e-01
9.971672892570495605e-01
9.987957477569580078e-01
9.889577031135559082e-01
9.987109899520874023e-01
9.948586225509643555e-01
9.973300099372863770e-01
9.986499547958374023e-01
9.994471669197082520e-01
9.992034435272216797e-01
9.904877543449401855e-01
9.981393218040466309e-01
9.991620779037475586e-01
9.980358481407165527e-01
9.992870092391967773e-01
9.971703290939331055e-01
9.971560239791870117e-01
9.962223172187805176e-01
9.851371645927429199e-01
9.982737898826599121e-01
9.994426965713500977e-01
9.991928339004516602e-01
9.983966946601867676e-01
9.907993674278259277e-01
9.990026354789733887e-01
9.911163449287414551e-01
9.950950741767883301e-01
9.930147528648376465e-01
9.993788599967956543e-01
9.992591142654418945e-01
9.977329373359680176e-01
9.919332265853881836e-01
9.979300498962402344e-01
9.932737946510314941e-01
9.986138343811035156e-01
9.969174265861511230e-01
9.992058277130126953e-01
9.984006881713867188e-01
9.887944459915161133e-01
9.950763583183288574e-01
9.885512590408325195e-01
9.935017228126525879e-01
9.987292885780334473e-01
9.961202740669250488e-01
9.998367428779602051e-01
9.994308948516845703e-01
9.976224899291992188e-01
9.979107975959777832e-01
9.993878602981567383e-01
9.994389414787292480e-01
9.990718364715576172e-01
9.993197917938232422e-01
9.988873600959777832e-01
9.912325143814086914e-01
9.978024363517761230e-01
9.898238778114318848e-01
9.989844560623168945e-01
9.980522990226745605e-01
9.964874982833862305e-01
9.993332624435424805e-01
9.993183612823486328e-01
9.994454979896545410e-01
9.913080334663391113e-01
9.994450807571411133e-01
9.969730377197265625e-01
9.999554157257080078e-01
9.977872371673583984e-01
9.996269941329956055e-01
9.992640018463134766e-01
9.983337521553039551e-01
9.952549934387207031e-01
9.992375373840332031e-01
9.985112547874450684e-01
9.957381486892700195e-01
9.988651871681213379e-01
9.980258345603942871e-01
9.950730204582214355e-01
9.944533705711364746e-01
9.958457946777343750e-01
9.945491552352905273e-01
9.989855885505676270e-01
9.983033537864685059e-01
9.977692365646362305e-01
9.937321543693542480e-01
9.949887990951538086e-01
9.992865324020385742e-01
9.951222538948059082e-01
9.986191391944885254e-01
9.961354732513427734e-01
9.959306716918945312e-01
9.875265955924987793e-01
9.976092576980590820e-01
9.977191090583801270e-01
9.973046779632568359e-01
9.943708777427673340e-01
9.995554685592651367e-01
9.989531040191650391e-01
9.613215327262878418e-01
9.943320155143737793e-01
9.960620999336242676e-01
9.967814683914184570e-01
9.946063160896301270e-01
9.981094002723693848e-01
9.993479847908020020e-01
9.954325556755065918e-01
9.944208264350891113e-01
9.992887973785400391e-01
9.941768646240234375e-01
9.976487159729003906e-01
9.911193847656250000e-01
9.954845309257507324e-01
9.991773962974548340e-01
9.930285811424255371e-01
9.965583682060241699e-01
9.987818598747253418e-01
9.991205930709838867e-01
9.975528717041015625e-01
9.996193051338195801e-01
9.983372092247009277e-01
9.951198101043701172e-01
9.963906407356262207e-01
9.987630248069763184e-01
9.949567914009094238e-01
9.963475465774536133e-01
9.997166991233825684e-01
9.996235966682434082e-01
9.957811236381530762e-01
9.991572499275207520e-01
9.980687499046325684e-01
9.983107447624206543e-01
9.990039467811584473e-01
9.990243911743164062e-01
9.960169196128845215e-01
9.961404800415039062e-01
9.983132481575012207e-01
9.969871044158935547e-01
9.939318895339965820e-01
9.992929100990295410e-01
9.994035363197326660e-01
9.964072108268737793e-01
9.959255456924438477e-01
9.989895224571228027e-01
9.974321126937866211e-01
9.992336630821228027e-01
9.924560785293579102e-01
9.952338337898254395e-01
9.981361627578735352e-01
9.989997148513793945e-01
9.913836121559143066e-01
9.990140795707702637e-01
9.987156391143798828e-01
9.948497414588928223e-01
9.989712834358215332e-01
9.942923784255981445e-01
9.997625350952148438e-01
9.993301630020141602e-01
9.693533778190612793e-01
9.942555427551269531e-01
9.920930862426757812e-01
9.970433712005615234e-01
9.972066879272460938e-01
9.899966120719909668e-01
9.973037838935852051e-01
9.993505477905273438e-01
