9.877266287803649902e-01
9.983530044555664062e-01
9.918560385704040527e-01
9.712396860122680664e-01
9.674806594848632812e-01
9.948188066482543945e-01
9.995930194854736328e-01
9.983482360839843750e-01
9.992263913154602051e-01
9.962747693061828613e-01
9.998987317085266113e-01
9.955918192863464355e-01
9.976558685302734375e-01
9.410808086395263672e-01
9.689431786537170410e-01
9.985768795013427734e-01
9.918392896652221680e-01
9.961348176002502441e-01
9.949930310249328613e-01
9.976394176483154297e-01
9.895541071891784668e-01
9.955528974533081055e-01
9.987325072288513184e-01
9.967803955078125000e-01
9.965888857841491699e-01
9.975415468215942383e-01
9.999464154243469238e-01
9.925421476364135742e-01
9.958401918411254883e-01
9.848822951316833496e-01
9.980788826942443848e-01
9.776232838630676270e-01
9.789848923683166504e-01
9.823127388954162598e-01
9.774736762046813965e-01
9.901639223098754883e-01
9.990533590316772461e-01
9.974791407585144043e-01
9.948017597198486328e-01
9.910367131233215332e-01
9.955222606658935547e-01
9.877470135688781738e-01
9.981833100318908691e-01
9.676257967948913574e-01
9.933525919914245605e-01
9.956864714622497559e-01
9.984250068664550781e-01
9.979903101921081543e-01
9.949979782104492188e-01
9.957261681556701660e-01
9.988078474998474121e-01
9.989594221115112305e-01
9.749853014945983887e-01
9.980819225311279297e-01
9.893608093261718750e-01
9.979773163795471191e-01
9.985122084617614746e-01
9.975695013999938965e-01
9.934285879135131836e-01
9.998208284378051758e-01
9.904637336730957031e-01
9.022765755653381348e-01
9.981597065925598145e-01
9.993845224380493164e-01
9.820296764373779297e-01
9.934849739074707031e-01
9.985863566398620605e-01
9.780566096305847168e-01
9.968790411949157715e-01
9.972206354141235352e-01
9.967136383056640625e-01
9.989479780197143555e-01
9.955248832702636719e-01
9.892855882644653320e-01
9.410585165023803711e-01
9.948789477348327637e-01
9.977126121520996094e-01
9.967541694641113281e-01
9.929133057594299316e-01
9.830597043037414551e-01
9.961557984352111816e-01
9.719789624214172363e-01
9.998682141304016113e-01
9.969921708106994629e-01
9.654971957206726074e-01
9.858760237693786621e-01
9.846255183219909668e-01
9.975151419639587402e-01
9.764362573623657227e-01
9.995479583740234375e-01
9.932416677474975586e-01
9.906896948814392090e-01
9.991533160209655762e-01
9.954409003257751465e-01
9.949616789817810059e-01
9.973863363265991211e-01
9.841541051864624023e-01
9.934192299842834473e-01
9.960653781890869141e-01
9.985207915306091309e-01
9.907138347625732422e-01
9.953169822692871094e-01
9.983381032943725586e-01
9.737709164619445801e-01
9.989442229270935059e-01
9.967124462127685547e-01
9.991416335105895996e-01
9.975902438163757324e-01
9.974442124366760254e-01
9.969833493232727051e-01
9.979298710823059082e-01
9.888104200363159180e-01
9.907907247543334961e-01
9.979181289672851562e-01
9.961571097373962402e-01
9.975294470787048340e-01
9.943482875823974609e-01
9.702934622764587402e-01
9.966491460800170898e-01
9.948315024375915527e-01
9.965127706527709961e-01
9.945484995841979980e-01
9.825494885444641113e-01
9.907727837562561035e-01
9.811311960220336914e-01
9.685697555541992188e-01
9.989840984344482422e-01
9.987032413482666016e-01
9.987466931343078613e-01
9.810999035835266113e-01
9.980304837226867676e-01
9.988847374916076660e-01
8.790167570114135742e-01
9.940787553787231445e-01
9.879387617111206055e-01
9.780634045600891113e-01
9.978401660919189453e-01
9.937192201614379883e-01
9.987197518348693848e-01
9.940508008003234863e-01
9.986290931701660156e-01
9.990783929824829102e-01
9.235197901725769043e-01
9.969276785850524902e-01
9.967115521430969238e-01
9.986439347267150879e-01
9.987708926200866699e-01
9.940978884696960449e-01
9.959399700164794922e-01
9.885311126708984375e-01
9.977752566337585449e-01
9.940730929374694824e-01
9.979802370071411133e-01
9.918653368949890137e-01
9.958405494689941406e-01
9.731748104095458984e-01
9.879376292228698730e-01
9.965980648994445801e-01
9.845812320709228516e-01
9.997328519821166992e-01
9.601235389709472656e-01
9.822236299514770508e-01
9.968968629837036133e-01
9.992028474807739258e-01
9.956972002983093262e-01
9.988905787467956543e-01
9.970041513442993164e-01
9.971853494644165039e-01
9.979456067085266113e-01
9.909654259681701660e-01
9.924790263175964355e-01
9.717144370079040527e-01
9.989507198333740234e-01
9.923964142799377441e-01
9.962159991264343262e-01
9.909572005271911621e-01
9.978069067001342773e-01
9.939395189285278320e-01
9.814004898071289062e-01
9.968116283416748047e-01
9.715166687965393066e-01
9.958699345588684082e-01
9.980638623237609863e-01
9.991215467453002930e-01
9.988937973976135254e-01
9.973665475845336914e-01
9.974753856658935547e-01
9.964357614517211914e-01
9.981490969657897949e-01
9.994660615921020508e-01
9.902991056442260742e-01
9.945046305656433105e-01
9.883199930191040039e-01
9.967377185821533203e-01
9.080330133438110352e-01
9.964558482170104980e-01
9.978962540626525879e-01
9.914157986640930176e-01
9.987630844116210938e-01
9.330390095710754395e-01
9.925929307937622070e-01
9.975085854530334473e-01
9.921198487281799316e-01
9.927931427955627441e-01
9.905790090560913086e-01
9.984453916549682617e-01
9.983318448066711426e-01
9.903868436813354492e-01
9.952189922332763672e-01
9.939497709274291992e-01
9.709463119506835938e-01
9.916101694107055664e-01
8.999326825141906738e-01
9.991187453269958496e-01
9.984173774719238281e-01
9.886068701744079590e-01
9.984284639358520508e-01
9.995799064636230469e-01
9.723370671272277832e-01
9.871584177017211914e-01
9.973856210708618164e-01
9.945453405380249023e-01
9.991280436515808105e-01
9.990335702896118164e-01
9.991356134414672852e-01
9.912519454956054688e-01
9.893641471862792969e-01
9.894933700561523438e-01
9.974176287651062012e-01
9.898867011070251465e-01
9.981620311737060547e-01
9.939786791801452637e-01
9.826514124870300293e-01
9.738432168960571289e-01
9.975370168685913086e-01
9.925162196159362793e-01
9.989212155342102051e-01
9.994815587997436523e-01
9.665633440017700195e-01
9.884127378463745117e-01
9.988952279090881348e-01
9.885365962982177734e-01
9.970882534980773926e-01
9.437494874000549316e-01
9.875040650367736816e-01
9.980949759483337402e-01
9.935873746871948242e-01
9.487677812576293945e-01
9.973251819610595703e-01
9.977633357048034668e-01
9.915010333061218262e-01
9.887685179710388184e-01
9.994038939476013184e-01
9.937694668769836426e-01
9.992788434028625488e-01
9.970126748085021973e-01
9.941257238388061523e-01
9.927076697349548340e-01
9.985413551330566406e-01
9.985611438751220703e-01
9.992598891258239746e-01
9.950914978981018066e-01
9.978236556053161621e-01
9.942057132720947266e-01
9.797104001045227051e-01
9.941408038139343262e-01
9.951064586639404297e-01
9.184093475341796875e-01
9.988660812377929688e-01
9.983068108558654785e-01
9.799092411994934082e-01
9.225073456764221191e-01
9.984533786773681641e-01
9.898538589477539062e-01
9.876955151557922363e-01
9.958705306053161621e-01
9.943606853485107422e-01
9.968953728675842285e-01
9.980455636978149414e-01
9.966228604316711426e-01
9.798749089241027832e-01
9.983443021774291992e-01
9.819163084030151367e-01
9.919492006301879883e-01
9.978645443916320801e-01
9.994255900382995605e-01
9.976847171783447266e-01
9.985297322273254395e-01
9.980476498603820801e-01
9.960178732872009277e-01
9.936034083366394043e-01
9.957336783409118652e-01
9.908078312873840332e-01
9.934269785881042480e-01
9.907683730125427246e-01
9.923326969146728516e-01
9.989186525344848633e-01
9.983930587768554688e-01
9.960278272628784180e-01
9.966802597045898438e-01
9.999344348907470703e-01
9.983737468719482422e-01
9.990689158439636230e-01
9.968941211700439453e-01
9.935780763626098633e-01
9.147753119468688965e-01
9.974561929702758789e-01
9.977701306343078613e-01
9.971937537193298340e-01
9.547644853591918945e-01
9.902344346046447754e-01
9.838465452194213867e-01
9.935604333877563477e-01
9.952421188354492188e-01
9.938447475433349609e-01
9.801967740058898926e-01
9.954292774200439453e-01
9.977940320968627930e-01
9.984945654869079590e-01
9.538925290107727051e-01
9.825596809387207031e-01
9.971528053283691406e-01
9.970005750656127930e-01
9.773347377777099609e-01
9.936282038688659668e-01
9.990243911743164062e-01
9.815073609352111816e-01
9.881892800331115723e-01
9.980041384696960449e-01
9.981468319892883301e-01
9.882868528366088867e-01
8.833661079406738281e-01
9.974988102912902832e-01
9.997653961181640625e-01
9.964596033096313477e-01
9.944869279861450195e-01
9.919323325157165527e-01
9.761266708374023438e-01
9.593338966369628906e-01
9.985805749893188477e-01
9.973180294036865234e-01
9.994807243347167969e-01
9.976142048835754395e-01
9.989707469940185547e-01
9.915964007377624512e-01
9.981331229209899902e-01
9.953516721725463867e-01
9.992557168006896973e-01
9.975377321243286133e-01
9.895265102386474609e-01
9.906032681465148926e-01
9.929914474487304688e-01
9.894537925720214844e-01
9.987538456916809082e-01
9.841395020484924316e-01
9.870674610137939453e-01
9.985480904579162598e-01
9.935163259506225586e-01
9.984914660453796387e-01
9.990417361259460449e-01
9.898853302001953125e-01
9.658934473991394043e-01
9.753897786140441895e-01
9.972787499427795410e-01
9.904369115829467773e-01
9.997180104255676270e-01
9.939452409744262695e-01
9.978244900703430176e-01
9.742589592933654785e-01
9.941928386688232422e-01
9.987218379974365234e-01
9.933203458786010742e-01
9.918071627616882324e-01
9.967464804649353027e-01
9.581938385963439941e-01
9.982481598854064941e-01
9.546995759010314941e-01
9.970191121101379395e-01
9.828115105628967285e-01
9.513870477676391602e-01
9.977130889892578125e-01
9.683485031127929688e-01
9.956371784210205078e-01
9.855435490608215332e-01
9.988079071044921875e-01
9.954484701156616211e-01
9.950797557830810547e-01
9.885820746421813965e-01
9.943098425865173340e-01
9.992685914039611816e-01
9.974485635757446289e-01
9.732186198234558105e-01
9.983789324760437012e-01
9.966424703598022461e-01
9.961510896682739258e-01
9.879785776138305664e-01
9.985288977622985840e-01
9.911049604415893555e-01
9.996059536933898926e-01
8.230274319648742676e-01
9.990500211715698242e-01
9.984471201896667480e-01
9.967882633209228516e-01
9.909248948097229004e-01
9.967753291130065918e-01
9.975504279136657715e-01
9.939462542533874512e-01
9.960607290267944336e-01
9.884095788002014160e-01
9.899559617042541504e-01
9.961093664169311523e-01
9.982295036315917969e-01
9.909537434577941895e-01
9.985405802726745605e-01
9.890595078468322754e-01
9.918663501739501953e-01
9.999670982360839844e-01
9.930464029312133789e-01
9.986292719841003418e-01
9.901503920555114746e-01
9.987691044807434082e-01
9.972109198570251465e-01
9.922666549682617188e-01
9.996809959411621094e-01
9.424684047698974609e-01
9.986171722412109375e-01
9.987941384315490723e-01
9.511963725090026855e-01
9.970881938934326172e-01
9.839406609535217285e-01
9.868977665901184082e-01
9.978330135345458984e-01
9.973011016845703125e-01
9.556857943534851074e-01
9.976686239242553711e-01
9.885572791099548340e-01
9.632903933525085449e-01
9.958938360214233398e-01
9.756973981857299805e-01
9.915577769279479980e-01
9.966400265693664551e-01
9.953203797340393066e-01
9.984971284866333008e-01
9.904618263244628906e-01
9.924831390380859375e-01
9.978336095809936523e-01
9.964382648468017578e-01
9.958993196487426758e-01
9.988217949867248535e-01
9.995492696762084961e-01
9.952417016029357910e-01
9.957000017166137695e-01
9.958740472793579102e-01
9.921836256980895996e-01
9.878574609756469727e-01
9.987755417823791504e-01
9.915748238563537598e-01
9.950630068778991699e-01
9.836695194244384766e-01
9.920334815979003906e-01
9.989770650863647461e-01
9.954425692558288574e-01
9.985945224761962891e-01
9.938415288925170898e-01
9.984669685363769531e-01
9.884862303733825684e-01
9.986366629600524902e-01
9.987621307373046875e-01
9.974495768547058105e-01
9.932429790496826172e-01
9.992281794548034668e-01
9.966496229171752930e-01
9.985917210578918457e-01
9.902675747871398926e-01
9.926463961601257324e-01
9.892755746841430664e-01
9.953387379646301270e-01
9.973942637443542480e-01
9.988906383514404297e-01
9.984259009361267090e-01
9.931601881980895996e-01
9.909756183624267578e-01
9.881383180618286133e-01
9.941685795783996582e-01
9.931852817535400391e-01
9.921708703041076660e-01
9.983904361724853516e-01
9.956502914428710938e-01
9.895192980766296387e-01
9.970178604125976562e-01
9.950222373008728027e-01
9.986167550086975098e-01
9.561321139335632324e-01
9.974988102912902832e-01
9.910205602645874023e-01
9.943893551826477051e-01
9.775466322898864746e-01
9.981839656829833984e-01
9.890025854110717773e-01
9.770734906196594238e-01
9.878410696983337402e-01
9.863905310630798340e-01
9.982521533966064453e-01
9.962524175643920898e-01
9.986156821250915527e-01
9.982075095176696777e-01
9.231556057929992676e-01
9.944214224815368652e-01
9.419699907302856445e-01
9.955830574035644531e-01
9.903758168220520020e-01
9.981898069381713867e-01
9.788943529129028320e-01
8.046556115150451660e-01
9.974203109741210938e-01
9.652971029281616211e-01
9.948074221611022949e-01
9.726169705390930176e-01
9.789259433746337891e-01
9.987800717353820801e-01
9.959208965301513672e-01
9.358238577842712402e-01
9.942274093627929688e-01
9.940586686134338379e-01
9.933719038963317871e-01
9.978449344635009766e-01
9.975185990333557129e-01
9.910730719566345215e-01
9.904190897941589355e-01
9.816003441810607910e-01
9.899215102195739746e-01
9.956961274147033691e-01
9.988973140716552734e-01
9.982049465179443359e-01
9.947795867919921875e-01
9.978060126304626465e-01
9.617713093757629395e-01
9.964442849159240723e-01
9.934949278831481934e-01
9.988902807235717773e-01
9.935090541839599609e-01
9.940376877784729004e-01
9.825487732887268066e-01
9.890564084053039551e-01
9.983854889869689941e-01
9.925748109817504883e-01
9.933881163597106934e-01
9.988632202148437500e-01
9.902381896972656250e-01
9.982746243476867676e-01
9.740355014801025391e-01
9.932283163070678711e-01
9.984720349311828613e-01
9.833460450172424316e-01
9.910937547683715820e-01
9.968496561050415039e-01
9.973170161247253418e-01
9.954901337623596191e-01
9.948467016220092773e-01
9.911541342735290527e-01
9.937385320663452148e-01
9.961316585540771484e-01
9.985469579696655273e-01
9.952407479286193848e-01
9.986591339111328125e-01
9.939246773719787598e-01
9.967473149299621582e-01
9.900847673416137695e-01
9.710555076599121094e-01
9.944331049919128418e-01
9.915973544120788574e-01
9.997477531433105469e-01
9.956336021423339844e-01
9.991590380668640137e-01
9.962042570114135742e-01
9.983730316162109375e-01
9.965621829032897949e-01
9.971738457679748535e-01
9.777678251266479492e-01
9.945716857910156250e-01
9.974892735481262207e-01
9.914545416831970215e-01
9.988414645195007324e-01
9.806203842163085938e-01
9.986318945884704590e-01
9.969840049743652344e-01
9.599542617797851562e-01
9.187876582145690918e-01
9.984314441680908203e-01
9.942871928215026855e-01
9.983915090560913086e-01
9.984170794486999512e-01
9.692156910896301270e-01
9.604910016059875488e-01
9.964901804924011230e-01
9.835376739501953125e-01
9.883077740669250488e-01
9.974445104598999023e-01
9.980689287185668945e-01
9.972308874130249023e-01
9.924249649047851562e-01
9.920983314514160156e-01
9.940431714057922363e-01
9.887675046920776367e-01
9.893956780433654785e-01
9.805920124053955078e-01
9.986085295677185059e-01
9.876449108123779297e-01
9.941411614418029785e-01
9.840720891952514648e-01
9.963850975036621094e-01
9.992401003837585449e-01
9.985541105270385742e-01
9.698671698570251465e-01
9.564192891120910645e-01
9.981460571289062500e-01
9.711083769798278809e-01
9.749737381935119629e-01
9.956093430519104004e-01
9.791209697723388672e-01
9.934275150299072266e-01
9.980481863021850586e-01
9.984323382377624512e-01
9.970442652702331543e-01
9.965301752090454102e-01
9.980705380439758301e-01
9.938324689865112305e-01
9.983668923377990723e-01
9.959850311279296875e-01
9.975664615631103516e-01
9.571506977081298828e-01
9.911842346191406250e-01
9.947864413261413574e-01
9.740384221076965332e-01
9.965636730194091797e-01
9.977342486381530762e-01
9.988059997558593750e-01
9.960712194442749023e-01
9.974086284637451172e-01
9.911678433418273926e-01
9.906921982765197754e-01
9.920415282249450684e-01
9.998487234115600586e-01
9.781512022018432617e-01
9.772239923477172852e-01
9.854713082313537598e-01
9.925145506858825684e-01
9.852184653282165527e-01
9.870597720146179199e-01
9.891687035560607910e-01
9.389578700065612793e-01
9.943636059761047363e-01
9.477137327194213867e-01
9.809893965721130371e-01
8.143318295478820801e-01
9.955165386199951172e-01
9.978870153427124023e-01
9.986583590507507324e-01
9.874759912490844727e-01
9.893816113471984863e-01
9.979330897331237793e-01
9.900351166725158691e-01
9.927816987037658691e-01
9.974688291549682617e-01
9.955862164497375488e-01
9.926079511642456055e-01
9.981254935264587402e-01
9.900453686714172363e-01
9.987009763717651367e-01
9.997155666351318359e-01
9.982129335403442383e-01
9.972532987594604492e-01
9.416444897651672363e-01
9.968696236610412598e-01
9.806365370750427246e-01
9.982562661170959473e-01
9.925275444984436035e-01
9.885477423667907715e-01
9.984801411628723145e-01
9.852988719940185547e-01
9.852111935615539551e-01
9.994030594825744629e-01
9.983119964599609375e-01
9.861690998077392578e-01
9.989950656890869141e-01
9.932056665420532227e-01
9.781638383865356445e-01
9.986245632171630859e-01
9.863370060920715332e-01
9.974934458732604980e-01
9.758099913597106934e-01
9.900202155113220215e-01
9.974308013916015625e-01
9.766435027122497559e-01
9.991989135742187500e-01
9.999215006828308105e-01
9.871920347213745117e-01
9.759253859519958496e-01
9.846774339675903320e-01
8.348870873451232910e-01
9.991403222084045410e-01
9.980171918869018555e-01
8.602638244628906250e-01
9.982125163078308105e-01
9.977608919143676758e-01
9.935192465782165527e-01
9.949082136154174805e-01
9.935126900672912598e-01
9.994876980781555176e-01
9.836884737014770508e-01
9.246279597282409668e-01
9.994365572929382324e-01
9.822627902030944824e-01
9.964345693588256836e-01
9.971132874488830566e-01
9.993742108345031738e-01
9.964606165885925293e-01
9.965858459472656250e-01
9.982022047042846680e-01
9.606138467788696289e-01
9.885634779930114746e-01
9.989024400711059570e-01
9.933687448501586914e-01
9.948638677597045898e-01
9.947562813758850098e-01
9.880383014678955078e-01
9.975128173828125000e-01
9.924834370613098145e-01
9.943039417266845703e-01
9.933586120605468750e-01
9.948498606681823730e-01
9.970985651016235352e-01
9.990621209144592285e-01
9.985132217407226562e-01
9.825099706649780273e-01
9.972285628318786621e-01
9.950043559074401855e-01
9.980925917625427246e-01
9.833548069000244141e-01
9.886512160301208496e-01
9.939555525779724121e-01
9.839378595352172852e-01
9.962472319602966309e-01
9.937929511070251465e-01
9.977570772171020508e-01
9.535090923309326172e-01
9.917712211608886719e-01
9.954183697700500488e-01
8.311594128608703613e-01
9.986370205879211426e-01
9.801802039146423340e-01
9.809327721595764160e-01
9.969502091407775879e-01
9.980191588401794434e-01
9.768638610839843750e-01
9.678980708122253418e-01
9.633235335350036621e-01
9.963984489440917969e-01
9.993244409561157227e-01
9.902986884117126465e-01
9.373962879180908203e-01
9.779845476150512695e-01
9.974512457847595215e-01
9.903401136398315430e-01
9.985049366950988770e-01
9.934834837913513184e-01
9.933210611343383789e-01
9.910252690315246582e-01
9.990687966346740723e-01
9.929730892181396484e-01
9.973419904708862305e-01
9.970747828483581543e-01
9.898852109909057617e-01
9.995844364166259766e-01
9.983294010162353516e-01
9.915375709533691406e-01
9.984548687934875488e-01
9.994483590126037598e-01
9.994949698448181152e-01
9.963836073875427246e-01
9.975445866584777832e-01
9.886227250099182129e-01
9.955791234970092773e-01
9.817037582397460938e-01
9.914110898971557617e-01
9.861653447151184082e-01
9.956004023551940918e-01
9.960320591926574707e-01
9.942569732666015625e-01
9.907182455062866211e-01
9.997980594635009766e-01
9.652452468872070312e-01
9.959534406661987305e-01
9.978783130645751953e-01
9.951200485229492188e-01
9.995294809341430664e-01
9.778208136558532715e-01
9.945594072341918945e-01
9.082112908363342285e-01
9.815077781677246094e-01
9.943178892135620117e-01
9.982212185859680176e-01
9.984018206596374512e-01
9.974771738052368164e-01
9.980558753013610840e-01
9.980772137641906738e-01
9.771562814712524414e-01
9.942246079444885254e-01
9.797343611717224121e-01
9.984001517295837402e-01
9.995447993278503418e-01
9.424107074737548828e-01
9.908549785614013672e-01
9.997329115867614746e-01
9.904310703277587891e-01
9.870236515998840332e-01
9.921164512634277344e-01
9.966794252395629883e-01
9.679812192916870117e-01
9.980288743972778320e-01
9.852204322814941406e-01
9.896737933158874512e-01
9.995520710945129395e-01
9.912199974060058594e-01
9.714704155921936035e-01
9.720311760902404785e-01
9.887464642524719238e-01
9.984499812126159668e-01
9.907789826393127441e-01
9.884540438652038574e-01
9.933703541755676270e-01
9.779477715492248535e-01
9.962805509567260742e-01
9.900559782981872559e-01
9.399733543395996094e-01
9.849100112915039062e-01
9.581948518753051758e-01
9.980785846710205078e-01
9.995806813240051270e-01
9.874067306518554688e-01
9.969725608825683594e-01
9.973212480545043945e-01
9.961647987365722656e-01
9.984425902366638184e-01
9.829500317573547363e-01
9.928236603736877441e-01
9.867796897888183594e-01
9.931081533432006836e-01
9.951100945472717285e-01
9.938981533050537109e-01
9.886249899864196777e-01
9.921287298202514648e-01
9.966586232185363770e-01
9.917367100715637207e-01
9.941045045852661133e-01
9.930052161216735840e-01
9.928865432739257812e-01
9.962233304977416992e-01
9.979766607284545898e-01
9.971446394920349121e-01
9.795419573783874512e-01
9.903371930122375488e-01
9.972065091133117676e-01
9.931567311286926270e-01
9.977776408195495605e-01
9.893829822540283203e-01
9.975012540817260742e-01
9.981728792190551758e-01
9.893072843551635742e-01
9.998058080673217773e-01
9.629484415054321289e-01
9.733022451400756836e-01
9.355522394180297852e-01
9.881376028060913086e-01
9.703566431999206543e-01
9.748056530952453613e-01
9.973393678665161133e-01
9.993121623992919922e-01
9.656153321266174316e-01
9.869585633277893066e-01
9.843006730079650879e-01
9.990918040275573730e-01
9.633340835571289062e-01
9.749854803085327148e-01
9.917531609535217285e-01
9.893488287925720215e-01
9.686735272407531738e-01
9.999349713325500488e-01
9.926341176033020020e-01
9.872238636016845703e-01
9.947345256805419922e-01
9.976963400840759277e-01
9.983751177787780762e-01
9.952636957168579102e-01
9.947679638862609863e-01
9.976058602333068848e-01
9.948116540908813477e-01
9.971933364868164062e-01
9.995570182800292969e-01
9.921518564224243164e-01
9.808402657508850098e-01
9.855325222015380859e-01
9.917684793472290039e-01
9.982853531837463379e-01
9.919437766075134277e-01
9.989962577819824219e-01
9.974112510681152344e-01
9.950124621391296387e-01
9.961339235305786133e-01
9.702842831611633301e-01
9.845588803291320801e-01
9.996634125709533691e-01
9.936290383338928223e-01
9.841442108154296875e-01
9.920707941055297852e-01
9.976189732551574707e-01
9.982439875602722168e-01
9.948059320449829102e-01
9.955466389656066895e-01
9.942892193794250488e-01
9.845905303955078125e-01
9.884803295135498047e-01
8.640777468681335449e-01
9.997440576553344727e-01
9.896962046623229980e-01
9.891203045845031738e-01
9.946854710578918457e-01
9.982159733772277832e-01
9.995522499084472656e-01
9.772725105285644531e-01
9.936954975128173828e-01
9.937185049057006836e-01
9.976848363876342773e-01
9.994285106658935547e-01
9.975537657737731934e-01
9.905797839164733887e-01
9.817965626716613770e-01
9.954397082328796387e-01
9.998423457145690918e-01
9.926636219024658203e-01
9.964668750762939453e-01
9.933119416236877441e-01
9.992797970771789551e-01
9.973745346069335938e-01
9.792760014533996582e-01
9.972522854804992676e-01
9.978196620941162109e-01
9.993336200714111328e-01
9.613645076751708984e-01
9.961937069892883301e-01
9.827257394790649414e-01
9.986530542373657227e-01
9.954025149345397949e-01
9.904763698577880859e-01
9.924563169479370117e-01
9.954739809036254883e-01
9.947420358657836914e-01
9.918637275695800781e-01
9.932702183723449707e-01
9.979509115219116211e-01
9.966861605644226074e-01
9.967188835144042969e-01
9.919430613517761230e-01
9.979708790779113770e-01
9.913569092750549316e-01
9.527245759963989258e-01
9.984838962554931641e-01
9.834245443344116211e-01
9.986939430236816406e-01
9.683830738067626953e-01
9.909499287605285645e-01
9.987503886222839355e-01
9.922189712524414062e-01
9.969084262847900391e-01
9.989174008369445801e-01
9.995971918106079102e-01
9.883859753608703613e-01
9.934323430061340332e-01
9.974848628044128418e-01
9.980329275131225586e-01
9.808721542358398438e-01
9.878311753273010254e-01
9.976769685745239258e-01
9.929421544075012207e-01
9.971870183944702148e-01
9.970908164978027344e-01
9.897505640983581543e-01
9.916048645973205566e-01
9.916568994522094727e-01
9.985620975494384766e-01
9.967008829116821289e-01
9.792752861976623535e-01
9.938787221908569336e-01
9.974085092544555664e-01
8.904274702072143555e-01
9.936369657516479492e-01
9.787899255752563477e-01
9.989450573921203613e-01
9.977806806564331055e-01
9.968600273132324219e-01
9.928668737411499023e-01
9.866120219230651855e-01
9.936886429786682129e-01
9.990004301071166992e-01
9.984604716300964355e-01
9.989737272262573242e-01
9.952025413513183594e-01
9.969872236251831055e-01
9.951840043067932129e-01
9.979792833328247070e-01
9.592280983924865723e-01
9.930748343467712402e-01
9.903436899185180664e-01
9.875792264938354492e-01
9.922333955764770508e-01
9.689481258392333984e-01
9.468679428100585938e-01
9.981720447540283203e-01
9.452997446060180664e-01
9.918748736381530762e-01
9.499437808990478516e-01
9.996685385704040527e-01
9.982009530067443848e-01
9.996818900108337402e-01
9.930335879325866699e-01
9.932875037193298340e-01
9.964115619659423828e-01
9.982347488403320312e-01
9.979730844497680664e-01
9.915084838867187500e-01
9.986547827720642090e-01
9.974847435951232910e-01
9.978377223014831543e-01
9.947562813758850098e-01
9.830321073532104492e-01
9.993668794631958008e-01
9.427937269210815430e-01
9.991167783737182617e-01
9.967742562294006348e-01
9.994406104087829590e-01
9.863573312759399414e-01
9.728106856346130371e-01
9.969681501388549805e-01
9.967493414878845215e-01
9.938546419143676758e-01
9.986484050750732422e-01
9.937851428985595703e-01
9.954075813293457031e-01
9.870980381965637207e-01
9.976925253868103027e-01
9.891707897186279297e-01
9.971578717231750488e-01
9.878950715065002441e-01
9.987942576408386230e-01
9.984413385391235352e-01
9.970339536666870117e-01
9.987770915031433105e-01
9.955242276191711426e-01
9.852047562599182129e-01
9.937103390693664551e-01
9.908607602119445801e-01
9.980509877204895020e-01
9.984110593795776367e-01
9.964079260826110840e-01
9.973368048667907715e-01
9.885573387145996094e-01
9.769758582115173340e-01
9.961526989936828613e-01
9.939854741096496582e-01
9.982730746269226074e-01
9.988658428192138672e-01
9.989272952079772949e-01
9.940534234046936035e-01
9.932692050933837891e-01
9.979119300842285156e-01
9.615905284881591797e-01
9.924147725105285645e-01
9.968273639678955078e-01
9.887682199478149414e-01
9.956827163696289062e-01
9.904930591583251953e-01
9.984805583953857422e-01
9.992234110832214355e-01
9.971138238906860352e-01
9.700784087181091309e-01
9.829514622688293457e-01
9.927592277526855469e-01
9.965027570724487305e-01
9.993439316749572754e-01
9.777863025665283203e-01
9.703454375267028809e-01
9.982926249504089355e-01
9.927238225936889648e-01
9.932783246040344238e-01
9.950099587440490723e-01
9.194440245628356934e-01
9.997571110725402832e-01
9.927062988281250000e-01
9.964666962623596191e-01
9.980408549308776855e-01
9.985408186912536621e-01
9.976323246955871582e-01
9.731965661048889160e-01
9.839216470718383789e-01
9.875453114509582520e-01
9.979660511016845703e-01
9.983713626861572266e-01
9.703182578086853027e-01
9.990628361701965332e-01
9.982665181159973145e-01
9.982075095176696777e-01
9.570528864860534668e-01
9.713323712348937988e-01
9.601145982742309570e-01
9.978478550910949707e-01
9.686411023139953613e-01
9.987203478813171387e-01
9.987657666206359863e-01
9.992095828056335449e-01
9.779645204544067383e-01
9.983376264572143555e-01
9.728459119796752930e-01
9.896346330642700195e-01
9.504055380821228027e-01
9.893255233764648438e-01
9.920141100883483887e-01
9.842016100883483887e-01
9.999150633811950684e-01
9.953060746192932129e-01
9.951704740524291992e-01
9.971263408660888672e-01
9.993900656700134277e-01
9.972798824310302734e-01
9.973404407501220703e-01
9.935235381126403809e-01
9.885519742965698242e-01
9.925943017005920410e-01
9.891507625579833984e-01
9.987604618072509766e-01
9.984068870544433594e-01
9.936934709548950195e-01
9.996747970581054688e-01
9.936574101448059082e-01
9.983128905296325684e-01
9.964099526405334473e-01
9.981365799903869629e-01
9.906274676322937012e-01
9.975746870040893555e-01
9.581096768379211426e-01
9.925695061683654785e-01
9.967420697212219238e-01
9.992226362228393555e-01
9.984581470489501953e-01
9.906781911849975586e-01
9.987942576408386230e-01
9.997481107711791992e-01
9.961324334144592285e-01
9.963299036026000977e-01
9.939033985137939453e-01
9.948336482048034668e-01
9.982696175575256348e-01
9.814189076423645020e-01
9.830465912818908691e-01
9.992640614509582520e-01
9.979587793350219727e-01
9.971714019775390625e-01
9.850825071334838867e-01
9.985529780387878418e-01
9.845106601715087891e-01
9.976264238357543945e-01
9.888833165168762207e-01
9.998645186424255371e-01
9.953855872154235840e-01
9.985184073448181152e-01
9.614642858505249023e-01
9.529500603675842285e-01
9.880723357200622559e-01
9.967889785766601562e-01
9.932951927185058594e-01
9.964807033538818359e-01
9.970966577529907227e-01
9.845716953277587891e-01
9.790937900543212891e-01
9.585482478141784668e-01
9.793289303779602051e-01
9.975219368934631348e-01
9.929330945014953613e-01
9.999379515647888184e-01
9.997622370719909668e-01
9.960407018661499023e-01
9.950141906738281250e-01
9.995979666709899902e-01
9.994087219238281250e-01
9.985364079475402832e-01
9.744040369987487793e-01
9.983296990394592285e-01
9.411589503288269043e-01
9.971331357955932617e-01
9.737730026245117188e-01
9.987456798553466797e-01
9.972653388977050781e-01
9.977629184722900391e-01
9.987179040908813477e-01
9.952585697174072266e-01
9.987543225288391113e-01
9.854353666305541992e-01
9.938703179359436035e-01
9.980290532112121582e-01
9.996584057807922363e-01
9.945099949836730957e-01
9.935030937194824219e-01
9.989688396453857422e-01
9.970957040786743164e-01
9.871419668197631836e-01
9.994131922721862793e-01
9.982466101646423340e-01
9.785875678062438965e-01
9.804754853248596191e-01
9.973406195640563965e-01
9.920190572738647461e-01
9.894659519195556641e-01
9.954643845558166504e-01
9.980553388595581055e-01
9.979957938194274902e-01
9.951053261756896973e-01
9.819927215576171875e-01
9.666620492935180664e-01
9.911364912986755371e-01
9.988585710525512695e-01
9.904913902282714844e-01
9.914717078208923340e-01
9.867675304412841797e-01
9.922699332237243652e-01
9.581229090690612793e-01
9.760388731956481934e-01
9.982468485832214355e-01
9.970818758010864258e-01
9.988560080528259277e-01
9.988536834716796875e-01
9.984807968139648438e-01
9.015250205993652344e-01
9.819252490997314453e-01
9.952338933944702148e-01
9.955645799636840820e-01
9.867351055145263672e-01
9.975445866584777832e-01
9.989184141159057617e-01
9.976660609245300293e-01
9.444100856781005859e-01
9.983260035514831543e-01
9.849959611892700195e-01
9.957865476608276367e-01
9.715430736541748047e-01
9.987326860427856445e-01
9.984925389289855957e-01
9.897352457046508789e-01
9.914892911911010742e-01
9.972661137580871582e-01
9.984835386276245117e-01
9.909755587577819824e-01
9.995552301406860352e-01
9.977340102195739746e-01
9.984705448150634766e-01
9.713016748428344727e-01
9.977467656135559082e-01
9.935252070426940918e-01
9.851716756820678711e-01
9.958773851394653320e-01
9.987858533859252930e-01
9.881733059883117676e-01
9.983400106430053711e-01
9.906015396118164062e-01
9.947733879089355469e-01
9.998084902763366699e-01
9.991641044616699219e-01
9.957692623138427734e-01
9.967111945152282715e-01
9.973105192184448242e-01
9.964875578880310059e-01
9.928074479103088379e-01
9.951788783073425293e-01
9.998430609703063965e-01
9.850232005119323730e-01
9.938065409660339355e-01
9.973219633102416992e-01
9.961416721343994141e-01
9.989901185035705566e-01
9.883997440338134766e-01
9.903723001480102539e-01
9.955387711524963379e-01
9.985809326171875000e-01
9.882790446281433105e-01
9.954703450202941895e-01
9.904246330261230469e-01
9.971043467521667480e-01
9.974656105041503906e-01
9.920554161071777344e-01
9.983733296394348145e-01
9.965823888778686523e-01
9.225157499313354492e-01
9.921603202819824219e-01
9.859589338302612305e-01
9.963804483413696289e-01
9.940032958984375000e-01
9.892307519912719727e-01
9.954764842987060547e-01
9.988337755203247070e-01
