9.943277239799499512e-01
9.987311959266662598e-01
9.941886067390441895e-01
9.967542886734008789e-01
9.797546863555908203e-01
9.885048866271972656e-01
9.992452263832092285e-01
9.989364743232727051e-01
9.997000098228454590e-01
9.983956813812255859e-01
9.999308586120605469e-01
9.968929290771484375e-01
9.978191852569580078e-01
9.922619462013244629e-01
9.907974600791931152e-01
9.989499449729919434e-01
9.964123964309692383e-01
9.981317520141601562e-01
9.939661026000976562e-01
9.987682700157165527e-01
9.948764443397521973e-01
9.954897165298461914e-01
9.992806911468505859e-01
9.970420002937316895e-01
9.988176822662353516e-01
9.982113242149353027e-01
9.995422959327697754e-01
9.967061281204223633e-01
9.972935914993286133e-01
9.957474470138549805e-01
9.993147253990173340e-01
9.928536415100097656e-01
9.918079376220703125e-01
9.966652393341064453e-01
9.949159026145935059e-01
9.941955208778381348e-01
9.996719360351562500e-01
9.986974000930786133e-01
9.972702860832214355e-01
9.996613860130310059e-01
9.986175894737243652e-01
9.952842593193054199e-01
9.994127154350280762e-01
9.891983270645141602e-01
9.968125820159912109e-01
9.977916479110717773e-01
9.985260367393493652e-01
9.984084963798522949e-01
9.989383220672607422e-01
9.914608001708984375e-01
9.992846250534057617e-01
9.994235038757324219e-01
9.812048673629760742e-01
9.983004927635192871e-01
9.955034255981445312e-01
9.995535016059875488e-01
9.999670982360839844e-01
9.992203712463378906e-01
9.938731789588928223e-01
9.999541640281677246e-01
9.916554093360900879e-01
9.653653502464294434e-01
9.882063269615173340e-01
9.990611672401428223e-01
9.954521656036376953e-01
9.971306324005126953e-01
9.986564517021179199e-01
9.902474880218505859e-01
9.983247518539428711e-01
9.980939626693725586e-01
9.988136291503906250e-01
9.994233250617980957e-01
9.974123239517211914e-01
9.956257939338684082e-01
9.852509498596191406e-01
9.980061650276184082e-01
9.987390637397766113e-01
9.941542744636535645e-01
9.967265129089355469e-01
9.961724877357482910e-01
9.860393404960632324e-01
9.952393770217895508e-01
9.991118311882019043e-01
9.997172951698303223e-01
9.918594360351562500e-01
9.954090714454650879e-01
9.940291047096252441e-01
9.992721676826477051e-01
9.924328327178955078e-01
9.998096823692321777e-01
9.950231313705444336e-01
9.966050386428833008e-01
9.993274211883544922e-01
9.942417740821838379e-01
9.969469904899597168e-01
9.987881183624267578e-01
9.970583319664001465e-01
9.962540864944458008e-01
9.979072809219360352e-01
9.985975623130798340e-01
9.993277192115783691e-01
9.969133138656616211e-01
9.988495707511901855e-01
9.952524304389953613e-01
9.993476271629333496e-01
9.967737197875976562e-01
9.990911483764648438e-01
9.951291084289550781e-01
9.993072748184204102e-01
9.980163574218750000e-01
9.995986819267272949e-01
9.940293431282043457e-01
9.942897558212280273e-01
9.988050460815429688e-01
9.990980625152587891e-01
9.987825155258178711e-01
9.961072802543640137e-01
9.977614283561706543e-01
9.971205592155456543e-01
9.968825578689575195e-01
9.960415363311767578e-01
9.966870546340942383e-01
9.949519038200378418e-01
9.938102960586547852e-01
9.882717132568359375e-01
9.960499405860900879e-01
9.991680383682250977e-01
9.992038607597351074e-01
9.996588230133056641e-01
9.915977716445922852e-01
9.988225698471069336e-01
9.992474913597106934e-01
9.731621146202087402e-01
9.975310564041137695e-01
9.945745468139648438e-01
9.943217635154724121e-01
9.986405968666076660e-01
9.961208701133728027e-01
9.994573593139648438e-01
9.951295852661132812e-01
9.991890192031860352e-01
9.010469913482666016e-01
9.767320752143859863e-01
9.979395866394042969e-01
9.970207214355468750e-01
9.984934926033020020e-01
9.992367625236511230e-01
9.968135356903076172e-01
9.981613159179687500e-01
9.921163320541381836e-01
9.991286993026733398e-01
9.969972372055053711e-01
9.986861348152160645e-01
9.934027791023254395e-01
9.989953637123107910e-01
9.872513413429260254e-01
9.975472688674926758e-01
9.916713237762451172e-01
9.956976175308227539e-01
9.989645481109619141e-01
9.827627539634704590e-01
9.973707199096679688e-01
9.986589550971984863e-01
9.997739195823669434e-01
9.983163475990295410e-01
9.992778301239013672e-01
9.987146258354187012e-01
9.991987943649291992e-01
9.984731078147888184e-01
9.968355894088745117e-01
9.976559281349182129e-01
9.819371104240417480e-01
9.994243383407592773e-01
9.930703043937683105e-01
9.978878498077392578e-01
9.928754568099975586e-01
9.985715150833129883e-01
9.961415529251098633e-01
9.990265369415283203e-01
9.987917542457580566e-01
9.952548742294311523e-01
9.966316819190979004e-01
9.989144206047058105e-01
9.993897676467895508e-01
9.987926483154296875e-01
9.914957284927368164e-01
9.983069300651550293e-01
9.996053576469421387e-01
9.989696145057678223e-01
9.993912577629089355e-01
9.897081851959228516e-01
9.982071518898010254e-01
9.968165755271911621e-01
9.978423118591308594e-01
9.612922668457031250e-01
9.974594116210937500e-01
9.991946816444396973e-01
9.961306452751159668e-01
9.988524913787841797e-01
9.807772636413574219e-01
9.981874227523803711e-01
9.983505606651306152e-01
9.953525662422180176e-01
9.814760684967041016e-01
9.951037764549255371e-01
9.992675781250000000e-01
9.986752271652221680e-01
9.919173121452331543e-01
9.980321526527404785e-01
9.987742900848388672e-01
9.914682507514953613e-01
9.937263131141662598e-01
9.980025291442871094e-01
9.993013739585876465e-01
9.996020197868347168e-01
9.938728809356689453e-01
9.988069534301757812e-01
9.995887875556945801e-01
9.911279678344726562e-01
9.975278973579406738e-01
9.988374114036560059e-01
9.998646974563598633e-01
9.994628429412841797e-01
9.994688630104064941e-01
9.992622137069702148e-01
9.941146969795227051e-01
9.963632822036743164e-01
9.951560497283935547e-01
9.986563920974731445e-01
9.954544901847839355e-01
9.990015625953674316e-01
9.971953630447387695e-01
9.971123933792114258e-01
9.955613613128662109e-01
9.981310367584228516e-01
9.797219634056091309e-01
9.994733333587646484e-01
9.993037581443786621e-01
9.938997626304626465e-01
9.956888556480407715e-01
9.983479380607604980e-01
9.934452772140502930e-01
9.986723065376281738e-01
9.274737834930419922e-01
9.965680837631225586e-01
9.994419217109680176e-01
9.968894124031066895e-01
9.919932484626770020e-01
9.992343187332153320e-01
9.996154904365539551e-01
9.954273104667663574e-01
9.935119152069091797e-01
9.963789582252502441e-01
9.938704371452331543e-01
9.990170001983642578e-01
9.973528981208801270e-01
9.985536932945251465e-01
9.966037273406982422e-01
9.976711869239807129e-01
9.992551803588867188e-01
9.998101592063903809e-01
9.990628957748413086e-01
9.992817044258117676e-01
9.987391829490661621e-01
9.964225292205810547e-01
9.946661591529846191e-01
9.980511069297790527e-01
9.970869421958923340e-01
9.844160676002502441e-01
9.988424777984619141e-01
9.985559582710266113e-01
9.958367347717285156e-01
9.958568215370178223e-01
9.981041550636291504e-01
9.963797926902770996e-01
9.938463568687438965e-01
9.985841512680053711e-01
9.960229992866516113e-01
9.978345632553100586e-01
9.985002279281616211e-01
9.983352422714233398e-01
9.949852228164672852e-01
9.991353154182434082e-01
9.942358136177062988e-01
9.972103238105773926e-01
9.983144998550415039e-01
9.989671707153320312e-01
9.998201727867126465e-01
9.992392063140869141e-01
9.972457885742187500e-01
9.942535161972045898e-01
9.968399405479431152e-01
9.988520145416259766e-01
9.799527525901794434e-01
9.975852966308593750e-01
9.974177479743957520e-01
9.972144365310668945e-01
9.979091882705688477e-01
9.953194260597229004e-01
9.988502264022827148e-01
9.970417618751525879e-01
9.993357658386230469e-01
9.989694952964782715e-01
9.986254572868347168e-01
9.993910789489746094e-01
9.987334609031677246e-01
9.984021186828613281e-01
9.757103323936462402e-01
9.971927404403686523e-01
9.986544251441955566e-01
9.978661537170410156e-01
9.903240799903869629e-01
9.971316456794738770e-01
9.963229894638061523e-01
9.957999587059020996e-01
9.964959621429443359e-01
9.970436096191406250e-01
9.990904331207275391e-01
9.984185695648193359e-01
9.987906217575073242e-01
9.992163777351379395e-01
9.706680774688720703e-01
9.885444045066833496e-01
9.986143112182617188e-01
9.982988238334655762e-01
9.952078461647033691e-01
9.964764714241027832e-01
9.990664720535278320e-01
9.878433346748352051e-01
9.930841326713562012e-01
9.994398951530456543e-01
9.976978302001953125e-01
9.942356348037719727e-01
9.896476864814758301e-01
9.989578723907470703e-01
9.997478723526000977e-01
9.963565468788146973e-01
9.961136579513549805e-01
9.980939030647277832e-01
9.933556914329528809e-01
9.804558753967285156e-01
9.988154768943786621e-01
9.980815649032592773e-01
9.993286132812500000e-01
9.979197382926940918e-01
9.997717738151550293e-01
9.957544207572937012e-01
9.993293285369873047e-01
9.982175827026367188e-01
9.998217225074768066e-01
9.992473125457763672e-01
9.970263242721557617e-01
9.873167276382446289e-01
9.964843988418579102e-01
9.958575367927551270e-01
9.969816803932189941e-01
9.908750653266906738e-01
9.942712187767028809e-01
9.968031048774719238e-01
9.957630634307861328e-01
9.983355998992919922e-01
9.988722205162048340e-01
9.958888292312622070e-01
9.960060715675354004e-01
9.958689808845520020e-01
9.989705085754394531e-01
9.972313642501831055e-01
9.999200105667114258e-01
9.965992569923400879e-01
9.987102746963500977e-01
9.932445287704467773e-01
9.980062246322631836e-01
9.995258450508117676e-01
9.973813295364379883e-01
9.941890239715576172e-01
9.985392689704895020e-01
9.907609224319458008e-01
9.992052316665649414e-01
9.941167235374450684e-01
9.983255267143249512e-01
9.965628981590270996e-01
9.967312812805175781e-01
9.982348680496215820e-01
9.949722290039062500e-01
9.952187538146972656e-01
9.964554309844970703e-01
9.988166093826293945e-01
9.976207017898559570e-01
9.975757598876953125e-01
9.963416457176208496e-01
9.957650303840637207e-01
9.997991323471069336e-01
9.995085597038269043e-01
9.980405569076538086e-01
9.901465177536010742e-01
9.991882443428039551e-01
9.972870945930480957e-01
9.968034625053405762e-01
9.931730628013610840e-01
9.991347193717956543e-01
9.943712949752807617e-01
9.998011589050292969e-01
8.971195816993713379e-01
9.990826845169067383e-01
9.990938901901245117e-01
9.992398619651794434e-01
9.958361983299255371e-01
9.985367655754089355e-01
9.959756731986999512e-01
9.950754642486572266e-01
9.964089989662170410e-01
9.934445619583129883e-01
9.962602257728576660e-01
9.984427690505981445e-01
9.991178512573242188e-01
9.926503300666809082e-01
9.991121292114257812e-01
9.958393573760986328e-01
9.971020221710205078e-01
9.997025132179260254e-01
9.993768930435180664e-01
9.950078129768371582e-01
9.992429614067077637e-01
9.990103244781494141e-01
9.929547309875488281e-01
9.993608593940734863e-01
9.940077066421508789e-01
9.986252188682556152e-01
9.997805356979370117e-01
9.994510412216186523e-01
9.979875683784484863e-01
9.911728501319885254e-01
9.884083867073059082e-01
9.975838065147399902e-01
9.988576769828796387e-01
9.993132948875427246e-01
9.961248040199279785e-01
9.832056760787963867e-01
9.985653758049011230e-01
9.947453141212463379e-01
9.962834715843200684e-01
9.980066418647766113e-01
9.980992078781127930e-01
9.991134405136108398e-01
9.951946735382080078e-01
9.982133507728576660e-01
9.995849728584289551e-01
9.981080293655395508e-01
9.985858201980590820e-01
9.991286396980285645e-01
9.996920824050903320e-01
9.974268674850463867e-01
9.967184066772460938e-01
9.970492124557495117e-01
9.969050288200378418e-01
9.971740841865539551e-01
9.990815520286560059e-01
9.986495375633239746e-01
9.882553815841674805e-01
9.935576319694519043e-01
9.959203004837036133e-01
9.993419647216796875e-01
9.978769421577453613e-01
9.995307326316833496e-01
9.972085356712341309e-01
9.989508390426635742e-01
9.938201904296875000e-01
9.996345043182373047e-01
9.996032714843750000e-01
9.984072446823120117e-01
9.981032013893127441e-01
9.996479749679565430e-01
9.985693097114562988e-01
9.988741874694824219e-01
9.970787167549133301e-01
9.948758482933044434e-01
9.933980703353881836e-01
9.988855719566345215e-01
9.978663921356201172e-01
9.995583891868591309e-01
9.993014931678771973e-01
9.966503977775573730e-01
9.928131103515625000e-01
9.943209290504455566e-01
9.903814792633056641e-01
9.965238571166992188e-01
9.966421723365783691e-01
9.985216856002807617e-01
9.946904778480529785e-01
9.959151148796081543e-01
9.988159537315368652e-01
9.987373948097229004e-01
9.992178678512573242e-01
9.869385957717895508e-01
9.976789355278015137e-01
9.956570863723754883e-01
9.978418946266174316e-01
9.936529994010925293e-01
9.988334178924560547e-01
9.955677390098571777e-01
9.904482364654541016e-01
9.985036253929138184e-01
9.960997104644775391e-01
9.989417195320129395e-01
9.980092644691467285e-01
9.976421594619750977e-01
9.991567730903625488e-01
9.687978625297546387e-01
9.984475374221801758e-01
9.945099353790283203e-01
9.980530738830566406e-01
9.979399442672729492e-01
9.990492463111877441e-01
9.991558194160461426e-01
9.193046689033508301e-01
9.977655410766601562e-01
9.934315085411071777e-01
9.950025677680969238e-01
9.919953942298889160e-01
9.964476227760314941e-01
9.998878836631774902e-01
9.977029561996459961e-01
9.886431097984313965e-01
9.980517625808715820e-01
9.971760511398315430e-01
9.976908564567565918e-01
9.988449215888977051e-01
9.970028996467590332e-01
9.999387264251708984e-01
9.916862845420837402e-01
9.942457675933837891e-01
9.934175014495849609e-01
9.979429841041564941e-01
9.988538622856140137e-01
9.985517263412475586e-01
9.975231289863586426e-01
9.980856776237487793e-01
9.955696463584899902e-01
9.980422854423522949e-01
9.963537454605102539e-01
9.989275336265563965e-01
9.973633885383605957e-01
9.957014322280883789e-01
9.917306900024414062e-01
9.905975461006164551e-01
9.988712668418884277e-01
9.966889619827270508e-01
9.974172115325927734e-01
9.992430806159973145e-01
9.982659220695495605e-01
9.982085824012756348e-01
9.922110438346862793e-01
9.970145821571350098e-01
9.992548227310180664e-01
9.930870532989501953e-01
9.940254092216491699e-01
9.995217919349670410e-01
9.986547827720642090e-01
9.984321594238281250e-01
9.975009560585021973e-01
9.968619942665100098e-01
9.953405261039733887e-01
9.979184865951538086e-01
9.990280866622924805e-01
9.967863559722900391e-01
9.973032474517822266e-01
9.985259771347045898e-01
9.978168010711669922e-01
9.943990111351013184e-01
9.807766675949096680e-01
9.981416463851928711e-01
9.922600388526916504e-01
9.979842901229858398e-01
9.996076226234436035e-01
9.979389309883117676e-01
9.935879111289978027e-01
9.985010027885437012e-01
9.992601275444030762e-01
9.975202083587646484e-01
9.990670680999755859e-01
9.944092631340026855e-01
9.975041747093200684e-01
9.984186291694641113e-01
9.968412518501281738e-01
9.997835159301757812e-01
9.950172901153564453e-01
9.992541074752807617e-01
9.990519881248474121e-01
9.835271239280700684e-01
9.828872084617614746e-01
9.975785613059997559e-01
9.998804330825805664e-01
9.993739724159240723e-01
9.992894530296325684e-01
9.933633804321289062e-01
9.869737625122070312e-01
9.970626235008239746e-01
9.924794435501098633e-01
9.978706836700439453e-01
9.990134835243225098e-01
9.987006187438964844e-01
9.971945285797119141e-01
9.917450547218322754e-01
9.952837824821472168e-01
9.963254928588867188e-01
9.875411987304687500e-01
9.952737092971801758e-01
9.899657368659973145e-01
9.991779327392578125e-01
9.970390200614929199e-01
9.899323582649230957e-01
9.942554235458374023e-01
9.931387901306152344e-01
9.989576935768127441e-01
9.994112253189086914e-01
9.942902326583862305e-01
9.921277165412902832e-01
9.993464350700378418e-01
9.966729879379272461e-01
9.932900071144104004e-01
9.982243180274963379e-01
9.917514324188232422e-01
9.971898794174194336e-01
9.966979026794433594e-01
9.994390010833740234e-01
9.979663491249084473e-01
9.972990155220031738e-01
9.986227154731750488e-01
9.960933327674865723e-01
9.983022809028625488e-01
9.990835785865783691e-01
9.981393218040466309e-01
9.810711145401000977e-01
9.934794902801513672e-01
9.970052838325500488e-01
9.900852441787719727e-01
9.976745247840881348e-01
9.992635250091552734e-01
9.992980360984802246e-01
9.984334707260131836e-01
9.984905719757080078e-01
9.989182949066162109e-01
9.908499717712402344e-01
9.969612360000610352e-01
9.995530843734741211e-01
9.963392615318298340e-01
9.897569417953491211e-01
9.913785457611083984e-01
9.925854206085205078e-01
9.934690594673156738e-01
9.863590598106384277e-01
9.969491362571716309e-01
9.902217388153076172e-01
9.976900219917297363e-01
9.998333454132080078e-01
9.930101633071899414e-01
9.938274621963500977e-01
9.983113408088684082e-01
9.989117980003356934e-01
9.991536736488342285e-01
9.959592819213867188e-01
9.932880401611328125e-01
9.952826499938964844e-01
9.970635175704956055e-01
9.977492690086364746e-01
9.982425570487976074e-01
9.981834888458251953e-01
9.967720508575439453e-01
9.988675117492675781e-01
9.927222132682800293e-01
9.997667670249938965e-01
9.996612668037414551e-01
9.996489286422729492e-01
9.956305623054504395e-01
9.849033355712890625e-01
9.973487854003906250e-01
9.918564558029174805e-01
9.984819889068603516e-01
9.963461160659790039e-01
9.980326294898986816e-01
9.988606572151184082e-01
9.887053370475769043e-01
9.916359186172485352e-01
9.998961091041564941e-01
9.999001622200012207e-01
9.942468404769897461e-01
9.999207854270935059e-01
9.926632642745971680e-01
9.933664202690124512e-01
9.996524453163146973e-01
9.940409064292907715e-01
9.986127018928527832e-01
9.882729053497314453e-01
9.918248653411865234e-01
9.982069730758666992e-01
9.884815216064453125e-01
9.978170394897460938e-01
9.986454248428344727e-01
9.907242059707641602e-01
9.948103427886962891e-01
9.951532483100891113e-01
9.938996434211730957e-01
9.999427795410156250e-01
9.989007115364074707e-01
9.934399724006652832e-01
9.998669624328613281e-01
9.989416003227233887e-01
9.862806200981140137e-01
9.959334731101989746e-01
9.949548244476318359e-01
9.995970129966735840e-01
9.901905655860900879e-01
9.702578783035278320e-01
9.997660517692565918e-01
9.908864498138427734e-01
9.974974989891052246e-01
9.987331032752990723e-01
9.997389912605285645e-01
9.972867369651794434e-01
9.972484111785888672e-01
9.964167475700378418e-01
9.915975332260131836e-01
9.976514577865600586e-01
9.990076422691345215e-01
9.898907542228698730e-01
9.970006346702575684e-01
9.986985325813293457e-01
9.933113455772399902e-01
9.991064667701721191e-01
9.980218410491943359e-01
9.967322349548339844e-01
9.968851208686828613e-01
9.958243966102600098e-01
9.990590214729309082e-01
9.988518357276916504e-01
9.994006752967834473e-01
9.941116571426391602e-01
9.976198077201843262e-01
9.970731735229492188e-01
9.979218244552612305e-01
9.972717761993408203e-01
9.909228086471557617e-01
9.985195398330688477e-01
9.861303567886352539e-01
9.979726672172546387e-01
9.913234114646911621e-01
9.989391565322875977e-01
9.891608357429504395e-01
9.970980286598205566e-01
9.982119202613830566e-01
9.938550591468811035e-01
9.995158314704895020e-01
9.940221905708312988e-01
9.822260737419128418e-01
9.975611567497253418e-01
9.987145066261291504e-01
9.914500713348388672e-01
9.960687756538391113e-01
9.981026649475097656e-01
9.972551465034484863e-01
9.988510012626647949e-01
9.926224350929260254e-01
9.723666310310363770e-01
9.917279481887817383e-01
9.988844990730285645e-01
9.967630505561828613e-01
9.989224076271057129e-01
9.975867271423339844e-01
9.968627691268920898e-01
9.968945980072021484e-01
9.989071488380432129e-01
9.980742335319519043e-01
9.975557923316955566e-01
9.964428544044494629e-01
9.980068206787109375e-01
9.998878836631774902e-01
9.988252520561218262e-01
9.949026107788085938e-01
9.986925125122070312e-01
9.999536871910095215e-01
9.988673925399780273e-01
9.978770613670349121e-01
9.990686774253845215e-01
9.972694516181945801e-01
9.972121715545654297e-01
9.933930039405822754e-01
9.958447217941284180e-01
9.957534670829772949e-01
9.960485696792602539e-01
9.965939521789550781e-01
9.954835772514343262e-01
9.902217984199523926e-01
9.991785287857055664e-01
9.891681075096130371e-01
9.971648454666137695e-01
9.982523918151855469e-01
9.973281621932983398e-01
9.998906850814819336e-01
9.964430928230285645e-01
9.986251592636108398e-01
9.894084930419921875e-01
9.990937113761901855e-01
9.976023435592651367e-01
9.979571104049682617e-01
9.941045045852661133e-01
9.982065558433532715e-01
9.989888668060302734e-01
9.989715218544006348e-01
9.893228411674499512e-01
9.972143173217773438e-01
9.940490722656250000e-01
9.990400075912475586e-01
9.999619126319885254e-01
9.805999994277954102e-01
9.973274469375610352e-01
9.999155998229980469e-01
9.925090670585632324e-01
9.923147559165954590e-01
9.953295588493347168e-01
9.953105449676513672e-01
9.870736002922058105e-01
9.976507425308227539e-01
9.950201511383056641e-01
9.930125474929809570e-01
9.994992017745971680e-01
9.975485205650329590e-01
9.949040412902832031e-01
9.962339997291564941e-01
9.925811886787414551e-01
9.991892576217651367e-01
9.954293370246887207e-01
9.980287551879882812e-01
9.986061453819274902e-01
9.938826560974121094e-01
9.978466033935546875e-01
9.969973564147949219e-01
9.848568439483642578e-01
9.875380992889404297e-01
9.921788573265075684e-01
9.992073774337768555e-01
9.999535083770751953e-01
9.955061674118041992e-01
9.973337054252624512e-01
9.970129132270812988e-01
9.982101321220397949e-01
9.987999200820922852e-01
9.939343333244323730e-01
9.903656244277954102e-01
9.950472116470336914e-01
9.979538917541503906e-01
9.971176385879516602e-01
9.970670342445373535e-01
9.881262779235839844e-01
9.961975216865539551e-01
9.973499774932861328e-01
9.938325881958007812e-01
9.987041950225830078e-01
9.980749487876892090e-01
9.965932369232177734e-01
9.972691535949707031e-01
9.982143044471740723e-01
9.970882534980773926e-01
9.958423972129821777e-01
9.818665981292724609e-01
9.986497163772583008e-01
9.967555403709411621e-01
9.985631108283996582e-01
9.963415861129760742e-01
9.980700016021728516e-01
9.984637498855590820e-01
9.922406673431396484e-01
9.998454451560974121e-01
9.875506758689880371e-01
9.950706958770751953e-01
9.599151611328125000e-01
9.971279501914978027e-01
9.934800267219543457e-01
9.925957322120666504e-01
9.979107379913330078e-01
9.987079501152038574e-01
9.861274957656860352e-01
9.974704384803771973e-01
9.955457448959350586e-01
9.977060556411743164e-01
9.737140536308288574e-01
9.951433539390563965e-01
9.947684407234191895e-01
9.952178001403808594e-01
9.899480342864990234e-01
9.994472265243530273e-01
9.977428913116455078e-01
9.934175014495849609e-01
9.974987506866455078e-01
9.983366131782531738e-01
9.976847171783447266e-01
9.969751238822937012e-01
9.973348379135131836e-01
9.983689785003662109e-01
9.976860284805297852e-01
9.911568164825439453e-01
9.994193315505981445e-01
9.998285174369812012e-01
9.941651821136474609e-01
9.908329844474792480e-01
9.915702939033508301e-01
9.945195317268371582e-01
9.986823797225952148e-01
9.940434694290161133e-01
9.994665384292602539e-01
9.999121427536010742e-01
9.990087747573852539e-01
9.970132112503051758e-01
9.927692413330078125e-01
9.947091341018676758e-01
9.998590946197509766e-01
9.950546622276306152e-01
9.989691972732543945e-01
9.958216547966003418e-01
9.981867074966430664e-01
9.990307092666625977e-01
9.975417852401733398e-01
9.966815710067749023e-01
9.966105818748474121e-01
9.929473996162414551e-01
9.981833696365356445e-01
9.921102523803710938e-01
9.991554617881774902e-01
9.958285093307495117e-01
9.937627911567687988e-01
9.965733289718627930e-01
9.988638162612915039e-01
9.998579621315002441e-01
9.928991794586181641e-01
9.977778792381286621e-01
9.968225359916687012e-01
9.983373284339904785e-01
9.994143247604370117e-01
9.978645443916320801e-01
9.960027933120727539e-01
9.956395626068115234e-01
9.964152574539184570e-01
9.999446868896484375e-01
9.984576106071472168e-01
9.978467822074890137e-01
9.957334995269775391e-01
9.997481107711791992e-01
9.903871417045593262e-01
9.979489445686340332e-01
9.979572892189025879e-01
9.996433258056640625e-01
9.962857961654663086e-01
9.879689216613769531e-01
9.966676831245422363e-01
9.997049570083618164e-01
9.972975850105285645e-01
9.957761168479919434e-01
9.940155744552612305e-01
9.961851835250854492e-01
9.977750182151794434e-01
9.950174689292907715e-01
9.981281161308288574e-01
9.986459016799926758e-01
9.992313385009765625e-01
9.951666593551635742e-01
9.959209561347961426e-01
9.988511800765991211e-01
9.967880249023437500e-01
9.758670926094055176e-01
9.989984631538391113e-01
9.951026439666748047e-01
9.997047185897827148e-01
9.899446964263916016e-01
9.976249337196350098e-01
9.989706873893737793e-01
9.940907955169677734e-01
9.983927607536315918e-01
9.998569488525390625e-01
9.999143481254577637e-01
9.889894127845764160e-01
9.982999563217163086e-01
9.980207085609436035e-01
9.988977909088134766e-01
9.919502735137939453e-01
9.941768646240234375e-01
9.992762804031372070e-01
9.953254461288452148e-01
9.977631568908691406e-01
9.986326098442077637e-01
9.918502569198608398e-01
9.963573217391967773e-01
9.945214390754699707e-01
9.982276558876037598e-01
9.978409409523010254e-01
9.967524409294128418e-01
9.957742094993591309e-01
9.986076354980468750e-01
9.838591814041137695e-01
9.964085221290588379e-01
9.959260821342468262e-01
9.991644620895385742e-01
9.978492259979248047e-01
9.973191618919372559e-01
9.982615709304809570e-01
9.912561774253845215e-01
9.975259304046630859e-01
9.987331032752990723e-01
9.992414116859436035e-01
9.992137551307678223e-01
9.988616108894348145e-01
9.995002150535583496e-01
9.933611750602722168e-01
9.981670975685119629e-01
9.992380142211914062e-01
9.979370832443237305e-01
9.959396123886108398e-01
9.930347204208374023e-01
9.932840466499328613e-01
9.905143380165100098e-01
9.898044466972351074e-01
9.945408701896667480e-01
9.773892164230346680e-01
9.986166954040527344e-01
9.959847927093505859e-01
9.998013377189636230e-01
9.988784193992614746e-01
9.997637867927551270e-01
9.965688586235046387e-01
9.970490932464599609e-01
9.974498152732849121e-01
9.990604519844055176e-01
9.991481900215148926e-01
9.932177662849426270e-01
9.997528195381164551e-01
9.980009198188781738e-01
9.992408156394958496e-01
9.941450953483581543e-01
9.876983165740966797e-01
9.992417097091674805e-01
9.800176024436950684e-01
9.993517994880676270e-01
9.980050921440124512e-01
9.994236826896667480e-01
9.953777790069580078e-01
9.898602366447448730e-01
9.978066682815551758e-01
9.982119798660278320e-01
9.970104098320007324e-01
9.993950724601745605e-01
9.971362948417663574e-01
9.910186529159545898e-01
9.943590164184570312e-01
9.997909069061279297e-01
9.954309463500976562e-01
9.981340765953063965e-01
9.909421801567077637e-01
9.997346997261047363e-01
9.992963075637817383e-01
9.985955357551574707e-01
9.988967180252075195e-01
9.987785816192626953e-01
9.968873858451843262e-01
9.946986436843872070e-01
9.918740987777709961e-01
9.994516372680664062e-01
9.992195367813110352e-01
9.979860186576843262e-01
9.972209930419921875e-01
9.897658824920654297e-01
9.927061796188354492e-01
9.963296651840209961e-01
9.984273314476013184e-01
9.982768297195434570e-01
9.983696937561035156e-01
9.991174340248107910e-01
9.978245496749877930e-01
9.947655797004699707e-01
9.968828558921813965e-01
9.937662482261657715e-01
9.937369823455810547e-01
9.987662434577941895e-01
9.935080409049987793e-01
9.982415437698364258e-01
9.973053932189941406e-01
9.993309974670410156e-01
9.973158836364746094e-01
9.985808134078979492e-01
9.920844435691833496e-01
9.958967566490173340e-01
9.977840185165405273e-01
9.969798922538757324e-01
9.996441006660461426e-01
9.899047613143920898e-01
9.909647703170776367e-01
9.957518577575683594e-01
9.973387718200683594e-01
9.964102506637573242e-01
9.975277185440063477e-01
9.695676565170288086e-01
9.998970031738281250e-01
9.945229887962341309e-01
9.989728331565856934e-01
9.985467195510864258e-01
9.990441203117370605e-01
9.978786706924438477e-01
9.907501935958862305e-01
9.958256483078002930e-01
9.946398138999938965e-01
9.989111423492431641e-01
9.992567300796508789e-01
9.884661436080932617e-01
9.979920983314514160e-01
9.991647601127624512e-01
9.993052482604980469e-01
9.789051413536071777e-01
9.969472289085388184e-01
9.848219752311706543e-01
9.990099668502807617e-01
9.942777752876281738e-01
9.991717934608459473e-01
9.992956519126892090e-01
9.993811249732971191e-01
9.897133111953735352e-01
9.958062171936035156e-01
9.843522310256958008e-01
9.927410483360290527e-01
9.927815794944763184e-01
9.916002154350280762e-01
9.944013357162475586e-01
9.964087009429931641e-01
9.999785423278808594e-01
9.965472817420959473e-01
9.961039423942565918e-01
9.957988858222961426e-01
9.999061822891235352e-01
9.984607100486755371e-01
9.942672848701477051e-01
9.947812557220458984e-01
9.957565665245056152e-01
9.963818788528442383e-01
9.962597489356994629e-01
9.992817044258117676e-01
9.982628822326660156e-01
9.984932541847229004e-01
9.994397163391113281e-01
9.973492026329040527e-01
9.987865090370178223e-01
9.987791180610656738e-01
9.984085559844970703e-01
9.983691573143005371e-01
9.983168840408325195e-01
9.937083721160888672e-01
9.970711469650268555e-01
9.979890584945678711e-01
9.993149638175964355e-01
9.992359280586242676e-01
9.971588850021362305e-01
9.940402507781982422e-01
9.897620677947998047e-01
9.982184171676635742e-01
9.987648129463195801e-01
9.972760677337646484e-01
9.969323277473449707e-01
9.974171519279479980e-01
9.941115379333496094e-01
9.979080557823181152e-01
9.996607899665832520e-01
9.993714690208435059e-01
9.980959892272949219e-01
9.890282750129699707e-01
9.989898800849914551e-01
9.898348450660705566e-01
9.929966926574707031e-01
9.942956566810607910e-01
9.999591112136840820e-01
9.983462095260620117e-01
9.976807236671447754e-01
9.939270615577697754e-01
9.946407675743103027e-01
9.943392872810363770e-01
9.968670010566711426e-01
9.971297979354858398e-01
9.976718425750732422e-01
9.967049956321716309e-01
9.880976080894470215e-01
9.963445663452148438e-01
9.868206381797790527e-01
9.953895807266235352e-01
9.990575313568115234e-01
9.876049160957336426e-01
9.998523592948913574e-01
9.990752339363098145e-01
9.964303374290466309e-01
9.978134632110595703e-01
9.989221692085266113e-01
9.994172453880310059e-01
9.980614781379699707e-01
9.985387325286865234e-01
9.988801479339599609e-01
9.950091242790222168e-01
9.981037974357604980e-01
9.918938875198364258e-01
9.992408752441406250e-01
9.975759387016296387e-01
9.988037347793579102e-01
9.995329380035400391e-01
9.990312457084655762e-01
9.993599057197570801e-01
9.960508942604064941e-01
9.979614615440368652e-01
9.981323480606079102e-01
9.999877810478210449e-01
9.978515505790710449e-01
9.987939596176147461e-01
9.995015859603881836e-01
9.956332445144653320e-01
9.957334995269775391e-01
9.986160397529602051e-01
9.991857409477233887e-01
9.991247057914733887e-01
9.989200234413146973e-01
9.975289106369018555e-01
9.964097738265991211e-01
9.949935674667358398e-01
9.975094199180603027e-01
9.986175894737243652e-01
9.988392591476440430e-01
9.940298795700073242e-01
9.949496388435363770e-01
9.894074797630310059e-01
9.955326318740844727e-01
9.996423125267028809e-01
9.968964457511901855e-01
9.988578557968139648e-01
9.956972002983093262e-01
9.963406920433044434e-01
9.870194196701049805e-01
9.968304038047790527e-01
9.996619224548339844e-01
9.965291023254394531e-01
9.993668794631958008e-01
9.989067316055297852e-01
9.997493624687194824e-01
9.745376706123352051e-01
9.944103956222534180e-01
9.963655471801757812e-01
9.967585802078247070e-01
9.950443506240844727e-01
9.980992674827575684e-01
9.994317889213562012e-01
9.941874146461486816e-01
9.904648661613464355e-01
9.990979433059692383e-01
9.945660233497619629e-01
9.977860450744628906e-01
9.966238141059875488e-01
9.998290538787841797e-01
9.991116523742675781e-01
9.907860755920410156e-01
9.982704520225524902e-01
9.986333847045898438e-01
9.990576505661010742e-01
9.964710474014282227e-01
9.999663233757019043e-01
9.989764094352722168e-01
9.993121027946472168e-01
9.944224357604980469e-01
9.982029795646667480e-01
9.951887726783752441e-01
9.972669482231140137e-01
9.927062988281250000e-01
9.993236660957336426e-01
9.894929528236389160e-01
9.992022514343261719e-01
9.962347745895385742e-01
9.975243806838989258e-01
9.998936653137207031e-01
9.994361400604248047e-01
9.965400099754333496e-01
9.988272190093994141e-01
9.980920553207397461e-01
9.967761635780334473e-01
9.938796162605285645e-01
9.944652915000915527e-01
9.994747638702392578e-01
9.963878393173217773e-01
9.968190193176269531e-01
9.990223050117492676e-01
9.976443052291870117e-01
9.991807341575622559e-01
9.962197542190551758e-01
9.942927956581115723e-01
9.978900551795959473e-01
9.987772703170776367e-01
9.899982810020446777e-01
9.980857372283935547e-01
9.974328875541687012e-01
9.959079623222351074e-01
9.963691830635070801e-01
9.954199790954589844e-01
9.986345767974853516e-01
9.988520145416259766e-01
9.770686030387878418e-01
9.944918155670166016e-01
9.920936226844787598e-01
9.986757636070251465e-01
9.969720244407653809e-01
9.922329783439636230e-01
9.975860118865966797e-01
9.993914961814880371e-01
