9.843408465385437012e-01
9.985758066177368164e-01
9.931176900863647461e-01
9.923228621482849121e-01
9.764264822006225586e-01
9.918890595436096191e-01
9.995847940444946289e-01
9.989065527915954590e-01
9.990943670272827148e-01
9.963940382003784180e-01
9.999723434448242188e-01
9.945344924926757812e-01
9.982028603553771973e-01
9.362438917160034180e-01
9.671704769134521484e-01
9.991955757141113281e-01
9.875486493110656738e-01
9.963315725326538086e-01
9.967043399810791016e-01
9.963355660438537598e-01
9.952135682106018066e-01
9.960296154022216797e-01
9.989495277404785156e-01
9.968593716621398926e-01
9.954474568367004395e-01
9.981210231781005859e-01
9.984188675880432129e-01
9.928191304206848145e-01
9.959038496017456055e-01
9.842843413352966309e-01
9.983469843864440918e-01
9.850170016288757324e-01
9.739658832550048828e-01
9.868525266647338867e-01
9.750582575798034668e-01
9.927408099174499512e-01
9.994004368782043457e-01
9.973674416542053223e-01
9.762884378433227539e-01
9.991419315338134766e-01
9.925521016120910645e-01
9.892810583114624023e-01
9.979368448257446289e-01
9.668964147567749023e-01
9.953901171684265137e-01
9.939324855804443359e-01
9.983572959899902344e-01
9.982050657272338867e-01
9.939641356468200684e-01
9.940149784088134766e-01
9.988601803779602051e-01
9.993433356285095215e-01
9.854106903076171875e-01
9.902585744857788086e-01
9.900628328323364258e-01
9.977508783340454102e-01
9.999476671218872070e-01
9.974224567413330078e-01
9.954954385757446289e-01
9.990497231483459473e-01
9.900684952735900879e-01
8.963519334793090820e-01
9.984285831451416016e-01
9.993243217468261719e-01
9.859873056411743164e-01
9.971835017204284668e-01
9.988092184066772461e-01
9.768400788307189941e-01
9.974504113197326660e-01
9.963648319244384766e-01
9.952228069305419922e-01
9.995580315589904785e-01
9.957491159439086914e-01
9.923347830772399902e-01
9.321744441986083984e-01
9.936315417289733887e-01
9.977576732635498047e-01
9.873238205909729004e-01
9.955824613571166992e-01
9.853448271751403809e-01
9.978785514831542969e-01
9.826941490173339844e-01
9.997937083244323730e-01
9.981384277343750000e-01
9.717391133308410645e-01
9.761774539947509766e-01
9.874711036682128906e-01
9.968221187591552734e-01
9.685323834419250488e-01
9.995025396347045898e-01
9.935483336448669434e-01
9.799135327339172363e-01
9.987984895706176758e-01
9.948896169662475586e-01
9.939416050910949707e-01
9.985237717628479004e-01
9.893800616264343262e-01
9.945778250694274902e-01
9.931818842887878418e-01
9.926467537879943848e-01
9.970915913581848145e-01
9.921666383743286133e-01
9.974487423896789551e-01
9.712046980857849121e-01
9.993496537208557129e-01
9.971573352813720703e-01
9.963483810424804688e-01
9.941782355308532715e-01
9.984948635101318359e-01
9.919198751449584961e-01
9.995692372322082520e-01
9.917044639587402344e-01
9.909607768058776855e-01
9.952897429466247559e-01
9.977858066558837891e-01
9.966059327125549316e-01
9.949777126312255859e-01
9.868506789207458496e-01
9.976198673248291016e-01
9.971184134483337402e-01
9.968653321266174316e-01
9.942266345024108887e-01
9.850646853446960449e-01
9.915683269500732422e-01
9.872579574584960938e-01
9.801655411720275879e-01
9.976249337196350098e-01
9.989268779754638672e-01
9.985350966453552246e-01
9.802663326263427734e-01
9.980089068412780762e-01
9.990301728248596191e-01
8.786399364471435547e-01
9.949965476989746094e-01
9.913271665573120117e-01
9.875419139862060547e-01
9.984368085861206055e-01
9.950354099273681641e-01
9.983481168746948242e-01
9.946300387382507324e-01
9.990658760070800781e-01
9.981805086135864258e-01
9.423575997352600098e-01
9.975863695144653320e-01
9.971401095390319824e-01
9.970659613609313965e-01
9.991741180419921875e-01
9.937819242477416992e-01
9.965513944625854492e-01
9.904764294624328613e-01
9.985198974609375000e-01
9.952160716056823730e-01
9.991150498390197754e-01
9.912375807762145996e-01
9.979568719863891602e-01
9.591547250747680664e-01
9.806161522865295410e-01
9.960404038429260254e-01
9.797906279563903809e-01
9.994078278541564941e-01
9.647962450981140137e-01
9.970057010650634766e-01
9.940815567970275879e-01
9.987891316413879395e-01
9.983029961585998535e-01
9.992166161537170410e-01
9.968336224555969238e-01
9.967908263206481934e-01
9.977715611457824707e-01
9.932543635368347168e-01
9.969704747200012207e-01
9.775704145431518555e-01
9.991760253906250000e-01
9.945948719978332520e-01
9.942961335182189941e-01
9.929615855216979980e-01
9.958186149597167969e-01
9.946600198745727539e-01
9.903979897499084473e-01
9.976037740707397461e-01
9.714393019676208496e-01
9.967731237411499023e-01
9.976066350936889648e-01
9.982154369354248047e-01
9.987189173698425293e-01
9.981521368026733398e-01
9.958645105361938477e-01
9.969609379768371582e-01
9.969624280929565430e-01
9.995051026344299316e-01
9.896590113639831543e-01
9.953071475028991699e-01
9.781457185745239258e-01
9.975756406784057617e-01
9.509499669075012207e-01
9.971250295639038086e-01
9.974367618560791016e-01
9.904266595840454102e-01
9.988999366760253906e-01
9.476266503334045410e-01
9.777539372444152832e-01
9.958619475364685059e-01
9.925019145011901855e-01
9.633402824401855469e-01
9.933193922042846680e-01
9.990646839141845703e-01
9.982670545578002930e-01
9.878236055374145508e-01
9.937685132026672363e-01
9.955363869667053223e-01
9.806479811668395996e-01
9.930871725082397461e-01
9.980573654174804688e-01
9.991040229797363281e-01
9.991772770881652832e-01
9.888241887092590332e-01
9.985654950141906738e-01
9.995198845863342285e-01
9.850439429283142090e-01
9.817931056022644043e-01
9.973641037940979004e-01
9.982151985168457031e-01
9.983862042427062988e-01
9.980914592742919922e-01
9.993426799774169922e-01
9.920603632926940918e-01
9.882716536521911621e-01
9.906374216079711914e-01
9.984971284866333008e-01
9.776102900505065918e-01
9.964264631271362305e-01
9.978774189949035645e-01
9.892764687538146973e-01
9.790397286415100098e-01
9.976945519447326660e-01
9.921746253967285156e-01
9.992917776107788086e-01
9.995010495185852051e-01
9.810900688171386719e-01
9.973106980323791504e-01
9.993541836738586426e-01
9.767254590988159180e-01
9.973287582397460938e-01
9.447853565216064453e-01
9.896000027656555176e-01
9.973431825637817383e-01
9.957680702209472656e-01
9.701353907585144043e-01
9.960058927536010742e-01
9.963919520378112793e-01
9.941840767860412598e-01
9.922051429748535156e-01
9.988502264022827148e-01
9.944859743118286133e-01
9.994168877601623535e-01
9.947916865348815918e-01
9.983341097831726074e-01
9.957656264305114746e-01
9.953206181526184082e-01
9.990851283073425293e-01
9.985858201980590820e-01
9.987925291061401367e-01
9.984446763992309570e-01
9.979801177978515625e-01
9.943781495094299316e-01
9.851038455963134766e-01
9.952946901321411133e-01
9.987547993659973145e-01
9.402427077293395996e-01
9.987145066261291504e-01
9.986443519592285156e-01
9.860061407089233398e-01
8.501106500625610352e-01
9.977004528045654297e-01
9.937999844551086426e-01
9.837823510169982910e-01
9.928734898567199707e-01
9.946137070655822754e-01
9.961161613464355469e-01
9.986258745193481445e-01
9.977900385856628418e-01
9.752200841903686523e-01
9.990996718406677246e-01
9.855256676673889160e-01
9.929651618003845215e-01
9.971414208412170410e-01
9.994041919708251953e-01
9.976386427879333496e-01
9.990993738174438477e-01
9.966413378715515137e-01
9.918239712715148926e-01
9.943143725395202637e-01
9.977992773056030273e-01
9.922107458114624023e-01
9.962586760520935059e-01
9.963788986206054688e-01
9.893938899040222168e-01
9.955118298530578613e-01
9.961131811141967773e-01
9.983633160591125488e-01
9.953683614730834961e-01
9.973317384719848633e-01
9.998716711997985840e-01
9.970974922180175781e-01
9.991905093193054199e-01
9.968980550765991211e-01
9.967184662818908691e-01
9.581677317619323730e-01
9.978256225585937500e-01
9.977033138275146484e-01
9.981535673141479492e-01
9.643425941467285156e-01
9.891566038131713867e-01
9.846960902214050293e-01
9.944291114807128906e-01
9.952960610389709473e-01
9.947416186332702637e-01
9.899932742118835449e-01
9.969385266304016113e-01
9.986795186996459961e-01
9.990078806877136230e-01
9.634350538253784180e-01
9.785147905349731445e-01
9.986035823822021484e-01
9.980354905128479004e-01
9.818690419197082520e-01
9.938868284225463867e-01
9.991379976272583008e-01
9.811532497406005859e-01
9.921760559082031250e-01
9.977519512176513672e-01
9.970163702964782715e-01
9.903463125228881836e-01
9.341096878051757812e-01
9.965345859527587891e-01
9.997010231018066406e-01
9.962201118469238281e-01
9.959212541580200195e-01
9.927151203155517578e-01
9.701569080352783203e-01
9.686007499694824219e-01
9.977982044219970703e-01
9.978022575378417969e-01
9.998157620429992676e-01
9.969775080680847168e-01
9.993155598640441895e-01
9.945758581161499023e-01
9.987390041351318359e-01
9.984022378921508789e-01
9.992836117744445801e-01
9.984619617462158203e-01
9.891880750656127930e-01
9.871247410774230957e-01
9.939374923706054688e-01
9.907803535461425781e-01
9.968843460083007812e-01
9.876707196235656738e-01
9.863141179084777832e-01
9.985352158546447754e-01
9.931449890136718750e-01
9.974989295005798340e-01
9.988240599632263184e-01
9.912716150283813477e-01
9.895537495613098145e-01
9.835502505302429199e-01
9.967803955078125000e-01
9.847521185874938965e-01
9.996174573898315430e-01
9.906061887741088867e-01
9.945628643035888672e-01
9.737139940261840820e-01
9.924604892730712891e-01
9.985013604164123535e-01
9.886948466300964355e-01
9.933283329010009766e-01
9.978455901145935059e-01
9.829822182655334473e-01
9.984956979751586914e-01
9.614165425300598145e-01
9.978963136672973633e-01
9.853864312171936035e-01
9.635285735130310059e-01
9.972458481788635254e-01
9.741907715797424316e-01
9.946674108505249023e-01
9.820097088813781738e-01
9.993086457252502441e-01
9.952020049095153809e-01
9.960491061210632324e-01
9.902318120002746582e-01
9.953857660293579102e-01
9.993299245834350586e-01
9.991275072097778320e-01
9.969413876533508301e-01
9.735724329948425293e-01
9.990857839584350586e-01
9.871294498443603516e-01
9.967467188835144043e-01
9.887160062789916992e-01
9.989215731620788574e-01
9.918380379676818848e-01
9.997900128364562988e-01
7.862643599510192871e-01
9.990810155868530273e-01
9.991000890731811523e-01
9.966068863868713379e-01
9.896297454833984375e-01
9.977850317955017090e-01
9.973905682563781738e-01
9.921827316284179688e-01
9.972120523452758789e-01
9.895209074020385742e-01
9.903612136840820312e-01
9.953737854957580566e-01
9.988354444503784180e-01
9.898391962051391602e-01
9.987241625785827637e-01
9.916985630989074707e-01
9.964716434478759766e-01
9.957577586174011230e-01
9.988006353378295898e-01
9.953811168670654297e-01
9.991233944892883301e-01
9.972442984580993652e-01
9.969785213470458984e-01
9.996235966682434082e-01
9.627753496170043945e-01
9.975901246070861816e-01
9.984198212623596191e-01
9.786669015884399414e-01
9.972556233406066895e-01
9.856711626052856445e-01
9.682868123054504395e-01
9.969502091407775879e-01
9.988182783126831055e-01
9.977400898933410645e-01
9.834966659545898438e-01
9.657717347145080566e-01
9.963613748550415039e-01
9.865612983703613281e-01
9.940383434295654297e-01
9.969165921211242676e-01
9.860562086105346680e-01
9.987985491752624512e-01
9.928874969482421875e-01
9.943929314613342285e-01
9.987114667892456055e-01
9.834508299827575684e-01
9.959993362426757812e-01
9.990494847297668457e-01
9.996308684349060059e-01
9.911212325096130371e-01
9.952697753906250000e-01
9.962392449378967285e-01
9.931187033653259277e-01
9.856461286544799805e-01
9.980483055114746094e-01
9.928955435752868652e-01
9.920575022697448730e-01
9.924185276031494141e-01
9.930956363677978516e-01
9.982497692108154297e-01
9.945522546768188477e-01
9.984758496284484863e-01
9.923772215843200684e-01
9.967587590217590332e-01
9.887841343879699707e-01
9.986140131950378418e-01
9.988361597061157227e-01
9.976167082786560059e-01
9.953308105468750000e-01
9.992118477821350098e-01
9.982277154922485352e-01
9.980742931365966797e-01
9.901593327522277832e-01
9.985474944114685059e-01
9.922872781753540039e-01
9.986416697502136230e-01
9.978713393211364746e-01
9.985237121582031250e-01
9.990581870079040527e-01
9.906455874443054199e-01
9.889881014823913574e-01
9.911866784095764160e-01
9.941306710243225098e-01
9.956728219985961914e-01
9.944995641708374023e-01
9.983061552047729492e-01
9.940309524536132812e-01
9.909122586250305176e-01
9.973233342170715332e-01
9.985879659652709961e-01
9.985429644584655762e-01
9.517118930816650391e-01
9.952515363693237305e-01
9.940782785415649414e-01
9.925858378410339355e-01
9.682202935218811035e-01
9.979902505874633789e-01
9.892396926879882812e-01
9.779895544052124023e-01
9.952313899993896484e-01
9.821648001670837402e-01
9.975392222404479980e-01
9.957641959190368652e-01
9.757490754127502441e-01
9.989406466484069824e-01
9.406068921089172363e-01
9.939705729484558105e-01
9.658653140068054199e-01
9.981728196144104004e-01
9.934559464454650879e-01
9.985671043395996094e-01
9.900644421577453613e-01
8.586626052856445312e-01
9.977331161499023438e-01
9.807446599006652832e-01
9.936851859092712402e-01
9.738585948944091797e-01
9.888595938682556152e-01
9.985762834548950195e-01
9.877300858497619629e-01
9.726180434226989746e-01
9.971380829811096191e-01
9.884564876556396484e-01
9.909289479255676270e-01
9.977297186851501465e-01
9.893490672111511230e-01
9.917278885841369629e-01
9.942790865898132324e-01
9.842018485069274902e-01
9.915661811828613281e-01
9.977506995201110840e-01
9.992635846138000488e-01
9.963440895080566406e-01
9.919329285621643066e-01
9.979100823402404785e-01
9.841164946556091309e-01
9.968701004981994629e-01
9.943131804466247559e-01
9.991935491561889648e-01
9.941758513450622559e-01
9.922211170196533203e-01
9.874345660209655762e-01
9.913417696952819824e-01
9.987750053405761719e-01
9.930822253227233887e-01
9.910675883293151855e-01
9.990683197975158691e-01
9.920657277107238770e-01
9.938942790031433105e-01
9.761739969253540039e-01
9.933233857154846191e-01
9.990987777709960938e-01
9.838468432426452637e-01
9.923043251037597656e-01
9.941791296005249023e-01
9.984570145606994629e-01
9.935617446899414062e-01
9.963850378990173340e-01
9.893215894699096680e-01
9.962741732597351074e-01
9.983355998992919922e-01
9.989452362060546875e-01
9.943251013755798340e-01
9.988900423049926758e-01
9.953210353851318359e-01
9.962727427482604980e-01
9.911009073257446289e-01
9.778383374214172363e-01
9.979432821273803711e-01
9.966880083084106445e-01
9.919114112854003906e-01
9.994090199470520020e-01
9.938389658927917480e-01
9.974665045738220215e-01
9.976941943168640137e-01
9.990401268005371094e-01
9.972335696220397949e-01
9.962248802185058594e-01
9.827272295951843262e-01
9.964138865470886230e-01
9.963694810867309570e-01
9.962798953056335449e-01
9.997889995574951172e-01
9.828113317489624023e-01
9.990628957748413086e-01
9.930202364921569824e-01
9.614978432655334473e-01
9.244053959846496582e-01
9.985970854759216309e-01
9.910873174667358398e-01
9.995651245117187500e-01
9.990349411964416504e-01
9.826992154121398926e-01
9.746940135955810547e-01
9.967702627182006836e-01
9.813535213470458984e-01
9.838005900382995605e-01
9.980887770652770996e-01
9.966297745704650879e-01
9.949741959571838379e-01
9.952554106712341309e-01
9.923605322837829590e-01
9.952108860015869141e-01
9.901997447013854980e-01
9.892490506172180176e-01
9.893360137939453125e-01
9.990083575248718262e-01
9.928522109985351562e-01
9.893375635147094727e-01
9.862687587738037109e-01
9.938371777534484863e-01
9.945947527885437012e-01
9.985901713371276855e-01
9.752644300460815430e-01
9.637317061424255371e-01
9.986734390258789062e-01
9.941533207893371582e-01
9.873569607734680176e-01
9.945240020751953125e-01
9.739162921905517578e-01
9.960825443267822266e-01
9.984641075134277344e-01
9.996927976608276367e-01
9.977406263351440430e-01
9.960995316505432129e-01
9.981675744056701660e-01
9.952854514122009277e-01
9.985086917877197266e-01
9.969840049743652344e-01
9.985795617103576660e-01
9.644296765327453613e-01
9.924893975257873535e-01
9.918057918548583984e-01
9.834849238395690918e-01
9.968400597572326660e-01
9.970493316650390625e-01
9.992038607597351074e-01
9.933182597160339355e-01
9.980288147926330566e-01
9.935658574104309082e-01
9.858533740043640137e-01
9.945539832115173340e-01
9.984290599822998047e-01
9.844318032264709473e-01
9.852596521377563477e-01
9.851146936416625977e-01
9.946351051330566406e-01
9.878163337707519531e-01
9.825055599212646484e-01
9.908500909805297852e-01
9.457626938819885254e-01
9.914534687995910645e-01
9.383533596992492676e-01
9.858314990997314453e-01
7.938646078109741211e-01
9.915485978126525879e-01
9.978917241096496582e-01
9.988790750503540039e-01
9.943920373916625977e-01
9.873754382133483887e-01
9.940444827079772949e-01
9.883354902267456055e-01
9.954206347465515137e-01
9.975466728210449219e-01
9.943631291389465332e-01
9.930859208106994629e-01
9.986571073532104492e-01
9.956305027008056641e-01
9.988033771514892578e-01
9.985653758049011230e-01
9.980325698852539062e-01
9.974861145019531250e-01
9.609680175781250000e-01
9.967669248580932617e-01
9.802262783050537109e-01
9.984754323959350586e-01
9.936931133270263672e-01
9.947246909141540527e-01
9.988883733749389648e-01
9.874348640441894531e-01
9.859060645103454590e-01
9.995324611663818359e-01
9.978569149971008301e-01
9.822635650634765625e-01
9.987397789955139160e-01
9.884823560714721680e-01
9.853583574295043945e-01
9.992912411689758301e-01
9.903151988983154297e-01
9.989618062973022461e-01
9.735546112060546875e-01
9.918164014816284180e-01
9.981024861335754395e-01
9.798111915588378906e-01
9.983082413673400879e-01
9.999321699142456055e-01
9.892898201942443848e-01
9.819782972335815430e-01
9.892052412033081055e-01
8.677828311920166016e-01
9.977431893348693848e-01
9.954254031181335449e-01
9.144544601440429688e-01
9.988080263137817383e-01
9.966500997543334961e-01
9.955347776412963867e-01
9.950274825096130371e-01
9.939636588096618652e-01
9.984070062637329102e-01
9.799519181251525879e-01
8.885344266891479492e-01
9.996444582939147949e-01
9.929462075233459473e-01
9.945622086524963379e-01
9.975403547286987305e-01
9.991825222969055176e-01
9.949568510055541992e-01
9.943892359733581543e-01
9.923275113105773926e-01
9.654940962791442871e-01
9.958776235580444336e-01
9.990381598472595215e-01
9.920130372047424316e-01
9.956660866737365723e-01
9.943897724151611328e-01
9.911066293716430664e-01
9.975073337554931641e-01
9.929810762405395508e-01
9.954915642738342285e-01
9.930230975151062012e-01
9.975195527076721191e-01
9.959412813186645508e-01
9.994075894355773926e-01
9.986156821250915527e-01
9.870788455009460449e-01
9.951250553131103516e-01
9.945380687713623047e-01
9.986873269081115723e-01
9.813308715820312500e-01
9.914925098419189453e-01
9.925038218498229980e-01
9.783588051795959473e-01
9.967572689056396484e-01
9.904733300209045410e-01
9.968599677085876465e-01
9.741860032081604004e-01
9.944223165512084961e-01
9.957054853439331055e-01
8.493921160697937012e-01
9.984205365180969238e-01
9.882257580757141113e-01
9.837323427200317383e-01
9.971379041671752930e-01
9.955359101295471191e-01
9.801649451255798340e-01
9.804958105087280273e-01
9.690399765968322754e-01
9.964804053306579590e-01
9.993897080421447754e-01
9.906136393547058105e-01
9.541238546371459961e-01
9.737186431884765625e-01
9.991848468780517578e-01
9.944354295730590820e-01
9.985427260398864746e-01
9.915049672126770020e-01
9.946712851524353027e-01
9.799481034278869629e-01
9.962674379348754883e-01
9.962224364280700684e-01
9.938558936119079590e-01
9.934608340263366699e-01
9.953539371490478516e-01
9.999910593032836914e-01
9.987295269966125488e-01
9.910375475883483887e-01
9.970921874046325684e-01
9.998729228973388672e-01
9.992608428001403809e-01
9.969653487205505371e-01
9.980869889259338379e-01
9.830040931701660156e-01
9.967663288116455078e-01
9.863788485527038574e-01
9.836398959159851074e-01
9.908465147018432617e-01
9.945898652076721191e-01
9.949278831481933594e-01
9.952219724655151367e-01
9.890910983085632324e-01
9.995552301406860352e-01
9.748095870018005371e-01
9.962688684463500977e-01
9.974752068519592285e-01
9.957132339477539062e-01
9.981352686882019043e-01
9.696583747863769531e-01
9.917595982551574707e-01
9.125187993049621582e-01
9.907897114753723145e-01
9.927452206611633301e-01
9.988188147544860840e-01
9.943882226943969727e-01
9.981694817543029785e-01
9.983587265014648438e-01
9.973893761634826660e-01
9.814999103546142578e-01
9.946225881576538086e-01
9.885091185569763184e-01
9.984731078147888184e-01
9.996300339698791504e-01
9.506786465644836426e-01
9.917308688163757324e-01
9.997550845146179199e-01
9.861856102943420410e-01
9.903132319450378418e-01
9.921227097511291504e-01
9.971136450767517090e-01
9.789528250694274902e-01
9.975841045379638672e-01
9.853879213333129883e-01
9.889005422592163086e-01
9.995198845863342285e-01
9.878422617912292480e-01
9.822498559951782227e-01
9.764518737792968750e-01
9.888367652893066406e-01
9.990603327751159668e-01
9.921043515205383301e-01
9.930439591407775879e-01
9.956166148185729980e-01
9.848392009735107422e-01
9.969055652618408203e-01
9.948444366455078125e-01
9.553908705711364746e-01
9.684289097785949707e-01
9.660015702247619629e-01
9.968444108963012695e-01
9.996389746665954590e-01
9.893224239349365234e-01
9.911959767341613770e-01
9.977667331695556641e-01
9.951120615005493164e-01
9.972395300865173340e-01
9.871740341186523438e-01
9.932351112365722656e-01
9.524831771850585938e-01
9.939199686050415039e-01
9.951607584953308105e-01
9.972798824310302734e-01
9.864636063575744629e-01
9.926902651786804199e-01
9.936926960945129395e-01
9.745380878448486328e-01
9.957997798919677734e-01
9.962399005889892578e-01
9.959046840667724609e-01
9.884352684020996094e-01
9.976508617401123047e-01
9.950117468833923340e-01
9.706182479858398438e-01
9.930613040924072266e-01
9.989050626754760742e-01
9.929646849632263184e-01
9.979236125946044922e-01
9.939542412757873535e-01
9.978886246681213379e-01
9.983966946601867676e-01
9.868687391281127930e-01
9.995414614677429199e-01
9.656410217285156250e-01
9.699707031250000000e-01
9.340620040893554688e-01
9.807189702987670898e-01
9.779882431030273438e-01
9.716231822967529297e-01
9.957380890846252441e-01
9.981298446655273438e-01
9.798433184623718262e-01
9.739234447479248047e-01
9.811446666717529297e-01
9.994760155677795410e-01
9.589990377426147461e-01
9.832351207733154297e-01
9.914526343345642090e-01
9.920412898063659668e-01
9.628378748893737793e-01
9.999297261238098145e-01
9.920701980590820312e-01
9.829331636428833008e-01
9.923127293586730957e-01
9.987312555313110352e-01
9.976957440376281738e-01
9.963210225105285645e-01
9.960731863975524902e-01
9.977923035621643066e-01
9.909301400184631348e-01
9.927772879600524902e-01
9.968631267547607422e-01
9.995927810668945312e-01
9.935094118118286133e-01
9.828386306762695312e-01
9.868452548980712891e-01
9.931288361549377441e-01
9.984690546989440918e-01
9.927347302436828613e-01
9.993505477905273438e-01
9.932762384414672852e-01
9.902776479721069336e-01
9.976412653923034668e-01
9.777004122734069824e-01
9.860357642173767090e-01
9.997539520263671875e-01
9.926034808158874512e-01
9.895824790000915527e-01
9.950525164604187012e-01
9.978832006454467773e-01
9.976159334182739258e-01
9.952679276466369629e-01
9.960128664970397949e-01
9.955778121948242188e-01
9.903005957603454590e-01
9.960216283798217773e-01
8.184470534324645996e-01
9.983212947845458984e-01
9.932463765144348145e-01
9.921118021011352539e-01
9.951702952384948730e-01
9.977607131004333496e-01
9.992007613182067871e-01
9.820321798324584961e-01
9.914613366127014160e-01
9.922989606857299805e-01
9.972898364067077637e-01
9.994697570800781250e-01
9.950467348098754883e-01
9.900025725364685059e-01
9.759328365325927734e-01
9.959355592727661133e-01
9.996213912963867188e-01
9.948488473892211914e-01
9.965870380401611328e-01
9.929701685905456543e-01
9.988276362419128418e-01
9.794541001319885254e-01
9.976782798767089844e-01
9.972656369209289551e-01
9.992120862007141113e-01
9.761210680007934570e-01
9.981627464294433594e-01
9.877312183380126953e-01
9.992045164108276367e-01
9.966508150100708008e-01
9.934855103492736816e-01
9.941176772117614746e-01
9.931781888008117676e-01
9.972490072250366211e-01
9.916190505027770996e-01
9.959644675254821777e-01
9.985450506210327148e-01
9.957792162895202637e-01
9.965965151786804199e-01
9.952018260955810547e-01
9.986509084701538086e-01
9.943324923515319824e-01
9.607724547386169434e-01
9.989824295043945312e-01
9.823871254920959473e-01
9.983811378479003906e-01
9.713987708091735840e-01
9.844143390655517578e-01
9.988741874694824219e-01
9.940341114997863770e-01
9.978699684143066406e-01
9.998375773429870605e-01
9.995529055595397949e-01
9.892726540565490723e-01
9.957515597343444824e-01
9.980722069740295410e-01
9.976140856742858887e-01
9.836585521697998047e-01
9.917244911193847656e-01
9.975151419639587402e-01
9.941099286079406738e-01
9.956631660461425781e-01
9.976001977920532227e-01
9.932522177696228027e-01
9.903599023818969727e-01
9.809558391571044922e-01
9.976365566253662109e-01
9.968113303184509277e-01
9.894992113113403320e-01
9.940643906593322754e-01
9.977158904075622559e-01
9.376460313796997070e-01
9.943440556526184082e-01
9.891229271888732910e-01
9.987143278121948242e-01
9.949094057083129883e-01
9.968547821044921875e-01
9.883586764335632324e-01
9.889429211616516113e-01
9.950184822082519531e-01
9.985732436180114746e-01
9.990257024765014648e-01
9.991855025291442871e-01
9.978166222572326660e-01
9.972040057182312012e-01
9.940046072006225586e-01
9.959559440612792969e-01
9.600439071655273438e-01
9.945566654205322266e-01
9.913804531097412109e-01
9.846753478050231934e-01
9.904116988182067871e-01
9.711763262748718262e-01
9.769478440284729004e-01
9.959235191345214844e-01
9.563803672790527344e-01
9.936197996139526367e-01
9.676836133003234863e-01
9.996153116226196289e-01
9.974905252456665039e-01
9.997166991233825684e-01
9.917263984680175781e-01
9.947753548622131348e-01
9.936596155166625977e-01
9.989002943038940430e-01
9.983664155006408691e-01
9.906533360481262207e-01
9.987779855728149414e-01
9.977611899375915527e-01
9.967706203460693359e-01
9.954469203948974609e-01
9.857687354087829590e-01
9.991471767425537109e-01
9.591709971427917480e-01
9.983009099960327148e-01
9.975381493568420410e-01
9.994014501571655273e-01
9.856547117233276367e-01
9.790748953819274902e-01
9.976014494895935059e-01
9.972800612449645996e-01
9.936468601226806641e-01
9.987757802009582520e-01
9.916005730628967285e-01
9.946142435073852539e-01
9.910158514976501465e-01
9.989125728607177734e-01
9.893134832382202148e-01
9.990258812904357910e-01
9.896534085273742676e-01
9.984183311462402344e-01
9.981065392494201660e-01
9.977769255638122559e-01
9.967558979988098145e-01
9.971479773521423340e-01
9.815984368324279785e-01
9.921237230300903320e-01
9.928139448165893555e-01
9.980050325393676758e-01
9.990944266319274902e-01
9.953442811965942383e-01
9.976266026496887207e-01
9.844998121261596680e-01
9.864073991775512695e-01
9.958559274673461914e-01
9.951196908950805664e-01
9.986676573753356934e-01
9.977697730064392090e-01
9.990538358688354492e-01
9.958276748657226562e-01
9.941876530647277832e-01
9.962226152420043945e-01
9.628184437751770020e-01
9.934254288673400879e-01
9.971789121627807617e-01
9.917050004005432129e-01
9.954888820648193359e-01
9.902206063270568848e-01
9.984474182128906250e-01
9.994902610778808594e-01
9.985536932945251465e-01
9.795511960983276367e-01
9.830842018127441406e-01
9.965703487396240234e-01
9.964423775672912598e-01
9.995425343513488770e-01
9.731630086898803711e-01
9.777766466140747070e-01
9.627783894538879395e-01
9.963209629058837891e-01
9.931190609931945801e-01
9.960303902626037598e-01
9.231578707695007324e-01
9.998585581779479980e-01
9.929108023643493652e-01
9.984016418457031250e-01
9.976398348808288574e-01
9.967303872108459473e-01
9.985426068305969238e-01
9.716489911079406738e-01
9.872049689292907715e-01
9.855442643165588379e-01
9.985864162445068359e-01
9.990789294242858887e-01
9.805580973625183105e-01
9.990739822387695312e-01
9.974057674407958984e-01
9.982124567031860352e-01
9.496276378631591797e-01
9.899203181266784668e-01
9.761584997177124023e-01
9.962748885154724121e-01
9.807369112968444824e-01
9.985566735267639160e-01
9.991556406021118164e-01
9.982789754867553711e-01
9.815275073051452637e-01
9.960970878601074219e-01
9.786905050277709961e-01
9.905565977096557617e-01
9.679376482963562012e-01
9.928558468818664551e-01
9.867230057716369629e-01
9.887325763702392578e-01
9.999268054962158203e-01
9.921945929527282715e-01
9.960123896598815918e-01
9.976419210433959961e-01
9.995672106742858887e-01
9.982712268829345703e-01
9.960283637046813965e-01
9.945829510688781738e-01
9.889570474624633789e-01
9.935840368270874023e-01
9.871603250503540039e-01
9.993085861206054688e-01
9.986622929573059082e-01
9.955658912658691406e-01
9.980701208114624023e-01
9.944038391113281250e-01
9.984942674636840820e-01
9.970961213111877441e-01
9.964156746864318848e-01
9.871473908424377441e-01
9.974046945571899414e-01
9.603357911109924316e-01
9.867801666259765625e-01
9.952784180641174316e-01
9.993352890014648438e-01
9.990321993827819824e-01
9.885908961296081543e-01
9.977124929428100586e-01
9.958747625350952148e-01
9.967650771141052246e-01
9.982239603996276855e-01
9.944692850112915039e-01
9.955496191978454590e-01
9.987274408340454102e-01
9.857108592987060547e-01
9.875781536102294922e-01
9.997283220291137695e-01
9.978423714637756348e-01
9.984674453735351562e-01
9.868223667144775391e-01
9.990169405937194824e-01
9.872773289680480957e-01
9.943475723266601562e-01
9.929907917976379395e-01
9.999166727066040039e-01
9.978330731391906738e-01
9.987506866455078125e-01
9.631391167640686035e-01
9.680266976356506348e-01
9.892017841339111328e-01
9.970865845680236816e-01
9.941432476043701172e-01
9.973827004432678223e-01
9.965351819992065430e-01
9.845805168151855469e-01
9.830561876296997070e-01
9.653567671775817871e-01
9.845497012138366699e-01
9.980099797248840332e-01
9.937508702278137207e-01
9.997586011886596680e-01
9.984551072120666504e-01
9.954897761344909668e-01
9.984515905380249023e-01
9.982469081878662109e-01
9.993939399719238281e-01
9.980251789093017578e-01
9.914498329162597656e-01
9.988270401954650879e-01
9.654748439788818359e-01
9.977803230285644531e-01
9.773223996162414551e-01
9.966568946838378906e-01
9.969181418418884277e-01
9.967243075370788574e-01
9.984078407287597656e-01
9.959722757339477539e-01
9.991226792335510254e-01
9.901158809661865234e-01
9.924400448799133301e-01
9.965597987174987793e-01
9.996876120567321777e-01
9.941645860671997070e-01
9.867531657218933105e-01
9.979689121246337891e-01
9.968448877334594727e-01
9.878184199333190918e-01
9.983302950859069824e-01
9.985783696174621582e-01
9.900180697441101074e-01
9.891424179077148438e-01
9.976785182952880859e-01
9.900442957878112793e-01
9.922768473625183105e-01
9.955623745918273926e-01
9.977711439132690430e-01
9.976273775100708008e-01
9.955002069473266602e-01
9.901819825172424316e-01
9.726642966270446777e-01
9.925841093063354492e-01
9.988616704940795898e-01
9.894556999206542969e-01
9.986670613288879395e-01
9.867038726806640625e-01
9.938285350799560547e-01
9.669691920280456543e-01
9.829612970352172852e-01
9.972510933876037598e-01
9.973950982093811035e-01
9.996509552001953125e-01
9.991459846496582031e-01
9.982193112373352051e-01
9.190253615379333496e-01
9.879664182662963867e-01
9.961284995079040527e-01
9.961475729942321777e-01
9.890135526657104492e-01
9.981227517127990723e-01
9.983847141265869141e-01
9.873743057250976562e-01
9.663521051406860352e-01
9.984251260757446289e-01
9.872687458992004395e-01
9.973540306091308594e-01
9.880613684654235840e-01
9.990206360816955566e-01
9.990434646606445312e-01
9.903032183647155762e-01
9.971193671226501465e-01
9.973354339599609375e-01
9.983888268470764160e-01
9.903646707534790039e-01
9.984141588211059570e-01
9.964904189109802246e-01
9.981461167335510254e-01
9.613484740257263184e-01
9.971985220909118652e-01
9.948621988296508789e-01
9.881629943847656250e-01
9.948036670684814453e-01
9.980270862579345703e-01
9.937916398048400879e-01
9.990437030792236328e-01
9.812408685684204102e-01
9.970920085906982422e-01
9.996517300605773926e-01
9.994351863861083984e-01
9.964629411697387695e-01
9.848549962043762207e-01
9.979397058486938477e-01
9.965385794639587402e-01
9.940472841262817383e-01
9.938539266586303711e-01
9.999594092369079590e-01
9.878076314926147461e-01
9.962424635887145996e-01
9.971010088920593262e-01
9.933896064758300781e-01
9.991920590400695801e-01
9.894888401031494141e-01
9.909911155700683594e-01
9.950186610221862793e-01
9.979152679443359375e-01
9.871195554733276367e-01
9.964768290519714355e-01
9.908333420753479004e-01
9.960138201713562012e-01
9.962006807327270508e-01
9.923713803291320801e-01
9.982424378395080566e-01
9.982818961143493652e-01
9.339300394058227539e-01
9.940785169601440430e-01
9.916933774948120117e-01
9.970363974571228027e-01
9.924077391624450684e-01
9.600614309310913086e-01
9.972821474075317383e-01
9.992550015449523926e-01
